# Peaks:     0.205511      0.933834  
   6.99999982E-05   -2.28086057E-05   -5.32706833E-01
   7.07502292E-05   -2.32149877E-05   -5.36453637E-01
   7.15085009E-05   -2.36261348E-05   -5.40178743E-01
   7.22748994E-05   -2.40425285E-05   -5.43890839E-01
   7.30495118E-05   -2.44646782E-05   -5.47598810E-01
   7.38324262E-05   -2.48931229E-05   -5.51311740E-01
   7.46237316E-05   -2.53284321E-05   -5.55038922E-01
   7.54235178E-05   -2.57712075E-05   -5.58789860E-01
   7.62318759E-05   -2.62220840E-05   -5.62574280E-01
   7.70488975E-05   -2.66816565E-05   -5.66400731E-01
   7.78746757E-05   -2.71501062E-05   -5.70269724E-01
   7.87093042E-05   -2.76274544E-05   -5.74178775E-01
   7.95528779E-05   -2.81137157E-05   -5.78125328E-01
   8.04054927E-05   -2.86088978E-05   -5.82106762E-01
   8.12672455E-05   -2.91130011E-05   -5.86120382E-01
   8.21382342E-05   -2.96260181E-05   -5.90163424E-01
   8.30185578E-05   -3.01479357E-05   -5.94233090E-01
   8.39083163E-05   -3.06788271E-05   -5.98328155E-01
   8.48076109E-05   -3.12188891E-05   -6.02449527E-01
   8.57165437E-05   -3.17683324E-05   -6.06598275E-01
   8.66352181E-05   -3.23273735E-05   -6.10775486E-01
   8.75637385E-05   -3.28962350E-05   -6.14982263E-01
   8.85022104E-05   -3.34751456E-05   -6.19219729E-01
   8.94507404E-05   -3.40643403E-05   -6.23489016E-01
   9.04094364E-05   -3.46640329E-05   -6.27790842E-01
   9.13784073E-05   -3.52744017E-05   -6.32125287E-01
   9.23577632E-05   -3.58956236E-05   -6.36492371E-01
   9.33476155E-05   -3.65278783E-05   -6.40892109E-01
   9.43480766E-05   -3.71713475E-05   -6.45324503E-01
   9.53592602E-05   -3.78262153E-05   -6.49789551E-01
   9.63812812E-05   -3.84926683E-05   -6.54287240E-01
   9.74142559E-05   -3.91709038E-05   -6.58817680E-01
   9.84583015E-05   -3.98611360E-05   -6.63381194E-01
   9.95135368E-05   -4.05635841E-05   -6.67978121E-01
   1.00580082E-04   -4.12784713E-05   -6.72608799E-01
   1.01658057E-04   -4.20060248E-05   -6.77273567E-01
   1.02747586E-04   -4.27464760E-05   -6.81972762E-01
   1.03848792E-04   -4.35000601E-05   -6.86706718E-01
   1.04961801E-04   -4.42670153E-05   -6.91475752E-01
   1.06086738E-04   -4.50475810E-05   -6.96280149E-01
   1.07223732E-04   -4.58420002E-05   -7.01120185E-01
   1.08372911E-04   -4.66505202E-05   -7.05996136E-01
   1.09534407E-04   -4.74733923E-05   -7.10908273E-01
   1.10708351E-04   -4.83108722E-05   -7.15856864E-01
   1.11894878E-04   -4.91632195E-05   -7.20842173E-01
   1.13094121E-04   -5.00306999E-05   -7.25864485E-01
   1.14306217E-04   -5.09135858E-05   -7.30924120E-01
   1.15531303E-04   -5.18121546E-05   -7.36021402E-01
   1.16769520E-04   -5.27266887E-05   -7.41156652E-01
   1.18021007E-04   -5.36574750E-05   -7.46330189E-01
   1.19285908E-04   -5.46048055E-05   -7.51542326E-01
   1.20564365E-04   -5.55689772E-05   -7.56793376E-01
   1.21856523E-04   -5.65502927E-05   -7.62083662E-01
   1.23162531E-04   -5.75490609E-05   -7.67413523E-01
   1.24482536E-04   -5.85655961E-05   -7.72783300E-01
   1.25816689E-04   -5.96002182E-05   -7.78193331E-01
   1.27165140E-04   -6.06532521E-05   -7.83643950E-01
   1.28528043E-04   -6.17250287E-05   -7.89135487E-01
   1.29905553E-04   -6.28158843E-05   -7.94668270E-01
   1.31297827E-04   -6.39261622E-05   -8.00242643E-01
   1.32705023E-04   -6.50562131E-05   -8.05858974E-01
   1.34127300E-04   -6.62063939E-05   -8.11517629E-01
   1.35564821E-04   -6.73770677E-05   -8.17218972E-01
   1.37017749E-04   -6.85686038E-05   -8.22963364E-01
   1.38486248E-04   -6.97813778E-05   -8.28751161E-01
   1.39970487E-04   -7.10157719E-05   -8.34582718E-01
   1.41470632E-04   -7.22721760E-05   -8.40458408E-01
   1.42986856E-04   -7.35509883E-05   -8.46378626E-01
   1.44519330E-04   -7.48526142E-05   -8.52343763E-01
   1.46068228E-04   -7.61774657E-05   -8.58354210E-01
   1.47633727E-04   -7.75259623E-05   -8.64410352E-01
   1.49216004E-04   -7.88985303E-05   -8.70512571E-01
   1.50815239E-04   -8.02956037E-05   -8.76661247E-01
   1.52431615E-04   -8.17176259E-05   -8.82856787E-01
   1.54065314E-04   -8.31650491E-05   -8.89099612E-01
   1.55716522E-04   -8.46383336E-05   -8.95390144E-01
   1.57385427E-04   -8.61379475E-05   -9.01728798E-01
   1.59072219E-04   -8.76643672E-05   -9.08115987E-01
   1.60777089E-04   -8.92180771E-05   -9.14552122E-01
   1.62500231E-04   -9.07995704E-05   -9.21037613E-01
   1.64241841E-04   -9.24093513E-05   -9.27572902E-01
   1.66002117E-04   -9.40479337E-05   -9.34158442E-01
   1.67781259E-04   -9.57158405E-05   -9.40794684E-01
   1.69579469E-04   -9.74136036E-05   -9.47482072E-01
   1.71396952E-04   -9.91417642E-05   -9.54221048E-01
   1.73233913E-04   -1.00900873E-04   -9.61012052E-01
   1.75090563E-04   -1.02691491E-04   -9.67855527E-01
   1.76967111E-04   -1.04514191E-04   -9.74751955E-01
   1.78863771E-04   -1.06369557E-04   -9.81701819E-01
   1.80780759E-04   -1.08258184E-04   -9.88705601E-01
   1.82718292E-04   -1.10180676E-04   -9.95763777E-01
   1.84676591E-04   -1.12137649E-04   -1.00287682E+00
   1.86655878E-04   -1.14129728E-04   -1.01004520E+00
   1.88656379E-04   -1.16157552E-04   -1.01726941E+00
   1.90678320E-04   -1.18221773E-04   -1.02454995E+00
   1.92721931E-04   -1.20323056E-04   -1.03188737E+00
   1.94787445E-04   -1.22462075E-04   -1.03928215E+00
   1.96875096E-04   -1.24639518E-04   -1.04673482E+00
   1.98985122E-04   -1.26856085E-04   -1.05424589E+00
   2.01117762E-04   -1.29112487E-04   -1.06181585E+00
   2.03273259E-04   -1.31409453E-04   -1.06944524E+00
   2.05451857E-04   -1.33747723E-04   -1.07713462E+00
   2.07653805E-04   -1.36128054E-04   -1.08488455E+00
   2.09879353E-04   -1.38551213E-04   -1.09269556E+00
   2.12128753E-04   -1.41017983E-04   -1.10056822E+00
   2.14402261E-04   -1.43529159E-04   -1.10850305E+00
   2.16700135E-04   -1.46085551E-04   -1.11650061E+00
   2.19022638E-04   -1.48687990E-04   -1.12456148E+00
   2.21370032E-04   -1.51337318E-04   -1.13268627E+00
   2.23742584E-04   -1.54034395E-04   -1.14087556E+00
   2.26140564E-04   -1.56780096E-04   -1.14912994E+00
   2.28564245E-04   -1.59575309E-04   -1.15744999E+00
   2.31013902E-04   -1.62420941E-04   -1.16583628E+00
   2.33489814E-04   -1.65317916E-04   -1.17428944E+00
   2.35992261E-04   -1.68267177E-04   -1.18281008E+00
   2.38521528E-04   -1.71269686E-04   -1.19139886E+00
   2.41077903E-04   -1.74326421E-04   -1.20005639E+00
   2.43661676E-04   -1.77438375E-04   -1.20878331E+00
   2.46273141E-04   -1.80606563E-04   -1.21758023E+00
   2.48912594E-04   -1.83832016E-04   -1.22644779E+00
   2.51580337E-04   -1.87115789E-04   -1.23538665E+00
   2.54276670E-04   -1.90458956E-04   -1.24439749E+00
   2.57001902E-04   -1.93862611E-04   -1.25348101E+00
   2.59756342E-04   -1.97327868E-04   -1.26263785E+00
   2.62540303E-04   -2.00855860E-04   -1.27186871E+00
   2.65354101E-04   -2.04447739E-04   -1.28117422E+00
   2.68198057E-04   -2.08104684E-04   -1.29055510E+00
   2.71072493E-04   -2.11827897E-04   -1.30001208E+00
   2.73977735E-04   -2.15618603E-04   -1.30954587E+00
   2.76914115E-04   -2.19478046E-04   -1.31915720E+00
   2.79881966E-04   -2.23407495E-04   -1.32884680E+00
   2.82881625E-04   -2.27408241E-04   -1.33861536E+00
   2.85913433E-04   -2.31481599E-04   -1.34846360E+00
   2.88977735E-04   -2.35628915E-04   -1.35839231E+00
   2.92074878E-04   -2.39851557E-04   -1.36840227E+00
   2.95205216E-04   -2.44150921E-04   -1.37849424E+00
   2.98369103E-04   -2.48528427E-04   -1.38866900E+00
   3.01566900E-04   -2.52985519E-04   -1.39892731E+00
   3.04798969E-04   -2.57523669E-04   -1.40926992E+00
   3.08065678E-04   -2.62144381E-04   -1.41969765E+00
   3.11367398E-04   -2.66849187E-04   -1.43021133E+00
   3.14704505E-04   -2.71639649E-04   -1.44081179E+00
   3.18077378E-04   -2.76517358E-04   -1.45149985E+00
   3.21486399E-04   -2.81483931E-04   -1.46227633E+00
   3.24931957E-04   -2.86541017E-04   -1.47314205E+00
   3.28414443E-04   -2.91690295E-04   -1.48409784E+00
   3.31934253E-04   -2.96933484E-04   -1.49514459E+00
   3.35491787E-04   -3.02272331E-04   -1.50628319E+00
   3.39087449E-04   -3.07708619E-04   -1.51751453E+00
   3.42721648E-04   -3.13244158E-04   -1.52883947E+00
   3.46394797E-04   -3.18880796E-04   -1.54025890E+00
   3.50107313E-04   -3.24620412E-04   -1.55177368E+00
   3.53859618E-04   -3.30464930E-04   -1.56338475E+00
   3.57652139E-04   -3.36416308E-04   -1.57509307E+00
   3.61485306E-04   -3.42476541E-04   -1.58689958E+00
   3.65359556E-04   -3.48647662E-04   -1.59880522E+00
   3.69275328E-04   -3.54931737E-04   -1.61081093E+00
   3.73233068E-04   -3.61330874E-04   -1.62291762E+00
   3.77233226E-04   -3.67847224E-04   -1.63512629E+00
   3.81276255E-04   -3.74482983E-04   -1.64743794E+00
   3.85362616E-04   -3.81240386E-04   -1.65985360E+00
   3.89492773E-04   -3.88121711E-04   -1.67237426E+00
   3.93667196E-04   -3.95129275E-04   -1.68500092E+00
   3.97886358E-04   -4.02265440E-04   -1.69773457E+00
   4.02150739E-04   -4.09532615E-04   -1.71057623E+00
   4.06460824E-04   -4.16933260E-04   -1.72352700E+00
   4.10817103E-04   -4.24469883E-04   -1.73658795E+00
   4.15220070E-04   -4.32145035E-04   -1.74976015E+00
   4.19670227E-04   -4.39961316E-04   -1.76304467E+00
   4.24168078E-04   -4.47921372E-04   -1.77644256E+00
   4.28714136E-04   -4.56027905E-04   -1.78995490E+00
   4.33308917E-04   -4.64283670E-04   -1.80358285E+00
   4.37952942E-04   -4.72691481E-04   -1.81732755E+00
   4.42646741E-04   -4.81254198E-04   -1.83119015E+00
   4.47390845E-04   -4.89974736E-04   -1.84517179E+00
   4.52185795E-04   -4.98856066E-04   -1.85927359E+00
   4.57032135E-04   -5.07901212E-04   -1.87349669E+00
   4.61930416E-04   -5.17113268E-04   -1.88784230E+00
   4.66881195E-04   -5.26495385E-04   -1.90231166E+00
   4.71885034E-04   -5.36050775E-04   -1.91690599E+00
   4.76942502E-04   -5.45782708E-04   -1.93162650E+00
   4.82054175E-04   -5.55694515E-04   -1.94647439E+00
   4.87220632E-04   -5.65789590E-04   -1.96145086E+00
   4.92442461E-04   -5.76071401E-04   -1.97655720E+00
   4.97720255E-04   -5.86543485E-04   -1.99179471E+00
   5.03054614E-04   -5.97209444E-04   -2.00716470E+00
   5.08446145E-04   -6.08072948E-04   -2.02266846E+00
   5.13895461E-04   -6.19137734E-04   -2.03830727E+00
   5.19403179E-04   -6.30407612E-04   -2.05408240E+00
   5.24969928E-04   -6.41886472E-04   -2.06999520E+00
   5.30596338E-04   -6.53578283E-04   -2.08604708E+00
   5.36283050E-04   -6.65487088E-04   -2.10223941E+00
   5.42030709E-04   -6.77617007E-04   -2.11857358E+00
   5.47839970E-04   -6.89972234E-04   -2.13505094E+00
   5.53711492E-04   -7.02557046E-04   -2.15167284E+00
   5.59645942E-04   -7.15375807E-04   -2.16844072E+00
   5.65643996E-04   -7.28432972E-04   -2.18535605E+00
   5.71706334E-04   -7.41733081E-04   -2.20242030E+00
   5.77833645E-04   -7.55280758E-04   -2.21963494E+00
   5.84026627E-04   -7.69080713E-04   -2.23700141E+00
   5.90285983E-04   -7.83137747E-04   -2.25452114E+00
   5.96612423E-04   -7.97456761E-04   -2.27219566E+00
   6.03006668E-04   -8.12042757E-04   -2.29002653E+00
   6.09469444E-04   -8.26900833E-04   -2.30801532E+00
   6.16001485E-04   -8.42036180E-04   -2.32616357E+00
   6.22603534E-04   -8.57454090E-04   -2.34447283E+00
   6.29276340E-04   -8.73159952E-04   -2.36294460E+00
   6.36020664E-04   -8.89159271E-04   -2.38158049E+00
   6.42837270E-04   -9.05457663E-04   -2.40038217E+00
   6.49726933E-04   -9.22060855E-04   -2.41935129E+00
   6.56690437E-04   -9.38974677E-04   -2.43848949E+00
   6.63728574E-04   -9.56205074E-04   -2.45779841E+00
   6.70842141E-04   -9.73758100E-04   -2.47727965E+00
   6.78031950E-04   -9.91639937E-04   -2.49693489E+00
   6.85298815E-04   -1.00985690E-03   -2.51676593E+00
   6.92643564E-04   -1.02841541E-03   -2.53677451E+00
   7.00067031E-04   -1.04732203E-03   -2.55696237E+00
   7.07570060E-04   -1.06658344E-03   -2.57733126E+00
   7.15153502E-04   -1.08620644E-03   -2.59788286E+00
   7.22818221E-04   -1.10619796E-03   -2.61861895E+00
   7.30565088E-04   -1.12656511E-03   -2.63954138E+00
   7.38394982E-04   -1.14731511E-03   -2.66065204E+00
   7.46308793E-04   -1.16845532E-03   -2.68195276E+00
   7.54307422E-04   -1.18999326E-03   -2.70344538E+00
   7.62391776E-04   -1.21193655E-03   -2.72513172E+00
   7.70562776E-04   -1.23429302E-03   -2.74701363E+00
   7.78821348E-04   -1.25707062E-03   -2.76909308E+00
   7.87168433E-04   -1.28027748E-03   -2.79137206E+00
   7.95604978E-04   -1.30392188E-03   -2.81385252E+00
   8.04131943E-04   -1.32801225E-03   -2.83653640E+00
   8.12750296E-04   -1.35255719E-03   -2.85942560E+00
   8.21461017E-04   -1.37756546E-03   -2.88252209E+00
   8.30265096E-04   -1.40304603E-03   -2.90582795E+00
   8.39163533E-04   -1.42900802E-03   -2.92934527E+00
   8.48157341E-04   -1.45546073E-03   -2.95307612E+00
   8.57247540E-04   -1.48241366E-03   -2.97702253E+00
   8.66435164E-04   -1.50987646E-03   -3.00118653E+00
   8.75721257E-04   -1.53785900E-03   -3.02557019E+00
   8.85106875E-04   -1.56637133E-03   -3.05017571E+00
   8.94593084E-04   -1.59542374E-03   -3.07500530E+00
   9.04180962E-04   -1.62502667E-03   -3.10006113E+00
   9.13871599E-04   -1.65519079E-03   -3.12534534E+00
   9.23666096E-04   -1.68592696E-03   -3.15086008E+00
   9.33565567E-04   -1.71724628E-03   -3.17660752E+00
   9.43571136E-04   -1.74916006E-03   -3.20258999E+00
   9.53683941E-04   -1.78167983E-03   -3.22880981E+00
   9.63905130E-04   -1.81481738E-03   -3.25526926E+00
   9.74235866E-04   -1.84858467E-03   -3.28197061E+00
   9.84677322E-04   -1.88299394E-03   -3.30891610E+00
   9.95230686E-04   -1.91805765E-03   -3.33610804E+00
   1.00589716E-03   -1.95378852E-03   -3.36354888E+00
   1.01667795E-03   -1.99019954E-03   -3.39124106E+00
   1.02757428E-03   -2.02730394E-03   -3.41918697E+00
   1.03858739E-03   -2.06511519E-03   -3.44738899E+00
   1.04971854E-03   -2.10364703E-03   -3.47584947E+00
   1.06096899E-03   -2.14291349E-03   -3.50457087E+00
   1.07234002E-03   -2.18292888E-03   -3.53355576E+00
   1.08383291E-03   -2.22370781E-03   -3.56280669E+00
   1.09544899E-03   -2.26526513E-03   -3.59232618E+00
   1.10718956E-03   -2.30761602E-03   -3.62211672E+00
   1.11905595E-03   -2.35077592E-03   -3.65218078E+00
   1.13104953E-03   -2.39476062E-03   -3.68252096E+00
   1.14317165E-03   -2.43958620E-03   -3.71313994E+00
   1.15542369E-03   -2.48526909E-03   -3.74404040E+00
   1.16780705E-03   -2.53182601E-03   -3.77522496E+00
   1.18032312E-03   -2.57927401E-03   -3.80669625E+00
   1.19297333E-03   -2.62763046E-03   -3.83845684E+00
   1.20575913E-03   -2.67691313E-03   -3.87050950E+00
   1.21868195E-03   -2.72714011E-03   -3.90285704E+00
   1.23174328E-03   -2.77832986E-03   -3.93550225E+00
   1.24494460E-03   -2.83050120E-03   -3.96844787E+00
   1.25828740E-03   -2.88367329E-03   -4.00169664E+00
   1.27177320E-03   -2.93786569E-03   -4.03525127E+00
   1.28540354E-03   -2.99309836E-03   -4.06911466E+00
   1.29917996E-03   -3.04939166E-03   -4.10328975E+00
   1.31310403E-03   -3.10676636E-03   -4.13777944E+00
   1.32717734E-03   -3.16524359E-03   -4.17258660E+00
   1.34140148E-03   -3.22484493E-03   -4.20771405E+00
   1.35577806E-03   -3.28559237E-03   -4.24316469E+00
   1.37030873E-03   -3.34750837E-03   -4.27894156E+00
   1.38499513E-03   -3.41061583E-03   -4.31504772E+00
   1.39983894E-03   -3.47493807E-03   -4.35148619E+00
   1.41484183E-03   -3.54049890E-03   -4.38825994E+00
   1.43000552E-03   -3.60732256E-03   -4.42537192E+00
   1.44533172E-03   -3.67543379E-03   -4.46282516E+00
   1.46082219E-03   -3.74485785E-03   -4.50062285E+00
   1.47647868E-03   -3.81562048E-03   -4.53876817E+00
   1.49230297E-03   -3.88774793E-03   -4.57726425E+00
   1.50829685E-03   -3.96126694E-03   -4.61611418E+00
   1.52446215E-03   -4.03620479E-03   -4.65532103E+00
   1.54080071E-03   -4.11258930E-03   -4.69488798E+00
   1.55731437E-03   -4.19044888E-03   -4.73481837E+00
   1.57400502E-03   -4.26981246E-03   -4.77511548E+00
   1.59087455E-03   -4.35070955E-03   -4.81578256E+00
   1.60792489E-03   -4.43317024E-03   -4.85682281E+00
   1.62515796E-03   -4.51722517E-03   -4.89823942E+00
   1.64257573E-03   -4.60290566E-03   -4.94003574E+00
   1.66018018E-03   -4.69024361E-03   -4.98221521E+00
   1.67797330E-03   -4.77927158E-03   -5.02478123E+00
   1.69595712E-03   -4.87002273E-03   -5.06773716E+00
   1.71413369E-03   -4.96253087E-03   -5.11108632E+00
   1.73250506E-03   -5.05683048E-03   -5.15483200E+00
   1.75107334E-03   -5.15295675E-03   -5.19897773E+00
   1.76984062E-03   -5.25094555E-03   -5.24352706E+00
   1.78880903E-03   -5.35083346E-03   -5.28848351E+00
   1.80798075E-03   -5.45265778E-03   -5.33385054E+00
   1.82735794E-03   -5.55645649E-03   -5.37963157E+00
   1.84694280E-03   -5.66226836E-03   -5.42583003E+00
   1.86673757E-03   -5.77013292E-03   -5.47244956E+00
   1.88674449E-03   -5.88009051E-03   -5.51949383E+00
   1.90696584E-03   -5.99218222E-03   -5.56696646E+00
   1.92740391E-03   -6.10644996E-03   -5.61487101E+00
   1.94806102E-03   -6.22293644E-03   -5.66321101E+00
   1.96893953E-03   -6.34168519E-03   -5.71199002E+00
   1.99004181E-03   -6.46274066E-03   -5.76121183E+00
   2.01137026E-03   -6.58614817E-03   -5.81088019E+00
   2.03292729E-03   -6.71195387E-03   -5.86099881E+00
   2.05471536E-03   -6.84020485E-03   -5.91157135E+00
   2.07673695E-03   -6.97094908E-03   -5.96260141E+00
   2.09899456E-03   -7.10423550E-03   -6.01409272E+00
   2.12149071E-03   -7.24011401E-03   -6.06604916E+00
   2.14422797E-03   -7.37863552E-03   -6.11847457E+00
   2.16720892E-03   -7.51985188E-03   -6.17137275E+00
   2.19043617E-03   -7.66381595E-03   -6.22474743E+00
   2.21391235E-03   -7.81058162E-03   -6.27860231E+00
   2.23764015E-03   -7.96020384E-03   -6.33294124E+00
   2.26162225E-03   -8.11273869E-03   -6.38776821E+00
   2.28586138E-03   -8.26824328E-03   -6.44308713E+00
   2.31036030E-03   -8.42677585E-03   -6.49890188E+00
   2.33512178E-03   -8.58839575E-03   -6.55521625E+00
   2.36014865E-03   -8.75316347E-03   -6.61203402E+00
   2.38544374E-03   -8.92114072E-03   -6.66935917E+00
   2.41100994E-03   -9.09239042E-03   -6.72719573E+00
   2.43685015E-03   -9.26697669E-03   -6.78554769E+00
   2.46296730E-03   -9.44496490E-03   -6.84441898E+00
   2.48936436E-03   -9.62642163E-03   -6.90381345E+00
   2.51604434E-03   -9.81141479E-03   -6.96373497E+00
   2.54301026E-03   -1.00000136E-02   -7.02418762E+00
   2.57026519E-03   -1.01922887E-02   -7.08517549E+00
   2.59781223E-03   -1.03883121E-02   -7.14670260E+00
   2.62565450E-03   -1.05881569E-02   -7.20877291E+00
   2.65379518E-03   -1.07918980E-02   -7.27139031E+00
   2.68223746E-03   -1.09996115E-02   -7.33455875E+00
   2.71098457E-03   -1.12113751E-02   -7.39828239E+00
   2.74003978E-03   -1.14272679E-02   -7.46256534E+00
   2.76940639E-03   -1.16473706E-02   -7.52741164E+00
   2.79908774E-03   -1.18717655E-02   -7.59282526E+00
   2.82908720E-03   -1.21005363E-02   -7.65881012E+00
   2.85940819E-03   -1.23337683E-02   -7.72537024E+00
   2.89005414E-03   -1.25715488E-02   -7.79250981E+00
   2.92102854E-03   -1.28139663E-02   -7.86023295E+00
   2.95233492E-03   -1.30611114E-02   -7.92854369E+00
   2.98397682E-03   -1.33130761E-02   -7.99744601E+00
   3.01595785E-03   -1.35699543E-02   -8.06694382E+00
   3.04828164E-03   -1.38318418E-02   -8.13704120E+00
   3.08095186E-03   -1.40988360E-02   -8.20774233E+00
   3.11397222E-03   -1.43710364E-02   -8.27905127E+00
   3.14734649E-03   -1.46485443E-02   -8.35097203E+00
   3.18107844E-03   -1.49314627E-02   -8.42350852E+00
   3.21517192E-03   -1.52198969E-02   -8.49666471E+00
   3.24963081E-03   -1.55139541E-02   -8.57044472E+00
   3.28445900E-03   -1.58137435E-02   -8.64485265E+00
   3.31966047E-03   -1.61193763E-02   -8.71989251E+00
   3.35523922E-03   -1.64309659E-02   -8.79556823E+00
   3.39119928E-03   -1.67486278E-02   -8.87188365E+00
   3.42754475E-03   -1.70724796E-02   -8.94884271E+00
   3.46427976E-03   -1.74026413E-02   -9.02644951E+00
   3.50140847E-03   -1.77392352E-02   -9.10470803E+00
   3.53893512E-03   -1.80823857E-02   -9.18362221E+00
   3.57686396E-03   -1.84322195E-02   -9.26319588E+00
   3.61519931E-03   -1.87888659E-02   -9.34343278E+00
   3.65394552E-03   -1.91524564E-02   -9.42433682E+00
   3.69310699E-03   -1.95231253E-02   -9.50591198E+00
   3.73268818E-03   -1.99010091E-02   -9.58816212E+00
   3.77269359E-03   -2.02862469E-02   -9.67109105E+00
   3.81312776E-03   -2.06789805E-02   -9.75470243E+00
   3.85399528E-03   -2.10793543E-02   -9.83899990E+00
   3.89530080E-03   -2.14875152E-02   -9.92398727E+00
   3.93704903E-03   -2.19036133E-02   -1.00096684E+01
   3.97924469E-03   -2.23278011E-02   -1.00960468E+01
   4.02189258E-03   -2.27602340E-02   -1.01831263E+01
   4.06499756E-03   -2.32010702E-02   -1.02709103E+01
   4.10856452E-03   -2.36504711E-02   -1.03594023E+01
   4.15259841E-03   -2.41086007E-02   -1.04486059E+01
   4.19710424E-03   -2.45756264E-02   -1.05385247E+01
   4.24208707E-03   -2.50517186E-02   -1.06291622E+01
   4.28755200E-03   -2.55370505E-02   -1.07205218E+01
   4.33350421E-03   -2.60317989E-02   -1.08126066E+01
   4.37994891E-03   -2.65361435E-02   -1.09054201E+01
   4.42689139E-03   -2.70502675E-02   -1.09989655E+01
   4.47433698E-03   -2.75743576E-02   -1.10932462E+01
   4.52229107E-03   -2.81086036E-02   -1.11882654E+01
   4.57075911E-03   -2.86531988E-02   -1.12840261E+01
   4.61974661E-03   -2.92083399E-02   -1.13805312E+01
   4.66925915E-03   -2.97742275E-02   -1.14777839E+01
   4.71930233E-03   -3.03510658E-02   -1.15757872E+01
   4.76988186E-03   -3.09390624E-02   -1.16745441E+01
   4.82100348E-03   -3.15384290E-02   -1.17740573E+01
   4.87267300E-03   -3.21493808E-02   -1.18743296E+01
   4.92489629E-03   -3.27721369E-02   -1.19753636E+01
   4.97767928E-03   -3.34069204E-02   -1.20771619E+01
   5.03102799E-03   -3.40539586E-02   -1.21797272E+01
   5.08494846E-03   -3.47134828E-02   -1.22830621E+01
   5.13944684E-03   -3.53857281E-02   -1.23871689E+01
   5.19452930E-03   -3.60709341E-02   -1.24920499E+01
   5.25020211E-03   -3.67693443E-02   -1.25977073E+01
   5.30647160E-03   -3.74812070E-02   -1.27041433E+01
   5.36334417E-03   -3.82067747E-02   -1.28113601E+01
   5.42082627E-03   -3.89463045E-02   -1.29193597E+01
   5.47892444E-03   -3.97000577E-02   -1.30281441E+01
   5.53764528E-03   -4.04683002E-02   -1.31377148E+01
   5.59699547E-03   -4.12513028E-02   -1.32480736E+01
   5.65698175E-03   -4.20493410E-02   -1.33592222E+01
   5.71761094E-03   -4.28626952E-02   -1.34711622E+01
   5.77888992E-03   -4.36916506E-02   -1.35838950E+01
   5.84082567E-03   -4.45364973E-02   -1.36974219E+01
   5.90342522E-03   -4.53975302E-02   -1.38117439E+01
   5.96669569E-03   -4.62750496E-02   -1.39268621E+01
   6.03064426E-03   -4.71693611E-02   -1.40427776E+01
   6.09527821E-03   -4.80807755E-02   -1.41594912E+01
   6.16060488E-03   -4.90096088E-02   -1.42770038E+01
   6.22663169E-03   -4.99561825E-02   -1.43953158E+01
   6.29336615E-03   -5.09208231E-02   -1.45144276E+01
   6.36081584E-03   -5.19038633E-02   -1.46343396E+01
   6.42898843E-03   -5.29056414E-02   -1.47550519E+01
   6.49789167E-03   -5.39265014E-02   -1.48765648E+01
   6.56753338E-03   -5.49667930E-02   -1.49988781E+01
   6.63792148E-03   -5.60268716E-02   -1.51219915E+01
   6.70906397E-03   -5.71070985E-02   -1.52459046E+01
   6.78096894E-03   -5.82078414E-02   -1.53706168E+01
   6.85364456E-03   -5.93294744E-02   -1.54961275E+01
   6.92709908E-03   -6.04723776E-02   -1.56224360E+01
   7.00134086E-03   -6.16369369E-02   -1.57495411E+01
   7.07637833E-03   -6.28235450E-02   -1.58774415E+01
   7.15222003E-03   -6.40326007E-02   -1.60061359E+01
   7.22887456E-03   -6.52645100E-02   -1.61356228E+01
   7.30635064E-03   -6.65196853E-02   -1.62659005E+01
   7.38465708E-03   -6.77985459E-02   -1.63969671E+01
   7.46380278E-03   -6.91015175E-02   -1.65288204E+01
   7.54379672E-03   -7.04290324E-02   -1.66614582E+01
   7.62464801E-03   -7.17815303E-02   -1.67948778E+01
   7.70636583E-03   -7.31594585E-02   -1.69290766E+01
   7.78895947E-03   -7.45632711E-02   -1.70640518E+01
   7.87243831E-03   -7.59934294E-02   -1.71998003E+01
   7.95681184E-03   -7.74504018E-02   -1.73363188E+01
   8.04208966E-03   -7.89346639E-02   -1.74736034E+01
   8.12828144E-03   -8.04466990E-02   -1.76116507E+01
   8.21539700E-03   -8.19869989E-02   -1.77504564E+01
   8.30344622E-03   -8.35560624E-02   -1.78900165E+01
   8.39243912E-03   -8.51543959E-02   -1.80303265E+01
   8.48238580E-03   -8.67825136E-02   -1.81713816E+01
   8.57329650E-03   -8.84409373E-02   -1.83131767E+01
   8.66518154E-03   -9.01301981E-02   -1.84557068E+01
   8.75805137E-03   -9.18508347E-02   -1.85989663E+01
   8.85191654E-03   -9.36033940E-02   -1.87429495E+01
   8.94678771E-03   -9.53884307E-02   -1.88876505E+01
   9.04267568E-03   -9.72065075E-02   -1.90330628E+01
   9.13959133E-03   -9.90581961E-02   -1.91791798E+01
   9.23754568E-03   -1.00944077E-01   -1.93259948E+01
   9.33654987E-03   -1.02864741E-01   -1.94735007E+01
   9.43661515E-03   -1.04820785E-01   -1.96216901E+01
   9.53775288E-03   -1.06812814E-01   -1.97705550E+01
   9.63997457E-03   -1.08841444E-01   -1.99200876E+01
   9.74329182E-03   -1.10907299E-01   -2.00702795E+01
   9.84771639E-03   -1.13011013E-01   -2.02211220E+01
   9.95326013E-03   -1.15153229E-01   -2.03726061E+01
   1.00599351E-02   -1.17334598E-01   -2.05247226E+01
   1.01677533E-02   -1.19555781E-01   -2.06774617E+01
   1.02767270E-02   -1.21817446E-01   -2.08308136E+01
   1.03868687E-02   -1.24120274E-01   -2.09847678E+01
   1.04981909E-02   -1.26464956E-01   -2.11393137E+01
   1.06107062E-02   -1.28852189E-01   -2.12944403E+01
   1.07244273E-02   -1.31282681E-01   -2.14501362E+01
   1.08393673E-02   -1.33757150E-01   -2.16063896E+01
   1.09555391E-02   -1.36276322E-01   -2.17631885E+01
   1.10729561E-02   -1.38840936E-01   -2.19205202E+01
   1.11916314E-02   -1.41451739E-01   -2.20783719E+01
   1.13115787E-02   -1.44109489E-01   -2.22367304E+01
   1.14328115E-02   -1.46814953E-01   -2.23955819E+01
   1.15553436E-02   -1.49568907E-01   -2.25549125E+01
   1.16791890E-02   -1.52372135E-01   -2.27147075E+01
   1.18043617E-02   -1.55225438E-01   -2.28749522E+01
   1.19308760E-02   -1.58129623E-01   -2.30356311E+01
   1.20587462E-02   -1.61085508E-01   -2.31967286E+01
   1.21879868E-02   -1.64093920E-01   -2.33582284E+01
   1.23186126E-02   -1.67155695E-01   -2.35201141E+01
   1.24506384E-02   -1.70271681E-01   -2.36823685E+01
   1.25840792E-02   -1.73442738E-01   -2.38449742E+01
   1.27189502E-02   -1.76669736E-01   -2.40079131E+01
   1.28552666E-02   -1.79953554E-01   -2.41711669E+01
   1.29930440E-02   -1.83295080E-01   -2.43347167E+01
   1.31322981E-02   -1.86695212E-01   -2.44985431E+01
   1.32730446E-02   -1.90154860E-01   -2.46626265E+01
   1.34152996E-02   -1.93674946E-01   -2.48269464E+01
   1.35590792E-02   -1.97256402E-01   -2.49914819E+01
   1.37043998E-02   -2.00900169E-01   -2.51562119E+01
   1.38512779E-02   -2.04607197E-01   -2.53211145E+01
   1.39997302E-02   -2.08378445E-01   -2.54861675E+01
   1.41497735E-02   -2.12214884E-01   -2.56513481E+01
   1.43014249E-02   -2.16117499E-01   -2.58166329E+01
   1.44547016E-02   -2.20087284E-01   -2.59819981E+01
   1.46096211E-02   -2.24125240E-01   -2.61474192E+01
   1.47662010E-02   -2.28232378E-01   -2.63128714E+01
   1.49244590E-02   -2.32409716E-01   -2.64783294E+01
   1.50844132E-02   -2.36658287E-01   -2.66437672E+01
   1.52460817E-02   -2.40979136E-01   -2.68091581E+01
   1.54094829E-02   -2.45373317E-01   -2.69744750E+01
   1.55746354E-02   -2.49841889E-01   -2.71396903E+01
   1.57415578E-02   -2.54385921E-01   -2.73047758E+01
   1.59102693E-02   -2.59006489E-01   -2.74697030E+01
   1.60807890E-02   -2.63704684E-01   -2.76344424E+01
   1.62531363E-02   -2.68481607E-01   -2.77989640E+01
   1.64273306E-02   -2.73338369E-01   -2.79632372E+01
   1.66033920E-02   -2.78276084E-01   -2.81272310E+01
   1.67813402E-02   -2.83295873E-01   -2.82909140E+01
   1.69611957E-02   -2.88398866E-01   -2.84542539E+01
   1.71429788E-02   -2.93586208E-01   -2.86172178E+01
   1.73267101E-02   -2.98859054E-01   -2.87797721E+01
   1.75124106E-02   -3.04218560E-01   -2.89418829E+01
   1.77001014E-02   -3.09665891E-01   -2.91035154E+01
   1.78898037E-02   -3.15202213E-01   -2.92646348E+01
   1.80815392E-02   -3.20828707E-01   -2.94252052E+01
   1.82753297E-02   -3.26546564E-01   -2.95851899E+01
   1.84711971E-02   -3.32356984E-01   -2.97445516E+01
   1.86691637E-02   -3.38261166E-01   -2.99032528E+01
   1.88692521E-02   -3.44260312E-01   -3.00612552E+01
   1.90714849E-02   -3.50355628E-01   -3.02185203E+01
   1.92758852E-02   -3.56548330E-01   -3.03750086E+01
   1.94824762E-02   -3.62839650E-01   -3.05306795E+01
   1.96912813E-02   -3.69230819E-01   -3.06854922E+01
   1.99023243E-02   -3.75723069E-01   -3.08394053E+01
   2.01156291E-02   -3.82317632E-01   -3.09923769E+01
   2.03312201E-02   -3.89015738E-01   -3.11443650E+01
   2.05491217E-02   -3.95818633E-01   -3.12953260E+01
   2.07693587E-02   -4.02727571E-01   -3.14452159E+01
   2.09919561E-02   -4.09743805E-01   -3.15939900E+01
   2.12169392E-02   -4.16868583E-01   -3.17416033E+01
   2.14443335E-02   -4.24103148E-01   -3.18880106E+01
   2.16741650E-02   -4.31448748E-01   -3.20331656E+01
   2.19064597E-02   -4.38906643E-01   -3.21770213E+01
   2.21412441E-02   -4.46478091E-01   -3.23195298E+01
   2.23785448E-02   -4.54164344E-01   -3.24606433E+01
   2.26183888E-02   -4.61966644E-01   -3.26003133E+01
   2.28608033E-02   -4.69886231E-01   -3.27384909E+01
   2.31058159E-02   -4.77924360E-01   -3.28751260E+01
   2.33534545E-02   -4.86082286E-01   -3.30101676E+01
   2.36037471E-02   -4.94361253E-01   -3.31435646E+01
   2.38567223E-02   -5.02762492E-01   -3.32752656E+01
   2.41124088E-02   -5.11287218E-01   -3.34052191E+01
   2.43708356E-02   -5.19936643E-01   -3.35333729E+01
   2.46320321E-02   -5.28711993E-01   -3.36596734E+01
   2.48960280E-02   -5.37614492E-01   -3.37840664E+01
   2.51628534E-02   -5.46645349E-01   -3.39064972E+01
   2.54325384E-02   -5.55805750E-01   -3.40269114E+01
   2.57051138E-02   -5.65096865E-01   -3.41452542E+01
   2.59806106E-02   -5.74519847E-01   -3.42614706E+01
   2.62590600E-02   -5.84075871E-01   -3.43755037E+01
   2.65404937E-02   -5.93766099E-01   -3.44872962E+01
   2.68249437E-02   -6.03591674E-01   -3.45967907E+01
   2.71124424E-02   -6.13553709E-01   -3.47039297E+01
   2.74030223E-02   -6.23653289E-01   -3.48086560E+01
   2.76967165E-02   -6.33891482E-01   -3.49109118E+01
   2.79935585E-02   -6.44269374E-01   -3.50106376E+01
   2.82935819E-02   -6.54788037E-01   -3.51077734E+01
   2.85968207E-02   -6.65448508E-01   -3.52022594E+01
   2.89033096E-02   -6.76251790E-01   -3.52940358E+01
   2.92130833E-02   -6.87198849E-01   -3.53830433E+01
   2.95261771E-02   -6.98290642E-01   -3.54692215E+01
   2.98426264E-02   -7.09528128E-01   -3.55525088E+01
   3.01624673E-02   -7.20912228E-01   -3.56328439E+01
   3.04857361E-02   -7.32443822E-01   -3.57101654E+01
   3.08124696E-02   -7.44123755E-01   -3.57844125E+01
   3.11427049E-02   -7.55952872E-01   -3.58555225E+01
   3.14764795E-02   -7.67931984E-01   -3.59234331E+01
   3.18138314E-02   -7.80061849E-01   -3.59880821E+01
   3.21547989E-02   -7.92343179E-01   -3.60494081E+01
   3.24994207E-02   -8.04776676E-01   -3.61073484E+01
   3.28477360E-02   -8.17363025E-01   -3.61618395E+01
   3.31997844E-02   -8.30102850E-01   -3.62128187E+01
   3.35556060E-02   -8.42996715E-01   -3.62602239E+01
   3.39152411E-02   -8.56045143E-01   -3.63039934E+01
   3.42787306E-02   -8.69248658E-01   -3.63440633E+01
   3.46461158E-02   -8.82607733E-01   -3.63803704E+01
   3.50174385E-02   -8.96122770E-01   -3.64128523E+01
   3.53927409E-02   -9.09794101E-01   -3.64414477E+01
   3.57720657E-02   -9.23622034E-01   -3.64660944E+01
   3.61554559E-02   -9.37606862E-01   -3.64867290E+01
   3.65429551E-02   -9.51748800E-01   -3.65032893E+01
   3.69346073E-02   -9.66047983E-01   -3.65157143E+01
   3.73304571E-02   -9.80504475E-01   -3.65239437E+01
   3.77305495E-02   -9.95118344E-01   -3.65279155E+01
   3.81349299E-02   -1.00988959E+00   -3.65275676E+01
   3.85436443E-02   -1.02481814E+00   -3.65228399E+01
   3.89567391E-02   -1.03990381E+00   -3.65136737E+01
   3.93742613E-02   -1.05514636E+00   -3.65000102E+01
   3.97962583E-02   -1.07054555E+00   -3.64817888E+01
   4.02227781E-02   -1.08610105E+00   -3.64589505E+01
   4.06538692E-02   -1.10181243E+00   -3.64314380E+01
   4.10895806E-02   -1.11767914E+00   -3.63991960E+01
   4.15299617E-02   -1.13370063E+00   -3.63621669E+01
   4.19750626E-02   -1.14987630E+00   -3.63202932E+01
   4.24249339E-02   -1.16620543E+00   -3.62735195E+01
   4.28796268E-02   -1.18268718E+00   -3.62217928E+01
   4.33391929E-02   -1.19932060E+00   -3.61650618E+01
   4.38036844E-02   -1.21610475E+00   -3.61032727E+01
   4.42731541E-02   -1.23303861E+00   -3.60363720E+01
   4.47476555E-02   -1.25012103E+00   -3.59643091E+01
   4.52272423E-02   -1.26735071E+00   -3.58870362E+01
   4.57119692E-02   -1.28472628E+00   -3.58045061E+01
   4.62018911E-02   -1.30224635E+00   -3.57166699E+01
   4.66970638E-02   -1.31990940E+00   -3.56234810E+01
   4.71975436E-02   -1.33771374E+00   -3.55248959E+01
   4.77033874E-02   -1.35565764E+00   -3.54208718E+01
   4.82146525E-02   -1.37373929E+00   -3.53113647E+01
   4.87313972E-02   -1.39195673E+00   -3.51963343E+01
   4.92536801E-02   -1.41030787E+00   -3.50757432E+01
   4.97815607E-02   -1.42879054E+00   -3.49495532E+01
   5.03150988E-02   -1.44740249E+00   -3.48177270E+01
   5.08543552E-02   -1.46614130E+00   -3.46802314E+01
   5.13993911E-02   -1.48500441E+00   -3.45370350E+01
   5.19502685E-02   -1.50398925E+00   -3.43881050E+01
   5.25070500E-02   -1.52309306E+00   -3.42334120E+01
   5.30697988E-02   -1.54231291E+00   -3.40729308E+01
   5.36385789E-02   -1.56164579E+00   -3.39066363E+01
   5.42134550E-02   -1.58108863E+00   -3.37345035E+01
   5.47944923E-02   -1.60063814E+00   -3.35565117E+01
   5.53817570E-02   -1.62029089E+00   -3.33726435E+01
   5.59753157E-02   -1.64004339E+00   -3.31828808E+01
   5.65752360E-02   -1.65989197E+00   -3.29872093E+01
   5.71815859E-02   -1.67983281E+00   -3.27856177E+01
   5.77944345E-02   -1.69986202E+00   -3.25780939E+01
   5.84138513E-02   -1.71997555E+00   -3.23646304E+01
   5.90399068E-02   -1.74016910E+00   -3.21452241E+01
   5.96726720E-02   -1.76043837E+00   -3.19198713E+01
   6.03122190E-02   -1.78077886E+00   -3.16885711E+01
   6.09586204E-02   -1.80118590E+00   -3.14513272E+01
   6.16119496E-02   -1.82165472E+00   -3.12081439E+01
   6.22722810E-02   -1.84218036E+00   -3.09590301E+01
   6.29396895E-02   -1.86275769E+00   -3.07039973E+01
   6.36142510E-02   -1.88338157E+00   -3.04430555E+01
   6.42960422E-02   -1.90404663E+00   -3.01762200E+01
   6.49851406E-02   -1.92474727E+00   -2.99035126E+01
   6.56816244E-02   -1.94547774E+00   -2.96249570E+01
   6.63855729E-02   -1.96623225E+00   -2.93405759E+01
   6.70970659E-02   -1.98700478E+00   -2.90503982E+01
   6.78161845E-02   -2.00778920E+00   -2.87544540E+01
   6.85430103E-02   -2.02857921E+00   -2.84527769E+01
   6.92776259E-02   -2.04936831E+00   -2.81454059E+01
   7.00201148E-02   -2.07014989E+00   -2.78323798E+01
   7.07705614E-02   -2.09091719E+00   -2.75137428E+01
   7.15290509E-02   -2.11166324E+00   -2.71895421E+01
   7.22956697E-02   -2.13238101E+00   -2.68598263E+01
   7.30705047E-02   -2.15306321E+00   -2.65246503E+01
   7.38536441E-02   -2.17370246E+00   -2.61840696E+01
   7.46451769E-02   -2.19429121E+00   -2.58381446E+01
   7.54451930E-02   -2.21482174E+00   -2.54869387E+01
   7.62537833E-02   -2.23528625E+00   -2.51305171E+01
   7.70710398E-02   -2.25567665E+00   -2.47689517E+01
   7.78970553E-02   -2.27598484E+00   -2.44023148E+01
   7.87319236E-02   -2.29620251E+00   -2.40306826E+01
   7.95757398E-02   -2.31632118E+00   -2.36541368E+01
   8.04285996E-02   -2.33633227E+00   -2.32727599E+01
   8.12906000E-02   -2.35622701E+00   -2.28866397E+01
   8.21618390E-02   -2.37599656E+00   -2.24958657E+01
   8.30424156E-02   -2.39563184E+00   -2.21005328E+01
   8.39324298E-02   -2.41512374E+00   -2.17007374E+01
   8.48319828E-02   -2.43446292E+00   -2.12965813E+01
   8.57411769E-02   -2.45363997E+00   -2.08881677E+01
   8.66601153E-02   -2.47264532E+00   -2.04756051E+01
   8.75889025E-02   -2.49146930E+00   -2.00590037E+01
   8.85276441E-02   -2.51010209E+00   -1.96384788E+01
   8.94764467E-02   -2.52853377E+00   -1.92141474E+01
   9.04354182E-02   -2.54675428E+00   -1.87861313E+01
   9.14046676E-02   -2.56475349E+00   -1.83545543E+01
   9.23843049E-02   -2.58252112E+00   -1.79195450E+01
   9.33744416E-02   -2.60004681E+00   -1.74812338E+01
   9.43751902E-02   -2.61732008E+00   -1.70397555E+01
   9.53866644E-02   -2.63433041E+00   -1.65952473E+01
   9.64089792E-02   -2.65106711E+00   -1.61478501E+01
   9.74422507E-02   -2.66751948E+00   -1.56977080E+01
   9.84865964E-02   -2.68367671E+00   -1.52449674E+01
   9.95421349E-02   -2.69952791E+00   -1.47897785E+01
   1.00608986E-01   -2.71506213E+00   -1.43322944E+01
   1.01687272E-01   -2.73026838E+00   -1.38726710E+01
   1.02777114E-01   -2.74513558E+00   -1.34110669E+01
   1.03878636E-01   -2.75965265E+00   -1.29476438E+01
   1.04991965E-01   -2.77380842E+00   -1.24825661E+01
   1.06117225E-01   -2.78759171E+00   -1.20160009E+01
   1.07254545E-01   -2.80099133E+00   -1.15481177E+01
   1.08404055E-01   -2.81399606E+00   -1.10790877E+01
   1.09565885E-01   -2.82659464E+00   -1.06090872E+01
   1.10740167E-01   -2.83877586E+00   -1.01382915E+01
   1.11927034E-01   -2.85052846E+00   -9.66688144E+00
   1.13126622E-01   -2.86184125E+00   -9.19503622E+00
   1.14339066E-01   -2.87270304E+00   -8.72294017E+00
   1.15564505E-01   -2.88310265E+00   -8.25077896E+00
   1.16803077E-01   -2.89302897E+00   -7.77873929E+00
   1.18054924E-01   -2.90247092E+00   -7.30700985E+00
   1.19320188E-01   -2.91141751E+00   -6.83578167E+00
   1.20599012E-01   -2.91985779E+00   -6.36524542E+00
   1.21891543E-01   -2.92778090E+00   -5.89559546E+00
   1.23197926E-01   -2.93517607E+00   -5.42702539E+00
   1.24518310E-01   -2.94203262E+00   -4.95973132E+00
   1.25852846E-01   -2.94834001E+00   -4.49390897E+00
   1.27201684E-01   -2.95408777E+00   -4.02975617E+00
   1.28564979E-01   -2.95926562E+00   -3.56746995E+00
   1.29942885E-01   -2.96386338E+00   -3.10724923E+00
   1.31335559E-01   -2.96787103E+00   -2.64929189E+00
   1.32743160E-01   -2.97127873E+00   -2.19379714E+00
   1.34165846E-01   -2.97407679E+00   -1.74096314E+00
   1.35603780E-01   -2.97625574E+00   -1.29098839E+00
   1.37057125E-01   -2.97780627E+00   -8.44071219E-01
   1.38526046E-01   -2.97871930E+00   -4.00409002E-01
   1.40010711E-01   -2.97898597E+00    3.98016867E-02
   1.41511288E-01   -2.97859764E+00    4.76364769E-01
   1.43027947E-01   -2.97754594E+00    9.09085496E-01
   1.44560862E-01   -2.97582270E+00    1.33777057E+00
   1.46110205E-01   -2.97342008E+00    1.76222759E+00
   1.47676154E-01   -2.97033047E+00    2.18226643E+00
   1.49258886E-01   -2.96654657E+00    2.59769832E+00
   1.50858581E-01   -2.96206136E+00    3.00833665E+00
   1.52475420E-01   -2.95686815E+00    3.41399687E+00
   1.54109589E-01   -2.95096057E+00    3.81449701E+00
   1.55761271E-01   -2.94433256E+00    4.20965737E+00
   1.57430656E-01   -2.93697843E+00    4.59930102E+00
   1.59117933E-01   -2.92889283E+00    4.98325397E+00
   1.60823293E-01   -2.92007078E+00    5.36134518E+00
   1.62546930E-01   -2.91050767E+00    5.73340681E+00
   1.64289041E-01   -2.90019927E+00    6.09927443E+00
   1.66049823E-01   -2.88914176E+00    6.45878707E+00
   1.67829476E-01   -2.87733172E+00    6.81178747E+00
   1.69628203E-01   -2.86476613E+00    7.15812216E+00
   1.71446208E-01   -2.85144241E+00    7.49764168E+00
   1.73283697E-01   -2.83735842E+00    7.83020066E+00
   1.75140880E-01   -2.82251244E+00    8.15565802E+00
   1.77017968E-01   -2.80690322E+00    8.47387706E+00
   1.78915173E-01   -2.79052996E+00    8.78472563E+00
   1.80832712E-01   -2.77339234E+00    9.08807628E+00
   1.82770802E-01   -2.75549051E+00    9.38380633E+00
   1.84729663E-01   -2.73682509E+00    9.67179808E+00
   1.86709519E-01   -2.71739720E+00    9.95193890E+00
   1.88710595E-01   -2.69720847E+00    1.02241213E+01
   1.90733117E-01   -2.67626104E+00    1.04882433E+01
   1.92777315E-01   -2.65455750E+00    1.07442080E+01
   1.94843423E-01   -2.63210104E+00    1.09919246E+01
   1.96931674E-01   -2.60889531E+00    1.12313074E+01
   1.99042306E-01   -2.58494444E+00    1.14622768E+01
   2.01175559E-01   -2.56025327E+00    1.16847592E+01
   2.03331675E-01   -2.53482702E+00    1.18986870E+01
   2.05510900E-01   -2.50867142E+00    1.21039983E+01
   2.07713481E-01   -2.48179283E+00    1.23006378E+01
   2.09939668E-01   -2.45419814E+00    1.24885566E+01
   2.12189714E-01   -2.42589481E+00    1.26677122E+01
   2.14463876E-01   -2.39689067E+00    1.28380678E+01
   2.16762411E-01   -2.36719419E+00    1.29995936E+01
   2.19085580E-01   -2.33681456E+00    1.31522672E+01
   2.21433649E-01   -2.30576129E+00    1.32960721E+01
   2.23806883E-01   -2.27404443E+00    1.34309980E+01
   2.26205552E-01   -2.24167471E+00    1.35570425E+01
   2.28629930E-01   -2.20866323E+00    1.36742088E+01
   2.31080291E-01   -2.17502176E+00    1.37825080E+01
   2.33556914E-01   -2.14076250E+00    1.38819572E+01
   2.36060080E-01   -2.10589818E+00    1.39725802E+01
   2.38590074E-01   -2.07044210E+00    1.40544084E+01
   2.41147184E-01   -2.03440798E+00    1.41274790E+01
   2.43731699E-01   -1.99781010E+00    1.41918363E+01
   2.46343915E-01   -1.96066324E+00    1.42475317E+01
   2.48984127E-01   -1.92298255E+00    1.42946217E+01
   2.51652635E-01   -1.88478381E+00    1.43331711E+01
   2.54349744E-01   -1.84608316E+00    1.43632501E+01
   2.57075759E-01   -1.80689721E+00    1.43849351E+01
   2.59830991E-01   -1.76724303E+00    1.43983091E+01
   2.62615752E-01   -1.72713810E+00    1.44034611E+01
   2.65430359E-01   -1.68660035E+00    1.44004863E+01
   2.68275131E-01   -1.64564803E+00    1.43894846E+01
   2.71150393E-01   -1.60429984E+00    1.43705626E+01
   2.74056471E-01   -1.56257492E+00    1.43438325E+01
   2.76993694E-01   -1.52049264E+00    1.43094111E+01
   2.79962398E-01   -1.47807283E+00    1.42674211E+01
   2.82962919E-01   -1.43533557E+00    1.42179894E+01
   2.85995599E-01   -1.39230133E+00    1.41612485E+01
   2.89060781E-01   -1.34899083E+00    1.40973348E+01
   2.92158815E-01   -1.30542511E+00    1.40263897E+01
   2.95290052E-01   -1.26162545E+00    1.39485584E+01
   2.98454848E-01   -1.21761338E+00    1.38639904E+01
   3.01653564E-01   -1.17341081E+00    1.37728401E+01
   3.04886562E-01   -1.12903955E+00    1.36752623E+01
   3.08154210E-01   -1.08452181E+00    1.35714173E+01
   3.11456879E-01   -1.03988014E+00    1.34614707E+01
   3.14794945E-01   -9.95136999E-01    1.33455880E+01
   3.18168786E-01   -9.50315083E-01    1.32239385E+01
   3.21578788E-01   -9.05437211E-01    1.30966943E+01
   3.25025336E-01   -8.60526333E-01    1.29640300E+01
   3.28508823E-01   -8.15605443E-01    1.28261220E+01
   3.32029644E-01   -7.70697613E-01    1.26831486E+01
   3.35588201E-01   -7.25826060E-01    1.25352915E+01
   3.39184896E-01   -6.81013878E-01    1.23827319E+01
   3.42820139E-01   -6.36284330E-01    1.22256544E+01
   3.46494343E-01   -5.91660515E-01    1.20642432E+01
   3.50207926E-01   -5.47165662E-01    1.18986853E+01
   3.53961310E-01   -5.02822814E-01    1.17291673E+01
   3.57754921E-01   -4.58655051E-01    1.15558776E+01
   3.61589190E-01   -4.14685275E-01    1.13790043E+01
   3.65464553E-01   -3.70936380E-01    1.11987372E+01
   3.69381451E-01   -3.27430987E-01    1.10152644E+01
   3.73340328E-01   -2.84191768E-01    1.08287773E+01
   3.77341635E-01   -2.41240988E-01    1.06394637E+01
   3.81385826E-01   -1.98600962E-01    1.04475147E+01
   3.85473362E-01   -1.56293558E-01    1.02531178E+01
   3.89604705E-01   -1.14340640E-01    1.00564636E+01
   3.93780327E-01   -7.27635628E-02    9.85773802E+00
   3.98000702E-01   -3.15837254E-02    9.65713142E+00
   4.02266308E-01    9.17818072E-03    9.45482660E+00
   4.06577632E-01    4.95013185E-02    9.25101300E+00
   4.10935163E-01    8.93655713E-02    9.04587243E+00
   4.15339396E-01    1.28751089E-01    8.83958709E+00
   4.19790831E-01    1.67638043E-01    8.63234378E+00
   4.24289976E-01    2.06007663E-01    8.42431597E+00
   4.28837340E-01    2.43841205E-01    8.21568252E+00
   4.33433441E-01    2.81120146E-01    8.00662438E+00
   4.38078801E-01    3.17826840E-01    7.79731255E+00
   4.42773948E-01    3.53943891E-01    7.58792021E+00
   4.47519416E-01    3.89454582E-01    7.37861429E+00
   4.52315744E-01    4.24342472E-01    7.16956409E+00
   4.57163476E-01    4.58591801E-01    6.96093301E+00
   4.62063165E-01    4.92187345E-01    6.75288175E+00
   4.67015367E-01    5.25114400E-01    6.54556891E+00
   4.72020644E-01    5.57358868E-01    6.33914921E+00
   4.77079566E-01    5.88907247E-01    6.13377393E+00
   4.82192707E-01    6.19746625E-01    5.92959112E+00
   4.87360649E-01    6.49864719E-01    5.72674504E+00
   4.92583978E-01    6.79249880E-01    5.52537594E+00
   4.97863289E-01    7.07891096E-01    5.32562019E+00
   5.03199182E-01    7.35778010E-01    5.12761009E+00
   5.08592262E-01    7.62900923E-01    4.93147384E+00
   5.14043144E-01    7.89250813E-01    4.73733502E+00
   5.19552445E-01    8.14819328E-01    4.54531327E+00
   5.25120793E-01    8.39598805E-01    4.35552319E+00
   5.30748820E-01    8.63582266E-01    4.16807541E+00
   5.36437166E-01    8.86763430E-01    3.98307569E+00
   5.42186478E-01    9.09136716E-01    3.80062534E+00
   5.47997408E-01    9.30697233E-01    3.62082073E+00
   5.53870617E-01    9.51440812E-01    3.44375412E+00
   5.59806773E-01    9.71363972E-01    3.26951267E+00
   5.65806550E-01    9.90463951E-01    3.09817922E+00
   5.71870630E-01    1.00873869E+00    2.92983191E+00
   5.77999703E-01    1.02618683E+00    2.76454430E+00
   5.84194464E-01    1.04280773E+00    2.60238543E+00
   5.90455618E-01    1.05860145E+00    2.44341984E+00
   5.96783877E-01    1.07356874E+00    2.28770755E+00
   6.03179960E-01    1.08771107E+00    2.13530417E+00
   6.09644593E-01    1.10103059E+00    1.98626087E+00
   6.16178511E-01    1.11353016E+00    1.84062442E+00
   6.22782457E-01    1.12521330E+00    1.69843722E+00
   6.29457181E-01    1.13608424E+00    1.55973732E+00
   6.36203443E-01    1.14614786E+00    1.42455844E+00
   6.43022008E-01    1.15540972E+00    1.29292998E+00
   6.49913651E-01    1.16387604E+00    1.16487705E+00
   6.56879157E-01    1.17155369E+00    1.04042047E+00
   6.63919315E-01    1.17845015E+00    9.19576819E-01
   6.71034928E-01    1.18457357E+00    8.02358404E-01
   6.78226802E-01    1.18993268E+00    6.88773323E-01
   6.85495756E-01    1.19453683E+00    5.78825470E-01
   6.92842616E-01    1.19839593E+00    4.72514574E-01
   7.00268216E-01    1.20152049E+00    3.69836229E-01
   7.07773400E-01    1.20392154E+00    2.70781941E-01
   7.15359023E-01    1.20561068E+00    1.75339173E-01
   7.23025944E-01    1.20659998E+00    8.34914044E-02
   7.30775037E-01    1.20690203E+00   -4.78180442E-03
   7.38607181E-01    1.20652990E+00   -8.95047410E-02
   7.46523267E-01    1.20549709E+00   -1.70705442E-01
   7.54524194E-01    1.20381755E+00   -2.48415630E-01
   7.62610872E-01    1.20150560E+00   -3.22670589E-01
   7.70784219E-01    1.19857598E+00   -3.93509066E-01
   7.79045165E-01    1.19504376E+00   -4.60973149E-01
   7.87394649E-01    1.19092435E+00   -5.25108143E-01
   7.95833619E-01    1.18623346E+00   -5.85962437E-01
   8.04363034E-01    1.18098708E+00   -6.43587359E-01
   8.12983864E-01    1.17520144E+00   -6.98037038E-01
   8.21697088E-01    1.16889302E+00   -7.49368263E-01
   8.30503697E-01    1.16207847E+00   -7.97640208E-01
   8.39404692E-01    1.15477463E+00   -8.42914528E-01
   8.48401083E-01    1.14699847E+00   -8.85254915E-01
   8.57493895E-01    1.13876709E+00   -9.24727062E-01
   8.66684159E-01    1.13009767E+00   -9.61398506E-01
   8.75972921E-01    1.12100748E+00   -9.95338387E-01
   8.85361236E-01    1.11151378E+00   -1.02661732E+00
   8.94850171E-01    1.10163390E+00   -1.05530722E+00
   9.04440805E-01    1.09138512E+00   -1.08148109E+00
   9.14134227E-01    1.08078470E+00   -1.10521288E+00
   9.23931539E-01    1.06984984E+00   -1.12657733E+00
   9.33833854E-01    1.05859765E+00   -1.14564977E+00
   9.43842299E-01    1.04704516E+00   -1.16250596E+00
   9.53958009E-01    1.03520925E+00   -1.17722195E+00
   9.64182136E-01    1.02310667E+00   -1.18987390E+00
   9.74515841E-01    1.01075398E+00   -1.20053796E+00
   9.84960298E-01    9.98167600E-01   -1.20929009E+00
   9.95516695E-01    9.85363704E-01   -1.21620594E+00
   1.00618623E+00    9.72358272E-01   -1.22136074E+00
   1.01697012E+00    9.59167037E-01   -1.22482906E+00
   1.02786958E+00    9.45805494E-01   -1.22668489E+00
   1.03888586E+00    9.32288864E-01   -1.22700134E+00
   1.05002021E+00    9.18632092E-01   -1.22585060E+00
   1.06127389E+00    9.04849839E-01   -1.22330387E+00
   1.07264819E+00    8.90956461E-01   -1.21943123E+00
   1.08414439E+00    8.76966003E-01   -1.21430156E+00
   1.09576380E+00    8.62892193E-01   -1.20798248E+00
   1.10750774E+00    8.48748427E-01   -1.20054024E+00
   1.11937755E+00    8.34547768E-01   -1.19203971E+00
   1.13137457E+00    8.20302934E-01   -1.18254425E+00
   1.14350018E+00    8.06026297E-01   -1.17211574E+00
   1.15575574E+00    7.91729874E-01   -1.16081448E+00
   1.16814265E+00    7.77425327E-01   -1.14869915E+00
   1.18066232E+00    7.63123955E-01   -1.13582682E+00
   1.19331617E+00    7.48836695E-01   -1.12225288E+00
   1.20610564E+00    7.34574122E-01   -1.10803104E+00
   1.21903218E+00    7.20346440E-01   -1.09321331E+00
   1.23209726E+00    7.06163500E-01   -1.07785007E+00
   1.24530237E+00    6.92034749E-01   -1.06198970E+00
   1.25864900E+00    6.77969323E-01   -1.04567926E+00
   1.27213868E+00    6.63975959E-01   -1.02896384E+00
   1.28577294E+00    6.50063039E-01   -1.01188688E+00
   1.29955332E+00    6.36238587E-01   -9.94490145E-01
   1.31348139E+00    6.22510271E-01   -9.76813683E-01
   1.32755874E+00    6.08885403E-01   -9.58895898E-01
   1.34178697E+00    5.95370949E-01   -9.40773544E-01
   1.35616768E+00    5.81973527E-01   -9.22481746E-01
   1.37070253E+00    5.68699414E-01   -9.04054042E-01
   1.38539315E+00    5.55554552E-01   -8.85522378E-01
   1.40024122E+00    5.42544552E-01   -8.66917183E-01
   1.41524843E+00    5.29674699E-01   -8.48267354E-01
   1.43041647E+00    5.16949958E-01   -8.29600319E-01
   1.44574708E+00    5.04374981E-01   -8.10942057E-01
   1.46124200E+00    4.91954110E-01   -7.92317134E-01
   1.47690299E+00    4.79691389E-01   -7.73748744E-01
   1.49273182E+00    4.67590563E-01   -7.55258735E-01
   1.50873030E+00    4.55655091E-01   -7.36867653E-01
   1.52490025E+00    4.43888151E-01   -7.18594786E-01
   1.54124350E+00    4.32292643E-01   -7.00458184E-01
   1.55776191E+00    4.20871203E-01   -6.82474716E-01
   1.57445736E+00    4.09626204E-01   -6.64660084E-01
   1.59133174E+00    3.98559765E-01   -6.47028894E-01
   1.60838697E+00    3.87673762E-01   -6.29594661E-01
   1.62562500E+00    3.76969827E-01   -6.12369870E-01
   1.64304777E+00    3.66449363E-01   -5.95365999E-01
   1.66065728E+00    3.56113549E-01   -5.78593563E-01
   1.67845552E+00    3.45963344E-01   -5.62062153E-01
   1.69644451E+00    3.35999499E-01   -5.45780462E-01
   1.71462630E+00    3.26222562E-01   -5.29756334E-01
   1.73300295E+00    3.16632884E-01   -5.13996789E-01
   1.75157656E+00    3.07230629E-01   -4.98508064E-01
   1.77034923E+00    2.98015780E-01   -4.83295644E-01
   1.78932310E+00    2.88988143E-01   -4.68364297E-01
   1.80850032E+00    2.80147361E-01   -4.53718105E-01
   1.82788308E+00    2.71492914E-01   -4.39360500E-01
   1.84747358E+00    2.63024129E-01   -4.25294291E-01
   1.86727403E+00    2.54740188E-01   -4.11521699E-01
   1.88728670E+00    2.46640132E-01   -3.98044385E-01
   1.90751386E+00    2.38722869E-01   -3.84863479E-01
   1.92795780E+00    2.30987181E-01   -3.71979610E-01
   1.94862086E+00    2.23431728E-01   -3.59392932E-01
   1.96950537E+00    2.16055060E-01   -3.47103156E-01
   1.99061371E+00    2.08855615E-01   -3.35109570E-01
   2.01194828E+00    2.01831732E-01   -3.23411067E-01
   2.03351151E+00    1.94981653E-01   -3.12006173E-01
   2.05530585E+00    1.88303531E-01   -3.00893065E-01
   2.07733376E+00    1.81795434E-01   -2.90069601E-01
   2.09959777E+00    1.75455351E-01   -2.79533335E-01
   2.12210038E+00    1.69281201E-01   -2.69281548E-01
   2.14484418E+00    1.63270830E-01   -2.59311258E-01
   2.16783173E+00    1.57422025E-01   -2.49619249E-01
   2.19106565E+00    1.51732513E-01   -2.40202088E-01
   2.21454859E+00    1.46199968E-01   -2.31056132E-01
   2.23828320E+00    1.40822016E-01   -2.22177585E-01
   2.26227219E+00    1.35596223E-01   -2.13563094E-01
   2.28651829E+00    1.30520149E-01   -2.05207275E-01
   2.31102425E+00    1.25591300E-01   -1.97106430E-01
   2.33579285E+00    1.20807155E-01   -1.89256238E-01
   2.36082691E+00    1.16165160E-01   -1.81652202E-01
   2.38612927E+00    1.11662744E-01   -1.74289755E-01
   2.41170282E+00    1.07297311E-01   -1.67164243E-01
   2.43755045E+00    1.03066252E-01   -1.60270949E-01
   2.46367510E+00    9.89669443E-02   -1.53605101E-01
   2.49007975E+00    9.49967573E-02   -1.47161885E-01
   2.51676740E+00    9.11530508E-02   -1.40936452E-01
   2.54374107E+00    8.74331845E-02   -1.34923930E-01
   2.57100383E+00    8.38345159E-02   -1.29119433E-01
   2.59855879E+00    8.03544058E-02   -1.23518071E-01
   2.62640906E+00    7.69902214E-02   -1.18114955E-01
   2.65455783E+00    7.37393330E-02   -1.12905201E-01
   2.68300828E+00    7.05991262E-02   -1.07883950E-01
   2.71176365E+00    6.75669942E-02   -1.03046359E-01
   2.74082721E+00    6.46403478E-02   -9.83876170E-02
   2.77020226E+00    6.18166125E-02   -9.39029475E-02
   2.79989214E+00    5.90932332E-02   -8.95876148E-02
   2.82990022E+00    5.64676736E-02   -8.54369252E-02
   2.86022992E+00    5.39374222E-02   -8.14462395E-02
   2.89088468E+00    5.14999870E-02   -7.76109641E-02
   2.92186799E+00    4.91529059E-02   -7.39265715E-02
   2.95318336E+00    4.68937390E-02   -7.03885857E-02
   2.98483435E+00    4.47200778E-02   -6.69926011E-02
   3.01682457E+00    4.26295409E-02   -6.37342740E-02
   3.04915765E+00    4.06197788E-02   -6.06093321E-02
   3.08183726E+00    3.86884727E-02   -5.76135729E-02
   3.11486711E+00    3.68333372E-02   -5.47428677E-02
   3.14825097E+00    3.50521195E-02   -5.19931616E-02
   3.18199262E+00    3.33426025E-02   -4.93604773E-02
   3.21609590E+00    3.17026033E-02   -4.68409143E-02
   3.25056468E+00    3.01299758E-02   -4.44306515E-02
   3.28540289E+00    2.86226100E-02   -4.21259469E-02
   3.32061448E+00    2.71784333E-02   -3.99231391E-02
   3.35620345E+00    2.57954111E-02   -3.78186480E-02
   3.39217384E+00    2.44715468E-02   -3.58089749E-02
   3.42852976E+00    2.32048826E-02   -3.38907025E-02
   3.46527532E+00    2.19935003E-02   -3.20604965E-02
   3.50241471E+00    2.08355197E-02   -3.03151028E-02
   3.53995214E+00    1.97291011E-02   -2.86513499E-02
   3.57789188E+00    1.86724443E-02   -2.70661478E-02
   3.61623824E+00    1.76637889E-02   -2.55564874E-02
   3.65499558E+00    1.67014150E-02   -2.41194412E-02
   3.69416831E+00    1.57836412E-02   -2.27521597E-02
   3.73376088E+00    1.49088282E-02   -2.14518759E-02
   3.77377778E+00    1.40753745E-02   -2.02158987E-02
   3.81422357E+00    1.32817198E-02   -1.90416168E-02
   3.85510284E+00    1.25263429E-02   -1.79264956E-02
   3.89642023E+00    1.18077622E-02   -1.68680762E-02
   3.93818045E+00    1.11245357E-02   -1.58639763E-02
   3.98038824E+00    1.04752598E-02   -1.49118862E-02
   4.02304839E+00    9.85857007E-03   -1.40095703E-02
   4.06616576E+00    9.27314071E-03   -1.31548651E-02
   4.10974524E+00    8.71768330E-03   -1.23456768E-02
   4.15379178E+00    8.19094750E-03   -1.15799822E-02
   4.19831040E+00    7.69172084E-03   -1.08558268E-02
   4.24330616E+00    7.21882788E-03   -1.01713241E-02
   4.28878415E+00    6.77112721E-03   -9.52464900E-03
   4.33474957E+00    6.34751598E-03   -8.91404549E-03
   4.38120762E+00    5.94692560E-03   -8.33781870E-03
   4.42816359E+00    5.56832281E-03   -7.79433628E-03
   4.47562281E+00    5.21070842E-03   -7.28202578E-03
   4.52359068E+00    4.87311726E-03   -6.79937421E-03
   4.57207265E+00    4.55461703E-03   -6.34492565E-03
   4.62107423E+00    4.25430863E-03   -5.91728135E-03
   4.67060099E+00    3.97132418E-03   -5.51509614E-03
   4.72065856E+00    3.70482834E-03   -5.13708015E-03
   4.77125262E+00    3.45401534E-03   -4.78199362E-03
   4.82238893E+00    3.21811007E-03   -4.44864839E-03
   4.87407330E+00    2.99636723E-03   -4.13590598E-03
   4.92631160E+00    2.78806969E-03   -3.84267488E-03
   4.97910977E+00    2.59252895E-03   -3.56791079E-03
   5.03247380E+00    2.40908364E-03   -3.31061400E-03
   5.08640977E+00    2.23709970E-03   -3.06982940E-03
   5.14092381E+00    2.07596857E-03   -2.84464331E-03
   5.19602210E+00    1.92510754E-03   -2.63418379E-03
   5.25171091E+00    1.78395854E-03   -2.43761851E-03
   5.30799657E+00    1.65198760E-03   -2.25415366E-03
   5.36488548E+00    1.52868410E-03   -2.08303251E-03
   5.42238410E+00    1.41356026E-03   -1.92353453E-03
   5.48049897E+00    1.30615009E-03   -1.77497343E-03
   5.53923669E+00    1.20600926E-03   -1.63669689E-03
   5.59860393E+00    1.11271387E-03   -1.50808438E-03
   5.65860745E+00    1.02586018E-03   -1.38854671E-03
   5.71925406E+00    9.45063740E-04   -1.27752442E-03
   5.78055066E+00    8.69958845E-04   -1.17448691E-03
   5.84250421E+00    8.00197851E-04   -1.07893117E-03
   5.90512175E+00    7.35450478E-04   -9.90380699E-04
   5.96841039E+00    6.75403388E-04   -9.08384641E-04
   6.03237734E+00    6.19759213E-04   -8.32516297E-04
   6.09702987E+00    5.68236256E-04   -7.62372531E-04
   6.16237531E+00    5.20567738E-04   -6.97572555E-04
   6.22842109E+00    4.76501271E-04   -6.37757063E-04
   6.29517473E+00    4.35798246E-04   -5.82587220E-04
   6.36264381E+00    3.98233326E-04   -5.31743847E-04
   6.43083599E+00    3.63593740E-04   -4.84926303E-04
   6.49975902E+00    3.31678919E-04   -4.41851879E-04
   6.56942075E+00    3.02299830E-04   -4.02254758E-04
   6.63982908E+00    2.75278628E-04   -3.65885449E-04
   6.71099202E+00    2.50447901E-04   -3.32509635E-04
   6.78291765E+00    2.27650415E-04   -3.01907749E-04
   6.85561415E+00    2.06738512E-04   -2.73874055E-04
   6.92908979E+00    1.87573725E-04   -2.48216048E-04
   7.00335290E+00    1.70026211E-04   -2.24753607E-04
   7.07841194E+00    1.53974489E-04   -2.03318566E-04
   7.15427542E+00    1.39304825E-04   -1.83753812E-04
   7.23095199E+00    1.25910991E-04   -1.65912906E-04
   7.30845033E+00    1.13693766E-04   -1.49659346E-04
   7.38677928E+00    1.02560644E-04   -1.34866119E-04
   7.46594772E+00    9.24253849E-05   -1.21415048E-04
   7.54596465E+00    8.32077037E-05   -1.09196330E-04
   7.62683918E+00    7.48329776E-05   -9.81080992E-05
   7.70858048E+00    6.72318154E-05   -8.80558064E-05
   7.79119785E+00    6.03398588E-05   -7.89519224E-05
   7.87470069E+00    5.40974076E-05   -7.07153989E-05
   7.95909847E+00    4.84491962E-05   -6.32713413E-05
   8.04440079E+00    4.33440766E-05   -5.65505561E-05
   8.13061734E+00    3.87347569E-05   -5.04891757E-05
   8.21775793E+00    3.45776113E-05   -4.50283840E-05
   8.30583246E+00    3.08323829E-05   -4.01139962E-05
   8.39485093E+00    2.74619886E-05   -3.56961812E-05
   8.48482347E+00    2.44323030E-05   -3.17291561E-05
   8.57576029E+00    2.17119792E-05   -2.81709325E-05
   8.66767174E+00    1.92722033E-05   -2.49829746E-05
   8.76056825E+00    1.70865919E-05   -2.21300518E-05
   8.85446039E+00    1.51309368E-05   -1.95798860E-05
   8.94935883E+00    1.33831144E-05   -1.73030234E-05
   9.04527435E+00    1.18229030E-05   -1.52725812E-05
   9.14221786E+00    1.04318418E-05   -1.34640526E-05
   9.24020036E+00    9.19310697E-06   -1.18551362E-05
   9.33923300E+00    8.09137753E-06   -1.04255507E-05
   9.43932703E+00    7.11271774E-06   -9.15687396E-06
   9.54049383E+00    6.24447672E-06   -8.03240524E-06
   9.64274489E+00    5.47517428E-06   -7.03700929E-06
   9.74609184E+00    4.79441353E-06   -6.15699718E-06
   9.85054642E+00    4.19278644E-06   -5.37999802E-06
   9.95612049E+00    3.66178842E-06   -4.69484319E-06
   1.00628261E+01    3.19375848E-06   -4.09148471E-06
   1.01706753E+01    2.78177542E-06   -3.56085607E-06
   1.02796804E+01    2.41962101E-06   -3.09482170E-06
   1.03898537E+01    2.10170586E-06   -2.68607761E-06
   1.05012079E+01    1.82301023E-06   -2.32807206E-06
   1.06137555E+01    1.57903873E-06   -2.01494460E-06
   1.07275093E+01    1.36576653E-06   -1.74145432E-06
   1.08424823E+01    1.17959682E-06   -1.50292310E-06
   1.09586875E+01    1.01732093E-06   -1.29518233E-06
   1.10761382E+01    8.76076972E-07   -1.11451812E-06
   1.11948477E+01    7.53320710E-07   -9.57632454E-07
   1.13148294E+01    6.46793617E-07   -8.21600901E-07
   1.14360971E+01    5.54485879E-07   -7.03823838E-07
   1.15586644E+01    4.74622668E-07   -6.02008087E-07
   1.16825454E+01    4.05632952E-07   -5.14125921E-07
   1.18077541E+01    3.46127605E-07   -4.38386258E-07
   1.19343047E+01    2.94884840E-07   -3.73215423E-07
   1.20622116E+01    2.50825771E-07   -3.17225202E-07
   1.21914894E+01    2.13005524E-07   -2.69201062E-07
   1.23221527E+01    1.80591913E-07   -2.28074369E-07
   1.24542165E+01    1.52858634E-07   -1.92913398E-07
   1.25876956E+01    1.29168212E-07   -1.62901160E-07
   1.27226053E+01    1.08965833E-07   -1.37327308E-07
   1.28589609E+01    9.17664066E-08   -1.15571347E-07
   1.29967779E+01    7.71490359E-08   -9.70954168E-08
   1.31360720E+01    6.47472897E-08   -8.14316912E-08
   1.32768590E+01    5.42436136E-08   -6.81751259E-08
   1.34191549E+01    4.53633560E-08   -5.69757233E-08
   1.35629758E+01    3.78688087E-08   -4.75308387E-08
   1.37083382E+01    3.15552092E-08   -3.95800109E-08
   1.38552585E+01    2.62460356E-08   -3.28989007E-08
   1.40037534E+01    2.17897924E-08   -2.72951470E-08
   1.41538398E+01    1.80563241E-08   -2.26036295E-08
   1.43055348E+01    1.49342855E-08   -1.86832149E-08
   1.44588556E+01    1.23284885E-08   -1.54133539E-08
   1.46138196E+01    1.01577444E-08   -1.26913140E-08
   1.47704445E+01    8.35289417E-09   -1.04296590E-08
   1.49287480E+01    6.85520605E-09   -8.55419809E-09
   1.50887482E+01    5.61485956E-09   -7.00204974E-09
   1.52504631E+01    4.58968693E-09   -5.72003528E-09
   1.54139113E+01    3.74406856E-09   -4.66327089E-09
   1.55791112E+01    3.04797790E-09   -3.79395112E-09
   1.57460816E+01    2.47615330E-09   -3.08029548E-09
   1.59148416E+01    2.00738897E-09   -2.49564718E-09
   1.60854103E+01    1.62391822E-09   -2.01769025E-09
   1.62578071E+01    1.31088906E-09   -1.62778430E-09
   1.64320515E+01    1.05591021E-09   -1.31038943E-09
   1.66081634E+01    8.48667122E-10   -1.05258010E-09
   1.67861628E+01    6.80592668E-10   -8.43628696E-10
   1.69660700E+01    5.44585691E-10   -6.74650005E-10
   1.71479053E+01    4.34774525E-10   -5.38302688E-10
   1.73316894E+01    3.46314275E-10   -4.28533669E-10
   1.75174433E+01    2.75216543E-10   -3.40363622E-10
   1.77051880E+01    2.18205513E-10   -2.69705820E-10
   1.78949449E+01    1.72596923E-10   -2.13213945E-10
   1.80867355E+01    1.36196713E-10   -1.68154741E-10
   1.82805816E+01    1.07214693E-10   -1.32299652E-10
   1.84765053E+01    8.41944806E-11   -1.03836942E-10
   1.86745289E+01    6.59554673E-11   -8.12989590E-11
   1.88746747E+01    5.15391070E-11   -6.34949178E-11
   1.90769657E+01    4.01727187E-11   -4.94655887E-11
   1.92814247E+01    3.12337566E-11   -3.84386455E-11
   1.94880750E+01    2.42215513E-11   -2.97933750E-11
   1.96969401E+01    1.87351688E-11   -2.30330418E-11
   1.99080438E+01    1.44533982E-11   -1.77599427E-11
   2.01214100E+01    1.11208621E-11   -1.36580918E-11
   2.03370629E+01    8.53382768E-12   -1.04755644E-11
   2.05550271E+01    6.53091153E-12   -8.01293029E-12
   2.07753274E+01    4.98443046E-12   -6.11250353E-12
   2.09979887E+01    3.79365646E-12   -4.64996439E-12
   2.12230365E+01    2.87929411E-12   -3.52750557E-12
   2.14504962E+01    2.17918096E-12   -2.66849926E-12
   2.16803937E+01    1.64460737E-12   -2.01293687E-12
   2.19127552E+01    1.23758516E-12   -1.51404623E-12
   2.21476070E+01    9.28593078E-13   -1.13550132E-12
   2.23849759E+01    6.94698071E-13   -8.49099260E-13
   2.26248888E+01    5.18174834E-13   -6.33054199E-13
   2.28673730E+01    3.85337919E-13   -4.70555129E-13
   2.31124560E+01    2.85688607E-13   -3.48712874E-13
   2.33601658E+01    2.11157853E-13   -2.57626598E-13
   2.36105304E+01    1.55588857E-13   -1.89745996E-13
   2.38635782E+01    1.14279776E-13   -1.39308138E-13
   2.41193382E+01    8.36779638E-14   -1.01961040E-13
   2.43778393E+01    6.10734034E-14   -7.43866123E-14
   2.46391108E+01    4.44304993E-14   -5.40938534E-14
   2.49031826E+01    3.22162822E-14   -3.92081232E-14
   2.51700846E+01    2.32827621E-14   -2.83247213E-14
   2.54398472E+01    1.67699133E-14   -2.03930006E-14
   2.57125009E+01    1.20388015E-14   -1.46337862E-14
   2.59880769E+01    8.60773515E-15   -1.04589061E-14
   2.62666063E+01    6.14028439E-15   -7.45785341E-15
   2.65481209E+01    4.36118508E-15   -5.29490587E-15
   2.68326527E+01    3.08801362E-15   -3.74769626E-15
   2.71202339E+01    2.17813526E-15   -2.64242527E-15
   2.74108974E+01    1.53046654E-15   -1.85599211E-15
   2.77046760E+01    1.07169366E-15   -1.29915033E-15
   2.80016033E+01    7.48215721E-16   -9.06683760E-16
   2.83017128E+01    5.19997596E-16   -6.29898219E-16
   2.86050389E+01    3.60047973E-16   -4.35985116E-16
   2.89116158E+01    2.48205981E-16   -3.00445878E-16
   2.92214786E+01    1.70831676E-16   -2.06714825E-16
   2.95346623E+01    1.16784478E-16   -1.41264735E-16
   2.98512025E+01    7.97420338E-17   -9.64245509E-17
   3.01711354E+01    5.39007680E-17   -6.51539320E-17
   3.04944971E+01    3.60869585E-17   -4.36045339E-17
   3.08213245E+01    2.43496479E-17   -2.94122929E-17
   3.11516547E+01    1.66111849E-17   -2.00596492E-17
   3.14855252E+01    1.11599993E-17   -1.34729030E-17
   3.18229740E+01    7.40213021E-18   -8.93325197E-18
   3.21640395E+01    4.88525973E-18   -5.89368814E-18
   3.25087603E+01    3.17168079E-18   -3.82488018E-18
   3.28571758E+01    2.04100595E-18    0.00000000E+00
   3.32093254E+01    1.34011363E-18    0.00000000E+00
   3.35652492E+01    9.05300393E-19    0.00000000E+00
   3.39249876E+01    5.99740101E-19    0.00000000E+00
   3.42885816E+01    3.86509514E-19    0.00000000E+00
   3.46560724E+01    2.45549232E-19    0.00000000E+00
   3.50275018E+01    1.55380240E-19    0.00000000E+00
   3.54029121E+01    9.50909150E-20    0.00000000E+00
   3.57823458E+01    5.55756777E-20    0.00000000E+00
   3.61658462E+01    3.23520733E-20    0.00000000E+00
   3.65534567E+01    2.06325848E-20    0.00000000E+00
   3.69452215E+01    1.52984823E-20    0.00000000E+00
   3.73411851E+01    1.17114713E-20    0.00000000E+00
   3.77413925E+01    0.00000000E+00    0.00000000E+00
   3.81458891E+01    0.00000000E+00    0.00000000E+00
   3.85547209E+01    0.00000000E+00    0.00000000E+00
   3.89679345E+01    0.00000000E+00    0.00000000E+00
   3.93855767E+01    0.00000000E+00    0.00000000E+00
   3.98076950E+01    0.00000000E+00    0.00000000E+00
   4.02343373E+01    0.00000000E+00    0.00000000E+00
   4.06655523E+01    0.00000000E+00    0.00000000E+00
   4.11013888E+01    0.00000000E+00    0.00000000E+00
   4.15418965E+01    0.00000000E+00    0.00000000E+00
   4.19871254E+01    0.00000000E+00    0.00000000E+00
   4.24371260E+01    0.00000000E+00    0.00000000E+00
   4.28919495E+01    0.00000000E+00    0.00000000E+00
   4.33516477E+01    0.00000000E+00    0.00000000E+00
   4.38162727E+01    0.00000000E+00    0.00000000E+00
   4.42858773E+01    0.00000000E+00    0.00000000E+00
   4.47605150E+01    0.00000000E+00    0.00000000E+00
   4.52402397E+01    0.00000000E+00    0.00000000E+00
   4.57251058E+01    0.00000000E+00    0.00000000E+00
   4.62151686E+01    0.00000000E+00    0.00000000E+00
   4.67104836E+01    0.00000000E+00    0.00000000E+00
   4.72111072E+01    0.00000000E+00    0.00000000E+00
   4.77170963E+01    0.00000000E+00    0.00000000E+00
   4.82285084E+01    0.00000000E+00    0.00000000E+00
   4.87454016E+01    0.00000000E+00    0.00000000E+00
   4.92678346E+01    0.00000000E+00    0.00000000E+00
   4.97958668E+01    0.00000000E+00    0.00000000E+00
   5.03295583E+01    0.00000000E+00    0.00000000E+00
   5.08689697E+01    0.00000000E+00    0.00000000E+00
   5.14141622E+01    0.00000000E+00    0.00000000E+00
   5.19651979E+01    0.00000000E+00    0.00000000E+00
   5.25221394E+01    0.00000000E+00    0.00000000E+00
   5.30850499E+01    0.00000000E+00    0.00000000E+00
   5.36539935E+01    0.00000000E+00    0.00000000E+00
   5.42290348E+01    0.00000000E+00    0.00000000E+00
   5.48102391E+01    0.00000000E+00    0.00000000E+00
   5.53976726E+01    0.00000000E+00    0.00000000E+00
   5.59914019E+01    0.00000000E+00    0.00000000E+00
   5.65914945E+01    0.00000000E+00    0.00000000E+00
   5.71980187E+01    0.00000000E+00    0.00000000E+00
   5.78110434E+01    0.00000000E+00    0.00000000E+00
   5.84306382E+01    0.00000000E+00    0.00000000E+00
   5.90568736E+01    0.00000000E+00    0.00000000E+00
   5.96898207E+01    0.00000000E+00    0.00000000E+00
   6.03295515E+01    0.00000000E+00    0.00000000E+00
   6.09761386E+01    0.00000000E+00    0.00000000E+00
   6.16296556E+01    0.00000000E+00    0.00000000E+00
   6.22901768E+01    0.00000000E+00    0.00000000E+00
   6.29577771E+01    0.00000000E+00    0.00000000E+00
   6.36325325E+01    0.00000000E+00    0.00000000E+00
   6.43145196E+01    0.00000000E+00    0.00000000E+00
   6.50038160E+01    0.00000000E+00    0.00000000E+00
   6.57004999E+01    0.00000000E+00    0.00000000E+00
   6.64046507E+01    0.00000000E+00    0.00000000E+00
   6.71163482E+01    0.00000000E+00    0.00000000E+00
   6.78356735E+01    0.00000000E+00    0.00000000E+00
   6.85627081E+01    0.00000000E+00    0.00000000E+00
   6.92975348E+01    0.00000000E+00    0.00000000E+00
   7.00402371E+01    0.00000000E+00    0.00000000E+00
   7.07908993E+01    0.00000000E+00    0.00000000E+00
   7.15496069E+01    0.00000000E+00    0.00000000E+00
   7.23164459E+01    0.00000000E+00    0.00000000E+00
   7.30915037E+01    0.00000000E+00    0.00000000E+00
   7.38748681E+01    0.00000000E+00    0.00000000E+00
   7.46666284E+01    0.00000000E+00    0.00000000E+00
   7.54668744E+01    0.00000000E+00    0.00000000E+00
   7.62756971E+01    0.00000000E+00    0.00000000E+00
   7.70931884E+01    0.00000000E+00    0.00000000E+00
   7.79194412E+01    0.00000000E+00    0.00000000E+00
   7.87545495E+01    0.00000000E+00    0.00000000E+00
   7.95986082E+01    0.00000000E+00    0.00000000E+00
   8.04517131E+01    0.00000000E+00    0.00000000E+00
   8.13139612E+01    0.00000000E+00    0.00000000E+00
   8.21854506E+01    0.00000000E+00    0.00000000E+00
   8.30662802E+01    0.00000000E+00    0.00000000E+00
   8.39565502E+01    0.00000000E+00    0.00000000E+00
   8.48563617E+01    0.00000000E+00    0.00000000E+00
   8.57658171E+01    0.00000000E+00    0.00000000E+00
   8.66850196E+01    0.00000000E+00    0.00000000E+00
   8.76140737E+01    0.00000000E+00    0.00000000E+00
   8.85530851E+01    0.00000000E+00    0.00000000E+00
   8.95021604E+01    0.00000000E+00    0.00000000E+00
   9.04614075E+01    0.00000000E+00    0.00000000E+00
   9.14309354E+01    0.00000000E+00    0.00000000E+00
   9.24108542E+01    0.00000000E+00    0.00000000E+00
   9.34012755E+01    0.00000000E+00    0.00000000E+00
   9.44023117E+01    0.00000000E+00    0.00000000E+00
   9.54140766E+01    0.00000000E+00    0.00000000E+00
   9.64366851E+01    0.00000000E+00    0.00000000E+00
   9.74702536E+01    0.00000000E+00    0.00000000E+00
   9.85148994E+01    0.00000000E+00    0.00000000E+00
   9.95707413E+01    0.00000000E+00    0.00000000E+00
   1.00637899E+02    0.00000000E+00    0.00000000E+00
   1.01716495E+02    0.00000000E+00    0.00000000E+00
   1.02806650E+02    0.00000000E+00    0.00000000E+00
   1.03908489E+02    0.00000000E+00    0.00000000E+00
   1.05022137E+02    0.00000000E+00    0.00000000E+00
   1.06147721E+02    0.00000000E+00    0.00000000E+00
   1.07285368E+02    0.00000000E+00    0.00000000E+00
   1.08435208E+02    0.00000000E+00    0.00000000E+00
   1.09597372E+02    0.00000000E+00    0.00000000E+00
   1.10771991E+02    0.00000000E+00    0.00000000E+00
   1.11959199E+02    0.00000000E+00    0.00000000E+00
   1.13159132E+02    0.00000000E+00    0.00000000E+00
   1.14371925E+02    0.00000000E+00    0.00000000E+00
   1.15597715E+02    0.00000000E+00    0.00000000E+00
   1.16836644E+02    0.00000000E+00    0.00000000E+00
   1.18088851E+02    0.00000000E+00    0.00000000E+00
   1.19354478E+02    0.00000000E+00    0.00000000E+00
   1.20633670E+02    0.00000000E+00    0.00000000E+00
   1.21926572E+02    0.00000000E+00    0.00000000E+00
   1.23233330E+02    0.00000000E+00    0.00000000E+00
   1.24554094E+02    0.00000000E+00    0.00000000E+00
   1.25889013E+02    0.00000000E+00    0.00000000E+00
   1.27238239E+02    0.00000000E+00    0.00000000E+00
   1.28601926E+02    0.00000000E+00    0.00000000E+00
   1.29980228E+02    0.00000000E+00    0.00000000E+00
   1.31373303E+02    0.00000000E+00    0.00000000E+00
   1.32781307E+02    0.00000000E+00    0.00000000E+00
   1.34204402E+02    0.00000000E+00    0.00000000E+00
   1.35642749E+02    0.00000000E+00    0.00000000E+00
   1.37096512E+02    0.00000000E+00    0.00000000E+00
   1.38565856E+02    0.00000000E+00    0.00000000E+00
   1.40050947E+02    0.00000000E+00    0.00000000E+00
   1.41551955E+02    0.00000000E+00    0.00000000E+00
   1.43069051E+02    0.00000000E+00    0.00000000E+00
   1.44602405E+02    0.00000000E+00    0.00000000E+00
   1.46152194E+02    0.00000000E+00    0.00000000E+00
   1.47718593E+02    0.00000000E+00    0.00000000E+00
   1.49301780E+02    0.00000000E+00    0.00000000E+00
   1.50901934E+02    0.00000000E+00    0.00000000E+00
   1.52519239E+02    0.00000000E+00    0.00000000E+00
   1.54153877E+02    0.00000000E+00    0.00000000E+00
   1.55806034E+02    0.00000000E+00    0.00000000E+00
   1.57475899E+02    0.00000000E+00    0.00000000E+00
   1.59163660E+02    0.00000000E+00    0.00000000E+00
   1.60869510E+02    0.00000000E+00    0.00000000E+00
   1.62593643E+02    0.00000000E+00    0.00000000E+00
   1.64336254E+02    0.00000000E+00    0.00000000E+00
   1.66097542E+02    0.00000000E+00    0.00000000E+00
   1.67877707E+02    0.00000000E+00    0.00000000E+00
   1.69676951E+02    0.00000000E+00    0.00000000E+00
   1.71495478E+02    0.00000000E+00    0.00000000E+00
   1.73333495E+02    0.00000000E+00    0.00000000E+00
   1.75191212E+02    0.00000000E+00    0.00000000E+00
   1.77068839E+02    0.00000000E+00    0.00000000E+00
   1.78966589E+02    0.00000000E+00    0.00000000E+00
   1.80884679E+02    0.00000000E+00    0.00000000E+00
   1.82823326E+02    0.00000000E+00    0.00000000E+00
   1.84782751E+02    0.00000000E+00    0.00000000E+00
   1.86763176E+02    0.00000000E+00    0.00000000E+00
   1.88764826E+02    0.00000000E+00    0.00000000E+00
   1.90787929E+02    0.00000000E+00    0.00000000E+00
   1.92832715E+02    0.00000000E+00    0.00000000E+00
   1.94899417E+02    0.00000000E+00    0.00000000E+00
   1.96988268E+02    0.00000000E+00    0.00000000E+00
   1.99099507E+02    0.00000000E+00    0.00000000E+00
   2.01233373E+02    0.00000000E+00    0.00000000E+00
   2.03390109E+02    0.00000000E+00    0.00000000E+00
   2.05569960E+02    0.00000000E+00    0.00000000E+00
   2.07773173E+02    0.00000000E+00    0.00000000E+00
   2.10000000E+02    0.00000000E+00    0.00000000E+00
