# Radial wavefunction and first derivative.
# Energy units: hartree
# Length units: bohr
#
# State: 2p
# Nodes: 
# Peaks:     1.203717  
   2.44948968E-05    3.06381490E-04    9.44763845E+00
   2.54278125E-05    3.15133200E-04    9.36855404E+00
   2.63962594E-05    3.24184025E-04    9.29287569E+00
   2.74015906E-05    3.33505667E-04    9.21861301E+00
   2.84452111E-05    3.43087644E-04    9.14483434E+00
   2.95285790E-05    3.52949040E-04    9.07205323E+00
   3.06532081E-05    3.63109813E-04    9.00074360E+00
   3.18206701E-05    3.73578308E-04    8.93081748E+00
   3.30325961E-05    3.84360720E-04    8.86208978E+00
   3.42906797E-05    3.95466698E-04    8.79452358E+00
   3.55966789E-05    4.06908170E-04    8.72815859E+00
   3.69524184E-05    4.18696748E-04    8.66300335E+00
   3.83597929E-05    4.30843543E-04    8.59903262E+00
   3.98207688E-05    4.43360273E-04    8.53622846E+00
   4.13373876E-05    4.56259207E-04    8.47458067E+00
   4.29117685E-05    4.69553367E-04    8.41408718E+00
   4.45461116E-05    4.83255907E-04    8.35473653E+00
   4.62427004E-05    4.97380627E-04    8.29652132E+00
   4.80039057E-05    5.11941759E-04    8.23943240E+00
   4.98321884E-05    5.26954089E-04    8.18346163E+00
   5.17301034E-05    5.42433078E-04    8.12860364E+00
   5.37003027E-05    5.58394542E-04    8.07484774E+00
   5.57455391E-05    5.74855184E-04    8.02219002E+00
   5.78686708E-05    5.91832041E-04    7.97061948E+00
   6.00726642E-05    6.09343068E-04    7.92013138E+00
   6.23605993E-05    6.27406729E-04    7.87071665E+00
   6.47356729E-05    6.46042257E-04    7.82236765E+00
   6.72012039E-05    6.65269701E-04    7.77507808E+00
   6.97606374E-05    6.85109684E-04    7.72883725E+00
   7.24175498E-05    7.05583928E-04    7.68364077E+00
   7.51756537E-05    7.26714644E-04    7.63947634E+00
   7.80388031E-05    7.48525255E-04    7.59633909E+00
   8.10109987E-05    7.71039808E-04    7.55421757E+00
   8.40963938E-05    7.94283470E-04    7.51310414E+00
   8.72992997E-05    8.18282348E-04    7.47298980E+00
   9.06241918E-05    8.43063468E-04    7.43386323E+00
   9.40757161E-05    8.68655155E-04    7.39571787E+00
   9.76586957E-05    8.95086498E-04    7.35853950E+00
   1.01378137E-04    9.22388134E-04    7.32232225E+00
   1.05239238E-04    9.50591498E-04    7.28705130E+00
   1.09247392E-04    9.79729601E-04    7.25271880E+00
   1.13408202E-04    1.00983653E-03    7.21931178E+00
   1.17727481E-04    1.04094779E-03    7.18681860E+00
   1.22211265E-04    1.07310037E-03    7.15522921E+00
   1.26865819E-04    1.10633247E-03    7.12452796E+00
   1.31697646E-04    1.14068418E-03    7.09470700E+00
   1.36713499E-04    1.17619669E-03    7.06574837E+00
   1.41920387E-04    1.21291330E-03    7.03764384E+00
   1.47325584E-04    1.25087860E-03    7.01037615E+00
   1.52936645E-04    1.29013921E-03    6.98393382E+00
   1.58761409E-04    1.33074350E-03    6.95830275E+00
   1.64808016E-04    1.37274161E-03    6.93346677E+00
   1.71084915E-04    1.41618599E-03    6.90941541E+00
   1.77600877E-04    1.46113064E-03    6.88612862E+00
   1.84365006E-04    1.50763227E-03    6.86359754E+00
   1.91386755E-04    1.55574925E-03    6.84180143E+00
   1.98675935E-04    1.60554268E-03    6.82072915E+00
   2.06242732E-04    1.65707578E-03    6.80036329E+00
   2.14097718E-04    1.71041428E-03    6.78068749E+00
   2.22251871E-04    1.76562671E-03    6.76168945E+00
   2.30716584E-04    1.82278380E-03    6.74334763E+00
   2.39503684E-04    1.88195967E-03    6.72565304E+00
   2.48625452E-04    1.94323063E-03    6.70858281E+00
   2.58094632E-04    2.00667655E-03    6.69212577E+00
   2.67924457E-04    2.07238005E-03    6.67626368E+00
   2.78128661E-04    2.14042698E-03    6.66097877E+00
   2.88721504E-04    2.21090683E-03    6.64625993E+00
   2.99717788E-04    2.28391195E-03    6.63208349E+00
   3.11132877E-04    2.35953901E-03    6.61844131E+00
   3.22982723E-04    2.43788769E-03    6.60531096E+00
   3.35283884E-04    2.51906195E-03    6.59267867E+00
   3.48053548E-04    2.60316977E-03    6.58053102E+00
   3.61309559E-04    2.69032278E-03    6.56884525E+00
   3.75070440E-04    2.78063772E-03    6.55761491E+00
   3.89355420E-04    2.87423493E-03    6.54681619E+00
   4.04184460E-04    2.97123992E-03    6.53643676E+00
   4.19578280E-04    3.07178300E-03    6.52646468E+00
   4.35558391E-04    3.17599886E-03    6.51687609E+00
   4.52147123E-04    3.28402828E-03    6.50766645E+00
   4.69367655E-04    3.39601655E-03    6.49881441E+00
   4.87244050E-04    3.51211469E-03    6.49030296E+00
   5.05801288E-04    3.63248011E-03    6.48212858E+00
   5.25065300E-04    3.75727509E-03    6.47426538E+00
   5.45063003E-04    3.88666882E-03    6.46670342E+00
   5.65822341E-04    4.02083721E-03    6.45943880E+00
   5.87372322E-04    4.15996146E-03    6.45244163E+00
   6.09743058E-04    4.30423055E-03    6.44570018E+00
   6.32965809E-04    4.45384141E-03    6.43921888E+00
   6.57073024E-04    4.60899680E-03    6.43297159E+00
   6.82098390E-04    4.76990748E-03    6.42694022E+00
   7.08076875E-04    4.93679327E-03    6.42112779E+00
   7.35044780E-04    5.10988106E-03    6.41551555E+00
   7.63039788E-04    5.28940632E-03    6.41008615E+00
   7.92101017E-04    5.47561427E-03    6.40483967E+00
   8.22269076E-04    5.66875822E-03    6.39975646E+00
   8.53586119E-04    5.86910144E-03    6.39482606E+00
   8.86095908E-04    6.07691739E-03    6.39004467E+00
   9.19843868E-04    6.29248885E-03    6.38539265E+00
   9.54877157E-04    6.51611002E-03    6.38086679E+00
   9.91244728E-04    6.74808559E-03    6.37645530E+00
   1.02899740E-03    6.98873147E-03    6.37214476E+00
   1.06818792E-03    7.23837590E-03    6.36793328E+00
   1.10887106E-03    7.49735849E-03    6.36380384E+00
   1.15110367E-03    7.76603212E-03    6.35975213E+00
   1.19494475E-03    8.04476241E-03    6.35576890E+00
   1.24045556E-03    8.33392836E-03    6.35184162E+00
   1.28769971E-03    8.63392352E-03    6.34796850E+00
   1.33674320E-03    8.94515518E-03    6.34413439E+00
   1.38765457E-03    9.26804629E-03    6.34033558E+00
   1.44050496E-03    9.60303504E-03    6.33656310E+00
   1.49536821E-03    9.95057561E-03    6.33280636E+00
   1.55232099E-03    1.03111393E-02    6.32906304E+00
   1.61144288E-03    1.06852140E-02    6.32531941E+00
   1.67281650E-03    1.10733061E-02    6.32157266E+00
   1.73652760E-03    1.14759399E-02    6.31781329E+00
   1.80266521E-03    1.18936592E-02    6.31403276E+00
   1.87132174E-03    1.23270276E-02    6.31022776E+00
   1.94259314E-03    1.27766287E-02    6.30638584E+00
   2.01657898E-03    1.32430678E-02    6.30250470E+00
   2.09338266E-03    1.37269717E-02    6.29857417E+00
   2.17311150E-03    1.42289901E-02    6.29458742E+00
   2.25587690E-03    1.47497960E-02    6.29053981E+00
   2.34179451E-03    1.52900865E-02    6.28642010E+00
   2.43098439E-03    1.58505839E-02    6.28222588E+00
   2.52357117E-03    1.64320362E-02    6.27794643E+00
   2.61968421E-03    1.70352181E-02    6.27357601E+00
   2.71945784E-03    1.76609321E-02    6.26910858E+00
   2.82303145E-03    1.83100087E-02    6.26453386E+00
   2.93054978E-03    1.89833086E-02    6.25984870E+00
   3.04216307E-03    1.96817220E-02    6.25504206E+00
   3.15802727E-03    2.04061711E-02    6.25010854E+00
   3.27830430E-03    2.11576102E-02    6.24504078E+00
   3.40316221E-03    2.19370269E-02    6.23982898E+00
   3.53277547E-03    2.27454437E-02    6.23446892E+00
   3.66732520E-03    2.35839178E-02    6.22894926E+00
   3.80699941E-03    2.44535438E-02    6.22326419E+00
   3.95199327E-03    2.53554536E-02    6.21740524E+00
   4.10250938E-03    2.62908179E-02    6.21136251E+00
   4.25875807E-03    2.72608478E-02    6.20513047E+00
   4.42095766E-03    2.82667951E-02    6.19869735E+00
   4.58933481E-03    2.93099544E-02    6.19205640E+00
   4.76412479E-03    3.03916639E-02    6.18519806E+00
   4.94557185E-03    3.15133063E-02    6.17811179E+00
   5.13392952E-03    3.26763111E-02    6.17079063E+00
   5.32946101E-03    3.38821543E-02    6.16322214E+00
   5.53243953E-03    3.51323614E-02    6.15539809E+00
   5.74314872E-03    3.64285074E-02    6.14730794E+00
   5.96188300E-03    3.77722185E-02    6.13893991E+00
   6.18894803E-03    3.91651739E-02    6.13028552E+00
   6.42466108E-03    4.06091062E-02    6.12133135E+00
   6.66935153E-03    4.21058034E-02    6.11206735E+00
   6.92336129E-03    4.36571101E-02    6.10248186E+00
   7.18704530E-03    4.52649282E-02    6.09256150E+00
   7.46077201E-03    4.69312193E-02    6.08229601E+00
   7.74492391E-03    4.86580048E-02    6.07167079E+00
   8.03989806E-03    5.04473679E-02    6.06067363E+00
   8.34610662E-03    5.23014545E-02    6.04929156E+00
   8.66397749E-03    5.42224744E-02    6.03750933E+00
   8.99395483E-03    5.62127027E-02    6.02531461E+00
   9.33649972E-03    5.82744803E-02    6.01269146E+00
   9.69209082E-03    6.04102155E-02    5.99962522E+00
   1.00612250E-02    6.26223850E-02    5.98610135E+00
   1.04444181E-02    6.49135340E-02    5.97210262E+00
   1.08422055E-02    6.72862782E-02    5.95761428E+00
   1.12551431E-02    6.97433034E-02    5.94261892E+00
   1.16838079E-02    7.22873667E-02    5.92709928E+00
   1.21287989E-02    7.49212972E-02    5.91103894E+00
   1.25907378E-02    7.76479954E-02    5.89441866E+00
   1.30702703E-02    8.04704346E-02    5.87722105E+00
   1.35680662E-02    8.33916600E-02    5.85942704E+00
   1.40848213E-02    8.64147891E-02    5.84101682E+00
   1.46212576E-02    8.95430112E-02    5.82197181E+00
   1.51781246E-02    9.27795866E-02    5.80227076E+00
   1.57562006E-02    9.61278464E-02    5.78189364E+00
   1.63562932E-02    9.95911909E-02    5.76081959E+00
   1.69792411E-02    1.03173088E-01    5.73902640E+00
   1.76259146E-02    1.06877074E-01    5.71649318E+00
   1.82972174E-02    1.10706747E-01    5.69319687E+00
   1.89940875E-02    1.14665769E-01    5.66911498E+00
   1.97174987E-02    1.18757860E-01    5.64422479E+00
   2.04684618E-02    1.22986799E-01    5.61850211E+00
   2.12480263E-02    1.27356416E-01    5.59192389E+00
   2.20572813E-02    1.31870588E-01    5.56446551E+00
   2.28973576E-02    1.36533241E-01    5.53610250E+00
   2.37694293E-02    1.41348335E-01    5.50681057E+00
   2.46747148E-02    1.46319868E-01    5.47656410E+00
   2.56144790E-02    1.51451861E-01    5.44533845E+00
   2.65900353E-02    1.56748358E-01    5.41310796E+00
   2.76027467E-02    1.62213416E-01    5.37984699E+00
   2.86540284E-02    1.67851093E-01    5.34553040E+00
   2.97453494E-02    1.73665446E-01    5.31013200E+00
   3.08782345E-02    1.79660514E-01    5.27362663E+00
   3.20542668E-02    1.85840312E-01    5.23598851E+00
   3.32750896E-02    1.92208816E-01    5.19719210E+00
   3.45424089E-02    1.98769953E-01    5.15721263E+00
   3.58579954E-02    2.05527584E-01    5.11602477E+00
   3.72236875E-02    2.12485493E-01    5.07360431E+00
   3.86413936E-02    2.19647369E-01    5.02992700E+00
   4.01130945E-02    2.27016787E-01    4.98496918E+00
   4.16408469E-02    2.34597196E-01    4.93870831E+00
   4.32267854E-02    2.42391890E-01    4.89112190E+00
   4.48731262E-02    2.50403999E-01    4.84218895E+00
   4.65821697E-02    2.58636456E-01    4.79188894E+00
   4.83563041E-02    2.67091982E-01    4.74020266E+00
   5.01980084E-02    2.75773059E-01    4.68711229E+00
   5.21098561E-02    2.84681896E-01    4.63260090E+00
   5.40945186E-02    2.93820421E-01    4.57665358E+00
   5.61547692E-02    3.03190229E-01    4.51925666E+00
   5.82934868E-02    3.12792572E-01    4.46039843E+00
   6.05136599E-02    3.22628314E-01    4.40006905E+00
   6.28183908E-02    3.32697903E-01    4.33826074E+00
   6.52108999E-02    3.43001342E-01    4.27496805E+00
   6.76945304E-02    3.53538146E-01    4.21018783E+00
   7.02727528E-02    3.64307306E-01    4.14391953E+00
   7.29491697E-02    3.75307260E-01    4.07616533E+00
   7.57275210E-02    3.86535841E-01    4.00693026E+00
   7.86116888E-02    3.97990254E-01    3.93622243E+00
   8.16057035E-02    4.09667012E-01    3.86405311E+00
   8.47137486E-02    4.21561924E-01    3.79043695E+00
   8.79401671E-02    4.33670022E-01    3.71539210E+00
   9.12894673E-02    4.45985546E-01    3.63894035E+00
   9.47663295E-02    4.58501887E-01    3.56110727E+00
   9.83756118E-02    4.71211539E-01    3.48192237E+00
   1.02122358E-01    4.84106072E-01    3.40141915E+00
   1.06011803E-01    4.97176075E-01    3.31963531E+00
   1.10049382E-01    5.10411125E-01    3.23661273E+00
   1.14240736E-01    5.23799736E-01    3.15239768E+00
   1.18591723E-01    5.37329332E-01    3.06704079E+00
   1.23108422E-01    5.50986195E-01    2.98059715E+00
   1.27797145E-01    5.64755438E-01    2.89312639E+00
   1.32664443E-01    5.78620966E-01    2.80469265E+00
   1.37717118E-01    5.92565448E-01    2.71536462E+00
   1.42962230E-01    6.06570287E-01    2.62521556E+00
   1.48407107E-01    6.20615593E-01    2.53432326E+00
   1.54059359E-01    6.34680164E-01    2.44277003E+00
   1.59926883E-01    6.48741471E-01    2.35064265E+00
   1.66017878E-01    6.62775645E-01    2.25803234E+00
   1.72340856E-01    6.76757468E-01    2.16503467E+00
   1.78904652E-01    6.90660383E-01    2.07174950E+00
   1.85718437E-01    7.04456492E-01    1.97828087E+00
   1.92791732E-01    7.18116577E-01    1.88473699E+00
   2.00134422E-01    7.31610123E-01    1.79123005E+00
   2.07756767E-01    7.44905356E-01    1.69787610E+00
   2.15669418E-01    7.57969283E-01    1.60479501E+00
   2.23883430E-01    7.70767747E-01    1.51211030E+00
   2.32410283E-01    7.83265500E-01    1.41994894E+00
   2.41261890E-01    7.95426282E-01    1.32844126E+00
   2.50450621E-01    8.07212916E-01    1.23772071E+00
   2.59989314E-01    8.18587424E-01    1.14792362E+00
   2.69891300E-01    8.29511152E-01    1.05918897E+00
   2.80170414E-01    8.39944911E-01    9.71658039E-01
   2.90841020E-01    8.49849146E-01    8.85474045E-01
   3.01918027E-01    8.59184114E-01    8.00781670E-01
   3.13416915E-01    8.67910078E-01    7.17726499E-01
   3.25353751E-01    8.75987527E-01    6.36454360E-01
   3.37745215E-01    8.83377407E-01    5.57110521E-01
   3.50608622E-01    8.90041364E-01    4.79838757E-01
   3.63961946E-01    8.95942004E-01    4.04780251E-01
   3.77823846E-01    9.01043164E-01    3.32072295E-01
   3.92213693E-01    9.05310162E-01    2.61846945E-01
   4.07151593E-01    9.08710105E-01    1.94229229E-01
   4.22658420E-01    9.11212113E-01    1.29335577E-01
   4.38755841E-01    9.12787573E-01    6.72719404E-02
   4.55466352E-01    9.13410383E-01    8.13185202E-03
   4.72813300E-01    9.13057118E-01   -4.80051817E-02
   4.90820927E-01    9.11707207E-01   -1.01075256E-01
   5.09514395E-01    9.09343048E-01   -1.51031077E-01
   5.28919824E-01    9.05950097E-01   -1.97842378E-01
   5.49064331E-01    9.01516931E-01   -2.41495550E-01
   5.69976064E-01    8.96035282E-01   -2.81992367E-01
   5.91684244E-01    8.89500092E-01   -3.19347968E-01
   6.14219204E-01    8.81909576E-01   -3.53588166E-01
   6.37612434E-01    8.73265317E-01   -3.84746512E-01
   6.61896622E-01    8.63572439E-01   -4.12861686E-01
   6.87105700E-01    8.52839796E-01   -4.37975272E-01
   7.13274894E-01    8.41080236E-01   -4.60130586E-01
   7.40440771E-01    8.28310854E-01   -4.79372283E-01
   7.68641291E-01    8.14553299E-01   -4.95747102E-01
   7.97915860E-01    7.99834020E-01   -5.09305149E-01
   8.28305384E-01    7.84184490E-01   -5.20101646E-01
   8.59852327E-01    7.67641349E-01   -5.28198856E-01
   8.92600771E-01    7.50246483E-01   -5.33667924E-01
   9.26596476E-01    7.32046990E-01   -5.36590400E-01
   9.61886946E-01    7.13095071E-01   -5.37059450E-01
   9.98521493E-01    6.93447777E-01   -5.35180429E-01
   1.03655131E+00    6.73166719E-01   -5.31071169E-01
   1.07602953E+00    6.52317625E-01   -5.24861564E-01
   1.11701133E+00    6.30969846E-01   -5.16692801E-01
   1.15955396E+00    6.09195781E-01   -5.06716157E-01
   1.20371688E+00    5.87070245E-01   -4.95091438E-01
   1.24956179E+00    5.64669785E-01   -4.81985142E-01
   1.29715276E+00    5.42071983E-01   -4.67568464E-01
   1.34655628E+00    5.19354722E-01   -4.52015115E-01
   1.39784139E+00    4.96595482E-01   -4.35499180E-01
   1.45107976E+00    4.73870638E-01   -4.18192968E-01
   1.50634576E+00    4.51254791E-01   -4.00264958E-01
   1.56371664E+00    4.28820151E-01   -3.81877909E-01
   1.62327255E+00    4.06635969E-01   -3.63187197E-01
   1.68509671E+00    3.84768033E-01   -3.44339332E-01
   1.74927551E+00    3.63278235E-01   -3.25470796E-01
   1.81589864E+00    3.42224206E-01   -3.06707095E-01
   1.88505918E+00    3.21659029E-01   -2.88162137E-01
   1.95685379E+00    3.01631022E-01   -2.69937851E-01
   2.03138276E+00    2.82183592E-01   -2.52124048E-01
   2.10875026E+00    2.63355150E-01   -2.34798528E-01
   2.18906439E+00    2.45179097E-01   -2.18027364E-01
   2.27243737E+00    2.27683836E-01   -2.01865400E-01
   2.35898571E+00    2.10892873E-01   -1.86356801E-01
   2.44883034E+00    1.94824910E-01   -1.71535787E-01
   2.54209680E+00    1.79494010E-01   -1.57427391E-01
   2.63891541E+00    1.64909747E-01   -1.44048265E-01
   2.73942148E+00    1.51077420E-01   -1.31407505E-01
   2.84375543E+00    1.37998243E-01   -1.19507464E-01
   2.95206306E+00    1.25669577E-01   -1.08344547E-01
   3.06449570E+00    1.14085131E-01   -9.79099434E-02
   3.18121047E+00    1.03235211E-01   -8.81903813E-02
   3.30237045E+00    9.31069564E-02   -7.91686290E-02
   3.42814495E+00    8.36845667E-02   -7.08242900E-02
   3.55870971E+00    7.49495489E-02   -6.31342027E-02
   3.69424717E+00    6.68809640E-02   -5.60729568E-02
   3.83494673E+00    5.94556762E-02   -4.96133254E-02
   3.98100500E+00    5.26486104E-02   -4.37266567E-02
   4.13262605E+00    4.64330136E-02   -3.83832269E-02
   4.29002177E+00    4.07807126E-02   -3.35525524E-02
   4.45341208E+00    3.56623929E-02   -2.92036904E-02
   4.62302529E+00    3.10478624E-02   -2.53055003E-02
   4.79909841E+00    2.69063252E-02   -2.18268914E-02
   4.98187748E+00    2.32066531E-02   -1.87370549E-02
   5.17161789E+00    1.99176469E-02   -1.60056719E-02
   5.36858478E+00    1.70083044E-02   -1.36031190E-02
   5.57305337E+00    1.44480521E-02   -1.15006355E-02
   5.78530939E+00    1.22069897E-02   -9.67049733E-03
   6.00564941E+00    1.02561025E-02   -8.08615993E-03
   6.23438132E+00    8.56745468E-03   -6.72238437E-03
   6.47182476E+00    7.11434795E-03   -5.55533140E-03
   6.71831149E+00    5.87149715E-03   -4.56267289E-03
   6.97418594E+00    4.81510676E-03   -3.72361625E-03
   7.23980567E+00    3.92298133E-03   -3.01896184E-03
   7.51554181E+00    3.17458708E-03   -2.43111882E-03
   7.80177968E+00    2.55107239E-03   -1.94408832E-03
   8.09891925E+00    2.03527399E-03   -1.54343670E-03
   8.40737570E+00    1.61170106E-03   -1.21625228E-03
   8.72758007E+00    1.26648473E-03   -9.51075720E-04
   9.05997978E+00    9.87320310E-04   -7.37826697E-04
   9.40503931E+00    7.63383619E-04   -5.67712114E-04
   9.76324082E+00    5.85239911E-04   -4.33130893E-04
   1.01350848E+01    4.44739096E-04   -3.27570198E-04
   1.05210910E+01    3.34908694E-04   -2.45502903E-04
   1.09217985E+01    2.49839509E-04   -1.82281761E-04
   1.13377675E+01    1.84572500E-04   -1.34037168E-04
   1.17695792E+01    1.34987853E-04   -9.75791029E-05
   1.22178369E+01    9.76988534E-05   -7.03050689E-05
   1.26831669E+01    6.99501759E-05   -5.01136120E-05
   1.31662196E+01    4.95249212E-05   -3.53263162E-05
   1.36676699E+01    3.46590408E-05   -2.46172329E-05
   1.41882185E+01    2.39652807E-05   -1.69510458E-05
   1.47285928E+01    1.63654635E-05   -1.15286711E-05
   1.52895478E+01    1.10319527E-05   -7.74082743E-06
   1.58718675E+01    7.33744155E-06   -5.12876001E-06
   1.64763654E+01    4.81265368E-06   -3.35149214E-06
   1.71038863E+01    3.11130157E-06   -2.15892286E-06
   1.77553071E+01    1.98140213E-06   -1.37020736E-06
   1.84315379E+01    1.24228132E-06   -8.56217871E-07
   1.91335238E+01    7.66390692E-07   -5.26457984E-07
   1.98622456E+01    4.64944995E-07   -3.18366674E-07
   2.06187216E+01    2.77199120E-07   -1.89225690E-07
   2.14040088E+01    1.62304648E-07   -1.10467007E-07
   2.22192046E+01    9.32646198E-08   -6.32965750E-08
   2.30654480E+01    5.25577410E-08   -3.55720084E-08
   2.39439216E+01    2.90244862E-08   -1.95924861E-08
   2.48558528E+01    1.56950834E-08   -1.05678148E-08
   2.58025159E+01    8.30392741E-09   -5.57754745E-09
   2.67852338E+01    4.29497739E-09   -2.87805318E-09
   2.78053795E+01    2.16979382E-09   -1.45068503E-09
   2.88643787E+01    1.06970723E-09   -7.13630475E-10
   2.99637111E+01    5.14153864E-10   -3.42287477E-10
   3.11049127E+01    2.40703910E-10   -1.59920754E-10
   3.22895784E+01    1.09646155E-10   -7.27062665E-11
   3.35193633E+01    4.85483562E-11   -3.21322776E-11
   3.47959860E+01    2.08714797E-11   -1.37892078E-11
   3.61212303E+01    8.70239902E-12   -5.73949328E-12
   3.74969480E+01    3.51498080E-12   -2.31437784E-12
   3.89250615E+01    1.37366138E-12   -9.03014965E-13
   4.04075663E+01    5.18752796E-13   -3.40491146E-13
   4.19465339E+01    1.89060772E-13   -1.23908788E-13
   4.35441149E+01    6.64053130E-14   -4.34593273E-14
   4.52025415E+01    2.24473646E-14   -1.46706161E-14
   4.69241312E+01    7.29161343E-15   -4.75917562E-15
   4.87112896E+01    2.27283426E-15   -1.48157175E-15
   5.05665139E+01    6.78654498E-16   -4.41846125E-16
   5.24923965E+01    1.93816775E-16   -1.26037860E-16
   5.44916285E+01    5.27584056E-17   -3.42693333E-17
   5.65670035E+01    1.35929961E-17   -8.81948929E-18
   5.87214215E+01    3.41257571E-18    0.00000000E+00
   6.09578929E+01    7.75843216E-19    0.00000000E+00
   6.32795429E+01    1.81235431E-19    0.00000000E+00
   6.56896155E+01    3.67221541E-20    0.00000000E+00
   6.81914785E+01    0.00000000E+00    0.00000000E+00
   7.07886277E+01    0.00000000E+00    0.00000000E+00
   7.34846923E+01    0.00000000E+00    0.00000000E+00
