# Peaks:     0.055453  
   8.48528116E-05    3.20617176E+00    2.48223033E+04
   8.56479495E-05    3.22569485E+00    2.47395680E+04
   8.64505384E-05    3.24539433E+00    2.46576558E+04
   8.72606482E-05    3.26526500E+00    2.45765056E+04
   8.80783494E-05    3.28530128E+00    2.44960553E+04
   8.89037131E-05    3.30549723E+00    2.44162418E+04
   8.97368111E-05    3.32584649E+00    2.43370009E+04
   9.05777159E-05    3.34634231E+00    2.42582673E+04
   9.14265006E-05    3.36697747E+00    2.41799743E+04
   9.22832391E-05    3.38774435E+00    2.41020544E+04
   9.31480059E-05    3.40863482E+00    2.40244386E+04
   9.40208763E-05    3.42964030E+00    2.39470568E+04
   9.49019262E-05    3.45075474E+00    2.38698594E+04
   9.57912322E-05    3.47197974E+00    2.37928526E+04
   9.66888717E-05    3.49331830E+00    2.37160523E+04
   9.75949228E-05    3.51477360E+00    2.36394746E+04
   9.85094643E-05    3.53634897E+00    2.35631364E+04
   9.94325757E-05    3.55804795E+00    2.34870547E+04
   1.00364338E-04    3.57987423E+00    2.34112475E+04
   1.01304831E-04    3.60183174E+00    2.33357328E+04
   1.02254137E-04    3.62392459E+00    2.32605297E+04
   1.03212339E-04    3.64615709E+00    2.31856572E+04
   1.04179520E-04    3.66853220E+00    2.31111255E+04
   1.05155764E-04    3.69105026E+00    2.30369278E+04
   1.06141157E-04    3.71371131E+00    2.29630555E+04
   1.07135783E-04    3.73651537E+00    2.28895002E+04
   1.08139730E-04    3.75946243E+00    2.28162535E+04
   1.09153085E-04    3.78255246E+00    2.27433068E+04
   1.10175936E-04    3.80578539E+00    2.26706516E+04
   1.11208371E-04    3.82916114E+00    2.25982794E+04
   1.12250481E-04    3.85267958E+00    2.25261816E+04
   1.13302357E-04    3.87634098E+00    2.24543522E+04
   1.14364090E-04    3.90014629E+00    2.23827899E+04
   1.15435771E-04    3.92409662E+00    2.23114941E+04
   1.16517496E-04    3.94819309E+00    2.22404644E+04
   1.17609357E-04    3.97243688E+00    2.21697004E+04
   1.18711449E-04    3.99682920E+00    2.20992019E+04
   1.19823869E-04    4.02137131E+00    2.20289689E+04
   1.20946714E-04    4.04606453E+00    2.19590016E+04
   1.22080080E-04    4.07091020E+00    2.18893001E+04
   1.23224067E-04    4.09590973E+00    2.18198649E+04
   1.24378773E-04    4.12106419E+00    2.17506947E+04
   1.25544301E-04    4.14637444E+00    2.16817874E+04
   1.26720750E-04    4.17184135E+00    2.16131406E+04
   1.27908224E-04    4.19746582E+00    2.15447524E+04
   1.29106825E-04    4.22324876E+00    2.14766207E+04
   1.30316657E-04    4.24919114E+00    2.14087437E+04
   1.31537827E-04    4.27529390E+00    2.13411196E+04
   1.32770441E-04    4.30155807E+00    2.12737468E+04
   1.34014605E-04    4.32798465E+00    2.12066237E+04
   1.35270427E-04    4.35457473E+00    2.11397490E+04
   1.36538018E-04    4.38132940E+00    2.10731212E+04
   1.37817487E-04    4.40824972E+00    2.10067392E+04
   1.39108946E-04    4.43533671E+00    2.09406013E+04
   1.40412507E-04    4.46259137E+00    2.08747060E+04
   1.41728283E-04    4.49001472E+00    2.08090518E+04
   1.43056389E-04    4.51760784E+00    2.07436376E+04
   1.44396940E-04    4.54537182E+00    2.06784621E+04
   1.45750053E-04    4.57330779E+00    2.06135242E+04
   1.47115846E-04    4.60141692E+00    2.05488231E+04
   1.48494438E-04    4.62970040E+00    2.04843580E+04
   1.49885948E-04    4.65815948E+00    2.04201281E+04
   1.51290498E-04    4.68679541E+00    2.03561327E+04
   1.52708209E-04    4.71560930E+00    2.02923708E+04
   1.54139206E-04    4.74460219E+00    2.02288406E+04
   1.55583612E-04    4.77377518E+00    2.01655409E+04
   1.57041553E-04    4.80312936E+00    2.01024704E+04
   1.58513157E-04    4.83266589E+00    2.00396279E+04
   1.59998550E-04    4.86238595E+00    1.99770124E+04
   1.61497863E-04    4.89229074E+00    1.99146230E+04
   1.63011225E-04    4.92238152E+00    1.98524589E+04
   1.64538769E-04    4.95265958E+00    1.97905195E+04
   1.66080628E-04    4.98312619E+00    1.97288039E+04
   1.67636934E-04    5.01378251E+00    1.96673109E+04
   1.69207825E-04    5.04462968E+00    1.96060393E+04
   1.70793436E-04    5.07566886E+00    1.95449879E+04
   1.72393905E-04    5.10690127E+00    1.94841555E+04
   1.74009372E-04    5.13832814E+00    1.94235413E+04
   1.75639977E-04    5.16995074E+00    1.93631443E+04
   1.77285863E-04    5.20177040E+00    1.93029639E+04
   1.78947171E-04    5.23378847E+00    1.92429994E+04
   1.80624047E-04    5.26600634E+00    1.91832504E+04
   1.82316637E-04    5.29842534E+00    1.91237162E+04
   1.84025088E-04    5.33104669E+00    1.90643954E+04
   1.85749549E-04    5.36387160E+00    1.90052869E+04
   1.87490169E-04    5.39690134E+00    1.89463896E+04
   1.89247100E-04    5.43013718E+00    1.88877025E+04
   1.91020494E-04    5.46358048E+00    1.88292249E+04
   1.92810507E-04    5.49723258E+00    1.87709559E+04
   1.94617294E-04    5.53109492E+00    1.87128949E+04
   1.96441012E-04    5.56516893E+00    1.86550414E+04
   1.98281819E-04    5.59945611E+00    1.85973951E+04
   2.00139876E-04    5.63395782E+00    1.85399550E+04
   2.02015345E-04    5.66867535E+00    1.84827200E+04
   2.03908388E-04    5.70361002E+00    1.84256890E+04
   2.05819171E-04    5.73876318E+00    1.83688609E+04
   2.07747859E-04    5.77413624E+00    1.83122350E+04
   2.09694621E-04    5.80973061E+00    1.82558105E+04
   2.11659625E-04    5.84554778E+00    1.81995868E+04
   2.13643043E-04    5.88158928E+00    1.81435633E+04
   2.15645047E-04    5.91785666E+00    1.80877397E+04
   2.17665811E-04    5.95435149E+00    1.80321154E+04
   2.19705512E-04    5.99107516E+00    1.79766895E+04
   2.21764326E-04    6.02802906E+00    1.79214609E+04
   2.23842433E-04    6.06521461E+00    1.78664285E+04
   2.25940013E-04    6.10263329E+00    1.78115916E+04
   2.28057249E-04    6.14028658E+00    1.77569492E+04
   2.30194326E-04    6.17817605E+00    1.77025009E+04
   2.32351429E-04    6.21630329E+00    1.76482460E+04
   2.34528745E-04    6.25466994E+00    1.75941840E+04
   2.36726465E-04    6.29327769E+00    1.75403148E+04
   2.38944779E-04    6.33212811E+00    1.74866376E+04
   2.41183880E-04    6.37122267E+00    1.74331513E+04
   2.43443963E-04    6.41056287E+00    1.73798549E+04
   2.45725225E-04    6.45015026E+00    1.73267475E+04
   2.48027865E-04    6.48998642E+00    1.72738283E+04
   2.50352082E-04    6.53007299E+00    1.72210968E+04
   2.52698079E-04    6.57041164E+00    1.71685522E+04
   2.55066059E-04    6.61100410E+00    1.71161942E+04
   2.57456229E-04    6.65185215E+00    1.70640224E+04
   2.59868798E-04    6.69295755E+00    1.70120364E+04
   2.62303974E-04    6.73432187E+00    1.69602353E+04
   2.64761969E-04    6.77594670E+00    1.69086179E+04
   2.67242998E-04    6.81783366E+00    1.68571834E+04
   2.69747276E-04    6.85998444E+00    1.68059310E+04
   2.72275021E-04    6.90240074E+00    1.67548599E+04
   2.74826453E-04    6.94508435E+00    1.67039697E+04
   2.77401793E-04    6.98803708E+00    1.66532599E+04
   2.80001267E-04    7.03126082E+00    1.66027301E+04
   2.82625100E-04    7.07475745E+00    1.65523800E+04
   2.85273521E-04    7.11852874E+00    1.65022088E+04
   2.87946759E-04    7.16257635E+00    1.64522154E+04
   2.90645047E-04    7.20690200E+00    1.64023991E+04
   2.93368621E-04    7.25150746E+00    1.63527588E+04
   2.96117717E-04    7.29639455E+00    1.63032940E+04
   2.98892574E-04    7.34156513E+00    1.62540040E+04
   3.01693433E-04    7.38702113E+00    1.62048884E+04
   3.04520539E-04    7.43276452E+00    1.61559468E+04
   3.07374137E-04    7.47879734E+00    1.61071788E+04
   3.10254475E-04    7.52512152E+00    1.60585840E+04
   3.13161805E-04    7.57173884E+00    1.60101612E+04
   3.16096378E-04    7.61865111E+00    1.59619097E+04
   3.19058451E-04    7.66586021E+00    1.59138284E+04
   3.22048280E-04    7.71336804E+00    1.58659167E+04
   3.25066127E-04    7.76117659E+00    1.58181740E+04
   3.28112253E-04    7.80928787E+00    1.57705996E+04
   3.31186924E-04    7.85770397E+00    1.57231933E+04
   3.34290407E-04    7.90642703E+00    1.56759547E+04
   3.37422973E-04    7.95545921E+00    1.56288835E+04
   3.40584892E-04    8.00480243E+00    1.55819788E+04
   3.43776442E-04    8.05445862E+00    1.55352396E+04
   3.46997898E-04    8.10442974E+00    1.54886649E+04
   3.50249543E-04    8.15471780E+00    1.54422541E+04
   3.53531658E-04    8.20532489E+00    1.53960064E+04
   3.56844528E-04    8.25625313E+00    1.53499213E+04
   3.60188444E-04    8.30750471E+00    1.53039983E+04
   3.63563694E-04    8.35908190E+00    1.52582370E+04
   3.66970573E-04    8.41098701E+00    1.52126373E+04
   3.70409377E-04    8.46322222E+00    1.51671985E+04
   3.73880405E-04    8.51578956E+00    1.51219196E+04
   3.77383960E-04    8.56869109E+00    1.50767997E+04
   3.80920345E-04    8.62192895E+00    1.50318379E+04
   3.84489870E-04    8.67550531E+00    1.49870335E+04
   3.88092844E-04    8.72942241E+00    1.49423858E+04
   3.91729580E-04    8.78368255E+00    1.48978943E+04
   3.95400396E-04    8.83828810E+00    1.48535587E+04
   3.99105610E-04    8.89324149E+00    1.48093786E+04
   4.02845544E-04    8.94854518E+00    1.47653538E+04
   4.06620525E-04    9.00420142E+00    1.47214833E+04
   4.10430881E-04    9.06021236E+00    1.46777662E+04
   4.14276942E-04    9.11658025E+00    1.46342016E+04
   4.18159044E-04    9.17330737E+00    1.45907887E+04
   4.22077525E-04    9.23039606E+00    1.45475268E+04
   4.26032725E-04    9.28784875E+00    1.45044152E+04
   4.30024988E-04    9.34566790E+00    1.44614535E+04
   4.34054661E-04    9.40385608E+00    1.44186413E+04
   4.38122096E-04    9.46241591E+00    1.43759784E+04
   4.42227646E-04    9.52134995E+00    1.43334643E+04
   4.46371669E-04    9.58066052E+00    1.42910980E+04
   4.50554524E-04    9.64034996E+00    1.42488786E+04
   4.54776575E-04    9.70042067E+00    1.42068051E+04
   4.59038191E-04    9.76087512E+00    1.41648768E+04
   4.63339742E-04    9.82171583E+00    1.41230930E+04
   4.67681601E-04    9.88294541E+00    1.40814532E+04
   4.72064147E-04    9.94456652E+00    1.40399568E+04
   4.76487761E-04    1.00065819E+01    1.39986036E+04
   4.80952827E-04    1.00689944E+01    1.39573933E+04
   4.85459735E-04    1.01318066E+01    1.39163252E+04
   4.90008876E-04    1.01950211E+01    1.38753984E+04
   4.94600646E-04    1.02586402E+01    1.38346117E+04
   4.99235445E-04    1.03226666E+01    1.37939644E+04
   5.03913675E-04    1.03871030E+01    1.37534558E+04
   5.08635744E-04    1.04519520E+01    1.37130851E+04
   5.13402063E-04    1.05172165E+01    1.36728518E+04
   5.18213046E-04    1.05828993E+01    1.36327555E+04
   5.23069111E-04    1.06490034E+01    1.35927959E+04
   5.27970682E-04    1.07155317E+01    1.35529727E+04
   5.32918184E-04    1.07824870E+01    1.35132850E+04
   5.37912049E-04    1.08498720E+01    1.34737317E+04
   5.42952709E-04    1.09176892E+01    1.34343120E+04
   5.48040605E-04    1.09859415E+01    1.33950249E+04
   5.53176178E-04    1.10546318E+01    1.33558697E+04
   5.58359876E-04    1.11237629E+01    1.33168459E+04
   5.63592149E-04    1.11933379E+01    1.32779528E+04
   5.68873452E-04    1.12633599E+01    1.32391902E+04
   5.74204246E-04    1.13338320E+01    1.32005576E+04
   5.79584993E-04    1.14047572E+01    1.31620547E+04
   5.85016162E-04    1.14761386E+01    1.31236803E+04
   5.90498226E-04    1.15479787E+01    1.30854335E+04
   5.96031660E-04    1.16202807E+01    1.30473134E+04
   6.01616948E-04    1.16930474E+01    1.30093190E+04
   6.07254574E-04    1.17662819E+01    1.29714498E+04
   6.12945029E-04    1.18399874E+01    1.29337050E+04
   6.18688808E-04    1.19141670E+01    1.28960843E+04
   6.24486410E-04    1.19888241E+01    1.28585872E+04
   6.30338341E-04    1.20639621E+01    1.28212134E+04
   6.36245109E-04    1.21395841E+01    1.27839623E+04
   6.42207228E-04    1.22156932E+01    1.27468326E+04
   6.48225217E-04    1.22922922E+01    1.27098234E+04
   6.54299600E-04    1.23693845E+01    1.26729338E+04
   6.60430904E-04    1.24469731E+01    1.26361630E+04
   6.66619663E-04    1.25250613E+01    1.25995103E+04
   6.72866415E-04    1.26036525E+01    1.25629750E+04
   6.79171705E-04    1.26827502E+01    1.25265568E+04
   6.85536080E-04    1.27623579E+01    1.24902553E+04
   6.91960095E-04    1.28424792E+01    1.24540701E+04
   6.98444307E-04    1.29231173E+01    1.24180003E+04
   7.04989282E-04    1.30042754E+01    1.23820447E+04
   7.11595588E-04    1.30859567E+01    1.23462023E+04
   7.18263801E-04    1.31681646E+01    1.23104722E+04
   7.24994500E-04    1.32509024E+01    1.22748537E+04
   7.31788271E-04    1.33341738E+01    1.22393460E+04
   7.38645705E-04    1.34179821E+01    1.22039485E+04
   7.45567399E-04    1.35023312E+01    1.21686607E+04
   7.52553954E-04    1.35872249E+01    1.21334825E+04
   7.59605979E-04    1.36726668E+01    1.20984133E+04
   7.66724087E-04    1.37586605E+01    1.20634522E+04
   7.73908897E-04    1.38452094E+01    1.20285979E+04
   7.81161035E-04    1.39323167E+01    1.19938494E+04
   7.88481130E-04    1.40199860E+01    1.19592058E+04
   7.95869821E-04    1.41082210E+01    1.19246661E+04
   8.03327750E-04    1.41970253E+01    1.18902296E+04
   8.10855566E-04    1.42864026E+01    1.18558956E+04
   8.18453923E-04    1.43763569E+01    1.18216637E+04
   8.26123482E-04    1.44668921E+01    1.17875335E+04
   8.33864912E-04    1.45580123E+01    1.17535046E+04
   8.41678884E-04    1.46497215E+01    1.17195764E+04
   8.49566080E-04    1.47420230E+01    1.16857476E+04
   8.57527185E-04    1.48349205E+01    1.16520172E+04
   8.65562892E-04    1.49284177E+01    1.16183840E+04
   8.73673900E-04    1.50225184E+01    1.15848470E+04
   8.81860915E-04    1.51172263E+01    1.15514055E+04
   8.90124648E-04    1.52125455E+01    1.15180586E+04
   8.98465819E-04    1.53084800E+01    1.14848058E+04
   9.06885153E-04    1.54050339E+01    1.14516467E+04
   9.15383383E-04    1.55022115E+01    1.14185808E+04
   9.23961248E-04    1.56000171E+01    1.13856077E+04
   9.32619495E-04    1.56984544E+01    1.13527263E+04
   9.41358876E-04    1.57975273E+01    1.13199353E+04
   9.50180152E-04    1.58972396E+01    1.12872337E+04
   9.59084091E-04    1.59975952E+01    1.12546203E+04
   9.68071466E-04    1.60985981E+01    1.12220943E+04
   9.77143060E-04    1.62002525E+01    1.11896548E+04
   9.86299662E-04    1.63025627E+01    1.11573012E+04
   9.95542069E-04    1.64055329E+01    1.11250329E+04
   1.00487108E-03    1.65091676E+01    1.10928496E+04
   1.01428752E-03    1.66134713E+01    1.10607508E+04
   1.02379220E-03    1.67184483E+01    1.10287357E+04
   1.03338594E-03    1.68241024E+01    1.09968029E+04
   1.04306958E-03    1.69304377E+01    1.09649512E+04
   1.05284396E-03    1.70374582E+01    1.09331795E+04
   1.06270994E-03    1.71451681E+01    1.09014868E+04
   1.07266838E-03    1.72535718E+01    1.08698721E+04
   1.08272013E-03    1.73626735E+01    1.08383348E+04
   1.09286607E-03    1.74724779E+01    1.08068742E+04
   1.10310709E-03    1.75829896E+01    1.07754897E+04
   1.11344407E-03    1.76942132E+01    1.07441811E+04
   1.12387792E-03    1.78061534E+01    1.07129478E+04
   1.13440954E-03    1.79188144E+01    1.06817885E+04
   1.14503986E-03    1.80322003E+01    1.06507019E+04
   1.15576979E-03    1.81463154E+01    1.06196868E+04
   1.16660026E-03    1.82611640E+01    1.05887420E+04
   1.17753223E-03    1.83767505E+01    1.05578666E+04
   1.18856663E-03    1.84930795E+01    1.05270598E+04
   1.19970444E-03    1.86101556E+01    1.04963208E+04
   1.21094662E-03    1.87279836E+01    1.04656491E+04
   1.22229415E-03    1.88465684E+01    1.04350443E+04
   1.23374801E-03    1.89659149E+01    1.04045059E+04
   1.24530920E-03    1.90860277E+01    1.03740329E+04
   1.25697873E-03    1.92069109E+01    1.03436238E+04
   1.26875762E-03    1.93285689E+01    1.03132774E+04
   1.28064688E-03    1.94510063E+01    1.02829923E+04
   1.29264755E-03    1.95742274E+01    1.02527676E+04
   1.30476068E-03    1.96982371E+01    1.02226024E+04
   1.31698731E-03    1.98230399E+01    1.01924957E+04
   1.32932853E-03    1.99486409E+01    1.01624470E+04
   1.34178538E-03    2.00750451E+01    1.01324557E+04
   1.35435897E-03    2.02022575E+01    1.01025215E+04
   1.36705039E-03    2.03302832E+01    1.00726437E+04
   1.37986073E-03    2.04591266E+01    1.00428211E+04
   1.39279111E-03    2.05887922E+01    1.00130521E+04
   1.40584267E-03    2.07192844E+01    9.98333549E+03
   1.41901652E-03    2.08506080E+01    9.95367006E+03
   1.43231383E-03    2.09827676E+01    9.92405475E+03
   1.44573574E-03    2.11157681E+01    9.89448862E+03
   1.45928342E-03    2.12496143E+01    9.86497090E+03
   1.47295806E-03    2.13843114E+01    9.83550095E+03
   1.48676084E-03    2.15198645E+01    9.80607829E+03
   1.50069297E-03    2.16562790E+01    9.77670256E+03
   1.51475564E-03    2.17935596E+01    9.74737280E+03
   1.52895010E-03    2.19317110E+01    9.71808750E+03
   1.54327757E-03    2.20707376E+01    9.68884523E+03
   1.55773930E-03    2.22106442E+01    9.65964469E+03
   1.57233655E-03    2.23514353E+01    9.63048473E+03
   1.58707058E-03    2.24931159E+01    9.60136429E+03
   1.60194269E-03    2.26356910E+01    9.57228251E+03
   1.61695416E-03    2.27791657E+01    9.54323863E+03
   1.63210629E-03    2.29235450E+01    9.51423208E+03
   1.64740042E-03    2.30688344E+01    9.48526243E+03
   1.66283786E-03    2.32150391E+01    9.45632920E+03
   1.67841997E-03    2.33621639E+01    9.42743106E+03
   1.69414809E-03    2.35102133E+01    9.39856646E+03
   1.71002359E-03    2.36591918E+01    9.36973400E+03
   1.72604786E-03    2.38091042E+01    9.34093241E+03
   1.74222229E-03    2.39599554E+01    9.31216054E+03
   1.75854829E-03    2.41117501E+01    9.28341740E+03
   1.77502728E-03    2.42644935E+01    9.25470215E+03
   1.79166069E-03    2.44181906E+01    9.22601411E+03
   1.80844996E-03    2.45728468E+01    9.19735275E+03
   1.82539657E-03    2.47284675E+01    9.16871771E+03
   1.84250197E-03    2.48850577E+01    9.14010820E+03
   1.85976767E-03    2.50426219E+01    9.11152264E+03
   1.87719516E-03    2.52011647E+01    9.08295950E+03
   1.89478597E-03    2.53606905E+01    9.05441739E+03
   1.91254161E-03    2.55212041E+01    9.02589504E+03
   1.93046363E-03    2.56827104E+01    8.99739134E+03
   1.94855360E-03    2.58452140E+01    8.96890534E+03
   1.96681309E-03    2.60087201E+01    8.94043622E+03
   1.98524368E-03    2.61732338E+01    8.91198335E+03
   2.00384698E-03    2.63387603E+01    8.88354626E+03
   2.02262461E-03    2.65053049E+01    8.85512461E+03
   2.04157820E-03    2.66728724E+01    8.82671739E+03
   2.06070940E-03    2.68414672E+01    8.79832295E+03
   2.08001987E-03    2.70110936E+01    8.76993977E+03
   2.09951130E-03    2.71817560E+01    8.74156645E+03
   2.11918538E-03    2.73534591E+01    8.71320173E+03
   2.13904382E-03    2.75262073E+01    8.68484451E+03
   2.15908835E-03    2.77000054E+01    8.65649385E+03
   2.17932071E-03    2.78748583E+01    8.62814896E+03
   2.19974267E-03    2.80507708E+01    8.59980924E+03
   2.22035600E-03    2.82277482E+01    8.57147426E+03
   2.24116249E-03    2.84057954E+01    8.54314370E+03
   2.26216395E-03    2.85849170E+01    8.51481647E+03
   2.28336221E-03    2.87651170E+01    8.48649091E+03
   2.30475912E-03    2.89463995E+01    8.45816542E+03
   2.32635653E-03    2.91287685E+01    8.42983860E+03
   2.34815633E-03    2.93122283E+01    8.40150915E+03
   2.37016041E-03    2.94967832E+01    8.37317596E+03
   2.39237068E-03    2.96824376E+01    8.34483806E+03
   2.41478909E-03    2.98691959E+01    8.31649465E+03
   2.43741757E-03    3.00570627E+01    8.28814512E+03
   2.46025809E-03    3.02460427E+01    8.25978903E+03
   2.48331266E-03    3.04361407E+01    8.23142612E+03
   2.50658326E-03    3.06273611E+01    8.20305572E+03
   2.53007192E-03    3.08197076E+01    8.17467618E+03
   2.55378069E-03    3.10131836E+01    8.14628586E+03
   2.57771164E-03    3.12077927E+01    8.11788327E+03
   2.60186683E-03    3.14035387E+01    8.08946705E+03
   2.62624838E-03    3.16004253E+01    8.06103602E+03
   2.65085840E-03    3.17984562E+01    8.03258915E+03
   2.67569903E-03    3.19976354E+01    8.00412557E+03
   2.70077245E-03    3.21979668E+01    7.97564461E+03
   2.72608082E-03    3.23994545E+01    7.94714577E+03
   2.75162635E-03    3.26021028E+01    7.91862874E+03
   2.77741126E-03    3.28059155E+01    7.89009316E+03
   2.80343780E-03    3.30108960E+01    7.86153767E+03
   2.82970822E-03    3.32170472E+01    7.83296065E+03
   2.85622482E-03    3.34243718E+01    7.80436065E+03
   2.88298991E-03    3.36328731E+01    7.77573636E+03
   2.91000580E-03    3.38425539E+01    7.74708664E+03
   2.93727485E-03    3.40534174E+01    7.71841052E+03
   2.96479944E-03    3.42654668E+01    7.68970719E+03
   2.99258195E-03    3.44787053E+01    7.66097603E+03
   3.02062480E-03    3.46931363E+01    7.63221661E+03
   3.04893044E-03    3.49087630E+01    7.60342862E+03
   3.07750133E-03    3.51255882E+01    7.57461097E+03
   3.10633995E-03    3.53436138E+01    7.54576214E+03
   3.13544881E-03    3.55628421E+01    7.51688074E+03
   3.16483044E-03    3.57832752E+01    7.48796557E+03
   3.19448740E-03    3.60049154E+01    7.45901557E+03
   3.22442227E-03    3.62277650E+01    7.43002985E+03
   3.25463765E-03    3.64518261E+01    7.40100771E+03
   3.28513618E-03    3.66771013E+01    7.37194864E+03
   3.31592050E-03    3.69035930E+01    7.34285232E+03
   3.34699329E-03    3.71313034E+01    7.31371835E+03
   3.37835726E-03    3.73602339E+01    7.28454535E+03
   3.41001514E-03    3.75903855E+01    7.25533185E+03
   3.44196967E-03    3.78217592E+01    7.22607650E+03
   3.47422365E-03    3.80543561E+01    7.19677812E+03
   3.50677987E-03    3.82881774E+01    7.16743572E+03
   3.53964116E-03    3.85232241E+01    7.13804844E+03
   3.57281039E-03    3.87594974E+01    7.10861565E+03
   3.60629045E-03    3.89969986E+01    7.07913688E+03
   3.64008424E-03    3.92357287E+01    7.04961187E+03
   3.67419470E-03    3.94756891E+01    7.02004046E+03
   3.70862481E-03    3.97168801E+01    6.99042167E+03
   3.74337755E-03    3.99593013E+01    6.96075406E+03
   3.77845596E-03    4.02029524E+01    6.93103634E+03
   3.81386307E-03    4.04478332E+01    6.90126739E+03
   3.84960198E-03    4.06939432E+01    6.87144623E+03
   3.88567579E-03    4.09412822E+01    6.84157209E+03
   3.92208764E-03    4.11898498E+01    6.81164436E+03
   3.95884070E-03    4.14396458E+01    6.78166263E+03
   3.99593817E-03    4.16906698E+01    6.75162669E+03
   4.03338326E-03    4.19429214E+01    6.72153630E+03
   4.07117925E-03    4.21963991E+01    6.69139033E+03
   4.10932941E-03    4.24511008E+01    6.66118750E+03
   4.14783708E-03    4.27070249E+01    6.63092669E+03
   4.18670559E-03    4.29641693E+01    6.60060696E+03
   4.22593832E-03    4.32225320E+01    6.57022753E+03
   4.26553870E-03    4.34821110E+01    6.53978780E+03
   4.30551017E-03    4.37429045E+01    6.50928736E+03
   4.34585620E-03    4.40049102E+01    6.47872601E+03
   4.38658030E-03    4.42681262E+01    6.44810368E+03
   4.42768603E-03    4.45325496E+01    6.41741968E+03
   4.46917694E-03    4.47981766E+01    6.38667282E+03
   4.51105666E-03    4.50650036E+01    6.35586203E+03
   4.55332882E-03    4.53330265E+01    6.32498640E+03
   4.59599711E-03    4.56022416E+01    6.29404520E+03
   4.63906523E-03    4.58726449E+01    6.26303789E+03
   4.68253694E-03    4.61442324E+01    6.23196408E+03
   4.72641600E-03    4.64170001E+01    6.20082363E+03
   4.77070626E-03    4.66909438E+01    6.16961649E+03
   4.81541154E-03    4.69660586E+01    6.13834211E+03
   4.86053575E-03    4.72423388E+01    6.10699954E+03
   4.90608281E-03    4.75197786E+01    6.07558799E+03
   4.95205668E-03    4.77983723E+01    6.04410681E+03
   4.99846136E-03    4.80781140E+01    6.01255558E+03
   5.04530089E-03    4.83589975E+01    5.98093402E+03
   5.09257934E-03    4.86410168E+01    5.94924195E+03
   5.14030084E-03    4.89241648E+01    5.91747877E+03
   5.18846951E-03    4.92084343E+01    5.88564383E+03
   5.23708957E-03    4.94938179E+01    5.85373667E+03
   5.28616524E-03    4.97803080E+01    5.82175698E+03
   5.33570078E-03    5.00678972E+01    5.78970469E+03
   5.38570051E-03    5.03565775E+01    5.75757982E+03
   5.43616878E-03    5.06463406E+01    5.72538196E+03
   5.48710997E-03    5.09371768E+01    5.69311026E+03
   5.53852852E-03    5.12290766E+01    5.66076403E+03
   5.59042891E-03    5.15220303E+01    5.62834275E+03
   5.64281564E-03    5.18160280E+01    5.59584606E+03
   5.69569328E-03    5.21110596E+01    5.56327378E+03
   5.74906643E-03    5.24071151E+01    5.53062592E+03
   5.80293972E-03    5.27041842E+01    5.49790270E+03
   5.85731785E-03    5.30022566E+01    5.46510450E+03
   5.91220554E-03    5.33013209E+01    5.43223126E+03
   5.96760758E-03    5.36013647E+01    5.39928234E+03
   6.02352877E-03    5.39023754E+01    5.36625718E+03
   6.07997399E-03    5.42043400E+01    5.33315538E+03
   6.13694815E-03    5.45072455E+01    5.29997673E+03
   6.19445620E-03    5.48110786E+01    5.26672117E+03
   6.25250315E-03    5.51158260E+01    5.23338885E+03
   6.31109404E-03    5.54214742E+01    5.19998009E+03
   6.37023398E-03    5.57280092E+01    5.16649523E+03
   6.42992810E-03    5.60354160E+01    5.13293404E+03
   6.49018161E-03    5.63436789E+01    5.09929626E+03
   6.55099973E-03    5.66527821E+01    5.06558178E+03
   6.61238777E-03    5.69627096E+01    5.03179068E+03
   6.67435107E-03    5.72734453E+01    4.99792322E+03
   6.73689501E-03    5.75849726E+01    4.96397977E+03
   6.80002504E-03    5.78972742E+01    4.92996036E+03
   6.86374664E-03    5.82103319E+01    4.89586488E+03
   6.92806537E-03    5.85241273E+01    4.86169338E+03
   6.99298681E-03    5.88386420E+01    4.82744608E+03
   7.05851662E-03    5.91538572E+01    4.79312339E+03
   7.12466050E-03    5.94697538E+01    4.75872583E+03
   7.19142419E-03    5.97863119E+01    4.72425367E+03
   7.25881352E-03    6.01035108E+01    4.68970701E+03
   7.32683433E-03    6.04213295E+01    4.65508612E+03
   7.39549256E-03    6.07397469E+01    4.62039146E+03
   7.46479416E-03    6.10587416E+01    4.58562364E+03
   7.53474518E-03    6.13782913E+01    4.55078313E+03
   7.60535169E-03    6.16983728E+01    4.51587007E+03
   7.67661984E-03    6.20189626E+01    4.48088472E+03
   7.74855583E-03    6.23400366E+01    4.44582751E+03
   7.82116592E-03    6.26615708E+01    4.41069904E+03
   7.89445642E-03    6.29835410E+01    4.37550008E+03
   7.96843371E-03    6.33059224E+01    4.34023157E+03
   8.04310423E-03    6.36286899E+01    4.30489440E+03
   8.11847447E-03    6.39518164E+01    4.26948887E+03
   8.19455099E-03    6.42752745E+01    4.23401531E+03
   8.27134040E-03    6.45990362E+01    4.19847417E+03
   8.34884939E-03    6.49230736E+01    4.16286608E+03
   8.42708470E-03    6.52473582E+01    4.12719184E+03
   8.50605314E-03    6.55718615E+01    4.09145239E+03
   8.58576158E-03    6.58965544E+01    4.05564888E+03
   8.66621694E-03    6.62214079E+01    4.01978253E+03
   8.74742624E-03    6.65463909E+01    3.98385412E+03
   8.82939653E-03    6.68714718E+01    3.94786434E+03
   8.91213495E-03    6.71966187E+01    3.91181404E+03
   8.99564869E-03    6.75217992E+01    3.87570422E+03
   9.07994503E-03    6.78469809E+01    3.83953604E+03
   9.16503128E-03    6.81721302E+01    3.80331057E+03
   9.25091486E-03    6.84972126E+01    3.76702867E+03
   9.33760324E-03    6.88221931E+01    3.73069132E+03
   9.42510396E-03    6.91470365E+01    3.69429968E+03
   9.51342463E-03    6.94717073E+01    3.65785505E+03
   9.60257293E-03    6.97961696E+01    3.62135890E+03
   9.69255662E-03    7.01203870E+01    3.58481270E+03
   9.78338353E-03    7.04443214E+01    3.54821754E+03
   9.87506156E-03    7.07679338E+01    3.51157449E+03
   9.96759869E-03    7.10911849E+01    3.47488478E+03
   1.00610030E-02    7.14140353E+01    3.43814980E+03
   1.01552825E-02    7.17364453E+01    3.40137108E+03
   1.02504455E-02    7.20583748E+01    3.36455032E+03
   1.03465003E-02    7.23797831E+01    3.32768923E+03
   1.04434552E-02    7.27006280E+01    3.29078920E+03
   1.05413186E-02    7.30208662E+01    3.25385162E+03
   1.06400991E-02    7.33404543E+01    3.21687806E+03
   1.07398052E-02    7.36593488E+01    3.17987021E+03
   1.08404457E-02    7.39775058E+01    3.14282992E+03
   1.09420292E-02    7.42948807E+01    3.10575905E+03
   1.10445646E-02    7.46114272E+01    3.06865921E+03
   1.11480609E-02    7.49270984E+01    3.03153203E+03
   1.12525271E-02    7.52418471E+01    2.99437930E+03
   1.13579721E-02    7.55556258E+01    2.95720292E+03
   1.14644053E-02    7.58683871E+01    2.92000497E+03
   1.15718358E-02    7.61800829E+01    2.88278763E+03
   1.16802731E-02    7.64906640E+01    2.84555294E+03
   1.17897265E-02    7.68000792E+01    2.80830270E+03
   1.19002055E-02    7.71082769E+01    2.77103882E+03
   1.20117198E-02    7.74152056E+01    2.73376334E+03
   1.21242791E-02    7.77208132E+01    2.69647842E+03
   1.22378932E-02    7.80250477E+01    2.65918639E+03
   1.23525719E-02    7.83278569E+01    2.62188967E+03
   1.24683253E-02    7.86291871E+01    2.58459058E+03
   1.25851633E-02    7.89289834E+01    2.54729134E+03
   1.27030963E-02    7.92271905E+01    2.50999424E+03
   1.28221343E-02    7.95237529E+01    2.47270172E+03
   1.29422878E-02    7.98186138E+01    2.43541612E+03
   1.30635673E-02    8.01117157E+01    2.39813982E+03
   1.31859832E-02    8.04030011E+01    2.36087533E+03
   1.33095463E-02    8.06924123E+01    2.32362530E+03
   1.34342673E-02    8.09798914E+01    2.28639240E+03
   1.35601570E-02    8.12653785E+01    2.24917920E+03
   1.36872263E-02    8.15488134E+01    2.21198831E+03
   1.38154865E-02    8.18301358E+01    2.17482245E+03
   1.39449485E-02    8.21092852E+01    2.13768443E+03
   1.40756237E-02    8.23861997E+01    2.10057700E+03
   1.42075234E-02    8.26608162E+01    2.06350288E+03
   1.43406591E-02    8.29330718E+01    2.02646489E+03
   1.44750424E-02    8.32029037E+01    1.98946597E+03
   1.46106850E-02    8.34702489E+01    1.95250918E+03
   1.47475986E-02    8.37350432E+01    1.91559747E+03
   1.48857953E-02    8.39972208E+01    1.87873378E+03
   1.50252869E-02    8.42567160E+01    1.84192111E+03
   1.51660857E-02    8.45134635E+01    1.80516259E+03
   1.53082039E-02    8.47673976E+01    1.76846140E+03
   1.54516539E-02    8.50184509E+01    1.73182064E+03
   1.55964481E-02    8.52665554E+01    1.69524345E+03
   1.57425991E-02    8.55116435E+01    1.65873305E+03
   1.58901197E-02    8.57536477E+01    1.62229277E+03
   1.60390227E-02    8.59925001E+01    1.58592596E+03
   1.61893210E-02    8.62281307E+01    1.54963587E+03
   1.63410277E-02    8.64604691E+01    1.51342581E+03
   1.64941561E-02    8.66894452E+01    1.47729918E+03
   1.66487193E-02    8.69149896E+01    1.44125942E+03
   1.68047310E-02    8.71370329E+01    1.40531008E+03
   1.69622046E-02    8.73555040E+01    1.36945464E+03
   1.71211538E-02    8.75703304E+01    1.33369656E+03
   1.72815926E-02    8.77814404E+01    1.29803940E+03
   1.74435347E-02    8.79887625E+01    1.26248674E+03
   1.76069944E-02    8.81922257E+01    1.22704224E+03
   1.77719859E-02    8.83917570E+01    1.19170953E+03
   1.79385234E-02    8.85872826E+01    1.15649223E+03
   1.81066215E-02    8.87787299E+01    1.12139405E+03
   1.82762949E-02    8.89660267E+01    1.08641874E+03
   1.84475582E-02    8.91491004E+01    1.05157006E+03
   1.86204264E-02    8.93278764E+01    1.01685175E+03
   1.87949145E-02    8.95022806E+01    9.82267608E+02
   1.89710377E-02    8.96722399E+01    9.47821448E+02
   1.91488113E-02    8.98376818E+01    9.13517139E+02
   1.93282508E-02    8.99985323E+01    8.79358542E+02
   1.95093717E-02    9.01547160E+01    8.45349522E+02
   1.96921900E-02    9.03061587E+01    8.11493973E+02
   1.98767213E-02    9.04527873E+01    7.77795820E+02
   2.00629819E-02    9.05945296E+01    7.44259012E+02
   2.02509879E-02    9.07313116E+01    7.10887508E+02
   2.04407556E-02    9.08630579E+01    6.77685271E+02
   2.06323017E-02    9.09896942E+01    6.44656284E+02
   2.08256426E-02    9.11111475E+01    6.11804539E+02
   2.10207953E-02    9.12273464E+01    5.79134041E+02
   2.12177768E-02    9.13382177E+01    5.46648810E+02
   2.14166041E-02    9.14436876E+01    5.14352876E+02
   2.16172946E-02    9.15436839E+01    4.82250267E+02
   2.18198657E-02    9.16381343E+01    4.50345027E+02
   2.20243351E-02    9.17269660E+01    4.18641210E+02
   2.22307205E-02    9.18101083E+01    3.87142858E+02
   2.24390399E-02    9.18874901E+01    3.55854023E+02
   2.26493115E-02    9.19590400E+01    3.24778771E+02
   2.28615534E-02    9.20246880E+01    2.93921146E+02
   2.30757842E-02    9.20843645E+01    2.63285199E+02
   2.32920225E-02    9.21379996E+01    2.32874994E+02
   2.35102872E-02    9.21855248E+01    2.02694567E+02
   2.37305971E-02    9.22268723E+01    1.72747952E+02
   2.39529716E-02    9.22619741E+01    1.43039194E+02
   2.41774298E-02    9.22907639E+01    1.13572301E+02
   2.44039914E-02    9.23131750E+01    8.43512979E+01
   2.46326761E-02    9.23291421E+01    5.53801823E+01
   2.48635037E-02    9.23386010E+01    2.66629320E+01
   2.50964944E-02    9.23414876E+01   -1.79647540E+00
   2.53316684E-02    9.23377391E+01   -2.99940914E+01
   2.55690461E-02    9.23272935E+01   -5.79259793E+01
   2.58086483E-02    9.23100899E+01   -8.55882310E+01
   2.60504957E-02    9.22860678E+01   -1.12976942E+02
   2.62946094E-02    9.22551688E+01   -1.40088265E+02
   2.65410107E-02    9.22173343E+01   -1.66918342E+02
   2.67897209E-02    9.21725080E+01   -1.93463372E+02
   2.70407617E-02    9.21206338E+01   -2.19719566E+02
   2.72941550E-02    9.20616576E+01   -2.45683178E+02
   2.75499228E-02    9.19955261E+01   -2.71350490E+02
   2.78080874E-02    9.19221867E+01   -2.96717797E+02
   2.80686711E-02    9.18415895E+01   -3.21781482E+02
   2.83316967E-02    9.17536850E+01   -3.46537922E+02
   2.85971871E-02    9.16584260E+01   -3.70983579E+02
   2.88651653E-02    9.15557659E+01   -3.95114922E+02
   2.91356547E-02    9.14456583E+01   -4.18928409E+02
   2.94086788E-02    9.13280606E+01   -4.42420639E+02
   2.96842613E-02    9.12029329E+01   -4.65588304E+02
   2.99624263E-02    9.10702337E+01   -4.88428004E+02
   3.02431979E-02    9.09299237E+01   -5.10936437E+02
   3.05266006E-02    9.07819683E+01   -5.33110454E+02
   3.08126589E-02    9.06263320E+01   -5.54946861E+02
   3.11013979E-02    9.04629803E+01   -5.76442494E+02
   3.13928425E-02    9.02918835E+01   -5.97594369E+02
   3.16870183E-02    9.01130129E+01   -6.18399519E+02
   3.19839506E-02    8.99263393E+01   -6.38854953E+02
   3.22836655E-02    8.97318387E+01   -6.58957868E+02
   3.25861890E-02    8.95294886E+01   -6.78705524E+02
   3.28915473E-02    8.93192659E+01   -6.98095118E+02
   3.31997671E-02    8.91011521E+01   -7.17124041E+02
   3.35108751E-02    8.88751322E+01   -7.35789817E+02
   3.38248985E-02    8.86411897E+01   -7.54089874E+02
   3.41418645E-02    8.83993120E+01   -7.72021802E+02
   3.44618007E-02    8.81494912E+01   -7.89583377E+02
   3.47847350E-02    8.78917180E+01   -8.06772286E+02
   3.51106954E-02    8.76259867E+01   -8.23586362E+02
   3.54397104E-02    8.73522965E+01   -8.40023645E+02
   3.57718084E-02    8.70706453E+01   -8.56082083E+02
   3.61070185E-02    8.67810348E+01   -8.71759768E+02
   3.64453698E-02    8.64834715E+01   -8.87055014E+02
   3.67868917E-02    8.61779615E+01   -9.01966076E+02
   3.71316139E-02    8.58645150E+01   -9.16491380E+02
   3.74795665E-02    8.55431468E+01   -9.30629548E+02
   3.78307796E-02    8.52138690E+01   -9.44379036E+02
   3.81852839E-02    8.48766979E+01   -9.57738480E+02
   3.85431102E-02    8.45316568E+01   -9.70706834E+02
   3.89042896E-02    8.41787724E+01   -9.83283192E+02
   3.92688535E-02    8.38180674E+01   -9.95466406E+02
   3.96368336E-02    8.34495696E+01   -1.00725556E+03
   4.00082621E-02    8.30733142E+01   -1.01865008E+03
   4.03831711E-02    8.26893385E+01   -1.02964948E+03
   4.07615933E-02    8.22976757E+01   -1.04025299E+03
   4.11435616E-02    8.18983650E+01   -1.05046015E+03
   4.15291093E-02    8.14914533E+01   -1.06027086E+03
   4.19182698E-02    8.10769922E+01   -1.06968521E+03
   4.23110771E-02    8.06550271E+01   -1.07870296E+03
   4.27075653E-02    8.02256080E+01   -1.08732405E+03
   4.31077690E-02    7.97887930E+01   -1.09554881E+03
   4.35117228E-02    7.93446454E+01   -1.10337785E+03
   4.39194620E-02    7.88932245E+01   -1.11081147E+03
   4.43310220E-02    7.84345936E+01   -1.11785019E+03
   4.47464387E-02    7.79688243E+01   -1.12449493E+03
   4.51657482E-02    7.74959881E+01   -1.13074657E+03
   4.55889869E-02    7.70161561E+01   -1.13660592E+03
   4.60161917E-02    7.65294072E+01   -1.14207418E+03
   4.64473998E-02    7.60358259E+01   -1.14715282E+03
   4.68826486E-02    7.55354927E+01   -1.15184307E+03
   4.73219761E-02    7.50284946E+01   -1.15614645E+03
   4.77654203E-02    7.45149245E+01   -1.16006478E+03
   4.82130201E-02    7.39948730E+01   -1.16359973E+03
   4.86648141E-02    7.34684374E+01   -1.16675331E+03
   4.91208419E-02    7.29357194E+01   -1.16952771E+03
   4.95811430E-02    7.23968176E+01   -1.17192492E+03
   5.00457574E-02    7.18518375E+01   -1.17394730E+03
   5.05147257E-02    7.13008914E+01   -1.17559755E+03
   5.09880886E-02    7.07440890E+01   -1.17687818E+03
   5.14658872E-02    7.01815453E+01   -1.17779197E+03
   5.19481632E-02    6.96133789E+01   -1.17834188E+03
   5.24349585E-02    6.90397066E+01   -1.17853072E+03
   5.29263155E-02    6.84606526E+01   -1.17836171E+03
   5.34222769E-02    6.78763468E+01   -1.17783835E+03
   5.39228858E-02    6.72869149E+01   -1.17696387E+03
   5.44281858E-02    6.66924892E+01   -1.17574187E+03
   5.49382209E-02    6.60932078E+01   -1.17417622E+03
   5.54530354E-02    6.54892029E+01   -1.17227047E+03
   5.59726742E-02    6.48806124E+01   -1.17002843E+03
   5.64971823E-02    6.42675833E+01   -1.16745445E+03
   5.70266056E-02    6.36502630E+01   -1.16455285E+03
   5.75609899E-02    6.30287933E+01   -1.16132761E+03
   5.81003818E-02    6.24033235E+01   -1.15778316E+03
   5.86448283E-02    6.17740107E+01   -1.15392432E+03
   5.91943766E-02    6.11410075E+01   -1.14975567E+03
   5.97490747E-02    6.05044679E+01   -1.14528182E+03
   6.03089707E-02    5.98645543E+01   -1.14050788E+03
   6.08741134E-02    5.92214263E+01   -1.13543881E+03
   6.14445519E-02    5.85752444E+01   -1.13007955E+03
   6.20203359E-02    5.79261767E+01   -1.12443554E+03
   6.26015154E-02    5.72743893E+01   -1.11851206E+03
   6.31881411E-02    5.66200478E+01   -1.11231439E+03
   6.37802638E-02    5.59633259E+01   -1.10584825E+03
   6.43779353E-02    5.53043947E+01   -1.09911924E+03
   6.49812074E-02    5.46434235E+01   -1.09213282E+03
   6.55901326E-02    5.39805895E+01   -1.08489497E+03
   6.62047639E-02    5.33160718E+01   -1.07741177E+03
   6.68251549E-02    5.26500425E+01   -1.06968886E+03
   6.74513593E-02    5.19826798E+01   -1.06173230E+03
   6.80834319E-02    5.13141667E+01   -1.05354847E+03
   6.87214274E-02    5.06446812E+01   -1.04514339E+03
   6.93654014E-02    4.99744047E+01   -1.03652339E+03
   7.00154100E-02    4.93035209E+01   -1.02769492E+03
   7.06715097E-02    4.86322070E+01   -1.01866405E+03
   7.13337576E-02    4.79606458E+01   -1.00943722E+03
   7.20022112E-02    4.72890255E+01   -1.00002128E+03
   7.26769288E-02    4.66175275E+01   -9.90422652E+02
   7.33579690E-02    4.59463327E+01   -9.80647759E+02
   7.40453911E-02    4.52756283E+01   -9.70703497E+02
   7.47392549E-02    4.46055982E+01   -9.60596569E+02
   7.54396207E-02    4.39364200E+01   -9.50333302E+02
   7.61465496E-02    4.32682766E+01   -9.39920439E+02
   7.68601029E-02    4.26013559E+01   -9.29365125E+02
   7.75803427E-02    4.19358390E+01   -9.18674086E+02
   7.83073318E-02    4.12719040E+01   -9.07853909E+02
   7.90411334E-02    4.06097336E+01   -8.96911581E+02
   7.97818112E-02    3.99495065E+01   -8.85853870E+02
   8.05294298E-02    3.92913987E+01   -8.74687427E+02
   8.12840541E-02    3.86355905E+01   -8.63419294E+02
   8.20457499E-02    3.79822576E+01   -8.52056288E+02
   8.28145834E-02    3.73315710E+01   -8.40604950E+02
   8.35906214E-02    3.66837053E+01   -8.29072200E+02
   8.43739316E-02    3.60388344E+01   -8.17465012E+02
   8.51645819E-02    3.53971240E+01   -8.05789840E+02
   8.59626413E-02    3.47587412E+01   -7.94053371E+02
   8.67681792E-02    3.41238543E+01   -7.82262525E+02
   8.75812655E-02    3.34926248E+01   -7.70423785E+02
   8.84019712E-02    3.28652134E+01   -7.58543738E+02
   8.92303674E-02    3.22417802E+01   -7.46629067E+02
   9.00665265E-02    3.16224787E+01   -7.34686039E+02
   9.09105209E-02    3.10074625E+01   -7.22721110E+02
   9.17624243E-02    3.03968844E+01   -7.10740863E+02
   9.26223107E-02    2.97908904E+01   -6.98751429E+02
   9.34902549E-02    2.91896253E+01   -6.86759062E+02
   9.43663324E-02    2.85932321E+01   -6.74770045E+02
   9.52506195E-02    2.80018475E+01   -6.62790265E+02
   9.61431930E-02    2.74156072E+01   -6.50825777E+02
   9.70441307E-02    2.68346441E+01   -6.38882605E+02
   9.79535108E-02    2.62590857E+01   -6.26966454E+02
   9.88714126E-02    2.56890574E+01   -6.15083133E+02
   9.97979158E-02    2.51246798E+01   -6.03238175E+02
   1.00733101E-01    2.45660704E+01   -5.91437127E+02
   1.01677050E-01    2.40133435E+01   -5.79685467E+02
   1.02629844E-01    2.34666080E+01   -5.67988399E+02
   1.03591567E-01    2.29259704E+01   -5.56351215E+02
   1.04562302E-01    2.23915319E+01   -5.44778919E+02
   1.05542133E-01    2.18633903E+01   -5.33276455E+02
   1.06531146E-01    2.13416391E+01   -5.21848729E+02
   1.07529427E-01    2.08263675E+01   -5.10500366E+02
   1.08537063E-01    2.03176604E+01   -4.99236007E+02
   1.09554141E-01    1.98155984E+01   -4.88060042E+02
   1.10580749E-01    1.93202575E+01   -4.76976822E+02
   1.11616978E-01    1.88317096E+01   -4.65990572E+02
   1.12662918E-01    1.83500225E+01   -4.55105173E+02
   1.13718658E-01    1.78752589E+01   -4.44324541E+02
   1.14784292E-01    1.74074765E+01   -4.33652569E+02
   1.15859911E-01    1.69467296E+01   -4.23092803E+02
   1.16945610E-01    1.64930673E+01   -4.12648694E+02
   1.18041483E-01    1.60465338E+01   -4.02323594E+02
   1.19147625E-01    1.56071701E+01   -3.92120611E+02
   1.20264132E-01    1.51750113E+01   -3.82042780E+02
   1.21391102E-01    1.47500873E+01   -3.72093043E+02
   1.22528632E-01    1.43324261E+01   -3.62274042E+02
   1.23676823E-01    1.39220494E+01   -3.52588353E+02
   1.24835772E-01    1.35189724E+01   -3.43038461E+02
   1.26005582E-01    1.31232099E+01   -3.33626583E+02
   1.27186354E-01    1.27347699E+01   -3.24354836E+02
   1.28378190E-01    1.23536544E+01   -3.15225227E+02
   1.29581195E-01    1.19798649E+01   -3.06239538E+02
   1.30795473E-01    1.16133957E+01   -2.97399442E+02
   1.32021130E-01    1.12542360E+01   -2.88706479E+02
   1.33258272E-01    1.09023745E+01   -2.80161999E+02
   1.34507008E-01    1.05577915E+01   -2.71767232E+02
   1.35767445E-01    1.02204648E+01   -2.63523263E+02
   1.37039693E-01    9.89037044E+00   -2.55431020E+02
   1.38323863E-01    9.56747587E+00   -2.47491296E+02
   1.39620067E-01    9.25174764E+00   -2.39704742E+02
   1.40928417E-01    8.94314746E+00   -2.32071867E+02
   1.42249028E-01    8.64163295E+00   -2.24593043E+02
   1.43582013E-01    8.34716104E+00   -2.17268520E+02
   1.44927490E-01    8.05967963E+00   -2.10098388E+02
   1.46285575E-01    7.77913682E+00   -2.03082631E+02
   1.47656387E-01    7.50547718E+00   -1.96221099E+02
   1.49040044E-01    7.23863917E+00   -1.89513497E+02
   1.50436666E-01    6.97856265E+00   -1.82959449E+02
   1.51846377E-01    6.72517934E+00   -1.76558412E+02
   1.53269297E-01    6.47842140E+00   -1.70309761E+02
   1.54705552E-01    6.23821675E+00   -1.64212743E+02
   1.56155265E-01    6.00449006E+00   -1.58266489E+02
   1.57618563E-01    5.77716528E+00   -1.52470048E+02
   1.59095573E-01    5.55616046E+00   -1.46822321E+02
   1.60586425E-01    5.34139538E+00   -1.41322169E+02
   1.62091246E-01    5.13278306E+00   -1.35968288E+02
   1.63610169E-01    4.93023853E+00   -1.30759347E+02
   1.65143326E-01    4.73367092E+00   -1.25693867E+02
   1.66690849E-01    4.54299075E+00   -1.20770336E+02
   1.68252874E-01    4.35810420E+00   -1.15987119E+02
   1.69829536E-01    4.17891710E+00   -1.11342525E+02
   1.71420973E-01    4.00533253E+00   -1.06834770E+02
   1.73027323E-01    3.83725420E+00   -1.02462037E+02
   1.74648726E-01    3.67458220E+00   -9.82224000E+01
   1.76285322E-01    3.51721659E+00   -9.41138933E+01
   1.77937255E-01    3.36505665E+00   -9.01344972E+01
   1.79604668E-01    3.21799914E+00   -8.62821092E+01
   1.81287705E-01    3.07594255E+00   -8.25546242E+01
   1.82986514E-01    2.93878142E+00   -7.89498282E+01
   1.84701242E-01    2.80641346E+00   -7.54655379E+01
   1.86432039E-01    2.67873193E+00   -7.20994518E+01
   1.88179054E-01    2.55563367E+00   -6.88493130E+01
   1.89942441E-01    2.43701139E+00   -6.57127532E+01
   1.91722351E-01    2.32276205E+00   -6.26874673E+01
   1.93518941E-01    2.21277721E+00   -5.97710123E+01
   1.95332366E-01    2.10695433E+00   -5.69610499E+01
   1.97162785E-01    2.00518922E+00   -5.42551853E+01
   1.99010356E-01    1.90737351E+00   -5.16509114E+01
   2.00875240E-01    1.81340562E+00   -4.91458523E+01
   2.02757600E-01    1.72317904E+00   -4.67375032E+01
   2.04657599E-01    1.63659389E+00   -4.44234941E+01
   2.06575402E-01    1.55354873E+00   -4.22014027E+01
   2.08511177E-01    1.47393714E+00   -4.00686781E+01
   2.10465091E-01    1.39766228E+00   -3.80229764E+01
   2.12437315E-01    1.32462318E+00   -3.60618433E+01
   2.14428020E-01    1.25471923E+00   -3.41828219E+01
   2.16437380E-01    1.18785812E+00   -3.23836390E+01
   2.18465570E-01    1.12394083E+00   -3.06618504E+01
   2.20512764E-01    1.06286899E+00   -2.90150191E+01
   2.22579143E-01    1.00455462E+00   -2.74409465E+01
   2.24664886E-01    9.48903964E-01   -2.59372853E+01
   2.26770173E-01    8.95822982E-01   -2.45016737E+01
   2.28895189E-01    8.45226171E-01   -2.31319496E+01
   2.31040117E-01    7.97023629E-01   -2.18258357E+01
   2.33205146E-01    7.51130383E-01   -2.05811696E+01
   2.35390462E-01    7.07462148E-01   -1.93957989E+01
   2.37596257E-01    6.65935098E-01   -1.82675773E+01
   2.39822721E-01    6.26470060E-01   -1.71944684E+01
   2.42070049E-01    5.88985682E-01   -1.61743761E+01
   2.44338437E-01    5.53406598E-01   -1.52053503E+01
   2.46628081E-01    5.19655400E-01   -1.42853842E+01
   2.48939181E-01    4.87659661E-01   -1.34125936E+01
   2.51271938E-01    4.57346689E-01   -1.25850832E+01
   2.53626554E-01    4.28646543E-01   -1.18010246E+01
   2.56003235E-01    4.01490802E-01   -1.10586244E+01
   2.58402188E-01    3.75813370E-01   -1.03561463E+01
   2.60823620E-01    3.51549755E-01   -9.69189181E+00
   2.63267744E-01    3.28636387E-01   -9.06418405E+00
   2.65734770E-01    3.07014777E-01   -8.47147502E+00
   2.68224915E-01    2.86623634E-01   -7.91214159E+00
   2.70738394E-01    2.67406845E-01   -7.38469346E+00
   2.73275427E-01    2.49309887E-01   -6.88767962E+00
   2.75836233E-01    2.32277690E-01   -6.41963308E+00
   2.78421037E-01    2.16260434E-01   -5.97922277E+00
   2.81030062E-01    2.01206849E-01   -5.56507788E+00
   2.83663535E-01    1.87069933E-01   -5.17593881E+00
   2.86321687E-01    1.73803274E-01   -4.81056004E+00
   2.89004747E-01    1.61361739E-01   -4.46772879E+00
   2.91712950E-01    1.49702862E-01   -4.14630168E+00
   2.94446530E-01    1.38785394E-01   -3.84516680E+00
   2.97205727E-01    1.28569462E-01   -3.56324783E+00
   2.99990779E-01    1.19017713E-01   -3.29953484E+00
   3.02801930E-01    1.10093090E-01   -3.05302494E+00
   3.05639423E-01    1.01761120E-01   -2.82278371E+00
   3.08503506E-01    9.39879094E-02   -2.60789152E+00
   3.11394427E-01    8.67424470E-02   -2.40750562E+00
   3.14312439E-01    7.99933932E-02   -2.22077383E+00
   3.17257795E-01    7.37119609E-02   -2.04691219E+00
   3.20230751E-01    6.78701041E-02   -1.88515626E+00
   3.23231566E-01    6.24419924E-02   -1.73480105E+00
   3.26260501E-01    5.74017350E-02   -1.59513955E+00
   3.29317820E-01    5.27259036E-02   -1.46553110E+00
   3.32403788E-01    4.83913024E-02   -1.34534102E+00
   3.35518674E-01    4.43767248E-02   -1.23398837E+00
   3.38662749E-01    4.06612862E-02   -1.13090071E+00
   3.41836286E-01    3.72259172E-02   -1.03555476E+00
   3.45039562E-01    3.40519294E-02   -9.47437424E-01
   3.48272855E-01    3.11221251E-02   -8.66076075E-01
   3.51536447E-01    2.84197917E-02   -7.91011158E-01
   3.54830621E-01    2.59298596E-02   -7.21827879E-01
   3.58155664E-01    2.36372453E-02   -6.58110928E-01
   3.61511866E-01    2.15284233E-02   -5.99487545E-01
   3.64899517E-01    1.95903026E-02   -5.45596752E-01
   3.68318914E-01    1.78106648E-02   -4.96101423E-01
   3.71770353E-01    1.61779603E-02   -4.50682700E-01
   3.75254135E-01    1.46815992E-02   -4.09048017E-01
   3.78770562E-01    1.33113588E-02   -3.70914839E-01
   3.82319942E-01    1.20577812E-02   -3.36021619E-01
   3.85902581E-01    1.09120227E-02   -3.04123655E-01
   3.89518793E-01    9.86580038E-03   -2.74991666E-01
   3.93168892E-01    8.91138662E-03   -2.48411625E-01
   3.96853195E-01    8.04155355E-03   -2.24183269E-01
   4.00572023E-01    7.24959386E-03   -2.02120664E-01
   4.04325699E-01    6.52922919E-03   -1.82049704E-01
   4.08114550E-01    5.87462951E-03   -1.63808643E-01
   4.11938906E-01    5.28040265E-03   -1.47247826E-01
   4.15799099E-01    4.74150504E-03   -1.32227222E-01
   4.19695465E-01    4.25328940E-03   -1.18617754E-01
   4.23628343E-01    3.81145032E-03   -1.06299799E-01
   4.27598075E-01    3.41197944E-03   -9.51619557E-02
   4.31605006E-01    3.05120173E-03   -8.51020475E-02
   4.35649486E-01    2.72570998E-03   -7.60253194E-02
   4.39731866E-01    2.43235084E-03   -6.78440512E-02
   4.43852501E-01    2.16826447E-03   -6.04786623E-02
   4.48011749E-01    1.93075873E-03   -5.38542241E-02
   4.52209973E-01    1.71740076E-03   -4.79030040E-02
   4.56447538E-01    1.52595114E-03   -4.25626415E-02
   4.60724812E-01    1.35433530E-03   -3.77753544E-02
   4.65042167E-01    1.20068901E-03   -3.34892064E-02
   4.69399979E-01    1.06326784E-03   -2.96555910E-02
   4.73798628E-01    9.40510084E-04   -2.62309841E-02
   4.78238495E-01    8.30973253E-04   -2.31751773E-02
   4.82719968E-01    7.33341730E-04   -2.04514931E-02
   4.87243435E-01    6.46431799E-04   -1.80269257E-02
   4.91809291E-01    5.69148436E-04   -1.58709388E-02
   4.96417932E-01    5.00511371E-04   -1.39561922E-02
   5.01069760E-01    4.39627083E-04   -1.22577624E-02
   5.05765180E-01    3.85680264E-04   -1.07529055E-02
   5.10504599E-01    3.37943071E-04   -9.42131513E-03
   5.15288430E-01    2.95751493E-04   -8.24446472E-03
   5.20117090E-01    2.58505170E-04   -7.20560220E-03
   5.24990997E-01    2.25668413E-04   -6.28977913E-03
   5.29910578E-01    1.96754744E-04   -5.48341964E-03
   5.34876258E-01    1.71326407E-04   -4.77430704E-03
   5.39888471E-01    1.48993662E-04   -4.15156424E-03
   5.44947653E-01    1.29404733E-04   -3.60537348E-03
   5.50054242E-01    1.12243852E-04   -3.12692191E-03
   5.55208685E-01    9.72306743E-05   -2.70838516E-03
   5.60411429E-01    8.41140606E-05   -2.34275414E-03
   5.65662927E-01    7.26691634E-05   -2.02375356E-03
   5.70963635E-01    6.26964038E-05   -1.74581353E-03
   5.76314015E-01    5.40186784E-05   -1.50399153E-03
   5.81714533E-01    4.64780859E-05   -1.29388113E-03
   5.87165657E-01    3.99344145E-05   -1.11156971E-03
   5.92667863E-01    3.42639135E-05   -9.53604210E-04
   5.98221629E-01    2.93571555E-05   -8.16931417E-04
   6.03827438E-01    2.51172579E-05   -6.98848343E-04
   6.09485778E-01    2.14587443E-05   -5.96970409E-04
   6.15197141E-01    1.83064674E-05   -5.09201369E-04
   6.20962024E-01    1.55944264E-05   -4.33700294E-04
   6.26780929E-01    1.32645194E-05   -3.68846732E-04
   6.32654361E-01    1.12659876E-05   -3.13225174E-04
   6.38582832E-01    9.55409349E-06   -2.65588171E-04
   6.44566858E-01    8.09004115E-06   -2.24854069E-04
   6.50606958E-01    6.83989760E-06   -1.90076915E-04
   6.56703659E-01    5.77400499E-06   -1.60430037E-04
   6.62857491E-01    4.86658664E-06   -1.35195043E-04
   6.69068989E-01    4.09533102E-06   -1.13750202E-04
   6.75338694E-01    3.44085467E-06   -9.55554496E-05
   6.81667151E-01    2.88634886E-06   -8.01425324E-05
   6.88054910E-01    2.41728238E-06   -6.71067027E-05
   6.94502528E-01    2.02114070E-06   -5.60994412E-05
   7.01010566E-01    1.68714503E-06   -4.68206157E-05
   7.07579588E-01    1.40601148E-06   -3.90117615E-05
   7.14210168E-01    1.16976426E-06   -3.24508688E-05
   7.20902881E-01    9.71566628E-07   -2.69476676E-05
   7.27658310E-01    8.05572687E-07   -2.23394919E-05
   7.34477043E-01    6.66791114E-07   -1.84874798E-05
   7.41359673E-01    5.50962167E-07   -1.52731443E-05
   7.48306799E-01    4.54458031E-07   -1.25955946E-05
   7.55319025E-01    3.74195421E-07   -1.03690996E-05
   7.62396960E-01    3.07558883E-07   -8.52095026E-06
   7.69541222E-01    2.52333900E-07   -6.98959566E-06
   7.76752431E-01    2.06649028E-07   -5.72303054E-06
   7.84031215E-01    1.68925447E-07   -4.67739004E-06
   7.91378206E-01    1.37833207E-07   -3.81573127E-06
   7.98794045E-01    1.12254184E-07   -3.10700170E-06
   8.06279376E-01    9.12501794E-08   -2.52515104E-06
   8.13834851E-01    7.40354850E-08   -2.04836765E-06
   8.21461126E-01    5.99533621E-08   -1.65842396E-06
   8.29158865E-01    4.84559292E-08   -1.34011694E-06
   8.36928739E-01    3.90870029E-08   -1.08079078E-06
   8.44771422E-01    3.14674914E-08   -8.69930630E-07
   8.52687597E-01    2.52829861E-08   -6.98817682E-07
   8.60677954E-01    2.02732427E-08   -5.60236700E-07
   8.68743186E-01    1.62232834E-08   -4.48228766E-07
   8.76883996E-01    1.29558782E-08   -3.57882365E-07
   8.85101091E-01    1.03252335E-08   -2.85158059E-07
   8.93395187E-01    8.21159129E-09   -2.26738512E-07
   9.01767006E-01    6.51698796E-09   -1.79910699E-07
   9.10217275E-01    5.16112999E-09   -1.42451453E-07
   9.18746729E-01    4.07862731E-09   -1.12550661E-07
   9.27356112E-01    3.21621953E-09   -8.87343145E-08
   9.36046171E-01    2.53064568E-09   -6.98054139E-08
   9.44817663E-01    1.98684153E-09   -5.47939772E-08
   9.53671351E-01    1.55642088E-09   -4.29149341E-08
   9.62608004E-01    1.21652993E-09   -3.35363686E-08
   9.71628402E-01    9.48718719E-10   -2.61482462E-08
   9.80733327E-01    7.38187039E-10   -2.03415210E-08
   9.89923573E-01    5.73049162E-10   -1.57877718E-08
   9.99199938E-01    4.43831975E-10   -1.22253020E-08
   1.00856323E+00    3.42938276E-10   -9.44428448E-09
   1.01801426E+00    2.64354991E-10   -7.27868294E-09
   1.02755386E+00    2.03288341E-10   -5.59615872E-09
   1.03718285E+00    1.55965256E-10   -4.29257518E-09
   1.04690208E+00    1.19360275E-10   -3.28444801E-09
   1.05671238E+00    9.11223470E-11   -2.50691812E-09
   1.06661460E+00    6.93922911E-11   -1.90870714E-09
   1.07660963E+00    5.27158431E-11   -1.44971383E-09
   1.08669831E+00    3.99426441E-11   -1.09822433E-09
   1.09688153E+00    3.01913611E-11   -8.29947081E-10
   1.10716018E+00    2.27600292E-11   -6.25538506E-10
   1.11753514E+00    1.71115199E-11   -4.70200872E-10
   1.12800733E+00    1.28350530E-11   -3.52619786E-10
   1.13857765E+00    9.59949595E-12   -2.63676557E-10
   1.14924702E+00    7.16154224E-12   -1.96672726E-10
   1.16001637E+00    5.32627929E-12   -1.46243218E-10
   1.17088664E+00    3.95371250E-12   -1.08535632E-10
   1.18185877E+00    2.92496599E-12   -8.02791903E-11
   1.19293372E+00    2.15842632E-12   -5.92290621E-11
   1.20411245E+00    1.58699544E-12   -4.35399589E-11
   1.21539594E+00    1.16555275E-12   -3.19713705E-11
   1.22678516E+00    8.52665640E-13   -2.33842922E-11
   1.23828111E+00    6.22175450E-13   -1.70598359E-11
   1.24988478E+00    4.52421591E-13   -1.24028533E-11
   1.26159718E+00    3.27945077E-13   -8.98867303E-12
   1.27341935E+00    2.37510256E-13   -6.50872494E-12
   1.28535229E+00    1.70918010E-13   -4.68292582E-12
   1.29739706E+00    1.22715715E-13   -3.36159825E-12
   1.30955469E+00    8.82253996E-14   -2.41635516E-12
   1.32182625E+00    6.28873279E-14   -1.72205850E-12
   1.33421281E+00    4.44317984E-14   -1.21643768E-12
   1.34671544E+00    3.14600362E-14   -8.61132957E-13
   1.35933522E+00    2.24895405E-14   -6.15489018E-13
   1.37207327E+00    1.60205961E-14   -4.38379314E-13
   1.38493068E+00    1.12619062E-14   -3.08109784E-13
   1.39790857E+00    7.87214391E-15   -2.15329615E-13
   1.41100808E+00    5.49632871E-15   -1.50314289E-13
   1.42423034E+00    3.79100144E-15   -1.03655111E-13
   1.43757650E+00    2.58736267E-15   -7.07288057E-14
   1.45104773E+00    1.77796431E-15   -4.85931086E-14
   1.46464519E+00    1.24888031E-15   -3.41283988E-14
   1.47837008E+00    8.81974579E-16   -2.40998138E-14
   1.49222357E+00    6.09015605E-16   -1.66393520E-14
   1.50620689E+00    4.13044013E-16   -1.12833206E-14
   1.52032123E+00    2.78304800E-16   -7.60106510E-15
   1.53456784E+00    1.88075038E-16   -5.13547667E-15
   1.54894796E+00    1.25224860E-16   -3.41832444E-15
   1.56346282E+00    8.04155807E-17   -2.19432420E-15
   1.57811370E+00    5.04740053E-17   -1.37670401E-15
   1.59290188E+00    3.21961115E-17   -8.77847489E-16
   1.60782862E+00    2.21818585E-17   -6.04778690E-16
   1.62289525E+00    1.68273002E-17   -4.58946510E-16
   1.63810306E+00    1.29425278E-17   -3.53126075E-16
   1.65345338E+00    9.77154123E-18   -2.66664241E-16
   1.66894754E+00    7.19879202E-18   -1.96426480E-16
   1.68458690E+00    5.10147828E-18   -1.39081525E-16
   1.70037281E+00    3.34925027E-18   -9.10933761E-17
   1.71630664E+00    1.80390625E-18   -4.87130542E-17
   1.73238979E+00    0.00000000E+00    0.00000000E+00
   1.74862365E+00    0.00000000E+00    0.00000000E+00
   1.76500964E+00    0.00000000E+00    0.00000000E+00
   1.78154917E+00    0.00000000E+00    0.00000000E+00
   1.79824369E+00    0.00000000E+00    0.00000000E+00
   1.81509466E+00    0.00000000E+00    0.00000000E+00
   1.83210353E+00    0.00000000E+00    0.00000000E+00
   1.84927179E+00    0.00000000E+00    0.00000000E+00
   1.86660092E+00    0.00000000E+00    0.00000000E+00
   1.88409245E+00    0.00000000E+00    0.00000000E+00
   1.90174788E+00    0.00000000E+00    0.00000000E+00
   1.91956876E+00    0.00000000E+00    0.00000000E+00
   1.93755664E+00    0.00000000E+00    0.00000000E+00
   1.95571307E+00    0.00000000E+00    0.00000000E+00
   1.97403965E+00    0.00000000E+00    0.00000000E+00
   1.99253796E+00    0.00000000E+00    0.00000000E+00
   2.01120961E+00    0.00000000E+00    0.00000000E+00
   2.03005623E+00    0.00000000E+00    0.00000000E+00
   2.04907946E+00    0.00000000E+00    0.00000000E+00
   2.06828096E+00    0.00000000E+00    0.00000000E+00
   2.08766238E+00    0.00000000E+00    0.00000000E+00
   2.10722543E+00    0.00000000E+00    0.00000000E+00
   2.12697180E+00    0.00000000E+00    0.00000000E+00
   2.14690320E+00    0.00000000E+00    0.00000000E+00
   2.16702138E+00    0.00000000E+00    0.00000000E+00
   2.18732808E+00    0.00000000E+00    0.00000000E+00
   2.20782507E+00    0.00000000E+00    0.00000000E+00
   2.22851414E+00    0.00000000E+00    0.00000000E+00
   2.24939707E+00    0.00000000E+00    0.00000000E+00
   2.27047570E+00    0.00000000E+00    0.00000000E+00
   2.29175185E+00    0.00000000E+00    0.00000000E+00
   2.31322738E+00    0.00000000E+00    0.00000000E+00
   2.33490414E+00    0.00000000E+00    0.00000000E+00
   2.35678404E+00    0.00000000E+00    0.00000000E+00
   2.37886897E+00    0.00000000E+00    0.00000000E+00
   2.40116085E+00    0.00000000E+00    0.00000000E+00
   2.42366162E+00    0.00000000E+00    0.00000000E+00
   2.44637325E+00    0.00000000E+00    0.00000000E+00
   2.46929769E+00    0.00000000E+00    0.00000000E+00
   2.49243696E+00    0.00000000E+00    0.00000000E+00
   2.51579307E+00    0.00000000E+00    0.00000000E+00
   2.53936804E+00    0.00000000E+00    0.00000000E+00
   2.56316392E+00    0.00000000E+00    0.00000000E+00
   2.58718279E+00    0.00000000E+00    0.00000000E+00
   2.61142674E+00    0.00000000E+00    0.00000000E+00
   2.63589787E+00    0.00000000E+00    0.00000000E+00
   2.66059831E+00    0.00000000E+00    0.00000000E+00
   2.68553022E+00    0.00000000E+00    0.00000000E+00
   2.71069576E+00    0.00000000E+00    0.00000000E+00
   2.73609712E+00    0.00000000E+00    0.00000000E+00
   2.76173651E+00    0.00000000E+00    0.00000000E+00
   2.78761616E+00    0.00000000E+00    0.00000000E+00
   2.81373832E+00    0.00000000E+00    0.00000000E+00
   2.84010528E+00    0.00000000E+00    0.00000000E+00
   2.86671930E+00    0.00000000E+00    0.00000000E+00
   2.89358273E+00    0.00000000E+00    0.00000000E+00
   2.92069788E+00    0.00000000E+00    0.00000000E+00
   2.94806713E+00    0.00000000E+00    0.00000000E+00
   2.97569285E+00    0.00000000E+00    0.00000000E+00
   3.00357744E+00    0.00000000E+00    0.00000000E+00
   3.03172333E+00    0.00000000E+00    0.00000000E+00
   3.06013297E+00    0.00000000E+00    0.00000000E+00
   3.08880884E+00    0.00000000E+00    0.00000000E+00
   3.11775341E+00    0.00000000E+00    0.00000000E+00
   3.14696923E+00    0.00000000E+00    0.00000000E+00
   3.17645881E+00    0.00000000E+00    0.00000000E+00
   3.20622474E+00    0.00000000E+00    0.00000000E+00
   3.23626960E+00    0.00000000E+00    0.00000000E+00
   3.26659600E+00    0.00000000E+00    0.00000000E+00
   3.29720658E+00    0.00000000E+00    0.00000000E+00
   3.32810401E+00    0.00000000E+00    0.00000000E+00
   3.35929098E+00    0.00000000E+00    0.00000000E+00
   3.39077019E+00    0.00000000E+00    0.00000000E+00
   3.42254438E+00    0.00000000E+00    0.00000000E+00
   3.45461632E+00    0.00000000E+00    0.00000000E+00
   3.48698881E+00    0.00000000E+00    0.00000000E+00
   3.51966465E+00    0.00000000E+00    0.00000000E+00
   3.55264668E+00    0.00000000E+00    0.00000000E+00
   3.58593779E+00    0.00000000E+00    0.00000000E+00
   3.61954086E+00    0.00000000E+00    0.00000000E+00
   3.65345881E+00    0.00000000E+00    0.00000000E+00
   3.68769461E+00    0.00000000E+00    0.00000000E+00
   3.72225122E+00    0.00000000E+00    0.00000000E+00
   3.75713165E+00    0.00000000E+00    0.00000000E+00
   3.79233894E+00    0.00000000E+00    0.00000000E+00
   3.82787616E+00    0.00000000E+00    0.00000000E+00
   3.86374638E+00    0.00000000E+00    0.00000000E+00
   3.89995273E+00    0.00000000E+00    0.00000000E+00
   3.93649837E+00    0.00000000E+00    0.00000000E+00
   3.97338647E+00    0.00000000E+00    0.00000000E+00
   4.01062024E+00    0.00000000E+00    0.00000000E+00
   4.04820292E+00    0.00000000E+00    0.00000000E+00
   4.08613777E+00    0.00000000E+00    0.00000000E+00
   4.12442811E+00    0.00000000E+00    0.00000000E+00
   4.16307726E+00    0.00000000E+00    0.00000000E+00
   4.20208858E+00    0.00000000E+00    0.00000000E+00
   4.24146547E+00    0.00000000E+00    0.00000000E+00
   4.28121135E+00    0.00000000E+00    0.00000000E+00
   4.32132968E+00    0.00000000E+00    0.00000000E+00
   4.36182396E+00    0.00000000E+00    0.00000000E+00
   4.40269769E+00    0.00000000E+00    0.00000000E+00
   4.44395445E+00    0.00000000E+00    0.00000000E+00
   4.48559781E+00    0.00000000E+00    0.00000000E+00
   4.52763140E+00    0.00000000E+00    0.00000000E+00
   4.57005888E+00    0.00000000E+00    0.00000000E+00
   4.61288395E+00    0.00000000E+00    0.00000000E+00
   4.65611031E+00    0.00000000E+00    0.00000000E+00
   4.69974174E+00    0.00000000E+00    0.00000000E+00
   4.74378203E+00    0.00000000E+00    0.00000000E+00
   4.78823502E+00    0.00000000E+00    0.00000000E+00
   4.83310456E+00    0.00000000E+00    0.00000000E+00
   4.87839457E+00    0.00000000E+00    0.00000000E+00
   4.92410898E+00    0.00000000E+00    0.00000000E+00
   4.97025177E+00    0.00000000E+00    0.00000000E+00
   5.01682695E+00    0.00000000E+00    0.00000000E+00
   5.06383858E+00    0.00000000E+00    0.00000000E+00
   5.11129075E+00    0.00000000E+00    0.00000000E+00
   5.15918758E+00    0.00000000E+00    0.00000000E+00
   5.20753324E+00    0.00000000E+00    0.00000000E+00
   5.25633194E+00    0.00000000E+00    0.00000000E+00
   5.30558792E+00    0.00000000E+00    0.00000000E+00
   5.35530547E+00    0.00000000E+00    0.00000000E+00
   5.40548891E+00    0.00000000E+00    0.00000000E+00
   5.45614261E+00    0.00000000E+00    0.00000000E+00
   5.50727098E+00    0.00000000E+00    0.00000000E+00
   5.55887846E+00    0.00000000E+00    0.00000000E+00
   5.61096954E+00    0.00000000E+00    0.00000000E+00
   5.66354875E+00    0.00000000E+00    0.00000000E+00
   5.71662068E+00    0.00000000E+00    0.00000000E+00
   5.77018993E+00    0.00000000E+00    0.00000000E+00
   5.82426117E+00    0.00000000E+00    0.00000000E+00
   5.87883909E+00    0.00000000E+00    0.00000000E+00
   5.93392846E+00    0.00000000E+00    0.00000000E+00
   5.98953405E+00    0.00000000E+00    0.00000000E+00
   6.04566072E+00    0.00000000E+00    0.00000000E+00
   6.10231333E+00    0.00000000E+00    0.00000000E+00
   6.15949683E+00    0.00000000E+00    0.00000000E+00
   6.21721618E+00    0.00000000E+00    0.00000000E+00
   6.27547640E+00    0.00000000E+00    0.00000000E+00
   6.33428257E+00    0.00000000E+00    0.00000000E+00
   6.39363980E+00    0.00000000E+00    0.00000000E+00
   6.45355326E+00    0.00000000E+00    0.00000000E+00
   6.51402815E+00    0.00000000E+00    0.00000000E+00
   6.57506974E+00    0.00000000E+00    0.00000000E+00
   6.63668333E+00    0.00000000E+00    0.00000000E+00
   6.69887430E+00    0.00000000E+00    0.00000000E+00
   6.76164804E+00    0.00000000E+00    0.00000000E+00
   6.82501002E+00    0.00000000E+00    0.00000000E+00
   6.88896575E+00    0.00000000E+00    0.00000000E+00
   6.95352080E+00    0.00000000E+00    0.00000000E+00
   7.01868079E+00    0.00000000E+00    0.00000000E+00
   7.08445137E+00    0.00000000E+00    0.00000000E+00
   7.15083827E+00    0.00000000E+00    0.00000000E+00
   7.21784727E+00    0.00000000E+00    0.00000000E+00
   7.28548420E+00    0.00000000E+00    0.00000000E+00
   7.35375494E+00    0.00000000E+00    0.00000000E+00
   7.42266544E+00    0.00000000E+00    0.00000000E+00
   7.49222167E+00    0.00000000E+00    0.00000000E+00
   7.56242971E+00    0.00000000E+00    0.00000000E+00
   7.63329565E+00    0.00000000E+00    0.00000000E+00
   7.70482565E+00    0.00000000E+00    0.00000000E+00
   7.77702595E+00    0.00000000E+00    0.00000000E+00
   7.84990283E+00    0.00000000E+00    0.00000000E+00
   7.92346262E+00    0.00000000E+00    0.00000000E+00
   7.99771172E+00    0.00000000E+00    0.00000000E+00
   8.07265660E+00    0.00000000E+00    0.00000000E+00
   8.14830376E+00    0.00000000E+00    0.00000000E+00
   8.22465980E+00    0.00000000E+00    0.00000000E+00
   8.30173136E+00    0.00000000E+00    0.00000000E+00
   8.37952514E+00    0.00000000E+00    0.00000000E+00
   8.45804791E+00    0.00000000E+00    0.00000000E+00
   8.53730650E+00    0.00000000E+00    0.00000000E+00
   8.61730780E+00    0.00000000E+00    0.00000000E+00
   8.69805878E+00    0.00000000E+00    0.00000000E+00
   8.77956646E+00    0.00000000E+00    0.00000000E+00
   8.86183793E+00    0.00000000E+00    0.00000000E+00
   8.94488035E+00    0.00000000E+00    0.00000000E+00
   9.02870095E+00    0.00000000E+00    0.00000000E+00
   9.11330701E+00    0.00000000E+00    0.00000000E+00
   9.19870589E+00    0.00000000E+00    0.00000000E+00
   9.28490503E+00    0.00000000E+00    0.00000000E+00
   9.37191192E+00    0.00000000E+00    0.00000000E+00
   9.45973414E+00    0.00000000E+00    0.00000000E+00
   9.54837932E+00    0.00000000E+00    0.00000000E+00
   9.63785517E+00    0.00000000E+00    0.00000000E+00
   9.72816949E+00    0.00000000E+00    0.00000000E+00
   9.81933012E+00    0.00000000E+00    0.00000000E+00
   9.91134499E+00    0.00000000E+00    0.00000000E+00
   1.00042221E+01    0.00000000E+00    0.00000000E+00
   1.00979696E+01    0.00000000E+00    0.00000000E+00
   1.01925955E+01    0.00000000E+00    0.00000000E+00
   1.02881082E+01    0.00000000E+00    0.00000000E+00
   1.03845159E+01    0.00000000E+00    0.00000000E+00
   1.04818270E+01    0.00000000E+00    0.00000000E+00
   1.05800500E+01    0.00000000E+00    0.00000000E+00
   1.06791934E+01    0.00000000E+00    0.00000000E+00
   1.07792659E+01    0.00000000E+00    0.00000000E+00
   1.08802762E+01    0.00000000E+00    0.00000000E+00
   1.09822329E+01    0.00000000E+00    0.00000000E+00
   1.10851451E+01    0.00000000E+00    0.00000000E+00
   1.11890217E+01    0.00000000E+00    0.00000000E+00
   1.12938717E+01    0.00000000E+00    0.00000000E+00
   1.13997042E+01    0.00000000E+00    0.00000000E+00
   1.15065284E+01    0.00000000E+00    0.00000000E+00
   1.16143536E+01    0.00000000E+00    0.00000000E+00
   1.17231893E+01    0.00000000E+00    0.00000000E+00
   1.18330449E+01    0.00000000E+00    0.00000000E+00
   1.19439298E+01    0.00000000E+00    0.00000000E+00
   1.20558539E+01    0.00000000E+00    0.00000000E+00
   1.21688268E+01    0.00000000E+00    0.00000000E+00
   1.22828583E+01    0.00000000E+00    0.00000000E+00
   1.23979584E+01    0.00000000E+00    0.00000000E+00
   1.25141370E+01    0.00000000E+00    0.00000000E+00
   1.26314044E+01    0.00000000E+00    0.00000000E+00
   1.27497706E+01    0.00000000E+00    0.00000000E+00
   1.28692460E+01    0.00000000E+00    0.00000000E+00
   1.29898410E+01    0.00000000E+00    0.00000000E+00
   1.31115661E+01    0.00000000E+00    0.00000000E+00
   1.32344318E+01    0.00000000E+00    0.00000000E+00
   1.33584489E+01    0.00000000E+00    0.00000000E+00
   1.34836281E+01    0.00000000E+00    0.00000000E+00
   1.36099804E+01    0.00000000E+00    0.00000000E+00
   1.37375166E+01    0.00000000E+00    0.00000000E+00
   1.38662480E+01    0.00000000E+00    0.00000000E+00
   1.39961857E+01    0.00000000E+00    0.00000000E+00
   1.41273410E+01    0.00000000E+00    0.00000000E+00
   1.42597253E+01    0.00000000E+00    0.00000000E+00
   1.43933502E+01    0.00000000E+00    0.00000000E+00
   1.45282273E+01    0.00000000E+00    0.00000000E+00
   1.46643683E+01    0.00000000E+00    0.00000000E+00
   1.48017850E+01    0.00000000E+00    0.00000000E+00
   1.49404894E+01    0.00000000E+00    0.00000000E+00
   1.50804936E+01    0.00000000E+00    0.00000000E+00
   1.52218097E+01    0.00000000E+00    0.00000000E+00
   1.53644501E+01    0.00000000E+00    0.00000000E+00
   1.55084271E+01    0.00000000E+00    0.00000000E+00
   1.56537533E+01    0.00000000E+00    0.00000000E+00
   1.58004414E+01    0.00000000E+00    0.00000000E+00
   1.59485040E+01    0.00000000E+00    0.00000000E+00
   1.60979540E+01    0.00000000E+00    0.00000000E+00
   1.62488046E+01    0.00000000E+00    0.00000000E+00
   1.64010687E+01    0.00000000E+00    0.00000000E+00
   1.65547597E+01    0.00000000E+00    0.00000000E+00
   1.67098909E+01    0.00000000E+00    0.00000000E+00
   1.68664757E+01    0.00000000E+00    0.00000000E+00
   1.70245279E+01    0.00000000E+00    0.00000000E+00
   1.71840612E+01    0.00000000E+00    0.00000000E+00
   1.73450894E+01    0.00000000E+00    0.00000000E+00
   1.75076266E+01    0.00000000E+00    0.00000000E+00
   1.76716869E+01    0.00000000E+00    0.00000000E+00
   1.78372846E+01    0.00000000E+00    0.00000000E+00
   1.80044340E+01    0.00000000E+00    0.00000000E+00
   1.81731498E+01    0.00000000E+00    0.00000000E+00
   1.83434465E+01    0.00000000E+00    0.00000000E+00
   1.85153391E+01    0.00000000E+00    0.00000000E+00
   1.86888425E+01    0.00000000E+00    0.00000000E+00
   1.88639717E+01    0.00000000E+00    0.00000000E+00
   1.90407420E+01    0.00000000E+00    0.00000000E+00
   1.92191688E+01    0.00000000E+00    0.00000000E+00
   1.93992676E+01    0.00000000E+00    0.00000000E+00
   1.95810540E+01    0.00000000E+00    0.00000000E+00
   1.97645440E+01    0.00000000E+00    0.00000000E+00
   1.99497534E+01    0.00000000E+00    0.00000000E+00
   2.01366983E+01    0.00000000E+00    0.00000000E+00
   2.03253951E+01    0.00000000E+00    0.00000000E+00
   2.05158601E+01    0.00000000E+00    0.00000000E+00
   2.07081099E+01    0.00000000E+00    0.00000000E+00
   2.09021612E+01    0.00000000E+00    0.00000000E+00
   2.10980310E+01    0.00000000E+00    0.00000000E+00
   2.12957362E+01    0.00000000E+00    0.00000000E+00
   2.14952941E+01    0.00000000E+00    0.00000000E+00
   2.16967219E+01    0.00000000E+00    0.00000000E+00
   2.19000374E+01    0.00000000E+00    0.00000000E+00
   2.21052580E+01    0.00000000E+00    0.00000000E+00
   2.23124017E+01    0.00000000E+00    0.00000000E+00
   2.25214866E+01    0.00000000E+00    0.00000000E+00
   2.27325307E+01    0.00000000E+00    0.00000000E+00
   2.29455524E+01    0.00000000E+00    0.00000000E+00
   2.31605704E+01    0.00000000E+00    0.00000000E+00
   2.33776032E+01    0.00000000E+00    0.00000000E+00
   2.35966698E+01    0.00000000E+00    0.00000000E+00
   2.38177893E+01    0.00000000E+00    0.00000000E+00
   2.40409808E+01    0.00000000E+00    0.00000000E+00
   2.42662637E+01    0.00000000E+00    0.00000000E+00
   2.44936578E+01    0.00000000E+00    0.00000000E+00
   2.47231827E+01    0.00000000E+00    0.00000000E+00
   2.49548584E+01    0.00000000E+00    0.00000000E+00
   2.51887052E+01    0.00000000E+00    0.00000000E+00
   2.54247432E+01    0.00000000E+00    0.00000000E+00
   2.56629932E+01    0.00000000E+00    0.00000000E+00
   2.59034757E+01    0.00000000E+00    0.00000000E+00
   2.61462117E+01    0.00000000E+00    0.00000000E+00
   2.63912224E+01    0.00000000E+00    0.00000000E+00
   2.66385289E+01    0.00000000E+00    0.00000000E+00
   2.68881530E+01    0.00000000E+00    0.00000000E+00
   2.71401162E+01    0.00000000E+00    0.00000000E+00
   2.73944406E+01    0.00000000E+00    0.00000000E+00
   2.76511481E+01    0.00000000E+00    0.00000000E+00
   2.79102612E+01    0.00000000E+00    0.00000000E+00
   2.81718024E+01    0.00000000E+00    0.00000000E+00
   2.84357944E+01    0.00000000E+00    0.00000000E+00
   2.87022603E+01    0.00000000E+00    0.00000000E+00
   2.89712231E+01    0.00000000E+00    0.00000000E+00
   2.92427064E+01    0.00000000E+00    0.00000000E+00
   2.95167336E+01    0.00000000E+00    0.00000000E+00
   2.97933287E+01    0.00000000E+00    0.00000000E+00
   3.00725157E+01    0.00000000E+00    0.00000000E+00
   3.03543189E+01    0.00000000E+00    0.00000000E+00
   3.06387629E+01    0.00000000E+00    0.00000000E+00
   3.09258723E+01    0.00000000E+00    0.00000000E+00
   3.12156721E+01    0.00000000E+00    0.00000000E+00
   3.15081876E+01    0.00000000E+00    0.00000000E+00
   3.18034442E+01    0.00000000E+00    0.00000000E+00
   3.21014676E+01    0.00000000E+00    0.00000000E+00
   3.24022837E+01    0.00000000E+00    0.00000000E+00
   3.27059187E+01    0.00000000E+00    0.00000000E+00
   3.30123990E+01    0.00000000E+00    0.00000000E+00
   3.33217513E+01    0.00000000E+00    0.00000000E+00
   3.36340024E+01    0.00000000E+00    0.00000000E+00
   3.39491796E+01    0.00000000E+00    0.00000000E+00
   3.42673102E+01    0.00000000E+00    0.00000000E+00
   3.45884219E+01    0.00000000E+00    0.00000000E+00
   3.49125428E+01    0.00000000E+00    0.00000000E+00
   3.52397009E+01    0.00000000E+00    0.00000000E+00
   3.55699247E+01    0.00000000E+00    0.00000000E+00
   3.59032430E+01    0.00000000E+00    0.00000000E+00
   3.62396847E+01    0.00000000E+00    0.00000000E+00
   3.65792792E+01    0.00000000E+00    0.00000000E+00
   3.69220559E+01    0.00000000E+00    0.00000000E+00
   3.72680447E+01    0.00000000E+00    0.00000000E+00
   3.76172757E+01    0.00000000E+00    0.00000000E+00
   3.79697793E+01    0.00000000E+00    0.00000000E+00
   3.83255862E+01    0.00000000E+00    0.00000000E+00
   3.86847272E+01    0.00000000E+00    0.00000000E+00
   3.90472336E+01    0.00000000E+00    0.00000000E+00
   3.94131370E+01    0.00000000E+00    0.00000000E+00
   3.97824692E+01    0.00000000E+00    0.00000000E+00
   4.01552624E+01    0.00000000E+00    0.00000000E+00
   4.05315489E+01    0.00000000E+00    0.00000000E+00
   4.09113615E+01    0.00000000E+00    0.00000000E+00
   4.12947333E+01    0.00000000E+00    0.00000000E+00
   4.16816976E+01    0.00000000E+00    0.00000000E+00
   4.20722880E+01    0.00000000E+00    0.00000000E+00
   4.24665386E+01    0.00000000E+00    0.00000000E+00
   4.28644836E+01    0.00000000E+00    0.00000000E+00
   4.32661576E+01    0.00000000E+00    0.00000000E+00
   4.36715957E+01    0.00000000E+00    0.00000000E+00
   4.40808330E+01    0.00000000E+00    0.00000000E+00
   4.44939053E+01    0.00000000E+00    0.00000000E+00
   4.49108483E+01    0.00000000E+00    0.00000000E+00
   4.53316984E+01    0.00000000E+00    0.00000000E+00
   4.57564922E+01    0.00000000E+00    0.00000000E+00
   4.61852667E+01    0.00000000E+00    0.00000000E+00
   4.66180591E+01    0.00000000E+00    0.00000000E+00
   4.70549071E+01    0.00000000E+00    0.00000000E+00
   4.74958488E+01    0.00000000E+00    0.00000000E+00
   4.79409224E+01    0.00000000E+00    0.00000000E+00
   4.83901667E+01    0.00000000E+00    0.00000000E+00
   4.88436208E+01    0.00000000E+00    0.00000000E+00
   4.93013241E+01    0.00000000E+00    0.00000000E+00
   4.97633164E+01    0.00000000E+00    0.00000000E+00
   5.02296380E+01    0.00000000E+00    0.00000000E+00
   5.07003294E+01    0.00000000E+00    0.00000000E+00
   5.11754315E+01    0.00000000E+00    0.00000000E+00
   5.16549857E+01    0.00000000E+00    0.00000000E+00
   5.21390337E+01    0.00000000E+00    0.00000000E+00
   5.26276176E+01    0.00000000E+00    0.00000000E+00
   5.31207800E+01    0.00000000E+00    0.00000000E+00
   5.36185636E+01    0.00000000E+00    0.00000000E+00
   5.41210119E+01    0.00000000E+00    0.00000000E+00
   5.46281685E+01    0.00000000E+00    0.00000000E+00
   5.51400776E+01    0.00000000E+00    0.00000000E+00
   5.56567837E+01    0.00000000E+00    0.00000000E+00
   5.61783317E+01    0.00000000E+00    0.00000000E+00
   5.67047670E+01    0.00000000E+00    0.00000000E+00
   5.72361355E+01    0.00000000E+00    0.00000000E+00
   5.77724833E+01    0.00000000E+00    0.00000000E+00
   5.83138571E+01    0.00000000E+00    0.00000000E+00
   5.88603040E+01    0.00000000E+00    0.00000000E+00
   5.94118715E+01    0.00000000E+00    0.00000000E+00
   5.99686077E+01    0.00000000E+00    0.00000000E+00
   6.05305609E+01    0.00000000E+00    0.00000000E+00
   6.10977800E+01    0.00000000E+00    0.00000000E+00
   6.16703145E+01    0.00000000E+00    0.00000000E+00
   6.22482140E+01    0.00000000E+00    0.00000000E+00
   6.28315290E+01    0.00000000E+00    0.00000000E+00
   6.34203100E+01    0.00000000E+00    0.00000000E+00
   6.40146084E+01    0.00000000E+00    0.00000000E+00
   6.46144758E+01    0.00000000E+00    0.00000000E+00
   6.52199645E+01    0.00000000E+00    0.00000000E+00
   6.58311271E+01    0.00000000E+00    0.00000000E+00
   6.64480167E+01    0.00000000E+00    0.00000000E+00
   6.70706871E+01    0.00000000E+00    0.00000000E+00
   6.76991924E+01    0.00000000E+00    0.00000000E+00
   6.83335873E+01    0.00000000E+00    0.00000000E+00
   6.89739270E+01    0.00000000E+00    0.00000000E+00
   6.96202672E+01    0.00000000E+00    0.00000000E+00
   7.02726641E+01    0.00000000E+00    0.00000000E+00
   7.09311744E+01    0.00000000E+00    0.00000000E+00
   7.15958555E+01    0.00000000E+00    0.00000000E+00
   7.22667652E+01    0.00000000E+00    0.00000000E+00
   7.29439619E+01    0.00000000E+00    0.00000000E+00
   7.36275044E+01    0.00000000E+00    0.00000000E+00
   7.43174523E+01    0.00000000E+00    0.00000000E+00
   7.50138655E+01    0.00000000E+00    0.00000000E+00
   7.57168047E+01    0.00000000E+00    0.00000000E+00
   7.64263309E+01    0.00000000E+00    0.00000000E+00
   7.71425060E+01    0.00000000E+00    0.00000000E+00
   7.78653922E+01    0.00000000E+00    0.00000000E+00
   7.85950524E+01    0.00000000E+00    0.00000000E+00
   7.93315502E+01    0.00000000E+00    0.00000000E+00
   8.00749494E+01    0.00000000E+00    0.00000000E+00
   8.08253149E+01    0.00000000E+00    0.00000000E+00
   8.15827120E+01    0.00000000E+00    0.00000000E+00
   8.23472064E+01    0.00000000E+00    0.00000000E+00
   8.31188648E+01    0.00000000E+00    0.00000000E+00
   8.38977542E+01    0.00000000E+00    0.00000000E+00
   8.46839424E+01    0.00000000E+00    0.00000000E+00
   8.54774978E+01    0.00000000E+00    0.00000000E+00
   8.62784895E+01    0.00000000E+00    0.00000000E+00
   8.70869871E+01    0.00000000E+00    0.00000000E+00
   8.79030609E+01    0.00000000E+00    0.00000000E+00
   8.87267820E+01    0.00000000E+00    0.00000000E+00
   8.95582220E+01    0.00000000E+00    0.00000000E+00
   9.03974533E+01    0.00000000E+00    0.00000000E+00
   9.12445488E+01    0.00000000E+00    0.00000000E+00
   9.20995823E+01    0.00000000E+00    0.00000000E+00
   9.29626281E+01    0.00000000E+00    0.00000000E+00
   9.38337614E+01    0.00000000E+00    0.00000000E+00
   9.47130578E+01    0.00000000E+00    0.00000000E+00
   9.56005940E+01    0.00000000E+00    0.00000000E+00
   9.64964470E+01    0.00000000E+00    0.00000000E+00
   9.74006949E+01    0.00000000E+00    0.00000000E+00
   9.83134164E+01    0.00000000E+00    0.00000000E+00
   9.92346907E+01    0.00000000E+00    0.00000000E+00
   1.00164598E+02    0.00000000E+00    0.00000000E+00
   1.01103220E+02    0.00000000E+00    0.00000000E+00
   1.02050637E+02    0.00000000E+00    0.00000000E+00
   1.03006932E+02    0.00000000E+00    0.00000000E+00
   1.03972188E+02    0.00000000E+00    0.00000000E+00
   1.04946489E+02    0.00000000E+00    0.00000000E+00
   1.05929921E+02    0.00000000E+00    0.00000000E+00
   1.06922568E+02    0.00000000E+00    0.00000000E+00
   1.07924517E+02    0.00000000E+00    0.00000000E+00
   1.08935855E+02    0.00000000E+00    0.00000000E+00
   1.09956670E+02    0.00000000E+00    0.00000000E+00
   1.10987051E+02    0.00000000E+00    0.00000000E+00
   1.12027087E+02    0.00000000E+00    0.00000000E+00
   1.13076869E+02    0.00000000E+00    0.00000000E+00
   1.14136489E+02    0.00000000E+00    0.00000000E+00
   1.15206038E+02    0.00000000E+00    0.00000000E+00
   1.16285609E+02    0.00000000E+00    0.00000000E+00
   1.17375297E+02    0.00000000E+00    0.00000000E+00
   1.18475197E+02    0.00000000E+00    0.00000000E+00
   1.19585403E+02    0.00000000E+00    0.00000000E+00
   1.20706012E+02    0.00000000E+00    0.00000000E+00
   1.21837123E+02    0.00000000E+00    0.00000000E+00
   1.22978833E+02    0.00000000E+00    0.00000000E+00
   1.24131242E+02    0.00000000E+00    0.00000000E+00
   1.25294450E+02    0.00000000E+00    0.00000000E+00
   1.26468558E+02    0.00000000E+00    0.00000000E+00
   1.27653668E+02    0.00000000E+00    0.00000000E+00
   1.28849884E+02    0.00000000E+00    0.00000000E+00
   1.30057309E+02    0.00000000E+00    0.00000000E+00
   1.31276048E+02    0.00000000E+00    0.00000000E+00
   1.32506209E+02    0.00000000E+00    0.00000000E+00
   1.33747897E+02    0.00000000E+00    0.00000000E+00
   1.35001220E+02    0.00000000E+00    0.00000000E+00
   1.36266288E+02    0.00000000E+00    0.00000000E+00
   1.37543211E+02    0.00000000E+00    0.00000000E+00
   1.38832099E+02    0.00000000E+00    0.00000000E+00
   1.40133066E+02    0.00000000E+00    0.00000000E+00
   1.41446223E+02    0.00000000E+00    0.00000000E+00
   1.42771686E+02    0.00000000E+00    0.00000000E+00
   1.44109569E+02    0.00000000E+00    0.00000000E+00
   1.45459990E+02    0.00000000E+00    0.00000000E+00
   1.46823065E+02    0.00000000E+00    0.00000000E+00
   1.48198913E+02    0.00000000E+00    0.00000000E+00
   1.49587654E+02    0.00000000E+00    0.00000000E+00
   1.50989408E+02    0.00000000E+00    0.00000000E+00
   1.52404298E+02    0.00000000E+00    0.00000000E+00
   1.53832447E+02    0.00000000E+00    0.00000000E+00
   1.55273978E+02    0.00000000E+00    0.00000000E+00
   1.56729018E+02    0.00000000E+00    0.00000000E+00
   1.58197693E+02    0.00000000E+00    0.00000000E+00
   1.59680130E+02    0.00000000E+00    0.00000000E+00
   1.61176459E+02    0.00000000E+00    0.00000000E+00
   1.62686810E+02    0.00000000E+00    0.00000000E+00
   1.64211314E+02    0.00000000E+00    0.00000000E+00
   1.65750103E+02    0.00000000E+00    0.00000000E+00
   1.67303313E+02    0.00000000E+00    0.00000000E+00
   1.68871077E+02    0.00000000E+00    0.00000000E+00
   1.70453532E+02    0.00000000E+00    0.00000000E+00
   1.72050816E+02    0.00000000E+00    0.00000000E+00
   1.73663069E+02    0.00000000E+00    0.00000000E+00
   1.75290429E+02    0.00000000E+00    0.00000000E+00
   1.76933038E+02    0.00000000E+00    0.00000000E+00
   1.78591041E+02    0.00000000E+00    0.00000000E+00
   1.80264580E+02    0.00000000E+00    0.00000000E+00
   1.81953801E+02    0.00000000E+00    0.00000000E+00
   1.83658852E+02    0.00000000E+00    0.00000000E+00
   1.85379881E+02    0.00000000E+00    0.00000000E+00
   1.87117036E+02    0.00000000E+00    0.00000000E+00
   1.88870471E+02    0.00000000E+00    0.00000000E+00
   1.90640336E+02    0.00000000E+00    0.00000000E+00
   1.92426787E+02    0.00000000E+00    0.00000000E+00
   1.94229978E+02    0.00000000E+00    0.00000000E+00
   1.96050066E+02    0.00000000E+00    0.00000000E+00
   1.97887210E+02    0.00000000E+00    0.00000000E+00
   1.99741569E+02    0.00000000E+00    0.00000000E+00
   2.01613306E+02    0.00000000E+00    0.00000000E+00
   2.03502582E+02    0.00000000E+00    0.00000000E+00
   2.05409561E+02    0.00000000E+00    0.00000000E+00
   2.07334411E+02    0.00000000E+00    0.00000000E+00
   2.09277298E+02    0.00000000E+00    0.00000000E+00
   2.11238392E+02    0.00000000E+00    0.00000000E+00
   2.13217863E+02    0.00000000E+00    0.00000000E+00
   2.15215882E+02    0.00000000E+00    0.00000000E+00
   2.17232625E+02    0.00000000E+00    0.00000000E+00
   2.19268266E+02    0.00000000E+00    0.00000000E+00
   2.21322983E+02    0.00000000E+00    0.00000000E+00
   2.23396954E+02    0.00000000E+00    0.00000000E+00
   2.25490360E+02    0.00000000E+00    0.00000000E+00
   2.27603383E+02    0.00000000E+00    0.00000000E+00
   2.29736206E+02    0.00000000E+00    0.00000000E+00
   2.31889016E+02    0.00000000E+00    0.00000000E+00
   2.34061999E+02    0.00000000E+00    0.00000000E+00
   2.36255345E+02    0.00000000E+00    0.00000000E+00
   2.38469244E+02    0.00000000E+00    0.00000000E+00
   2.40703889E+02    0.00000000E+00    0.00000000E+00
   2.42959475E+02    0.00000000E+00    0.00000000E+00
   2.45236197E+02    0.00000000E+00    0.00000000E+00
   2.47534254E+02    0.00000000E+00    0.00000000E+00
   2.49853845E+02    0.00000000E+00    0.00000000E+00
   2.52195173E+02    0.00000000E+00    0.00000000E+00
   2.54558441E+02    0.00000000E+00    0.00000000E+00
