# Peaks:     0.040383      0.154706      0.456448  
   8.48528116E-05    7.87203726E-01    6.09461133E+03
   8.56479495E-05    7.91998615E-01    6.07430775E+03
   8.64505384E-05    7.96836776E-01    6.05420599E+03
   8.72606482E-05    8.01716879E-01    6.03429063E+03
   8.80783494E-05    8.06637502E-01    6.01454602E+03
   8.89037131E-05    8.11597126E-01    5.99495621E+03
   8.97368111E-05    8.16594131E-01    5.97550499E+03
   9.05777159E-05    8.21626792E-01    5.95617587E+03
   9.14265006E-05    8.26693272E-01    5.93695204E+03
   9.22832391E-05    8.31791625E-01    5.91781643E+03
   9.31480059E-05    8.36919784E-01    5.89875162E+03
   9.40208763E-05    8.42075598E-01    5.87974019E+03
   9.49019262E-05    8.47258115E-01    5.86077385E+03
   9.57912322E-05    8.52467962E-01    5.84185579E+03
   9.66888717E-05    8.57705902E-01    5.82299003E+03
   9.75949228E-05    8.62972739E-01    5.80418070E+03
   9.85094643E-05    8.68269324E-01    5.78543204E+03
   9.94325757E-05    8.73596551E-01    5.76674845E+03
   1.00364338E-04    8.78955363E-01    5.74813442E+03
   1.01304831E-04    8.84346755E-01    5.72959461E+03
   1.02254137E-04    8.89771770E-01    5.71113380E+03
   1.03212339E-04    8.95231413E-01    5.69275629E+03
   1.04179520E-04    9.00726013E-01    5.67446200E+03
   1.05155764E-04    9.06255584E-01    5.65624884E+03
   1.06141157E-04    9.11820130E-01    5.63811470E+03
   1.07135783E-04    9.17419652E-01    5.62005747E+03
   1.08139730E-04    9.23054140E-01    5.60207504E+03
   1.09153085E-04    9.28723580E-01    5.58416530E+03
   1.10175936E-04    9.34427952E-01    5.56632611E+03
   1.11208371E-04    9.40167227E-01    5.54855536E+03
   1.12250481E-04    9.45941413E-01    5.53085119E+03
   1.13302357E-04    9.51750709E-01    5.51321304E+03
   1.14364090E-04    9.57595377E-01    5.49564073E+03
   1.15435771E-04    9.63475687E-01    5.47813411E+03
   1.16517496E-04    9.69391919E-01    5.46069306E+03
   1.17609357E-04    9.75344362E-01    5.44331750E+03
   1.18711449E-04    9.81333319E-01    5.42600740E+03
   1.19823869E-04    9.87359102E-01    5.40876275E+03
   1.20946714E-04    9.93422034E-01    5.39158358E+03
   1.22080080E-04    9.99522453E-01    5.37446996E+03
   1.23224067E-04    1.00566067E+00    5.35742184E+03
   1.24378773E-04    1.01183692E+00    5.34043871E+03
   1.25544301E-04    1.01805140E+00    5.32352002E+03
   1.26720750E-04    1.02430433E+00    5.30666524E+03
   1.27908224E-04    1.03059593E+00    5.28987385E+03
   1.29106825E-04    1.03692644E+00    5.27314537E+03
   1.30316657E-04    1.04329609E+00    5.25647936E+03
   1.31537827E-04    1.04970512E+00    5.23987537E+03
   1.32770441E-04    1.05615378E+00    5.22333302E+03
   1.34014605E-04    1.06264233E+00    5.20685192E+03
   1.35270427E-04    1.06917100E+00    5.19043170E+03
   1.36538018E-04    1.07574005E+00    5.17407195E+03
   1.37817487E-04    1.08234973E+00    5.15777233E+03
   1.39108946E-04    1.08900028E+00    5.14153250E+03
   1.40412507E-04    1.09569198E+00    5.12535216E+03
   1.41728283E-04    1.10242510E+00    5.10923104E+03
   1.43056389E-04    1.10919991E+00    5.09316888E+03
   1.44396940E-04    1.11601671E+00    5.07716549E+03
   1.45750053E-04    1.12287580E+00    5.06122068E+03
   1.47115846E-04    1.12977747E+00    5.04533427E+03
   1.48494438E-04    1.13672200E+00    5.02950594E+03
   1.49885948E-04    1.14370963E+00    5.01373532E+03
   1.51290498E-04    1.15074064E+00    4.99802206E+03
   1.52708209E-04    1.15781528E+00    4.98236585E+03
   1.54139206E-04    1.16493385E+00    4.96676641E+03
   1.55583612E-04    1.17209661E+00    4.95122347E+03
   1.57041553E-04    1.17930387E+00    4.93573681E+03
   1.58513157E-04    1.18655593E+00    4.92030622E+03
   1.59998550E-04    1.19385310E+00    4.90493153E+03
   1.61497863E-04    1.20119565E+00    4.88961244E+03
   1.63011225E-04    1.20858387E+00    4.87434862E+03
   1.64538769E-04    1.21601804E+00    4.85913979E+03
   1.66080628E-04    1.22349844E+00    4.84398567E+03
   1.67636934E-04    1.23102537E+00    4.82888601E+03
   1.69207825E-04    1.23859914E+00    4.81384062E+03
   1.70793436E-04    1.24622007E+00    4.79884929E+03
   1.72393905E-04    1.25388847E+00    4.78391189E+03
   1.74009372E-04    1.26160468E+00    4.76902826E+03
   1.75639977E-04    1.26936900E+00    4.75419811E+03
   1.77285863E-04    1.27718171E+00    4.73942115E+03
   1.78947171E-04    1.28504312E+00    4.72469710E+03
   1.80624047E-04    1.29295352E+00    4.71002571E+03
   1.82316637E-04    1.30091325E+00    4.69540678E+03
   1.84025088E-04    1.30892261E+00    4.68084010E+03
   1.85749549E-04    1.31698196E+00    4.66632553E+03
   1.87490169E-04    1.32509164E+00    4.65186293E+03
   1.89247100E-04    1.33325197E+00    4.63745213E+03
   1.91020494E-04    1.34146328E+00    4.62309285E+03
   1.92810507E-04    1.34972588E+00    4.60878481E+03
   1.94617294E-04    1.35804007E+00    4.59452778E+03
   1.96441012E-04    1.36640621E+00    4.58032153E+03
   1.98281819E-04    1.37482461E+00    4.56616588E+03
   2.00139876E-04    1.38329564E+00    4.55206066E+03
   2.02015345E-04    1.39181965E+00    4.53800574E+03
   2.03908388E-04    1.40039701E+00    4.52400102E+03
   2.05819171E-04    1.40902806E+00    4.51004625E+03
   2.07747859E-04    1.41771313E+00    4.49614119E+03
   2.09694621E-04    1.42645254E+00    4.48228558E+03
   2.11659625E-04    1.43524666E+00    4.46847921E+03
   2.13643043E-04    1.44409583E+00    4.45472188E+03
   2.15645047E-04    1.45300041E+00    4.44101345E+03
   2.17665811E-04    1.46196079E+00    4.42735378E+03
   2.19705512E-04    1.47097735E+00    4.41374277E+03
   2.21764326E-04    1.48005049E+00    4.40018032E+03
   2.23842433E-04    1.48918055E+00    4.38666619E+03
   2.25940013E-04    1.49836788E+00    4.37320011E+03
   2.28057249E-04    1.50761282E+00    4.35978180E+03
   2.30194326E-04    1.51691574E+00    4.34641104E+03
   2.32351429E-04    1.52627700E+00    4.33308761E+03
   2.34528745E-04    1.53569698E+00    4.31981133E+03
   2.36726465E-04    1.54517606E+00    4.30658206E+03
   2.38944779E-04    1.55471466E+00    4.29339966E+03
   2.41183880E-04    1.56431318E+00    4.28026405E+03
   2.43443963E-04    1.57397205E+00    4.26717516E+03
   2.45725225E-04    1.58369169E+00    4.25413290E+03
   2.48027865E-04    1.59347247E+00    4.24113702E+03
   2.50352082E-04    1.60331477E+00    4.22818727E+03
   2.52698079E-04    1.61321896E+00    4.21528339E+03
   2.55066059E-04    1.62318543E+00    4.20242517E+03
   2.57456229E-04    1.63321459E+00    4.18961243E+03
   2.59868798E-04    1.64330684E+00    4.17684501E+03
   2.62303974E-04    1.65346262E+00    4.16412276E+03
   2.64761969E-04    1.66368234E+00    4.15144559E+03
   2.67242998E-04    1.67396648E+00    4.13881342E+03
   2.69747276E-04    1.68431545E+00    4.12622613E+03
   2.72275021E-04    1.69472966E+00    4.11368348E+03
   2.74826453E-04    1.70520952E+00    4.10118521E+03
   2.77401793E-04    1.71575543E+00    4.08873112E+03
   2.80001267E-04    1.72636781E+00    4.07632101E+03
   2.82625100E-04    1.73704711E+00    4.06395472E+03
   2.85273521E-04    1.74779376E+00    4.05163211E+03
   2.87946759E-04    1.75860824E+00    4.03935307E+03
   2.90645047E-04    1.76949100E+00    4.02711752E+03
   2.93368621E-04    1.78044253E+00    4.01492535E+03
   2.96117717E-04    1.79146324E+00    4.00277631E+03
   2.98892574E-04    1.80255356E+00    3.99067019E+03
   3.01693433E-04    1.81371395E+00    3.97860679E+03
   3.04520539E-04    1.82494485E+00    3.96658593E+03
   3.07374137E-04    1.83624673E+00    3.95460747E+03
   3.10254475E-04    1.84762008E+00    3.94267129E+03
   3.13161805E-04    1.85906539E+00    3.93077731E+03
   3.16096378E-04    1.87058317E+00    3.91892544E+03
   3.19058451E-04    1.88217387E+00    3.90711546E+03
   3.22048280E-04    1.89383793E+00    3.89534712E+03
   3.25066127E-04    1.90557582E+00    3.88362020E+03
   3.28112253E-04    1.91738800E+00    3.87193450E+03
   3.31186924E-04    1.92927496E+00    3.86028984E+03
   3.34290407E-04    1.94123720E+00    3.84868609E+03
   3.37422973E-04    1.95327522E+00    3.83712313E+03
   3.40584892E-04    1.96538955E+00    3.82560085E+03
   3.43776442E-04    1.97758074E+00    3.81411921E+03
   3.46997898E-04    1.98984931E+00    3.80267811E+03
   3.50249543E-04    2.00219574E+00    3.79127730E+03
   3.53531658E-04    2.01462052E+00    3.77991654E+03
   3.56844528E-04    2.02712414E+00    3.76859563E+03
   3.60188444E-04    2.03970711E+00    3.75731438E+03
   3.63563694E-04    2.05236994E+00    3.74607262E+03
   3.66970573E-04    2.06511318E+00    3.73487021E+03
   3.70409377E-04    2.07793737E+00    3.72370706E+03
   3.73880405E-04    2.09084309E+00    3.71258307E+03
   3.77383960E-04    2.10383089E+00    3.70149817E+03
   3.80920345E-04    2.11690131E+00    3.69045214E+03
   3.84489870E-04    2.13005484E+00    3.67944473E+03
   3.88092844E-04    2.14329202E+00    3.66847573E+03
   3.91729580E-04    2.15661339E+00    3.65754496E+03
   3.95400396E-04    2.17001949E+00    3.64665225E+03
   3.99105610E-04    2.18351090E+00    3.63579746E+03
   4.02845544E-04    2.19708821E+00    3.62498049E+03
   4.06620525E-04    2.21075200E+00    3.61420125E+03
   4.10430881E-04    2.22450292E+00    3.60345970E+03
   4.14276942E-04    2.23834153E+00    3.59275570E+03
   4.18159044E-04    2.25226838E+00    3.58208898E+03
   4.22077525E-04    2.26628400E+00    3.57145928E+03
   4.26032725E-04    2.28038896E+00    3.56086638E+03
   4.30024988E-04    2.29458381E+00    3.55031006E+03
   4.34054661E-04    2.30886915E+00    3.53979015E+03
   4.38122096E-04    2.32324557E+00    3.52930648E+03
   4.42227646E-04    2.33771368E+00    3.51885892E+03
   4.46371669E-04    2.35227412E+00    3.50844739E+03
   4.50554524E-04    2.36692755E+00    3.49807179E+03
   4.54776575E-04    2.38167462E+00    3.48773210E+03
   4.59038191E-04    2.39651601E+00    3.47742821E+03
   4.63339742E-04    2.41145228E+00    3.46715988E+03
   4.67681601E-04    2.42648402E+00    3.45692685E+03
   4.72064147E-04    2.44161184E+00    3.44672889E+03
   4.76487761E-04    2.45683634E+00    3.43656579E+03
   4.80952827E-04    2.47215816E+00    3.42643737E+03
   4.85459735E-04    2.48757794E+00    3.41634349E+03
   4.90008876E-04    2.50309636E+00    3.40628400E+03
   4.94600646E-04    2.51871408E+00    3.39625882E+03
   4.99235445E-04    2.53443182E+00    3.38626786E+03
   5.03913675E-04    2.55025029E+00    3.37631108E+03
   5.08635744E-04    2.56617012E+00    3.36638824E+03
   5.13402063E-04    2.58219194E+00    3.35649907E+03
   5.18213046E-04    2.59831638E+00    3.34664333E+03
   5.23069111E-04    2.61454408E+00    3.33682078E+03
   5.27970682E-04    2.63087572E+00    3.32703124E+03
   5.32918184E-04    2.64731197E+00    3.31727451E+03
   5.37912049E-04    2.66385353E+00    3.30755047E+03
   5.42952709E-04    2.68050113E+00    3.29785899E+03
   5.48040605E-04    2.69725550E+00    3.28819998E+03
   5.53176178E-04    2.71411741E+00    3.27857338E+03
   5.58359876E-04    2.73108762E+00    3.26897912E+03
   5.63592149E-04    2.74816682E+00    3.25941697E+03
   5.68873452E-04    2.76535567E+00    3.24988667E+03
   5.74204246E-04    2.78265486E+00    3.24038796E+03
   5.79584993E-04    2.80006509E+00    3.23092063E+03
   5.85016162E-04    2.81758708E+00    3.22148448E+03
   5.90498226E-04    2.83522157E+00    3.21207934E+03
   5.96031660E-04    2.85296931E+00    3.20270508E+03
   6.01616948E-04    2.87083109E+00    3.19336158E+03
   6.07254574E-04    2.88880770E+00    3.18404875E+03
   6.12945029E-04    2.90689995E+00    3.17476651E+03
   6.18688808E-04    2.92510856E+00    3.16551461E+03
   6.24486410E-04    2.94343425E+00    3.15629279E+03
   6.30338341E-04    2.96187776E+00    3.14710082E+03
   6.36245109E-04    2.98043984E+00    3.13793849E+03
   6.42207228E-04    2.99912128E+00    3.12880562E+03
   6.48225217E-04    3.01792287E+00    3.11970205E+03
   6.54299600E-04    3.03684543E+00    3.11062767E+03
   6.60430904E-04    3.05588979E+00    3.10158236E+03
   6.66619663E-04    3.07505681E+00    3.09256604E+03
   6.72866415E-04    3.09434725E+00    3.08357846E+03
   6.79171705E-04    3.11376188E+00    3.07461937E+03
   6.85536080E-04    3.13330148E+00    3.06568853E+03
   6.91960095E-04    3.15296685E+00    3.05678572E+03
   6.98444307E-04    3.17275882E+00    3.04791077E+03
   7.04989282E-04    3.19267823E+00    3.03906352E+03
   7.11595588E-04    3.21272593E+00    3.03024384E+03
   7.18263801E-04    3.23290283E+00    3.02145164E+03
   7.24994500E-04    3.25320982E+00    3.01268681E+03
   7.31788271E-04    3.27364770E+00    3.00394910E+03
   7.38645705E-04    3.29421727E+00    2.99523823E+03
   7.45567399E-04    3.31491936E+00    2.98655395E+03
   7.52553954E-04    3.33575480E+00    2.97789604E+03
   7.59605979E-04    3.35672446E+00    2.96926429E+03
   7.66724087E-04    3.37782921E+00    2.96065854E+03
   7.73908897E-04    3.39906996E+00    2.95207864E+03
   7.81161035E-04    3.42044764E+00    2.94352449E+03
   7.88481130E-04    3.44196320E+00    2.93499598E+03
   7.95869821E-04    3.46361755E+00    2.92649296E+03
   8.03327750E-04    3.48541152E+00    2.91801512E+03
   8.10855566E-04    3.50734598E+00    2.90956221E+03
   8.18453923E-04    3.52942181E+00    2.90113399E+03
   8.26123482E-04    3.55163991E+00    2.89273026E+03
   8.33864912E-04    3.57400121E+00    2.88435083E+03
   8.41678884E-04    3.59650666E+00    2.87599557E+03
   8.49566080E-04    3.61915724E+00    2.86766434E+03
   8.57527185E-04    3.64195393E+00    2.85935704E+03
   8.65562892E-04    3.66489765E+00    2.85107344E+03
   8.73673900E-04    3.68798928E+00    2.84281323E+03
   8.81860915E-04    3.71122973E+00    2.83457616E+03
   8.90124648E-04    3.73461993E+00    2.82636198E+03
   8.98465819E-04    3.75816082E+00    2.81817049E+03
   9.06885153E-04    3.78185338E+00    2.81000149E+03
   9.15383383E-04    3.80569860E+00    2.80185484E+03
   9.23961248E-04    3.82969751E+00    2.79373041E+03
   9.32619495E-04    3.85385115E+00    2.78562812E+03
   9.41358876E-04    3.87816053E+00    2.77754777E+03
   9.50180152E-04    3.90262656E+00    2.76948906E+03
   9.59084091E-04    3.92725018E+00    2.76145169E+03
   9.68071466E-04    3.95203235E+00    2.75343540E+03
   9.77143060E-04    3.97697405E+00    2.74543995E+03
   9.86299662E-04    4.00207629E+00    2.73746515E+03
   9.95542069E-04    4.02734009E+00    2.72951081E+03
   1.00487108E-03    4.05276652E+00    2.72157679E+03
   1.01428752E-03    4.07835667E+00    2.71366298E+03
   1.02379220E-03    4.10411161E+00    2.70576928E+03
   1.03338594E-03    4.13003235E+00    2.69789539E+03
   1.04306958E-03    4.15611984E+00    2.69004102E+03
   1.05284396E-03    4.18237508E+00    2.68220585E+03
   1.06270994E-03    4.20879907E+00    2.67438964E+03
   1.07266838E-03    4.23539285E+00    2.66659215E+03
   1.08272013E-03    4.26215748E+00    2.65881318E+03
   1.09286607E-03    4.28909405E+00    2.65105255E+03
   1.10310709E-03    4.31620366E+00    2.64331014E+03
   1.11344407E-03    4.34348747E+00    2.63558584E+03
   1.12387792E-03    4.37094656E+00    2.62787946E+03
   1.13440954E-03    4.39858195E+00    2.62019070E+03
   1.14503986E-03    4.42639466E+00    2.61251924E+03
   1.15576979E-03    4.45438572E+00    2.60486480E+03
   1.16660026E-03    4.48255620E+00    2.59722712E+03
   1.17753223E-03    4.51090718E+00    2.58960599E+03
   1.18856663E-03    4.53943977E+00    2.58200120E+03
   1.19970444E-03    4.56815513E+00    2.57441262E+03
   1.21094662E-03    4.59705442E+00    2.56684010E+03
   1.22229415E-03    4.62613884E+00    2.55928357E+03
   1.23374801E-03    4.65540953E+00    2.55174283E+03
   1.24530920E-03    4.68486750E+00    2.54421751E+03
   1.25697873E-03    4.71451379E+00    2.53670725E+03
   1.26875762E-03    4.74434943E+00    2.52921172E+03
   1.28064688E-03    4.77437550E+00    2.52173062E+03
   1.29264755E-03    4.80459309E+00    2.51426367E+03
   1.30476068E-03    4.83500332E+00    2.50681064E+03
   1.31698731E-03    4.86560734E+00    2.49937131E+03
   1.32932853E-03    4.89640632E+00    2.49194551E+03
   1.34178538E-03    4.92740146E+00    2.48453310E+03
   1.35435897E-03    4.95859400E+00    2.47713399E+03
   1.36705039E-03    4.98998520E+00    2.46974811E+03
   1.37986073E-03    5.02157626E+00    2.46237527E+03
   1.39279111E-03    5.05336822E+00    2.45501510E+03
   1.40584267E-03    5.08536215E+00    2.44766724E+03
   1.41901652E-03    5.11755913E+00    2.44033135E+03
   1.43231383E-03    5.14996027E+00    2.43300713E+03
   1.44573574E-03    5.18256670E+00    2.42569430E+03
   1.45928342E-03    5.21537958E+00    2.41839261E+03
   1.47295806E-03    5.24840009E+00    2.41110188E+03
   1.48676084E-03    5.28162945E+00    2.40382192E+03
   1.50069297E-03    5.31506889E+00    2.39655260E+03
   1.51475564E-03    5.34871969E+00    2.38929383E+03
   1.52895010E-03    5.38258301E+00    2.38204535E+03
   1.54327757E-03    5.41665993E+00    2.37480679E+03
   1.55773930E-03    5.45095154E+00    2.36757780E+03
   1.57233655E-03    5.48545897E+00    2.36035805E+03
   1.58707058E-03    5.52018335E+00    2.35314728E+03
   1.60194269E-03    5.55512585E+00    2.34594522E+03
   1.61695416E-03    5.59028766E+00    2.33875166E+03
   1.63210629E-03    5.62567002E+00    2.33156643E+03
   1.64740042E-03    5.66127416E+00    2.32438939E+03
   1.66283786E-03    5.69710137E+00    2.31722042E+03
   1.67841997E-03    5.73315281E+00    2.31005925E+03
   1.69414809E-03    5.76942955E+00    2.30290550E+03
   1.71002359E-03    5.80593268E+00    2.29575882E+03
   1.72604786E-03    5.84266334E+00    2.28861888E+03
   1.74222229E-03    5.87962264E+00    2.28148539E+03
   1.75854829E-03    5.91681177E+00    2.27435811E+03
   1.77502728E-03    5.95423191E+00    2.26723681E+03
   1.79166069E-03    5.99188428E+00    2.26012131E+03
   1.80844996E-03    6.02977014E+00    2.25301149E+03
   1.82539657E-03    6.06789075E+00    2.24590722E+03
   1.84250197E-03    6.10624727E+00    2.23880825E+03
   1.85976767E-03    6.14484075E+00    2.23171417E+03
   1.87719516E-03    6.18367226E+00    2.22462461E+03
   1.89478597E-03    6.22274289E+00    2.21753924E+03
   1.91254161E-03    6.26205375E+00    2.21045776E+03
   1.93046363E-03    6.30160598E+00    2.20337990E+03
   1.94855360E-03    6.34140074E+00    2.19630544E+03
   1.96681309E-03    6.38143922E+00    2.18923418E+03
   1.98524368E-03    6.42172264E+00    2.18216599E+03
   2.00384698E-03    6.46225224E+00    2.17510076E+03
   2.02262461E-03    6.50302925E+00    2.16803836E+03
   2.04157820E-03    6.54405470E+00    2.16097841E+03
   2.06070940E-03    6.58532959E+00    2.15392048E+03
   2.08001987E-03    6.62685491E+00    2.14686419E+03
   2.09951130E-03    6.66863170E+00    2.13980920E+03
   2.11918538E-03    6.71066101E+00    2.13275517E+03
   2.13904382E-03    6.75294392E+00    2.12570184E+03
   2.15908835E-03    6.79548152E+00    2.11864897E+03
   2.17932071E-03    6.83827492E+00    2.11159635E+03
   2.19974267E-03    6.88132528E+00    2.10454382E+03
   2.22035600E-03    6.92463376E+00    2.09749128E+03
   2.24116249E-03    6.96820158E+00    2.09043865E+03
   2.26216395E-03    7.01202984E+00    2.08338577E+03
   2.28336221E-03    7.05611947E+00    2.07633219E+03
   2.30475912E-03    7.10047134E+00    2.06927752E+03
   2.32635653E-03    7.14508639E+00    2.06222134E+03
   2.34815633E-03    7.18996555E+00    2.05516332E+03
   2.37016041E-03    7.23510976E+00    2.04810313E+03
   2.39237068E-03    7.28051999E+00    2.04104050E+03
   2.41478909E-03    7.32619723E+00    2.03397519E+03
   2.43741757E-03    7.37214249E+00    2.02690700E+03
   2.46025809E-03    7.41835681E+00    2.01983579E+03
   2.48331266E-03    7.46484124E+00    2.01276144E+03
   2.50658326E-03    7.51159687E+00    2.00568387E+03
   2.53007192E-03    7.55862459E+00    1.99860282E+03
   2.55378069E-03    7.60592516E+00    1.99151785E+03
   2.57771164E-03    7.65349937E+00    1.98442857E+03
   2.60186683E-03    7.70134800E+00    1.97733463E+03
   2.62624838E-03    7.74947186E+00    1.97023569E+03
   2.65085840E-03    7.79787176E+00    1.96313149E+03
   2.67569903E-03    7.84654853E+00    1.95602179E+03
   2.70077245E-03    7.89550304E+00    1.94890638E+03
   2.72608082E-03    7.94473616E+00    1.94178511E+03
   2.75162635E-03    7.99424877E+00    1.93465788E+03
   2.77741126E-03    8.04404173E+00    1.92752454E+03
   2.80343780E-03    8.09411567E+00    1.92038471E+03
   2.82970822E-03    8.14447119E+00    1.91323800E+03
   2.85622482E-03    8.19510891E+00    1.90608407E+03
   2.88298991E-03    8.24602946E+00    1.89892260E+03
   2.91000580E-03    8.29723348E+00    1.89175332E+03
   2.93727485E-03    8.34872161E+00    1.88457600E+03
   2.96479944E-03    8.40049452E+00    1.87739046E+03
   2.99258195E-03    8.45255290E+00    1.87019657E+03
   3.02062480E-03    8.50489745E+00    1.86299422E+03
   3.04893044E-03    8.55752874E+00    1.85578321E+03
   3.07750133E-03    8.61044718E+00    1.84856316E+03
   3.10633995E-03    8.66365312E+00    1.84133365E+03
   3.13544881E-03    8.71714694E+00    1.83409436E+03
   3.16483044E-03    8.77092904E+00    1.82684496E+03
   3.19448740E-03    8.82499978E+00    1.81958518E+03
   3.22442227E-03    8.87935958E+00    1.81231480E+03
   3.25463765E-03    8.93400884E+00    1.80503364E+03
   3.28513618E-03    8.98894797E+00    1.79774155E+03
   3.31592050E-03    9.04417741E+00    1.79043846E+03
   3.34699329E-03    9.09969758E+00    1.78312429E+03
   3.37835726E-03    9.15550864E+00    1.77579873E+03
   3.41001514E-03    9.21161067E+00    1.76846139E+03
   3.44196967E-03    9.26800372E+00    1.76111191E+03
   3.47422365E-03    9.32468785E+00    1.75374996E+03
   3.50677987E-03    9.38166310E+00    1.74637526E+03
   3.53964116E-03    9.43892954E+00    1.73898756E+03
   3.57281039E-03    9.49648723E+00    1.73158668E+03
   3.60629045E-03    9.55433622E+00    1.72417245E+03
   3.64008424E-03    9.61247660E+00    1.71674477E+03
   3.67419470E-03    9.67090842E+00    1.70930360E+03
   3.70862481E-03    9.72963160E+00    1.70184873E+03
   3.74337755E-03    9.78864585E+00    1.69437980E+03
   3.77845596E-03    9.84795083E+00    1.68689645E+03
   3.81386307E-03    9.90754622E+00    1.67939837E+03
   3.84960198E-03    9.96743167E+00    1.67188529E+03
   3.88567579E-03    1.00276068E+01    1.66435698E+03
   3.92208764E-03    1.00880714E+01    1.65681326E+03
   3.95884070E-03    1.01488249E+01    1.64925398E+03
   3.99593817E-03    1.02098671E+01    1.64167905E+03
   4.03338326E-03    1.02711976E+01    1.63408842E+03
   4.07117925E-03    1.03328159E+01    1.62648189E+03
   4.10932941E-03    1.03947211E+01    1.61885913E+03
   4.14783708E-03    1.04569125E+01    1.61121980E+03
   4.18670559E-03    1.05193893E+01    1.60356364E+03
   4.22593832E-03    1.05821508E+01    1.59589040E+03
   4.26553870E-03    1.06451960E+01    1.58819991E+03
   4.30551017E-03    1.07085242E+01    1.58049200E+03
   4.34585620E-03    1.07721345E+01    1.57276658E+03
   4.38658030E-03    1.08360260E+01    1.56502360E+03
   4.42768603E-03    1.09001979E+01    1.55726297E+03
   4.46917694E-03    1.09646488E+01    1.54948438E+03
   4.51105666E-03    1.10293776E+01    1.54168754E+03
   4.55332882E-03    1.10943828E+01    1.53387218E+03
   4.59599711E-03    1.11596631E+01    1.52603809E+03
   4.63906523E-03    1.12252173E+01    1.51818507E+03
   4.68253694E-03    1.12910438E+01    1.51031301E+03
   4.72641600E-03    1.13571413E+01    1.50242182E+03
   4.77070626E-03    1.14235084E+01    1.49451145E+03
   4.81541154E-03    1.14901436E+01    1.48658186E+03
   4.86053575E-03    1.15570451E+01    1.47863280E+03
   4.90608281E-03    1.16242110E+01    1.47066398E+03
   4.95205668E-03    1.16916394E+01    1.46267519E+03
   4.99846136E-03    1.17593283E+01    1.45466623E+03
   5.04530089E-03    1.18272757E+01    1.44663696E+03
   5.09257934E-03    1.18954797E+01    1.43858728E+03
   5.14030084E-03    1.19639383E+01    1.43051714E+03
   5.18846951E-03    1.20326492E+01    1.42242651E+03
   5.23708957E-03    1.21016103E+01    1.41431527E+03
   5.28616524E-03    1.21708191E+01    1.40618318E+03
   5.33570078E-03    1.22402730E+01    1.39803007E+03
   5.38570051E-03    1.23099695E+01    1.38985581E+03
   5.43616878E-03    1.23799060E+01    1.38166031E+03
   5.48710997E-03    1.24500799E+01    1.37344350E+03
   5.53852852E-03    1.25204884E+01    1.36520535E+03
   5.59042891E-03    1.25911286E+01    1.35694569E+03
   5.64281564E-03    1.26619975E+01    1.34866435E+03
   5.69569328E-03    1.27330918E+01    1.34036122E+03
   5.74906643E-03    1.28044086E+01    1.33203620E+03
   5.80293972E-03    1.28759446E+01    1.32368928E+03
   5.85731785E-03    1.29476966E+01    1.31532047E+03
   5.91220554E-03    1.30196612E+01    1.30692976E+03
   5.96760758E-03    1.30918347E+01    1.29851700E+03
   6.02352877E-03    1.31642135E+01    1.29008200E+03
   6.07997399E-03    1.32367936E+01    1.28162464E+03
   6.13694815E-03    1.33095712E+01    1.27314482E+03
   6.19445620E-03    1.33825423E+01    1.26464251E+03
   6.25250315E-03    1.34557028E+01    1.25611770E+03
   6.31109404E-03    1.35290489E+01    1.24757044E+03
   6.37023398E-03    1.36025763E+01    1.23900080E+03
   6.42992810E-03    1.36762806E+01    1.23040876E+03
   6.49018161E-03    1.37501573E+01    1.22179420E+03
   6.55099973E-03    1.38242016E+01    1.21315705E+03
   6.61238777E-03    1.38984089E+01    1.20449729E+03
   6.67435107E-03    1.39727742E+01    1.19581493E+03
   6.73689501E-03    1.40472927E+01    1.18711001E+03
   6.80002504E-03    1.41219593E+01    1.17838254E+03
   6.86374664E-03    1.41967687E+01    1.16963244E+03
   6.92806537E-03    1.42717155E+01    1.16085972E+03
   6.99298681E-03    1.43467942E+01    1.15206438E+03
   7.05851662E-03    1.44219994E+01    1.14324651E+03
   7.12466050E-03    1.44973255E+01    1.13440620E+03
   7.19142419E-03    1.45727666E+01    1.12554349E+03
   7.25881352E-03    1.46483165E+01    1.11665836E+03
   7.32683433E-03    1.47239692E+01    1.10775083E+03
   7.39549256E-03    1.47997185E+01    1.09882094E+03
   7.46479416E-03    1.48755578E+01    1.08986879E+03
   7.53474518E-03    1.49514810E+01    1.08089451E+03
   7.60535169E-03    1.50274812E+01    1.07189816E+03
   7.67661984E-03    1.51035516E+01    1.06287979E+03
   7.74855583E-03    1.51796854E+01    1.05383950E+03
   7.82116592E-03    1.52558754E+01    1.04477742E+03
   7.89445642E-03    1.53321146E+01    1.03569373E+03
   7.96843371E-03    1.54083956E+01    1.02658856E+03
   8.04310423E-03    1.54847108E+01    1.01746194E+03
   8.11847447E-03    1.55610523E+01    1.00831391E+03
   8.19455099E-03    1.56374122E+01    9.99144555E+02
   8.27134040E-03    1.57137825E+01    9.89954007E+02
   8.34884939E-03    1.57901550E+01    9.80742429E+02
   8.42708470E-03    1.58665216E+01    9.71510031E+02
   8.50605314E-03    1.59428740E+01    9.62257064E+02
   8.58576158E-03    1.60192038E+01    9.52983807E+02
   8.66621694E-03    1.60955022E+01    9.43690418E+02
   8.74742624E-03    1.61717601E+01    9.34377019E+02
   8.82939653E-03    1.62479683E+01    9.25043772E+02
   8.91213495E-03    1.63241176E+01    9.15690876E+02
   8.99564869E-03    1.64001985E+01    9.06318572E+02
   9.07994503E-03    1.64762017E+01    8.96927115E+02
   9.16503128E-03    1.65521171E+01    8.87516699E+02
   9.25091486E-03    1.66279348E+01    8.78087528E+02
   9.33760324E-03    1.67036447E+01    8.68639850E+02
   9.42510396E-03    1.67792365E+01    8.59173947E+02
   9.51342463E-03    1.68547000E+01    8.49690143E+02
   9.60257293E-03    1.69300244E+01    8.40188721E+02
   9.69255662E-03    1.70051989E+01    8.30669926E+02
   9.78338353E-03    1.70802125E+01    8.21134038E+02
   9.87506156E-03    1.71550539E+01    8.11581377E+02
   9.96759869E-03    1.72297121E+01    8.02012289E+02
   1.00610030E-02    1.73041753E+01    7.92427081E+02
   1.01552825E-02    1.73784317E+01    7.82826064E+02
   1.02504455E-02    1.74524696E+01    7.73209586E+02
   1.03465003E-02    1.75262769E+01    7.63578035E+02
   1.04434552E-02    1.75998414E+01    7.53931785E+02
   1.05413186E-02    1.76731505E+01    7.44271172E+02
   1.06400991E-02    1.77461915E+01    7.34596557E+02
   1.07398052E-02    1.78189515E+01    7.24908343E+02
   1.08404457E-02    1.78914177E+01    7.15206968E+02
   1.09420292E-02    1.79635770E+01    7.05492878E+02
   1.10445646E-02    1.80354158E+01    6.95766461E+02
   1.11480609E-02    1.81069204E+01    6.86028125E+02
   1.12525271E-02    1.81780771E+01    6.76278312E+02
   1.13579721E-02    1.82488719E+01    6.66517504E+02
   1.14644053E-02    1.83192908E+01    6.56746203E+02
   1.15718358E-02    1.83893193E+01    6.46964868E+02
   1.16802731E-02    1.84589428E+01    6.37173957E+02
   1.17897265E-02    1.85281465E+01    6.27373966E+02
   1.19002055E-02    1.85969155E+01    6.17565424E+02
   1.20117198E-02    1.86652349E+01    6.07748895E+02
   1.21242791E-02    1.87330893E+01    5.97924908E+02
   1.22378932E-02    1.88004629E+01    5.88093962E+02
   1.23525719E-02    1.88673399E+01    5.78256586E+02
   1.24683253E-02    1.89337043E+01    5.68413341E+02
   1.25851633E-02    1.89995402E+01    5.58564823E+02
   1.27030963E-02    1.90648313E+01    5.48711663E+02
   1.28221343E-02    1.91295615E+01    5.38854500E+02
   1.29422878E-02    1.91937137E+01    5.28993910E+02
   1.30635673E-02    1.92572709E+01    5.19130481E+02
   1.31859832E-02    1.93202159E+01    5.09264831E+02
   1.33095463E-02    1.93825314E+01    4.99397612E+02
   1.34342673E-02    1.94442002E+01    4.89529507E+02
   1.35601570E-02    1.95052048E+01    4.79661217E+02
   1.36872263E-02    1.95655271E+01    4.69793410E+02
   1.38154865E-02    1.96251491E+01    4.59926760E+02
   1.39449485E-02    1.96840526E+01    4.50061976E+02
   1.40756237E-02    1.97422192E+01    4.40199784E+02
   1.42075234E-02    1.97996302E+01    4.30340898E+02
   1.43406591E-02    1.98562668E+01    4.20486055E+02
   1.44750424E-02    1.99121102E+01    4.10636022E+02
   1.46106850E-02    1.99671412E+01    4.00791569E+02
   1.47475986E-02    2.00213404E+01    3.90953456E+02
   1.48857953E-02    2.00746884E+01    3.81122466E+02
   1.50252869E-02    2.01271655E+01    3.71299412E+02
   1.51660857E-02    2.01787520E+01    3.61485117E+02
   1.53082039E-02    2.02294278E+01    3.51680384E+02
   1.54516539E-02    2.02791725E+01    3.41886040E+02
   1.55964481E-02    2.03279660E+01    3.32102936E+02
   1.57425991E-02    2.03757879E+01    3.22331951E+02
   1.58901197E-02    2.04226176E+01    3.12573949E+02
   1.60390227E-02    2.04684340E+01    3.02829798E+02
   1.61893210E-02    2.05132163E+01    2.93100388E+02
   1.63410277E-02    2.05569433E+01    2.83386635E+02
   1.64941561E-02    2.05995941E+01    2.73689462E+02
   1.66487193E-02    2.06411470E+01    2.64009784E+02
   1.68047310E-02    2.06815805E+01    2.54348535E+02
   1.69622046E-02    2.07208730E+01    2.44706672E+02
   1.71211538E-02    2.07590030E+01    2.35085167E+02
   1.72815926E-02    2.07959482E+01    2.25484979E+02
   1.74435347E-02    2.08316867E+01    2.15907085E+02
   1.76069944E-02    2.08661962E+01    2.06352482E+02
   1.77719859E-02    2.08994548E+01    1.96822185E+02
   1.79385234E-02    2.09314402E+01    1.87317212E+02
   1.81066215E-02    2.09621297E+01    1.77838578E+02
   1.82762949E-02    2.09915006E+01    1.68387315E+02
   1.84475582E-02    2.10195304E+01    1.58964473E+02
   1.86204264E-02    2.10461968E+01    1.49571120E+02
   1.87949145E-02    2.10714767E+01    1.40208320E+02
   1.89710377E-02    2.10953472E+01    1.30877140E+02
   1.91488113E-02    2.11177853E+01    1.21578669E+02
   1.93282508E-02    2.11387682E+01    1.12314005E+02
   1.95093717E-02    2.11582731E+01    1.03084259E+02
   1.96921900E-02    2.11762767E+01    9.38905394E+01
   1.98767213E-02    2.11927556E+01    8.47339674E+01
   2.00629819E-02    2.12076868E+01    7.56156766E+01
   2.02509879E-02    2.12210476E+01    6.65368114E+01
   2.04407556E-02    2.12328146E+01    5.74985201E+01
   2.06323017E-02    2.12429646E+01    4.85019587E+01
   2.08256426E-02    2.12514744E+01    3.95482929E+01
   2.10207953E-02    2.12583209E+01    3.06386956E+01
   2.12177768E-02    2.12634810E+01    2.17743470E+01
   2.14166041E-02    2.12669316E+01    1.29564354E+01
   2.16172946E-02    2.12686496E+01    4.18615512E+00
   2.18198657E-02    2.12686120E+01   -4.53529251E+00
   2.20243351E-02    2.12667959E+01   -1.32066999E+01
   2.22307205E-02    2.12631785E+01   -2.18268531E+01
   2.24390399E-02    2.12577368E+01   -3.03945320E+01
   2.26493115E-02    2.12504482E+01   -3.89085126E+01
   2.28615534E-02    2.12412902E+01   -4.73675633E+01
   2.30757842E-02    2.12302400E+01   -5.57704485E+01
   2.32920225E-02    2.12172756E+01   -6.41159303E+01
   2.35102872E-02    2.12023745E+01   -7.24027621E+01
   2.37305971E-02    2.11855147E+01   -8.06296972E+01
   2.39529716E-02    2.11666744E+01   -8.87954865E+01
   2.41774298E-02    2.11458315E+01   -9.68988701E+01
   2.44039914E-02    2.11229644E+01   -1.04938590E+02
   2.46326761E-02    2.10980520E+01   -1.12913393E+02
   2.48635037E-02    2.10710732E+01   -1.20822014E+02
   2.50964944E-02    2.10420065E+01   -1.28663184E+02
   2.53316684E-02    2.10108314E+01   -1.36435640E+02
   2.55690461E-02    2.09775276E+01   -1.44138122E+02
   2.58086483E-02    2.09420747E+01   -1.51769359E+02
   2.60504957E-02    2.09044528E+01   -1.59328086E+02
   2.62946094E-02    2.08646423E+01   -1.66813042E+02
   2.65410107E-02    2.08226236E+01   -1.74222952E+02
   2.67897209E-02    2.07783773E+01   -1.81556550E+02
   2.70407617E-02    2.07318854E+01   -1.88812586E+02
   2.72941550E-02    2.06831292E+01   -1.95989801E+02
   2.75499228E-02    2.06320906E+01   -2.03086927E+02
   2.78080874E-02    2.05787518E+01   -2.10102714E+02
   2.80686711E-02    2.05230961E+01   -2.17035923E+02
   2.83316967E-02    2.04651061E+01   -2.23885298E+02
   2.85971871E-02    2.04047653E+01   -2.30649593E+02
   2.88651653E-02    2.03420581E+01   -2.37327587E+02
   2.91356547E-02    2.02769689E+01   -2.43918046E+02
   2.94086788E-02    2.02094823E+01   -2.50419740E+02
   2.96842613E-02    2.01395841E+01   -2.56831463E+02
   2.99624263E-02    2.00672601E+01   -2.63152004E+02
   3.02431979E-02    1.99924965E+01   -2.69380155E+02
   3.05266006E-02    1.99152807E+01   -2.75514735E+02
   3.08126589E-02    1.98356001E+01   -2.81554566E+02
   3.11013979E-02    1.97534425E+01   -2.87498456E+02
   3.13928425E-02    1.96687967E+01   -2.93345251E+02
   3.16870183E-02    1.95816525E+01   -2.99093820E+02
   3.19839506E-02    1.94919995E+01   -3.04743006E+02
   3.22836655E-02    1.93998279E+01   -3.10291676E+02
   3.25861890E-02    1.93051297E+01   -3.15738737E+02
   3.28915473E-02    1.92078964E+01   -3.21083085E+02
   3.31997671E-02    1.91081206E+01   -3.26323621E+02
   3.35108751E-02    1.90057959E+01   -3.31459297E+02
   3.38248985E-02    1.89009166E+01   -3.36489060E+02
   3.41418645E-02    1.87934768E+01   -3.41411844E+02
   3.44618007E-02    1.86834720E+01   -3.46226633E+02
   3.47847350E-02    1.85708996E+01   -3.50932454E+02
   3.51106954E-02    1.84557564E+01   -3.55528313E+02
   3.54397104E-02    1.83380401E+01   -3.60013230E+02
   3.57718084E-02    1.82177502E+01   -3.64386288E+02
   3.61070185E-02    1.80948868E+01   -3.68646578E+02
   3.64453698E-02    1.79694494E+01   -3.72793149E+02
   3.67868917E-02    1.78414391E+01   -3.76825101E+02
   3.71316139E-02    1.77108588E+01   -3.80741601E+02
   3.74795665E-02    1.75777131E+01   -3.84541868E+02
   3.78307796E-02    1.74420060E+01   -3.88225069E+02
   3.81852839E-02    1.73037419E+01   -3.91790394E+02
   3.85431102E-02    1.71629278E+01   -3.95237105E+02
   3.89042896E-02    1.70195714E+01   -3.98564491E+02
   3.92688535E-02    1.68736801E+01   -4.01771806E+02
   3.96368336E-02    1.67252631E+01   -4.04858368E+02
   4.00082621E-02    1.65743318E+01   -4.07823577E+02
   4.03831711E-02    1.64208982E+01   -4.10666825E+02
   4.07615933E-02    1.62649734E+01   -4.13387470E+02
   4.11435616E-02    1.61065711E+01   -4.15984947E+02
   4.15291093E-02    1.59457072E+01   -4.18458783E+02
   4.19182698E-02    1.57823987E+01   -4.20808534E+02
   4.23110771E-02    1.56166613E+01   -4.23033668E+02
   4.27075653E-02    1.54485120E+01   -4.25133712E+02
   4.31077690E-02    1.52779708E+01   -4.27108290E+02
   4.35117228E-02    1.51050599E+01   -4.28957122E+02
   4.39194620E-02    1.49298016E+01   -4.30679904E+02
   4.43310220E-02    1.47522176E+01   -4.32276294E+02
   4.47464387E-02    1.45723324E+01   -4.33746042E+02
   4.51657482E-02    1.43901725E+01   -4.35088995E+02
   4.55889869E-02    1.42057643E+01   -4.36304954E+02
   4.60161917E-02    1.40191349E+01   -4.37393749E+02
   4.64473998E-02    1.38303145E+01   -4.38355318E+02
   4.68826486E-02    1.36393348E+01   -4.39189667E+02
   4.73219761E-02    1.34462267E+01   -4.39896731E+02
   4.77654203E-02    1.32510231E+01   -4.40476522E+02
   4.82130201E-02    1.30537597E+01   -4.40929167E+02
   4.86648141E-02    1.28544725E+01   -4.41254789E+02
   4.91208419E-02    1.26531977E+01   -4.41453495E+02
   4.95811430E-02    1.24499744E+01   -4.41525509E+02
   5.00457574E-02    1.22448435E+01   -4.41471132E+02
   5.05147257E-02    1.20378452E+01   -4.41290602E+02
   5.09880886E-02    1.18290218E+01   -4.40984235E+02
   5.14658872E-02    1.16184183E+01   -4.40552471E+02
   5.19481632E-02    1.14060799E+01   -4.39995727E+02
   5.24349585E-02    1.11920528E+01   -4.39314457E+02
   5.29263155E-02    1.09763865E+01   -4.38509251E+02
   5.34222769E-02    1.07591302E+01   -4.37580671E+02
   5.39228858E-02    1.05403325E+01   -4.36529226E+02
   5.44281858E-02    1.03200450E+01   -4.35355552E+02
   5.49382209E-02    1.00983224E+01   -4.34060429E+02
   5.54530354E-02    9.87522251E+00   -4.32644763E+02
   5.59726742E-02    9.65080031E+00   -4.31109305E+02
   5.64971823E-02    9.42511043E+00   -4.29454772E+02
   5.70266056E-02    9.19821071E+00   -4.27682023E+02
   5.75609899E-02    8.97016239E+00   -4.25792072E+02
   5.81003818E-02    8.74103005E+00   -4.23786084E+02
   5.86448283E-02    8.51087696E+00   -4.21665138E+02
   5.91943766E-02    8.27976356E+00   -4.19430161E+02
   5.97490747E-02    8.04775319E+00   -4.17082208E+02
   6.03089707E-02    7.81491255E+00   -4.14622494E+02
   6.08741134E-02    7.58131184E+00   -4.12052395E+02
   6.14445519E-02    7.34702298E+00   -4.09373364E+02
   6.20203359E-02    7.11211330E+00   -4.06586604E+02
   6.26015154E-02    6.87665119E+00   -4.03693363E+02
   6.31881411E-02    6.64070834E+00   -4.00695050E+02
   6.37802638E-02    6.40435986E+00   -3.97593237E+02
   6.43779353E-02    6.16768347E+00   -3.94389624E+02
   6.49812074E-02    5.93075346E+00   -3.91085725E+02
   6.55901326E-02    5.69364419E+00   -3.87683048E+02
   6.62047639E-02    5.45643328E+00   -3.84183268E+02
   6.68251549E-02    5.21920164E+00   -3.80588225E+02
   6.74513593E-02    4.98202932E+00   -3.76899712E+02
   6.80834319E-02    4.74499403E+00   -3.73119390E+02
   6.87214274E-02    4.50817622E+00   -3.69249066E+02
   6.93654014E-02    4.27165957E+00   -3.65290717E+02
   7.00154100E-02    4.03553021E+00   -3.61246455E+02
   7.06715097E-02    3.79987044E+00   -3.57118182E+02
   7.13337576E-02    3.56476203E+00   -3.52907776E+02
   7.20022112E-02    3.33028973E+00   -3.48617282E+02
   7.26769288E-02    3.09654137E+00   -3.44248917E+02
   7.33579690E-02    2.86360752E+00   -3.39805062E+02
   7.40453911E-02    2.63157469E+00   -3.35287869E+02
   7.47392549E-02    2.40052575E+00   -3.30699304E+02
   7.54396207E-02    2.17054603E+00   -3.26041475E+02
   7.61465496E-02    1.94172354E+00   -3.21316661E+02
   7.68601029E-02    1.71414906E+00   -3.16527313E+02
   7.75803427E-02    1.48791623E+00   -3.11676062E+02
   7.83073318E-02    1.26311749E+00   -3.06765484E+02
   7.90411334E-02    1.03983824E+00   -3.01797768E+02
   7.97818112E-02    8.18164813E-01   -2.96775176E+02
   8.05294298E-02    5.98185780E-01   -2.91700133E+02
   8.12840541E-02    3.79992057E-01   -2.86575228E+02
   8.20457499E-02    1.63676922E-01   -2.81403225E+02
   8.28145834E-02   -5.06674246E-02   -2.76186848E+02
   8.35906214E-02   -2.62955020E-01   -2.70928469E+02
   8.43739316E-02   -4.73099311E-01   -2.65630535E+02
   8.51645819E-02   -6.81011930E-01   -2.60295646E+02
   8.59626413E-02   -8.86602668E-01   -2.54926564E+02
   8.67681792E-02   -1.08977967E+00   -2.49526203E+02
   8.75812655E-02   -1.29045481E+00   -2.44097273E+02
   8.84019712E-02   -1.48854433E+00   -2.38642248E+02
   8.92303674E-02   -1.68396347E+00   -2.33163723E+02
   9.00665265E-02   -1.87662620E+00   -2.27664442E+02
   9.09105209E-02   -2.06644524E+00   -2.22147301E+02
   9.17624243E-02   -2.25333398E+00   -2.16615212E+02
   9.26223107E-02   -2.43721099E+00   -2.11070781E+02
   9.34902549E-02   -2.61799526E+00   -2.05516663E+02
   9.43663324E-02   -2.79560511E+00   -1.99955648E+02
   9.52506195E-02   -2.96995903E+00   -1.94390597E+02
   9.61431930E-02   -3.14097878E+00   -1.88824202E+02
   9.70441307E-02   -3.30858681E+00   -1.83259205E+02
   9.79535108E-02   -3.47270600E+00   -1.77698413E+02
   9.88714126E-02   -3.63326206E+00   -1.72144503E+02
   9.97979158E-02   -3.79018155E+00   -1.66600205E+02
   1.00733101E-01   -3.94339170E+00   -1.61068318E+02
   1.01677050E-01   -4.09282272E+00   -1.55551495E+02
   1.02629844E-01   -4.23840614E+00   -1.50052418E+02
   1.03591567E-01   -4.38007455E+00   -1.44573828E+02
   1.04562302E-01   -4.51776337E+00   -1.39118335E+02
   1.05542133E-01   -4.65140952E+00   -1.33688582E+02
   1.06531146E-01   -4.78095151E+00   -1.28287239E+02
   1.07529427E-01   -4.90633074E+00   -1.22916832E+02
   1.08537063E-01   -5.02749036E+00   -1.17579927E+02
   1.09554141E-01   -5.14437527E+00   -1.12279125E+02
   1.10580749E-01   -5.25693327E+00   -1.07016890E+02
   1.11616978E-01   -5.36511425E+00   -1.01795707E+02
   1.12662918E-01   -5.46887047E+00   -9.66180304E+01
   1.13718658E-01   -5.56815678E+00   -9.14862328E+01
   1.14784292E-01   -5.66293042E+00   -8.64027215E+01
   1.15859911E-01   -5.75315125E+00   -8.13697999E+01
   1.16945610E-01   -5.83878184E+00   -7.63897524E+01
   1.18041483E-01   -5.91978743E+00   -7.14648454E+01
   1.19147625E-01   -5.99613597E+00   -6.65972497E+01
   1.20264132E-01   -6.06779840E+00   -6.17891438E+01
   1.21391102E-01   -6.13474824E+00   -5.70426057E+01
   1.22528632E-01   -6.19696215E+00   -5.23596891E+01
   1.23676823E-01   -6.25441978E+00   -4.77424109E+01
   1.24835772E-01   -6.30710367E+00   -4.31927055E+01
   1.26005582E-01   -6.35499949E+00   -3.87124662E+01
   1.27186354E-01   -6.39809592E+00   -3.43035199E+01
   1.28378190E-01   -6.43638497E+00   -2.99676516E+01
   1.29581195E-01   -6.46986152E+00   -2.57065653E+01
   1.30795473E-01   -6.49852403E+00   -2.15219232E+01
   1.32021130E-01   -6.52237395E+00   -1.74153127E+01
   1.33258272E-01   -6.54141599E+00   -1.33882585E+01
   1.34507008E-01   -6.55565826E+00   -9.44222179E+00
   1.35767445E-01   -6.56511212E+00   -5.57859785E+00
   1.37039693E-01   -6.56979231E+00   -1.79871279E+00
   1.38323863E-01   -6.56971690E+00    1.89617604E+00
   1.39620067E-01   -6.56490724E+00    5.50488195E+00
   1.40928417E-01   -6.55538815E+00    9.02628815E+00
   1.42249028E-01   -6.54118776E+00    1.24593501E+01
   1.43582013E-01   -6.52233762E+00    1.58030957E+01
   1.44927490E-01   -6.49887263E+00    1.90566264E+01
   1.46285575E-01   -6.47083090E+00    2.22191185E+01
   1.47656387E-01   -6.43825426E+00    2.52898211E+01
   1.49040044E-01   -6.40118745E+00    2.82680601E+01
   1.50436666E-01   -6.35967888E+00    3.11532359E+01
   1.51846377E-01   -6.31378019E+00    3.39448256E+01
   1.53269297E-01   -6.26354594E+00    3.66423819E+01
   1.54705552E-01   -6.20903467E+00    3.92455347E+01
   1.56155265E-01   -6.15030720E+00    4.17539882E+01
   1.57618563E-01   -6.08742845E+00    4.41675257E+01
   1.59095573E-01   -6.02046628E+00    4.64860074E+01
   1.60586425E-01   -5.94949087E+00    4.87093645E+01
   1.62091246E-01   -5.87457589E+00    5.08376071E+01
   1.63610169E-01   -5.79579892E+00    5.28708250E+01
   1.65143326E-01   -5.71323967E+00    5.48091805E+01
   1.66690849E-01   -5.62698014E+00    5.66529040E+01
   1.68252874E-01   -5.53710598E+00    5.84023071E+01
   1.69829536E-01   -5.44370587E+00    6.00577761E+01
   1.71420973E-01   -5.34687065E+00    6.16197668E+01
   1.73027323E-01   -5.24669350E+00    6.30888030E+01
   1.74648726E-01   -5.14327109E+00    6.44654895E+01
   1.76285322E-01   -5.03670136E+00    6.57504873E+01
   1.77937255E-01   -4.92708582E+00    6.69445406E+01
   1.79604668E-01   -4.81452737E+00    6.80484495E+01
   1.81287705E-01   -4.69913165E+00    6.90630883E+01
   1.82986514E-01   -4.58100614E+00    6.99893921E+01
   1.84701242E-01   -4.46026066E+00    7.08283645E+01
   1.86432039E-01   -4.33700636E+00    7.15810633E+01
   1.88179054E-01   -4.21135684E+00    7.22486166E+01
   1.89942441E-01   -4.08342704E+00    7.28322054E+01
   1.91722351E-01   -3.95333360E+00    7.33330714E+01
   1.93518941E-01   -3.82119491E+00    7.37525149E+01
   1.95332366E-01   -3.68712969E+00    7.40918755E+01
   1.97162785E-01   -3.55126006E+00    7.43525776E+01
   1.99010356E-01   -3.41370648E+00    7.45360534E+01
   2.00875240E-01   -3.27459345E+00    7.46438312E+01
   2.02757600E-01   -3.13404338E+00    7.46774381E+01
   2.04657599E-01   -2.99218234E+00    7.46384933E+01
   2.06575402E-01   -2.84913446E+00    7.45286161E+01
   2.08511177E-01   -2.70502666E+00    7.43495051E+01
   2.10465091E-01   -2.55998439E+00    7.41028649E+01
   2.12437315E-01   -2.41413509E+00    7.37904681E+01
   2.14428020E-01   -2.26760473E+00    7.34140919E+01
   2.16437380E-01   -2.12052030E+00    7.29755659E+01
   2.18465570E-01   -1.97300943E+00    7.24767623E+01
   2.20512764E-01   -1.82519608E+00    7.19195184E+01
   2.22579143E-01   -1.67720885E+00    7.13057923E+01
   2.24664886E-01   -1.52917217E+00    7.06374952E+01
   2.26770173E-01   -1.38121050E+00    6.99165743E+01
   2.28895189E-01   -1.23345058E+00    6.91450549E+01
   2.31040117E-01   -1.08601186E+00    6.83248512E+01
   2.33205146E-01   -9.39016688E-01    6.74579718E+01
   2.35390462E-01   -7.92589849E-01    6.65465113E+01
   2.37596257E-01   -6.46848129E-01    6.55924350E+01
   2.39822721E-01   -5.01910077E-01    6.45977839E+01
   2.42070049E-01   -3.57894937E-01    6.35646512E+01
   2.44338437E-01   -2.14913991E-01    6.24949960E+01
   2.46628081E-01   -7.30808500E-02    6.13908694E+01
   2.48939181E-01    6.74891134E-02    6.02544023E+01
   2.51271938E-01    2.06689952E-01    5.90875535E+01
   2.53626554E-01    3.44415913E-01    5.78923221E+01
   2.56003235E-01    4.80558231E-01    5.66708215E+01
   2.58402188E-01    6.15015632E-01    5.54250303E+01
   2.60823620E-01    7.47691133E-01    5.41568721E+01
   2.63267744E-01    8.78484999E-01    5.28683862E+01
   2.65734770E-01    1.00730157E+00    5.15615587E+01
   2.68224915E-01    1.13405047E+00    5.02382942E+01
   2.70738394E-01    1.25864230E+00    4.89005245E+01
   2.73275427E-01    1.38099135E+00    4.75501381E+01
   2.75836233E-01    1.50101459E+00    4.61890072E+01
   2.78421037E-01    1.61863245E+00    4.48189686E+01
   2.81030062E-01    1.73376819E+00    4.34418396E+01
   2.83663535E-01    1.84634918E+00    4.20593825E+01
   2.86321687E-01    1.95630497E+00    4.06733613E+01
   2.89004747E-01    2.06356937E+00    3.92854808E+01
   2.91712950E-01    2.16807982E+00    3.78974041E+01
   2.94446530E-01    2.26977669E+00    3.65107760E+01
   2.97205727E-01    2.36860447E+00    3.51271829E+01
   2.99990779E-01    2.46451097E+00    3.37481839E+01
   3.02801930E-01    2.55744787E+00    3.23752864E+01
   3.05639423E-01    2.64737056E+00    3.10099565E+01
   3.08503506E-01    2.73423799E+00    2.96536200E+01
   3.11394427E-01    2.81801304E+00    2.83076530E+01
   3.14312439E-01    2.89866237E+00    2.69733837E+01
   3.17257795E-01    2.97615640E+00    2.56520947E+01
   3.20230751E-01    3.05046930E+00    2.43450218E+01
   3.23231566E-01    3.12157917E+00    2.30533464E+01
   3.26260501E-01    3.18946779E+00    2.17782044E+01
   3.29317820E-01    3.25412076E+00    2.05206815E+01
   3.32403788E-01    3.31552746E+00    1.92818126E+01
   3.35518674E-01    3.37368105E+00    1.80625741E+01
   3.38662749E-01    3.42857835E+00    1.68639022E+01
   3.41836286E-01    3.48021990E+00    1.56866763E+01
   3.45039562E-01    3.52860989E+00    1.45317173E+01
   3.48272855E-01    3.57375614E+00    1.33998048E+01
   3.51536447E-01    3.61567000E+00    1.22916602E+01
   3.54830621E-01    3.65436634E+00    1.12079517E+01
   3.58155664E-01    3.68986346E+00    1.01492980E+01
   3.61511866E-01    3.72218309E+00    9.11626577E+00
   3.64899517E-01    3.75135021E+00    8.10936747E+00
   3.68318914E-01    3.77739309E+00    7.12906714E+00
   3.71770353E-01    3.80034313E+00    6.17577622E+00
   3.75254135E-01    3.82023484E+00    5.24985624E+00
   3.78770562E-01    3.83710567E+00    4.35161879E+00
   3.82319942E-01    3.85099602E+00    3.48132633E+00
   3.85902581E-01    3.86194905E+00    2.63919275E+00
   3.89518793E-01    3.87001063E+00    1.82538445E+00
   3.93168892E-01    3.87522925E+00    1.04002103E+00
   3.96853195E-01    3.87765585E+00    2.83176236E-01
   4.00572023E-01    3.87734377E+00   -4.45120908E-01
   4.04325699E-01    3.87434863E+00   -1.14488504E+00
   4.08114550E-01    3.86872817E+00   -1.81617335E+00
   4.11938906E-01    3.86054218E+00   -2.45908432E+00
   4.15799099E-01    3.84985236E+00   -3.07375645E+00
   4.19695465E-01    3.83672221E+00   -3.66036695E+00
   4.23628343E-01    3.82121686E+00   -4.21913031E+00
   4.27598075E-01    3.80340302E+00   -4.75029693E+00
   4.31605006E-01    3.78334882E+00   -5.25415162E+00
   4.35649486E-01    3.76112364E+00   -5.73101209E+00
   4.39731866E-01    3.73679807E+00   -6.18122741E+00
   4.43852501E-01    3.71044371E+00   -6.60517648E+00
   4.48011749E-01    3.68213308E+00   -7.00326630E+00
   4.52209973E-01    3.65193950E+00   -7.37593065E+00
   4.56447538E-01    3.61993694E+00   -7.72362815E+00
   4.60724812E-01    3.58619993E+00   -8.04684087E+00
   4.65042167E-01    3.55080339E+00   -8.34607247E+00
   4.69399979E-01    3.51382251E+00   -8.62184647E+00
   4.73798628E-01    3.47533277E+00   -8.87470547E+00
   4.78238495E-01    3.43540959E+00   -9.10520819E+00
   4.82719968E-01    3.39412842E+00   -9.31392899E+00
   4.87243435E-01    3.35156448E+00   -9.50145546E+00
   4.91809291E-01    3.30779280E+00   -9.66838765E+00
   4.96417932E-01    3.26288797E+00   -9.81533575E+00
   5.01069760E-01    3.21692412E+00   -9.94291911E+00
   5.05765180E-01    3.16997480E+00   -1.00517644E+01
   5.10504599E-01    3.12211289E+00   -1.01425045E+01
   5.15288430E-01    3.07341049E+00   -1.02157768E+01
   5.20117090E-01    3.02393886E+00   -1.02722219E+01
   5.24990997E-01    2.97376828E+00   -1.03124821E+01
   5.29910578E-01    2.92296807E+00   -1.03372010E+01
   5.34876258E-01    2.87160638E+00   -1.03470210E+01
   5.39888471E-01    2.81975023E+00   -1.03425828E+01
   5.44947653E-01    2.76746536E+00   -1.03245239E+01
   5.50054242E-01    2.71481626E+00   -1.02934788E+01
   5.55208685E-01    2.66186596E+00   -1.02500754E+01
   5.60411429E-01    2.60867617E+00   -1.01949372E+01
   5.65662927E-01    2.55530700E+00   -1.01286790E+01
   5.70963635E-01    2.50181709E+00   -1.00519089E+01
   5.76314015E-01    2.44826352E+00   -9.96522622E+00
   5.81714533E-01    2.39470173E+00   -9.86922049E+00
   5.87165657E-01    2.34118548E+00   -9.76447090E+00
   5.92667863E-01    2.28776688E+00   -9.65154622E+00
   5.98221629E-01    2.23449631E+00   -9.53100365E+00
   6.03827438E-01    2.18142238E+00   -9.40338804E+00
   6.09485778E-01    2.12859199E+00   -9.26923219E+00
   6.15197141E-01    2.07605024E+00   -9.12905584E+00
   6.20962024E-01    2.02384038E+00   -8.98336467E+00
   6.26780929E-01    1.97200388E+00   -8.83265094E+00
   6.32654361E-01    1.92058044E+00   -8.67739303E+00
   6.38582832E-01    1.86960792E+00   -8.51805514E+00
   6.44566858E-01    1.81912232E+00   -8.35508591E+00
   6.50606958E-01    1.76915787E+00   -8.18891991E+00
   6.56703659E-01    1.71974699E+00   -8.01997692E+00
   6.62857491E-01    1.67092022E+00   -7.84866017E+00
   6.69068989E-01    1.62270641E+00   -7.67535947E+00
   6.75338694E-01    1.57513260E+00   -7.50044879E+00
   6.81667151E-01    1.52822404E+00   -7.32428629E+00
   6.88054910E-01    1.48200430E+00   -7.14721591E+00
   6.94502528E-01    1.43649516E+00   -6.96956537E+00
   7.01010566E-01    1.39171675E+00   -6.79164805E+00
   7.07579588E-01    1.34768753E+00   -6.61376197E+00
   7.14210168E-01    1.30442432E+00   -6.43619077E+00
   7.20902881E-01    1.26194234E+00   -6.25920326E+00
   7.27658310E-01    1.22025517E+00   -6.08305252E+00
   7.34477043E-01    1.17937496E+00   -5.90797960E+00
   7.41359673E-01    1.13931225E+00   -5.73420960E+00
   7.48306799E-01    1.10007618E+00   -5.56195479E+00
   7.55319025E-01    1.06167443E+00   -5.39141338E+00
   7.62396960E-01    1.02411327E+00   -5.22277044E+00
   7.69541222E-01    9.87397657E-01   -5.05619812E+00
   7.76752431E-01    9.51531215E-01   -4.89185564E+00
   7.84031215E-01    9.16516313E-01   -4.72989006E+00
   7.91378206E-01    8.82354090E-01   -4.57043626E+00
   7.98794045E-01    8.49044512E-01   -4.41361744E+00
   8.06279376E-01    8.16586406E-01   -4.25954545E+00
   8.13834851E-01    7.84977517E-01   -4.10832097E+00
   8.21461126E-01    7.54214539E-01   -3.96003429E+00
   8.29158865E-01    7.24293179E-01   -3.81476509E+00
   8.36928739E-01    6.95208181E-01   -3.67258342E+00
   8.44771422E-01    6.66953395E-01   -3.53354954E+00
   8.52687597E-01    6.39521805E-01   -3.39771469E+00
   8.60677954E-01    6.12905581E-01   -3.26512126E+00
   8.68743186E-01    5.87096134E-01   -3.13580318E+00
   8.76883996E-01    5.62084140E-01   -3.00978641E+00
   8.85101091E-01    5.37859604E-01   -2.88708921E+00
   8.93395187E-01    5.14411905E-01   -2.76772252E+00
   9.01767006E-01    4.91729812E-01   -2.65169041E+00
   9.10217275E-01    4.69801574E-01   -2.53899037E+00
   9.18746729E-01    4.48614916E-01   -2.42961370E+00
   9.27356112E-01    4.28157107E-01   -2.32354587E+00
   9.36046171E-01    4.08415002E-01   -2.22076688E+00
   9.44817663E-01    3.89375067E-01   -2.12125159E+00
   9.53671351E-01    3.71023423E-01   -2.02497006E+00
   9.62608004E-01    3.53345907E-01   -1.93188792E+00
   9.71628402E-01    3.36328066E-01   -1.84196663E+00
   9.80733327E-01    3.19955223E-01   -1.75516383E+00
   9.89923573E-01    3.04212521E-01   -1.67143370E+00
   9.99199938E-01    2.89084923E-01   -1.59072715E+00
   1.00856323E+00    2.74557270E-01   -1.51299222E+00
   1.01801426E+00    2.60614308E-01   -1.43817426E+00
   1.02755386E+00    2.47240714E-01   -1.36621630E+00
   1.03718285E+00    2.34421123E-01   -1.29705924E+00
   1.04690208E+00    2.22140175E-01   -1.23064214E+00
   1.05671238E+00    2.10382509E-01   -1.16690244E+00
   1.06661460E+00    1.99132817E-01   -1.10577620E+00
   1.07660963E+00    1.88375854E-01   -1.04719833E+00
   1.08669831E+00    1.78096467E-01   -9.91102812E-01
   1.09688153E+00    1.68279607E-01   -9.37422833E-01
   1.10716018E+00    1.58910375E-01   -8.86091125E-01
   1.11753514E+00    1.49974000E-01   -8.37039956E-01
   1.12800733E+00    1.41455895E-01   -7.90201454E-01
   1.13857765E+00    1.33341654E-01   -7.45507703E-01
   1.14924702E+00    1.25617072E-01   -7.02890906E-01
   1.16001637E+00    1.18268164E-01   -6.62283542E-01
   1.17088664E+00    1.11281165E-01   -6.23618462E-01
   1.18185877E+00    1.04642570E-01   -5.86829115E-01
   1.19293372E+00    9.83391066E-02   -5.51849507E-01
   1.20411245E+00    9.23577765E-02   -5.18614445E-01
   1.21539594E+00    8.66858497E-02   -4.87059572E-01
   1.22678516E+00    8.13108768E-02   -4.57121479E-01
   1.23828111E+00    7.62206946E-02   -4.28737779E-01
   1.24988478E+00    7.14034345E-02   -4.01847195E-01
   1.26159718E+00    6.68475195E-02   -3.76389592E-01
   1.27341935E+00    6.25416880E-02   -3.52306128E-01
   1.28535229E+00    5.84749679E-02   -3.29539174E-01
   1.29739706E+00    5.46367065E-02   -3.08032484E-01
   1.30955469E+00    5.10165541E-02   -2.87731157E-01
   1.32182625E+00    4.76044742E-02   -2.68581712E-01
   1.33421281E+00    4.43907409E-02   -2.50532105E-01
   1.34671544E+00    4.13659385E-02   -2.33531750E-01
   1.35933522E+00    3.85209601E-02   -2.17531541E-01
   1.37207327E+00    3.58470086E-02   -2.02483872E-01
   1.38493068E+00    3.33355852E-02   -1.88342602E-01
   1.39790857E+00    3.09785086E-02   -1.75063175E-01
   1.41100808E+00    2.87678799E-02   -1.62602444E-01
   1.42423034E+00    2.66961045E-02   -1.50918817E-01
   1.43757650E+00    2.47558771E-02   -1.39972175E-01
   1.45104773E+00    2.29401785E-02   -1.29723881E-01
   1.46464519E+00    2.12422712E-02   -1.20136764E-01
   1.47837008E+00    1.96556990E-02   -1.11175126E-01
   1.49222357E+00    1.81742686E-02   -1.02804653E-01
   1.50620689E+00    1.67920560E-02   -9.49924652E-02
   1.52032123E+00    1.55033955E-02   -8.77070553E-02
   1.53456784E+00    1.43028730E-02   -8.09182685E-02
   1.54894796E+00    1.31853219E-02   -7.45972821E-02
   1.56346282E+00    1.21458127E-02   -6.87165555E-02
   1.57811370E+00    1.11796538E-02   -6.32498423E-02
   1.59290188E+00    1.02823727E-02   -5.81720897E-02
   1.60782862E+00    9.44971921E-03   -5.34594606E-02
   1.62289525E+00    8.67765488E-03   -4.90892819E-02
   1.63810306E+00    7.96234437E-03   -4.50399974E-02
   1.65345338E+00    7.30015630E-03   -4.12911781E-02
   1.66894754E+00    6.68764180E-03   -3.78234043E-02
   1.68458690E+00    6.12154112E-03   -3.46183059E-02
   1.70037281E+00    5.59876914E-03   -3.16584840E-02
   1.71630664E+00    5.11641193E-03   -2.89274932E-02
   1.73238979E+00    4.67172066E-03   -2.64098100E-02
   1.74862365E+00    4.26209948E-03   -2.40907662E-02
   1.76500964E+00    3.88510478E-03   -2.19565463E-02
   1.78154917E+00    3.53843585E-03   -1.99941364E-02
   1.79824369E+00    3.21992931E-03   -1.81912940E-02
   1.81509466E+00    2.92755258E-03   -1.65365120E-02
   1.83210353E+00    2.65939806E-03   -1.50189872E-02
   1.84927179E+00    2.41367713E-03   -1.36285868E-02
   1.86660092E+00    2.18871348E-03   -1.23558117E-02
   1.88409245E+00    1.98294023E-03   -1.11917809E-02
   1.90174788E+00    1.79489021E-03   -1.01281765E-02
   1.91956876E+00    1.62319431E-03   -9.15723549E-03
   1.93755664E+00    1.46657473E-03   -8.27171132E-03
   1.95571307E+00    1.32384032E-03   -7.46484827E-03
   1.97403965E+00    1.19388193E-03   -6.73035502E-03
   1.99253796E+00    1.07566778E-03   -6.06237889E-03
   2.01120961E+00    9.68238610E-04   -5.45547834E-03
   2.03005623E+00    8.70704777E-04   -4.90460674E-03
   2.04907946E+00    7.82239933E-04   -4.40507660E-03
   2.06828096E+00    7.02079207E-04   -3.95254934E-03
   2.08766238E+00    6.29514375E-04   -3.54300793E-03
   2.10722543E+00    5.63890693E-04   -3.17273905E-03
   2.12697180E+00    5.04603970E-04   -2.83831641E-03
   2.14690320E+00    4.51095869E-04   -2.53657415E-03
   2.16702138E+00    4.02852307E-04   -2.26459775E-03
   2.18732808E+00    3.59399833E-04   -2.01970350E-03
   2.20782507E+00    3.20303100E-04   -1.79942409E-03
   2.22851414E+00    2.85161979E-04   -1.60149228E-03
   2.24939707E+00    2.53609734E-04   -1.42383043E-03
   2.27047570E+00    2.25309543E-04   -1.26453085E-03
   2.29175185E+00    1.99953394E-04   -1.12184940E-03
   2.31322738E+00    1.77259422E-04   -9.94190429E-04
   2.33490414E+00    1.56970400E-04   -8.80098133E-04
   2.35678404E+00    1.38851148E-04   -7.78241857E-04
   2.37886897E+00    1.22687543E-04   -6.87410451E-04
   2.40116085E+00    1.08284554E-04   -6.06501075E-04
   2.42366162E+00    9.54648264E-05   -5.34511161E-04
   2.44637325E+00    8.40672399E-05   -4.70530208E-04
   2.46929769E+00    7.39456248E-05   -4.13732477E-04
   2.49243696E+00    6.49674271E-05   -3.63369402E-04
   2.51579307E+00    5.70128862E-05   -3.18764903E-04
   2.53936804E+00    4.99733904E-05   -2.79306059E-04
   2.56316392E+00    4.37510748E-05   -2.44440799E-04
   2.58718279E+00    3.82577408E-05   -2.13671772E-04
   2.61142674E+00    3.34137348E-05   -1.86549979E-04
   2.63589787E+00    2.91474821E-05   -1.62672122E-04
   2.66059831E+00    2.53946880E-05   -1.41676065E-04
   2.68553022E+00    2.20976558E-05   -1.23236969E-04
   2.71069576E+00    1.92045975E-05   -1.07063377E-04
   2.73609712E+00    1.66692752E-05   -9.28951782E-05
   2.76173651E+00    1.44502241E-05   -8.04992073E-05
   2.78761616E+00    1.25104711E-05   -6.96676475E-05
   2.81373832E+00    1.08170498E-05   -6.02152806E-05
   2.84010528E+00    9.34064051E-06   -5.19774480E-05
   2.86671930E+00    8.05509412E-06   -4.48073607E-05
   2.89358273E+00    6.93721976E-06   -3.85748929E-05
   2.92069788E+00    5.96644620E-06   -3.31646686E-05
   2.94806713E+00    5.12457683E-06   -2.84746755E-05
   2.97569285E+00    4.39547050E-06   -2.44144641E-05
   3.00357744E+00    3.76489033E-06   -2.09042914E-05
   3.03172333E+00    3.22027674E-06   -1.78738411E-05
   3.06013297E+00    2.75058211E-06   -1.52612892E-05
   3.08880884E+00    2.34606014E-06   -1.30121185E-05
   3.11775341E+00    1.99816447E-06   -1.10785455E-05
   3.14696923E+00    1.69940004E-06   -9.41868330E-06
   3.17645881E+00    1.44319602E-06   -7.99582695E-06
   3.20622474E+00    1.22382063E-06   -6.77797273E-06
   3.23626960E+00    1.03624980E-06   -5.73708101E-06
   3.26659600E+00    8.76113139E-07   -4.84877148E-06
   3.29720658E+00    7.39603599E-07   -4.09181590E-06
   3.32810401E+00    6.23410932E-07   -3.44776452E-06
   3.35929098E+00    5.24662195E-07   -2.90061206E-06
   3.39077019E+00    4.40871336E-07   -2.43651485E-06
   3.42254438E+00    3.69880895E-07   -2.04346425E-06
   3.45461632E+00    3.09830707E-07   -1.71111107E-06
   3.48698881E+00    2.59115242E-07   -1.43052669E-06
   3.51966465E+00    2.16352093E-07   -1.19402673E-06
   3.55264668E+00    1.80352604E-07   -9.95006704E-07
   3.58593779E+00    1.50096457E-07   -8.27799933E-07
   3.61954086E+00    1.24709202E-07   -6.87551964E-07
   3.65345881E+00    1.03442753E-07   -5.70111654E-07
   3.68769461E+00    8.56580737E-08   -4.71934499E-07
   3.72225122E+00    7.08104016E-08   -3.90000193E-07
   3.75713165E+00    5.84355069E-08   -3.21736017E-07
   3.79233894E+00    4.81400966E-08   -2.64963311E-07
   3.82787616E+00    3.95887972E-08   -2.17825026E-07
   3.86374638E+00    3.24992362E-08   -1.78758267E-07
   3.89995273E+00    2.66316182E-08   -1.46436336E-07
   3.93649837E+00    2.17841455E-08   -1.19743230E-07
   3.97338647E+00    1.77866464E-08   -9.77382328E-08
   4.01062024E+00    1.44961146E-08   -7.96311227E-08
   4.04820292E+00    1.17924298E-08   -6.47584087E-08
   4.08613777E+00    9.57515983E-09   -5.25655739E-08
   4.12442811E+00    7.76013243E-09   -4.25880615E-08
   4.16307726E+00    6.27720139E-09   -3.44388806E-08
   4.20208858E+00    5.06790886E-09   -2.77956510E-08
   4.24146547E+00    4.08365925E-09   -2.23904855E-08
   4.28121135E+00    3.28413685E-09   -1.80012265E-08
   4.32132968E+00    2.63592225E-09   -1.44437894E-08
   4.36182396E+00    2.11145749E-09   -1.15664344E-08
   4.40269769E+00    1.68794089E-09   -9.24365803E-09
   4.44395445E+00    1.34663759E-09   -7.37238043E-09
   4.48559781E+00    1.07214632E-09   -5.86789473E-09
   4.52763140E+00    8.51842043E-10   -4.66078930E-09
   4.57005888E+00    6.75394339E-10   -3.69428883E-09
   4.61288395E+00    5.34368315E-10   -2.92205276E-09
   4.65611031E+00    4.21891230E-10   -2.30633647E-09
   4.69974174E+00    3.32374826E-10   -1.81646066E-09
   4.74378203E+00    2.61284456E-10   -1.42753917E-09
   4.78823502E+00    2.04950706E-10   -1.11944139E-09
   4.83310456E+00    1.60408189E-10   -8.75904671E-10
   4.87839457E+00    1.25267146E-10   -6.83827799E-10
   4.92410898E+00    9.76055041E-11   -5.32677113E-10
   4.97025177E+00    7.58781404E-11   -4.13987671E-10
   5.01682695E+00    5.88549708E-11   -3.21022779E-10
   5.06383858E+00    4.55444929E-11   -2.48354122E-10
   5.11129075E+00    3.51614620E-11   -1.91684089E-10
   5.15918758E+00    2.70820539E-11   -1.47599635E-10
   5.20753324E+00    2.08091544E-11   -1.13381838E-10
   5.25633194E+00    1.59520507E-11   -8.68944327E-11
   5.30558792E+00    1.21981888E-11   -6.64290245E-11
   5.35530547E+00    9.30505462E-12   -5.06604953E-11
   5.40548891E+00    7.08059257E-12   -3.85397548E-11
   5.45614261E+00    5.37464785E-12   -2.92468478E-11
   5.50727098E+00    4.06929226E-12   -2.21380027E-11
   5.55887846E+00    3.07351457E-12   -1.67165379E-11
   5.61096954E+00    2.31520496E-12   -1.25890409E-11
   5.66354875E+00    1.73936457E-12   -9.45554806E-12
   5.71662068E+00    1.30366251E-12   -7.08525241E-12
   5.77018993E+00    9.74323989E-13   -5.29405086E-12
   5.82426117E+00    7.26360194E-13   -3.94577528E-12
   5.87883909E+00    5.39812124E-13   -2.93169404E-12
   5.93392846E+00    4.00422303E-13   -2.17416283E-12
   5.98953405E+00    2.96020225E-13   -1.60691445E-12
   6.04566072E+00    2.18296603E-13   -1.18472381E-12
   6.10231333E+00    1.60385516E-13   -8.70228860E-13
   6.15949683E+00    1.17706529E-13   -6.38513791E-13
   6.21721618E+00    8.60555135E-14   -4.66712476E-13
   6.27547640E+00    6.27466330E-14   -3.40222290E-13
   6.33428257E+00    4.55995035E-14   -2.47191996E-13
   6.39363980E+00    3.30277282E-14   -1.79000789E-13
   6.45355326E+00    2.39047383E-14   -1.29528757E-13
   6.51402815E+00    1.71929258E-14   -9.31396699E-14
   6.57506974E+00    1.23333688E-14   -6.67989366E-14
   6.63668333E+00    8.86063587E-15   -4.79802331E-14
   6.69887430E+00    6.31494191E-15   -3.41879443E-14
   6.76164804E+00    4.45912460E-15   -2.41352517E-14
   6.82501002E+00    3.15395277E-15   -1.70671152E-14
   6.88896575E+00    2.25213955E-15   -1.21848141E-14
   6.95352080E+00    1.60372045E-15   -8.67511890E-15
   7.01868079E+00    1.12686857E-15   -6.09442256E-15
   7.08445137E+00    7.87211814E-16   -4.25654949E-15
   7.15083827E+00    5.49240153E-16   -2.96916848E-15
   7.21784727E+00    3.78549596E-16   -2.04594202E-15
   7.28548420E+00    2.58157957E-16   -1.39491042E-15
   7.35375494E+00    1.77276147E-16   -9.57664851E-16
   7.42266544E+00    1.24465577E-16   -6.72280456E-16
   7.49222167E+00    8.78673177E-17   -4.74557280E-16
   7.56242971E+00    6.06462802E-17   -3.27500466E-16
   7.63329565E+00    4.11085876E-17   -2.21955896E-16
   7.70482565E+00    2.76799970E-17   -1.49418413E-16
   7.77702595E+00    1.86895596E-17   -1.00860382E-16
   7.84990283E+00    1.24276047E-17   -6.70449383E-17
   7.92346262E+00    7.96814482E-18   -4.29687660E-17
   7.99771172E+00    4.99376931E-18   -2.69161392E-17
   8.07265660E+00    3.18311716E-18   -1.71499325E-17
   8.14830376E+00    2.19517299E-18   -1.18267829E-17
   8.22465980E+00    1.66847638E-18   -8.99281576E-18
   8.30173136E+00    1.28513677E-18   -6.92976367E-18
   8.37952514E+00    9.71527022E-19   -5.24008281E-18
   8.45804791E+00    7.16240640E-19   -3.86268057E-18
   8.53730650E+00    5.07155773E-19    0.00000000E+00
   8.61730780E+00    3.31406216E-19    0.00000000E+00
   8.69805878E+00    1.75351435E-19    0.00000000E+00
   8.77956646E+00    0.00000000E+00    0.00000000E+00
   8.86183793E+00    0.00000000E+00    0.00000000E+00
   8.94488035E+00    0.00000000E+00    0.00000000E+00
   9.02870095E+00    0.00000000E+00    0.00000000E+00
   9.11330701E+00    0.00000000E+00    0.00000000E+00
   9.19870589E+00    0.00000000E+00    0.00000000E+00
   9.28490503E+00    0.00000000E+00    0.00000000E+00
   9.37191192E+00    0.00000000E+00    0.00000000E+00
   9.45973414E+00    0.00000000E+00    0.00000000E+00
   9.54837932E+00    0.00000000E+00    0.00000000E+00
   9.63785517E+00    0.00000000E+00    0.00000000E+00
   9.72816949E+00    0.00000000E+00    0.00000000E+00
   9.81933012E+00    0.00000000E+00    0.00000000E+00
   9.91134499E+00    0.00000000E+00    0.00000000E+00
   1.00042221E+01    0.00000000E+00    0.00000000E+00
   1.00979696E+01    0.00000000E+00    0.00000000E+00
   1.01925955E+01    0.00000000E+00    0.00000000E+00
   1.02881082E+01    0.00000000E+00    0.00000000E+00
   1.03845159E+01    0.00000000E+00    0.00000000E+00
   1.04818270E+01    0.00000000E+00    0.00000000E+00
   1.05800500E+01    0.00000000E+00    0.00000000E+00
   1.06791934E+01    0.00000000E+00    0.00000000E+00
   1.07792659E+01    0.00000000E+00    0.00000000E+00
   1.08802762E+01    0.00000000E+00    0.00000000E+00
   1.09822329E+01    0.00000000E+00    0.00000000E+00
   1.10851451E+01    0.00000000E+00    0.00000000E+00
   1.11890217E+01    0.00000000E+00    0.00000000E+00
   1.12938717E+01    0.00000000E+00    0.00000000E+00
   1.13997042E+01    0.00000000E+00    0.00000000E+00
   1.15065284E+01    0.00000000E+00    0.00000000E+00
   1.16143536E+01    0.00000000E+00    0.00000000E+00
   1.17231893E+01    0.00000000E+00    0.00000000E+00
   1.18330449E+01    0.00000000E+00    0.00000000E+00
   1.19439298E+01    0.00000000E+00    0.00000000E+00
   1.20558539E+01    0.00000000E+00    0.00000000E+00
   1.21688268E+01    0.00000000E+00    0.00000000E+00
   1.22828583E+01    0.00000000E+00    0.00000000E+00
   1.23979584E+01    0.00000000E+00    0.00000000E+00
   1.25141370E+01    0.00000000E+00    0.00000000E+00
   1.26314044E+01    0.00000000E+00    0.00000000E+00
   1.27497706E+01    0.00000000E+00    0.00000000E+00
   1.28692460E+01    0.00000000E+00    0.00000000E+00
   1.29898410E+01    0.00000000E+00    0.00000000E+00
   1.31115661E+01    0.00000000E+00    0.00000000E+00
   1.32344318E+01    0.00000000E+00    0.00000000E+00
   1.33584489E+01    0.00000000E+00    0.00000000E+00
   1.34836281E+01    0.00000000E+00    0.00000000E+00
   1.36099804E+01    0.00000000E+00    0.00000000E+00
   1.37375166E+01    0.00000000E+00    0.00000000E+00
   1.38662480E+01    0.00000000E+00    0.00000000E+00
   1.39961857E+01    0.00000000E+00    0.00000000E+00
   1.41273410E+01    0.00000000E+00    0.00000000E+00
   1.42597253E+01    0.00000000E+00    0.00000000E+00
   1.43933502E+01    0.00000000E+00    0.00000000E+00
   1.45282273E+01    0.00000000E+00    0.00000000E+00
   1.46643683E+01    0.00000000E+00    0.00000000E+00
   1.48017850E+01    0.00000000E+00    0.00000000E+00
   1.49404894E+01    0.00000000E+00    0.00000000E+00
   1.50804936E+01    0.00000000E+00    0.00000000E+00
   1.52218097E+01    0.00000000E+00    0.00000000E+00
   1.53644501E+01    0.00000000E+00    0.00000000E+00
   1.55084271E+01    0.00000000E+00    0.00000000E+00
   1.56537533E+01    0.00000000E+00    0.00000000E+00
   1.58004414E+01    0.00000000E+00    0.00000000E+00
   1.59485040E+01    0.00000000E+00    0.00000000E+00
   1.60979540E+01    0.00000000E+00    0.00000000E+00
   1.62488046E+01    0.00000000E+00    0.00000000E+00
   1.64010687E+01    0.00000000E+00    0.00000000E+00
   1.65547597E+01    0.00000000E+00    0.00000000E+00
   1.67098909E+01    0.00000000E+00    0.00000000E+00
   1.68664757E+01    0.00000000E+00    0.00000000E+00
   1.70245279E+01    0.00000000E+00    0.00000000E+00
   1.71840612E+01    0.00000000E+00    0.00000000E+00
   1.73450894E+01    0.00000000E+00    0.00000000E+00
   1.75076266E+01    0.00000000E+00    0.00000000E+00
   1.76716869E+01    0.00000000E+00    0.00000000E+00
   1.78372846E+01    0.00000000E+00    0.00000000E+00
   1.80044340E+01    0.00000000E+00    0.00000000E+00
   1.81731498E+01    0.00000000E+00    0.00000000E+00
   1.83434465E+01    0.00000000E+00    0.00000000E+00
   1.85153391E+01    0.00000000E+00    0.00000000E+00
   1.86888425E+01    0.00000000E+00    0.00000000E+00
   1.88639717E+01    0.00000000E+00    0.00000000E+00
   1.90407420E+01    0.00000000E+00    0.00000000E+00
   1.92191688E+01    0.00000000E+00    0.00000000E+00
   1.93992676E+01    0.00000000E+00    0.00000000E+00
   1.95810540E+01    0.00000000E+00    0.00000000E+00
   1.97645440E+01    0.00000000E+00    0.00000000E+00
   1.99497534E+01    0.00000000E+00    0.00000000E+00
   2.01366983E+01    0.00000000E+00    0.00000000E+00
   2.03253951E+01    0.00000000E+00    0.00000000E+00
   2.05158601E+01    0.00000000E+00    0.00000000E+00
   2.07081099E+01    0.00000000E+00    0.00000000E+00
   2.09021612E+01    0.00000000E+00    0.00000000E+00
   2.10980310E+01    0.00000000E+00    0.00000000E+00
   2.12957362E+01    0.00000000E+00    0.00000000E+00
   2.14952941E+01    0.00000000E+00    0.00000000E+00
   2.16967219E+01    0.00000000E+00    0.00000000E+00
   2.19000374E+01    0.00000000E+00    0.00000000E+00
   2.21052580E+01    0.00000000E+00    0.00000000E+00
   2.23124017E+01    0.00000000E+00    0.00000000E+00
   2.25214866E+01    0.00000000E+00    0.00000000E+00
   2.27325307E+01    0.00000000E+00    0.00000000E+00
   2.29455524E+01    0.00000000E+00    0.00000000E+00
   2.31605704E+01    0.00000000E+00    0.00000000E+00
   2.33776032E+01    0.00000000E+00    0.00000000E+00
   2.35966698E+01    0.00000000E+00    0.00000000E+00
   2.38177893E+01    0.00000000E+00    0.00000000E+00
   2.40409808E+01    0.00000000E+00    0.00000000E+00
   2.42662637E+01    0.00000000E+00    0.00000000E+00
   2.44936578E+01    0.00000000E+00    0.00000000E+00
   2.47231827E+01    0.00000000E+00    0.00000000E+00
   2.49548584E+01    0.00000000E+00    0.00000000E+00
   2.51887052E+01    0.00000000E+00    0.00000000E+00
   2.54247432E+01    0.00000000E+00    0.00000000E+00
   2.56629932E+01    0.00000000E+00    0.00000000E+00
   2.59034757E+01    0.00000000E+00    0.00000000E+00
   2.61462117E+01    0.00000000E+00    0.00000000E+00
   2.63912224E+01    0.00000000E+00    0.00000000E+00
   2.66385289E+01    0.00000000E+00    0.00000000E+00
   2.68881530E+01    0.00000000E+00    0.00000000E+00
   2.71401162E+01    0.00000000E+00    0.00000000E+00
   2.73944406E+01    0.00000000E+00    0.00000000E+00
   2.76511481E+01    0.00000000E+00    0.00000000E+00
   2.79102612E+01    0.00000000E+00    0.00000000E+00
   2.81718024E+01    0.00000000E+00    0.00000000E+00
   2.84357944E+01    0.00000000E+00    0.00000000E+00
   2.87022603E+01    0.00000000E+00    0.00000000E+00
   2.89712231E+01    0.00000000E+00    0.00000000E+00
   2.92427064E+01    0.00000000E+00    0.00000000E+00
   2.95167336E+01    0.00000000E+00    0.00000000E+00
   2.97933287E+01    0.00000000E+00    0.00000000E+00
   3.00725157E+01    0.00000000E+00    0.00000000E+00
   3.03543189E+01    0.00000000E+00    0.00000000E+00
   3.06387629E+01    0.00000000E+00    0.00000000E+00
   3.09258723E+01    0.00000000E+00    0.00000000E+00
   3.12156721E+01    0.00000000E+00    0.00000000E+00
   3.15081876E+01    0.00000000E+00    0.00000000E+00
   3.18034442E+01    0.00000000E+00    0.00000000E+00
   3.21014676E+01    0.00000000E+00    0.00000000E+00
   3.24022837E+01    0.00000000E+00    0.00000000E+00
   3.27059187E+01    0.00000000E+00    0.00000000E+00
   3.30123990E+01    0.00000000E+00    0.00000000E+00
   3.33217513E+01    0.00000000E+00    0.00000000E+00
   3.36340024E+01    0.00000000E+00    0.00000000E+00
   3.39491796E+01    0.00000000E+00    0.00000000E+00
   3.42673102E+01    0.00000000E+00    0.00000000E+00
   3.45884219E+01    0.00000000E+00    0.00000000E+00
   3.49125428E+01    0.00000000E+00    0.00000000E+00
   3.52397009E+01    0.00000000E+00    0.00000000E+00
   3.55699247E+01    0.00000000E+00    0.00000000E+00
   3.59032430E+01    0.00000000E+00    0.00000000E+00
   3.62396847E+01    0.00000000E+00    0.00000000E+00
   3.65792792E+01    0.00000000E+00    0.00000000E+00
   3.69220559E+01    0.00000000E+00    0.00000000E+00
   3.72680447E+01    0.00000000E+00    0.00000000E+00
   3.76172757E+01    0.00000000E+00    0.00000000E+00
   3.79697793E+01    0.00000000E+00    0.00000000E+00
   3.83255862E+01    0.00000000E+00    0.00000000E+00
   3.86847272E+01    0.00000000E+00    0.00000000E+00
   3.90472336E+01    0.00000000E+00    0.00000000E+00
   3.94131370E+01    0.00000000E+00    0.00000000E+00
   3.97824692E+01    0.00000000E+00    0.00000000E+00
   4.01552624E+01    0.00000000E+00    0.00000000E+00
   4.05315489E+01    0.00000000E+00    0.00000000E+00
   4.09113615E+01    0.00000000E+00    0.00000000E+00
   4.12947333E+01    0.00000000E+00    0.00000000E+00
   4.16816976E+01    0.00000000E+00    0.00000000E+00
   4.20722880E+01    0.00000000E+00    0.00000000E+00
   4.24665386E+01    0.00000000E+00    0.00000000E+00
   4.28644836E+01    0.00000000E+00    0.00000000E+00
   4.32661576E+01    0.00000000E+00    0.00000000E+00
   4.36715957E+01    0.00000000E+00    0.00000000E+00
   4.40808330E+01    0.00000000E+00    0.00000000E+00
   4.44939053E+01    0.00000000E+00    0.00000000E+00
   4.49108483E+01    0.00000000E+00    0.00000000E+00
   4.53316984E+01    0.00000000E+00    0.00000000E+00
   4.57564922E+01    0.00000000E+00    0.00000000E+00
   4.61852667E+01    0.00000000E+00    0.00000000E+00
   4.66180591E+01    0.00000000E+00    0.00000000E+00
   4.70549071E+01    0.00000000E+00    0.00000000E+00
   4.74958488E+01    0.00000000E+00    0.00000000E+00
   4.79409224E+01    0.00000000E+00    0.00000000E+00
   4.83901667E+01    0.00000000E+00    0.00000000E+00
   4.88436208E+01    0.00000000E+00    0.00000000E+00
   4.93013241E+01    0.00000000E+00    0.00000000E+00
   4.97633164E+01    0.00000000E+00    0.00000000E+00
   5.02296380E+01    0.00000000E+00    0.00000000E+00
   5.07003294E+01    0.00000000E+00    0.00000000E+00
   5.11754315E+01    0.00000000E+00    0.00000000E+00
   5.16549857E+01    0.00000000E+00    0.00000000E+00
   5.21390337E+01    0.00000000E+00    0.00000000E+00
   5.26276176E+01    0.00000000E+00    0.00000000E+00
   5.31207800E+01    0.00000000E+00    0.00000000E+00
   5.36185636E+01    0.00000000E+00    0.00000000E+00
   5.41210119E+01    0.00000000E+00    0.00000000E+00
   5.46281685E+01    0.00000000E+00    0.00000000E+00
   5.51400776E+01    0.00000000E+00    0.00000000E+00
   5.56567837E+01    0.00000000E+00    0.00000000E+00
   5.61783317E+01    0.00000000E+00    0.00000000E+00
   5.67047670E+01    0.00000000E+00    0.00000000E+00
   5.72361355E+01    0.00000000E+00    0.00000000E+00
   5.77724833E+01    0.00000000E+00    0.00000000E+00
   5.83138571E+01    0.00000000E+00    0.00000000E+00
   5.88603040E+01    0.00000000E+00    0.00000000E+00
   5.94118715E+01    0.00000000E+00    0.00000000E+00
   5.99686077E+01    0.00000000E+00    0.00000000E+00
   6.05305609E+01    0.00000000E+00    0.00000000E+00
   6.10977800E+01    0.00000000E+00    0.00000000E+00
   6.16703145E+01    0.00000000E+00    0.00000000E+00
   6.22482140E+01    0.00000000E+00    0.00000000E+00
   6.28315290E+01    0.00000000E+00    0.00000000E+00
   6.34203100E+01    0.00000000E+00    0.00000000E+00
   6.40146084E+01    0.00000000E+00    0.00000000E+00
   6.46144758E+01    0.00000000E+00    0.00000000E+00
   6.52199645E+01    0.00000000E+00    0.00000000E+00
   6.58311271E+01    0.00000000E+00    0.00000000E+00
   6.64480167E+01    0.00000000E+00    0.00000000E+00
   6.70706871E+01    0.00000000E+00    0.00000000E+00
   6.76991924E+01    0.00000000E+00    0.00000000E+00
   6.83335873E+01    0.00000000E+00    0.00000000E+00
   6.89739270E+01    0.00000000E+00    0.00000000E+00
   6.96202672E+01    0.00000000E+00    0.00000000E+00
   7.02726641E+01    0.00000000E+00    0.00000000E+00
   7.09311744E+01    0.00000000E+00    0.00000000E+00
   7.15958555E+01    0.00000000E+00    0.00000000E+00
   7.22667652E+01    0.00000000E+00    0.00000000E+00
   7.29439619E+01    0.00000000E+00    0.00000000E+00
   7.36275044E+01    0.00000000E+00    0.00000000E+00
   7.43174523E+01    0.00000000E+00    0.00000000E+00
   7.50138655E+01    0.00000000E+00    0.00000000E+00
   7.57168047E+01    0.00000000E+00    0.00000000E+00
   7.64263309E+01    0.00000000E+00    0.00000000E+00
   7.71425060E+01    0.00000000E+00    0.00000000E+00
   7.78653922E+01    0.00000000E+00    0.00000000E+00
   7.85950524E+01    0.00000000E+00    0.00000000E+00
   7.93315502E+01    0.00000000E+00    0.00000000E+00
   8.00749494E+01    0.00000000E+00    0.00000000E+00
   8.08253149E+01    0.00000000E+00    0.00000000E+00
   8.15827120E+01    0.00000000E+00    0.00000000E+00
   8.23472064E+01    0.00000000E+00    0.00000000E+00
   8.31188648E+01    0.00000000E+00    0.00000000E+00
   8.38977542E+01    0.00000000E+00    0.00000000E+00
   8.46839424E+01    0.00000000E+00    0.00000000E+00
   8.54774978E+01    0.00000000E+00    0.00000000E+00
   8.62784895E+01    0.00000000E+00    0.00000000E+00
   8.70869871E+01    0.00000000E+00    0.00000000E+00
   8.79030609E+01    0.00000000E+00    0.00000000E+00
   8.87267820E+01    0.00000000E+00    0.00000000E+00
   8.95582220E+01    0.00000000E+00    0.00000000E+00
   9.03974533E+01    0.00000000E+00    0.00000000E+00
   9.12445488E+01    0.00000000E+00    0.00000000E+00
   9.20995823E+01    0.00000000E+00    0.00000000E+00
   9.29626281E+01    0.00000000E+00    0.00000000E+00
   9.38337614E+01    0.00000000E+00    0.00000000E+00
   9.47130578E+01    0.00000000E+00    0.00000000E+00
   9.56005940E+01    0.00000000E+00    0.00000000E+00
   9.64964470E+01    0.00000000E+00    0.00000000E+00
   9.74006949E+01    0.00000000E+00    0.00000000E+00
   9.83134164E+01    0.00000000E+00    0.00000000E+00
   9.92346907E+01    0.00000000E+00    0.00000000E+00
   1.00164598E+02    0.00000000E+00    0.00000000E+00
   1.01103220E+02    0.00000000E+00    0.00000000E+00
   1.02050637E+02    0.00000000E+00    0.00000000E+00
   1.03006932E+02    0.00000000E+00    0.00000000E+00
   1.03972188E+02    0.00000000E+00    0.00000000E+00
   1.04946489E+02    0.00000000E+00    0.00000000E+00
   1.05929921E+02    0.00000000E+00    0.00000000E+00
   1.06922568E+02    0.00000000E+00    0.00000000E+00
   1.07924517E+02    0.00000000E+00    0.00000000E+00
   1.08935855E+02    0.00000000E+00    0.00000000E+00
   1.09956670E+02    0.00000000E+00    0.00000000E+00
   1.10987051E+02    0.00000000E+00    0.00000000E+00
   1.12027087E+02    0.00000000E+00    0.00000000E+00
   1.13076869E+02    0.00000000E+00    0.00000000E+00
   1.14136489E+02    0.00000000E+00    0.00000000E+00
   1.15206038E+02    0.00000000E+00    0.00000000E+00
   1.16285609E+02    0.00000000E+00    0.00000000E+00
   1.17375297E+02    0.00000000E+00    0.00000000E+00
   1.18475197E+02    0.00000000E+00    0.00000000E+00
   1.19585403E+02    0.00000000E+00    0.00000000E+00
   1.20706012E+02    0.00000000E+00    0.00000000E+00
   1.21837123E+02    0.00000000E+00    0.00000000E+00
   1.22978833E+02    0.00000000E+00    0.00000000E+00
   1.24131242E+02    0.00000000E+00    0.00000000E+00
   1.25294450E+02    0.00000000E+00    0.00000000E+00
   1.26468558E+02    0.00000000E+00    0.00000000E+00
   1.27653668E+02    0.00000000E+00    0.00000000E+00
   1.28849884E+02    0.00000000E+00    0.00000000E+00
   1.30057309E+02    0.00000000E+00    0.00000000E+00
   1.31276048E+02    0.00000000E+00    0.00000000E+00
   1.32506209E+02    0.00000000E+00    0.00000000E+00
   1.33747897E+02    0.00000000E+00    0.00000000E+00
   1.35001220E+02    0.00000000E+00    0.00000000E+00
   1.36266288E+02    0.00000000E+00    0.00000000E+00
   1.37543211E+02    0.00000000E+00    0.00000000E+00
   1.38832099E+02    0.00000000E+00    0.00000000E+00
   1.40133066E+02    0.00000000E+00    0.00000000E+00
   1.41446223E+02    0.00000000E+00    0.00000000E+00
   1.42771686E+02    0.00000000E+00    0.00000000E+00
   1.44109569E+02    0.00000000E+00    0.00000000E+00
   1.45459990E+02    0.00000000E+00    0.00000000E+00
   1.46823065E+02    0.00000000E+00    0.00000000E+00
   1.48198913E+02    0.00000000E+00    0.00000000E+00
   1.49587654E+02    0.00000000E+00    0.00000000E+00
   1.50989408E+02    0.00000000E+00    0.00000000E+00
   1.52404298E+02    0.00000000E+00    0.00000000E+00
   1.53832447E+02    0.00000000E+00    0.00000000E+00
   1.55273978E+02    0.00000000E+00    0.00000000E+00
   1.56729018E+02    0.00000000E+00    0.00000000E+00
   1.58197693E+02    0.00000000E+00    0.00000000E+00
   1.59680130E+02    0.00000000E+00    0.00000000E+00
   1.61176459E+02    0.00000000E+00    0.00000000E+00
   1.62686810E+02    0.00000000E+00    0.00000000E+00
   1.64211314E+02    0.00000000E+00    0.00000000E+00
   1.65750103E+02    0.00000000E+00    0.00000000E+00
   1.67303313E+02    0.00000000E+00    0.00000000E+00
   1.68871077E+02    0.00000000E+00    0.00000000E+00
   1.70453532E+02    0.00000000E+00    0.00000000E+00
   1.72050816E+02    0.00000000E+00    0.00000000E+00
   1.73663069E+02    0.00000000E+00    0.00000000E+00
   1.75290429E+02    0.00000000E+00    0.00000000E+00
   1.76933038E+02    0.00000000E+00    0.00000000E+00
   1.78591041E+02    0.00000000E+00    0.00000000E+00
   1.80264580E+02    0.00000000E+00    0.00000000E+00
   1.81953801E+02    0.00000000E+00    0.00000000E+00
   1.83658852E+02    0.00000000E+00    0.00000000E+00
   1.85379881E+02    0.00000000E+00    0.00000000E+00
   1.87117036E+02    0.00000000E+00    0.00000000E+00
   1.88870471E+02    0.00000000E+00    0.00000000E+00
   1.90640336E+02    0.00000000E+00    0.00000000E+00
   1.92426787E+02    0.00000000E+00    0.00000000E+00
   1.94229978E+02    0.00000000E+00    0.00000000E+00
   1.96050066E+02    0.00000000E+00    0.00000000E+00
   1.97887210E+02    0.00000000E+00    0.00000000E+00
   1.99741569E+02    0.00000000E+00    0.00000000E+00
   2.01613306E+02    0.00000000E+00    0.00000000E+00
   2.03502582E+02    0.00000000E+00    0.00000000E+00
   2.05409561E+02    0.00000000E+00    0.00000000E+00
   2.07334411E+02    0.00000000E+00    0.00000000E+00
   2.09277298E+02    0.00000000E+00    0.00000000E+00
   2.11238392E+02    0.00000000E+00    0.00000000E+00
   2.13217863E+02    0.00000000E+00    0.00000000E+00
   2.15215882E+02    0.00000000E+00    0.00000000E+00
   2.17232625E+02    0.00000000E+00    0.00000000E+00
   2.19268266E+02    0.00000000E+00    0.00000000E+00
   2.21322983E+02    0.00000000E+00    0.00000000E+00
   2.23396954E+02    0.00000000E+00    0.00000000E+00
   2.25490360E+02    0.00000000E+00    0.00000000E+00
   2.27603383E+02    0.00000000E+00    0.00000000E+00
   2.29736206E+02    0.00000000E+00    0.00000000E+00
   2.31889016E+02    0.00000000E+00    0.00000000E+00
   2.34061999E+02    0.00000000E+00    0.00000000E+00
   2.36255345E+02    0.00000000E+00    0.00000000E+00
   2.38469244E+02    0.00000000E+00    0.00000000E+00
   2.40703889E+02    0.00000000E+00    0.00000000E+00
   2.42959475E+02    0.00000000E+00    0.00000000E+00
   2.45236197E+02    0.00000000E+00    0.00000000E+00
   2.47534254E+02    0.00000000E+00    0.00000000E+00
   2.49853845E+02    0.00000000E+00    0.00000000E+00
   2.52195173E+02    0.00000000E+00    0.00000000E+00
   2.54558441E+02    0.00000000E+00    0.00000000E+00
