# Peaks:     0.195141      1.046977  
   4.47213584E-05   -9.15385481E-03   -1.51264857E+02
   4.55639663E-05   -9.28028295E-03   -1.50551549E+02
   4.64224499E-05   -9.40897547E-03   -1.49854196E+02
   4.72971085E-05   -9.53984685E-03   -1.49169726E+02
   4.81882468E-05   -9.67279797E-03   -1.48494949E+02
   4.90961753E-05   -9.80771495E-03   -1.47826546E+02
   5.00212103E-05   -9.94446953E-03   -1.47161098E+02
   5.09636741E-05   -1.00830003E-02   -1.46496791E+02
   5.19238952E-05   -1.02233646E-02   -1.45834350E+02
   5.29022081E-05   -1.03656353E-02   -1.45174758E+02
   5.38989537E-05   -1.05098922E-02   -1.44519055E+02
   5.49144792E-05   -1.06562222E-02   -1.43868333E+02
   5.59491385E-05   -1.08046945E-02   -1.43223273E+02
   5.70032922E-05   -1.09553319E-02   -1.42583638E+02
   5.80773074E-05   -1.11081509E-02   -1.41949079E+02
   5.91715585E-05   -1.12631672E-02   -1.41319242E+02
   6.02864267E-05   -1.14203967E-02   -1.40693780E+02
   6.14223004E-05   -1.15798645E-02   -1.40072529E+02
   6.25795754E-05   -1.17416074E-02   -1.39455532E+02
   6.37586550E-05   -1.19056648E-02   -1.38842853E+02
   6.49599500E-05   -1.20720776E-02   -1.38234574E+02
   6.61838789E-05   -1.22408885E-02   -1.37630781E+02
   6.74308682E-05   -1.24121355E-02   -1.37031473E+02
   6.87013524E-05   -1.25858534E-02   -1.36436599E+02
   6.99957741E-05   -1.27620784E-02   -1.35846112E+02
   7.13145844E-05   -1.29408481E-02   -1.35259979E+02
   7.26582428E-05   -1.31222011E-02   -1.34678172E+02
   7.40272174E-05   -1.33061763E-02   -1.34100666E+02
   7.54219853E-05   -1.34928138E-02   -1.33527442E+02
   7.68430324E-05   -1.36821550E-02   -1.32958490E+02
   7.82908538E-05   -1.38742430E-02   -1.32393813E+02
   7.97659541E-05   -1.40691221E-02   -1.31833417E+02
   8.12688471E-05   -1.42668344E-02   -1.31277275E+02
   8.28000566E-05   -1.44674231E-02   -1.30725363E+02
   8.43601160E-05   -1.46709329E-02   -1.30177665E+02
   8.59495690E-05   -1.48774102E-02   -1.29634178E+02
   8.75689693E-05   -1.50869021E-02   -1.29094897E+02
   8.92188811E-05   -1.52994545E-02   -1.28559796E+02
   9.08998795E-05   -1.55151148E-02   -1.28028855E+02
   9.26125500E-05   -1.57339320E-02   -1.27502066E+02
   9.43574894E-05   -1.59559571E-02   -1.26979430E+02
   9.61353057E-05   -1.61812411E-02   -1.26460940E+02
   9.79466184E-05   -1.64098340E-02   -1.25946570E+02
   9.97920585E-05   -1.66417875E-02   -1.25436302E+02
   1.01672269E-04   -1.68771553E-02   -1.24930130E+02
   1.03587905E-04   -1.71159930E-02   -1.24428055E+02
   1.05539634E-04   -1.73583556E-02   -1.23930066E+02
   1.07528137E-04   -1.76042979E-02   -1.23436136E+02
   1.09554105E-04   -1.78538765E-02   -1.22946252E+02
   1.11618245E-04   -1.81071502E-02   -1.22460409E+02
   1.13721276E-04   -1.83641797E-02   -1.21978610E+02
   1.15863931E-04   -1.86250246E-02   -1.21500838E+02
   1.18046956E-04   -1.88897446E-02   -1.21027068E+02
   1.20271113E-04   -1.91584021E-02   -1.20557288E+02
   1.22537175E-04   -1.94310615E-02   -1.20091497E+02
   1.24845933E-04   -1.97077889E-02   -1.19629696E+02
   1.27198190E-04   -1.99886487E-02   -1.19171862E+02
   1.29594768E-04   -2.02737068E-02   -1.18717972E+02
   1.32036500E-04   -2.05630314E-02   -1.18268018E+02
   1.34524237E-04   -2.08566934E-02   -1.17822002E+02
   1.37058846E-04   -2.11547643E-02   -1.17379918E+02
   1.39641211E-04   -2.14573144E-02   -1.16941739E+02
   1.42272231E-04   -2.17644159E-02   -1.16507448E+02
   1.44952822E-04   -2.20761442E-02   -1.16077038E+02
   1.47683920E-04   -2.23925768E-02   -1.15650512E+02
   1.50466475E-04   -2.27137911E-02   -1.15227856E+02
   1.53301456E-04   -2.30398639E-02   -1.14809044E+02
   1.56189853E-04   -2.33708749E-02   -1.14394061E+02
   1.59132670E-04   -2.37069070E-02   -1.13982902E+02
   1.62130934E-04   -2.40480450E-02   -1.13575570E+02
   1.65185689E-04   -2.43943723E-02   -1.13172043E+02
   1.68298000E-04   -2.47459739E-02   -1.12772295E+02
   1.71468950E-04   -2.51029373E-02   -1.12376315E+02
   1.74699645E-04   -2.54653538E-02   -1.11984102E+02
   1.77991211E-04   -2.58333156E-02   -1.11595652E+02
   1.81344794E-04   -2.62069136E-02   -1.11210936E+02
   1.84761563E-04   -2.65862411E-02   -1.10829933E+02
   1.88242708E-04   -2.69713951E-02   -1.10452634E+02
   1.91789443E-04   -2.73624756E-02   -1.10079041E+02
   1.95403002E-04   -2.77595825E-02   -1.09709138E+02
   1.99084646E-04   -2.81628155E-02   -1.09342895E+02
   2.02835656E-04   -2.85722775E-02   -1.08980296E+02
   2.06657341E-04   -2.89880755E-02   -1.08621334E+02
   2.10551030E-04   -2.94103190E-02   -1.08266009E+02
   2.14518082E-04   -2.98391160E-02   -1.07914295E+02
   2.18559879E-04   -3.02745766E-02   -1.07566164E+02
   2.22677827E-04   -3.07168143E-02   -1.07221602E+02
   2.26873364E-04   -3.11659471E-02   -1.06880606E+02
   2.31147949E-04   -3.16220939E-02   -1.06543169E+02
   2.35503074E-04   -3.20853729E-02   -1.06209256E+02
   2.39940254E-04   -3.25559051E-02   -1.05878845E+02
   2.44461037E-04   -3.30338163E-02   -1.05551925E+02
   2.49066997E-04   -3.35192361E-02   -1.05228494E+02
   2.53759739E-04   -3.40122933E-02   -1.04908531E+02
   2.58540898E-04   -3.45131175E-02   -1.04592002E+02
   2.63412141E-04   -3.50218429E-02   -1.04278888E+02
   2.68375164E-04   -3.55386080E-02   -1.03969182E+02
   2.73431697E-04   -3.60635545E-02   -1.03662878E+02
   2.78583501E-04   -3.65968224E-02   -1.03359942E+02
   2.83832372E-04   -3.71385547E-02   -1.03060345E+02
   2.89180139E-04   -3.76888996E-02   -1.02764070E+02
   2.94628664E-04   -3.82480100E-02   -1.02471114E+02
   3.00179847E-04   -3.88160394E-02   -1.02181459E+02
   3.05835621E-04   -3.93931413E-02   -1.01895067E+02
   3.11597957E-04   -3.99794739E-02   -1.01611911E+02
   3.17468862E-04   -4.05752005E-02   -1.01331981E+02
   3.23450384E-04   -4.11804890E-02   -1.01055271E+02
   3.29544604E-04   -4.17955059E-02   -1.00781749E+02
   3.35753648E-04   -4.24204205E-02   -1.00511378E+02
   3.42079678E-04   -4.30554072E-02   -1.00244136E+02
   3.48524899E-04   -4.37006466E-02   -9.99800168E+01
   3.55091555E-04   -4.43563213E-02   -9.97190054E+01
   3.61781936E-04   -4.50226132E-02   -9.94610595E+01
   3.68598373E-04   -4.56997089E-02   -9.92061470E+01
   3.75543240E-04   -4.63878014E-02   -9.89542510E+01
   3.82618957E-04   -4.70870892E-02   -9.87053668E+01
   3.89827989E-04   -4.77977703E-02   -9.84594625E+01
   3.97172849E-04   -4.85200446E-02   -9.82164955E+01
   4.04656096E-04   -4.92541183E-02   -9.79764383E+01
   4.12280337E-04   -5.00002043E-02   -9.77392797E+01
   4.20048228E-04   -5.07585194E-02   -9.75050081E+01
   4.27962476E-04   -5.15292790E-02   -9.72735783E+01
   4.36025839E-04   -5.23127039E-02   -9.70449516E+01
   4.44241126E-04   -5.31090215E-02   -9.68191059E+01
   4.52611199E-04   -5.39184662E-02   -9.65960348E+01
   4.61138976E-04   -5.47412733E-02   -9.63757092E+01
   4.69827427E-04   -5.55776791E-02   -9.61580804E+01
   4.78679579E-04   -5.64279270E-02   -9.59431149E+01
   4.87698517E-04   -5.72922678E-02   -9.57307968E+01
   4.96887383E-04   -5.81709583E-02   -9.55211170E+01
   5.06249380E-04   -5.90642541E-02   -9.53140293E+01
   5.15787769E-04   -5.99724153E-02   -9.51094884E+01
   5.25505873E-04   -6.08957103E-02   -9.49074659E+01
   5.35407079E-04   -6.18344151E-02   -9.47079523E+01
   5.45494836E-04   -6.27888091E-02   -9.45109246E+01
   5.55772659E-04   -6.37591716E-02   -9.43163287E+01
   5.66244130E-04   -6.47457893E-02   -9.41241240E+01
   5.76912897E-04   -6.57489574E-02   -9.39342886E+01
   5.87782677E-04   -6.67689790E-02   -9.37468150E+01
   5.98857258E-04   -6.78061573E-02   -9.35616614E+01
   6.10140498E-04   -6.88607990E-02   -9.33787744E+01
   6.21636328E-04   -6.99332196E-02   -9.31981188E+01
   6.33348755E-04   -7.10237437E-02   -9.30196793E+01
   6.45281860E-04   -7.21327022E-02   -9.28434423E+01
   6.57439799E-04   -7.32604253E-02   -9.26693517E+01
   6.69826809E-04   -7.44072500E-02   -9.24973577E+01
   6.82447207E-04   -7.55735228E-02   -9.23274299E+01
   6.95305389E-04   -7.67596001E-02   -9.21595585E+01
   7.08405835E-04   -7.79658420E-02   -9.19937172E+01
   7.21753111E-04   -7.91926095E-02   -9.18298454E+01
   7.35351867E-04   -8.04402728E-02   -9.16678971E+01
   7.49206841E-04   -8.17092120E-02   -9.15078475E+01
   7.63322860E-04   -8.29998172E-02   -9.13496888E+01
   7.77704843E-04   -8.43124798E-02   -9.11933778E+01
   7.92357802E-04   -8.56475952E-02   -9.10388538E+01
   8.07286841E-04   -8.70055691E-02   -9.08860757E+01
   8.22497162E-04   -8.83868185E-02   -9.07350240E+01
   8.37994065E-04   -8.97917691E-02   -9.05856892E+01
   8.53782949E-04   -9.12208469E-02   -9.04380149E+01
   8.69869317E-04   -9.26744850E-02   -9.02919431E+01
   8.86258772E-04   -9.41531278E-02   -9.01474368E+01
   9.02957026E-04   -9.56572313E-02   -9.00044817E+01
   9.19969896E-04   -9.71872596E-02   -8.98630618E+01
   9.37303311E-04   -9.87436769E-02   -8.97231123E+01
   9.54963310E-04   -1.00326957E-01   -8.95845770E+01
   9.72956045E-04   -1.01937585E-01   -8.94474216E+01
   9.91287787E-04   -1.03576060E-01   -8.93116348E+01
   1.00996492E-03   -1.05242886E-01   -8.91771967E+01
   1.02899396E-03   -1.06938572E-01   -8.90440396E+01
   1.04838153E-03   -1.08663633E-01   -8.89121079E+01
   1.06813438E-03   -1.10418600E-01   -8.87813683E+01
   1.08825941E-03   -1.12204016E-01   -8.86518111E+01
   1.10876361E-03   -1.14020432E-01   -8.85234136E+01
   1.12965414E-03   -1.15868400E-01   -8.83961057E+01
   1.15093828E-03   -1.17748483E-01   -8.82698303E+01
   1.17262343E-03   -1.19661259E-01   -8.81445530E+01
   1.19471716E-03   -1.21607320E-01   -8.80202638E+01
   1.21722717E-03   -1.23587265E-01   -8.78969445E+01
   1.24016129E-03   -1.25601697E-01   -8.77745253E+01
   1.26352753E-03   -1.27651229E-01   -8.76529476E+01
   1.28733401E-03   -1.29736490E-01   -8.75321753E+01
   1.31158903E-03   -1.31858122E-01   -8.74121971E+01
   1.33630106E-03   -1.34016779E-01   -8.72929999E+01
   1.36147868E-03   -1.36213116E-01   -8.71745126E+01
   1.38713069E-03   -1.38447799E-01   -8.70566700E+01
   1.41326602E-03   -1.40721510E-01   -8.69394288E+01
   1.43989376E-03   -1.43034946E-01   -8.68227700E+01
   1.46702321E-03   -1.45388820E-01   -8.67066955E+01
   1.49466381E-03   -1.47783847E-01   -8.65911600E+01
   1.52282520E-03   -1.50220750E-01   -8.64760865E+01
   1.55151718E-03   -1.52700267E-01   -8.63614176E+01
   1.58074976E-03   -1.55223150E-01   -8.62471190E+01
   1.61053311E-03   -1.57790171E-01   -8.61331812E+01
   1.64087763E-03   -1.60402116E-01   -8.60196083E+01
   1.67179387E-03   -1.63059769E-01   -8.59063375E+01
   1.70329261E-03   -1.65763928E-01   -8.57932870E+01
   1.73538484E-03   -1.68515404E-01   -8.56803953E+01
   1.76808171E-03   -1.71315025E-01   -8.55676230E+01
   1.80139465E-03   -1.74163640E-01   -8.54549552E+01
   1.83533523E-03   -1.77062112E-01   -8.53424014E+01
   1.86991531E-03   -1.80011312E-01   -8.52299325E+01
   1.90514691E-03   -1.83012116E-01   -8.51174661E+01
   1.94104233E-03   -1.86065416E-01   -8.50049354E+01
   1.97761406E-03   -1.89172122E-01   -8.48922948E+01
   2.01487485E-03   -1.92333162E-01   -8.47795223E+01
   2.05283768E-03   -1.95549482E-01   -8.46666187E+01
   2.09151578E-03   -1.98822037E-01   -8.45535481E+01
   2.13092262E-03   -2.02151789E-01   -8.44402338E+01
   2.17107194E-03   -2.05539718E-01   -8.43266156E+01
   2.21197773E-03   -2.08986821E-01   -8.42126552E+01
   2.25365423E-03   -2.12494117E-01   -8.40983378E+01
   2.29611597E-03   -2.16062640E-01   -8.39836554E+01
   2.33937774E-03   -2.19693429E-01   -8.38685436E+01
   2.38345463E-03   -2.23387538E-01   -8.37529361E+01
   2.42836197E-03   -2.27146042E-01   -8.36367873E+01
   2.47411543E-03   -2.30970034E-01   -8.35200739E+01
   2.52073095E-03   -2.34860626E-01   -8.34027872E+01
   2.56822475E-03   -2.38818939E-01   -8.32848720E+01
   2.61661341E-03   -2.42846106E-01   -8.31662610E+01
   2.66591377E-03   -2.46943280E-01   -8.30469064E+01
   2.71614301E-03   -2.51111635E-01   -8.29267820E+01
   2.76731863E-03   -2.55352366E-01   -8.28058776E+01
   2.81945847E-03   -2.59666674E-01   -8.26841413E+01
   2.87258069E-03   -2.64055775E-01   -8.25615061E+01
   2.92670380E-03   -2.68520907E-01   -8.24379242E+01
   2.98184666E-03   -2.73063325E-01   -8.23133684E+01
   3.03802848E-03   -2.77684309E-01   -8.21878254E+01
   3.09526884E-03   -2.82385143E-01   -8.20612402E+01
   3.15358768E-03   -2.87167129E-01   -8.19335479E+01
   3.21300532E-03   -2.92031589E-01   -8.18047019E+01
   3.27354247E-03   -2.96979867E-01   -8.16746759E+01
   3.33522021E-03   -3.02013325E-01   -8.15434532E+01
   3.39806005E-03   -3.07133336E-01   -8.14109741E+01
   3.46208386E-03   -3.12341286E-01   -8.12771760E+01
   3.52731397E-03   -3.17638587E-01   -8.11420143E+01
   3.59377310E-03   -3.23026667E-01   -8.10054644E+01
   3.66148440E-03   -3.28506978E-01   -8.08675029E+01
   3.73047147E-03   -3.34080975E-01   -8.07280657E+01
   3.80075834E-03   -3.39750136E-01   -8.05870935E+01
   3.87236951E-03   -3.45515957E-01   -8.04445448E+01
   3.94532993E-03   -3.51379958E-01   -8.03003968E+01
   4.01966501E-03   -3.57343673E-01   -8.01546155E+01
   4.09540067E-03   -3.63408644E-01   -8.00071340E+01
   4.17256327E-03   -3.69576436E-01   -7.98578974E+01
   4.25117973E-03   -3.75848633E-01   -7.97068676E+01
   4.33127741E-03   -3.82226841E-01   -7.95540226E+01
   4.41288424E-03   -3.88712676E-01   -7.93993145E+01
   4.49602865E-03   -3.95307766E-01   -7.92426778E+01
   4.58073961E-03   -4.02013760E-01   -7.90840615E+01
   4.66704663E-03   -4.08832328E-01   -7.89234318E+01
   4.75497978E-03   -4.15765156E-01   -7.87607626E+01
   4.84456971E-03   -4.22813941E-01   -7.85959938E+01
   4.93584762E-03   -4.29980392E-01   -7.84290636E+01
   5.02884533E-03   -4.37266240E-01   -7.82599255E+01
   5.12359524E-03   -4.44673232E-01   -7.80885493E+01
   5.22013036E-03   -4.52203132E-01   -7.79148987E+01
   5.31848432E-03   -4.59857710E-01   -7.77389073E+01
   5.41869139E-03   -4.67638750E-01   -7.75605169E+01
   5.52078650E-03   -4.75548056E-01   -7.73796844E+01
   5.62480521E-03   -4.83587449E-01   -7.71963808E+01
   5.73078377E-03   -4.91758757E-01   -7.70105582E+01
   5.83875909E-03   -5.00063817E-01   -7.68221504E+01
   5.94876882E-03   -5.08504480E-01   -7.66311030E+01
   6.06085126E-03   -5.17082614E-01   -7.64373760E+01
   6.17504549E-03   -5.25800097E-01   -7.62409369E+01
   6.29139128E-03   -5.34658812E-01   -7.60417247E+01
   6.40992917E-03   -5.43660652E-01   -7.58396770E+01
   6.53070047E-03   -5.52807520E-01   -7.56347441E+01
   6.65374725E-03   -5.62101334E-01   -7.54268902E+01
   6.77911240E-03   -5.71544015E-01   -7.52160730E+01
   6.90683959E-03   -5.81137486E-01   -7.50022249E+01
   7.03697332E-03   -5.90883676E-01   -7.47852861E+01
   7.16955893E-03   -6.00784524E-01   -7.45652093E+01
   7.30464263E-03   -6.10841978E-01   -7.43419595E+01
   7.44227149E-03   -6.21057983E-01   -7.41154873E+01
   7.58249344E-03   -6.31434481E-01   -7.38857259E+01
   7.72535736E-03   -6.41973419E-01   -7.36526179E+01
   7.87091301E-03   -6.52676747E-01   -7.34161181E+01
   8.01921113E-03   -6.63546417E-01   -7.31761885E+01
   8.17030336E-03   -6.74584370E-01   -7.29327685E+01
   8.32424238E-03   -6.85792543E-01   -7.26857945E+01
   8.48108180E-03   -6.97172873E-01   -7.24352139E+01
   8.64087627E-03   -7.08727292E-01   -7.21809856E+01
   8.80368148E-03   -7.20457725E-01   -7.19230640E+01
   8.96955415E-03   -7.32366078E-01   -7.16613827E+01
   9.13855207E-03   -7.44454249E-01   -7.13958816E+01
   9.31073413E-03   -7.56724128E-01   -7.11265113E+01
   9.48616032E-03   -7.69177593E-01   -7.08532323E+01
   9.66489177E-03   -7.81816502E-01   -7.05759918E+01
   9.84699075E-03   -7.94642690E-01   -7.02947247E+01
   1.00325207E-02   -8.07657974E-01   -7.00093744E+01
   1.02215463E-02   -8.20864154E-01   -6.97198945E+01
   1.04141333E-02   -8.34263008E-01   -6.94262437E+01
   1.06103490E-02   -8.47856279E-01   -6.91283613E+01
   1.08102616E-02   -8.61645681E-01   -6.88261868E+01
   1.10139408E-02   -8.75632902E-01   -6.85196683E+01
   1.12214576E-02   -8.89819600E-01   -6.82087638E+01
   1.14328843E-02   -9.04207394E-01   -6.78934251E+01
   1.16482945E-02   -9.18797858E-01   -6.75735903E+01
   1.18677633E-02   -9.33592528E-01   -6.72492043E+01
   1.20913672E-02   -9.48592900E-01   -6.69202210E+01
   1.23191841E-02   -9.63800426E-01   -6.65866002E+01
   1.25512934E-02   -9.79216501E-01   -6.62482860E+01
   1.27877759E-02   -9.94842462E-01   -6.59052210E+01
   1.30287140E-02   -1.01067960E+00   -6.55573562E+01
   1.32741917E-02   -1.02672914E+00   -6.52046509E+01
   1.35242945E-02   -1.04299225E+00   -6.48470619E+01
   1.37791096E-02   -1.05947004E+00   -6.44845333E+01
   1.40387257E-02   -1.07616351E+00   -6.41170153E+01
   1.43032334E-02   -1.09307363E+00   -6.37444662E+01
   1.45727247E-02   -1.11020129E+00   -6.33668493E+01
   1.48472935E-02   -1.12754727E+00   -6.29841148E+01
   1.51270356E-02   -1.14511227E+00   -6.25962125E+01
   1.54120484E-02   -1.16289691E+00   -6.22030998E+01
   1.57024312E-02   -1.18090173E+00   -6.18047423E+01
   1.59982851E-02   -1.19912714E+00   -6.14011058E+01
   1.62997134E-02   -1.21757348E+00   -6.09921441E+01
   1.66068209E-02   -1.23624094E+00   -6.05778150E+01
   1.69197148E-02   -1.25512963E+00   -6.01580844E+01
   1.72385039E-02   -1.27423955E+00   -5.97329246E+01
   1.75632995E-02   -1.29357054E+00   -5.93022995E+01
   1.78942146E-02   -1.31312233E+00   -5.88661699E+01
   1.82313646E-02   -1.33289452E+00   -5.84245038E+01
   1.85748669E-02   -1.35288658E+00   -5.79772765E+01
   1.89248413E-02   -1.37309782E+00   -5.75244673E+01
   1.92814096E-02   -1.39352741E+00   -5.70660455E+01
   1.96446961E-02   -1.41417435E+00   -5.66019829E+01
   2.00148274E-02   -1.43503748E+00   -5.61322587E+01
   2.03919325E-02   -1.45611551E+00   -5.56568591E+01
   2.07761427E-02   -1.47740693E+00   -5.51757664E+01
   2.11675919E-02   -1.49891005E+00   -5.46889589E+01
   2.15664166E-02   -1.52062301E+00   -5.41964215E+01
   2.19727555E-02   -1.54254376E+00   -5.36981464E+01
   2.23867505E-02   -1.56467007E+00   -5.31941312E+01
   2.28085456E-02   -1.58699946E+00   -5.26843670E+01
   2.32382879E-02   -1.60952925E+00   -5.21688469E+01
   2.36761271E-02   -1.63225654E+00   -5.16475713E+01
   2.41222158E-02   -1.65517824E+00   -5.11205473E+01
   2.45767093E-02   -1.67829099E+00   -5.05877793E+01
   2.50397661E-02   -1.70159116E+00   -5.00492709E+01
   2.55115474E-02   -1.72507490E+00   -4.95050326E+01
   2.59922178E-02   -1.74873813E+00   -4.89550824E+01
   2.64819445E-02   -1.77257651E+00   -4.83994429E+01
   2.69808984E-02   -1.79658537E+00   -4.78381325E+01
   2.74892532E-02   -1.82075979E+00   -4.72711735E+01
   2.80071860E-02   -1.84509457E+00   -4.66985955E+01
   2.85348774E-02   -1.86958425E+00   -4.61204346E+01
   2.90725111E-02   -1.89422301E+00   -4.55367259E+01
   2.96202746E-02   -1.91900473E+00   -4.49475074E+01
   3.01783586E-02   -1.94392300E+00   -4.43528240E+01
   3.07469576E-02   -1.96897109E+00   -4.37527274E+01
   3.13262698E-02   -1.99414193E+00   -4.31472692E+01
   3.19164970E-02   -2.01942806E+00   -4.25365051E+01
   3.25178448E-02   -2.04482176E+00   -4.19204980E+01
   3.31305228E-02   -2.07031491E+00   -4.12993162E+01
   3.37547444E-02   -2.09589902E+00   -4.06730290E+01
   3.43907271E-02   -2.12156524E+00   -4.00417120E+01
   3.50386926E-02   -2.14730438E+00   -3.94054480E+01
   3.56988666E-02   -2.17310682E+00   -3.87643224E+01
   3.63714791E-02   -2.19896255E+00   -3.81184253E+01
   3.70567645E-02   -2.22486120E+00   -3.74678540E+01
   3.77549615E-02   -2.25079199E+00   -3.68127104E+01
   3.84663135E-02   -2.27674370E+00   -3.61531010E+01
   3.91910682E-02   -2.30270475E+00   -3.54891390E+01
   3.99294783E-02   -2.32866307E+00   -3.48209421E+01
   4.06818010E-02   -2.35460622E+00   -3.41486343E+01
   4.14482984E-02   -2.38052133E+00   -3.34723456E+01
   4.22292376E-02   -2.40639503E+00   -3.27922111E+01
   4.30248906E-02   -2.43221361E+00   -3.21083726E+01
   4.38355348E-02   -2.45796282E+00   -3.14209774E+01
   4.46614526E-02   -2.48362804E+00   -3.07301789E+01
   4.55029318E-02   -2.50919415E+00   -3.00361370E+01
   4.63602655E-02   -2.53464558E+00   -2.93390174E+01
   4.72337524E-02   -2.55996636E+00   -2.86389922E+01
   4.81236970E-02   -2.58513999E+00   -2.79362399E+01
   4.90304093E-02   -2.61014956E+00   -2.72309451E+01
   4.99542052E-02   -2.63497770E+00   -2.65232988E+01
   5.08954065E-02   -2.65960656E+00   -2.58134987E+01
   5.18543414E-02   -2.68401783E+00   -2.51017487E+01
   5.28313438E-02   -2.70819281E+00   -2.43882590E+01
   5.38267542E-02   -2.73211229E+00   -2.36732465E+01
   5.48409194E-02   -2.75575661E+00   -2.29569343E+01
   5.58741927E-02   -2.77910571E+00   -2.22395521E+01
   5.69269343E-02   -2.80213905E+00   -2.15213360E+01
   5.79995109E-02   -2.82483568E+00   -2.08025284E+01
   5.90922962E-02   -2.84717423E+00   -2.00833779E+01
   6.02056709E-02   -2.86913292E+00   -1.93641395E+01
   6.13400231E-02   -2.89068954E+00   -1.86450745E+01
   6.24957480E-02   -2.91182151E+00   -1.79264500E+01
   6.36732481E-02   -2.93250584E+00   -1.72085394E+01
   6.48729339E-02   -2.95271918E+00   -1.64916222E+01
   6.60952233E-02   -2.97243785E+00   -1.57759829E+01
   6.73405422E-02   -2.99163781E+00   -1.50619122E+01
   6.86093246E-02   -3.01029465E+00   -1.43497066E+01
   6.99020124E-02   -3.02838373E+00   -1.36396674E+01
   7.12190561E-02   -3.04588008E+00   -1.29321009E+01
   7.25609146E-02   -3.06275847E+00   -1.22273190E+01
   7.39280554E-02   -3.07899343E+00   -1.15256375E+01
   7.53209550E-02   -3.09455926E+00   -1.08273773E+01
   7.67400985E-02   -3.10943005E+00   -1.01328635E+01
   7.81859805E-02   -3.12357977E+00   -9.44242433E+00
   7.96591049E-02   -3.13698220E+00   -8.75639254E+00
   8.11599847E-02   -3.14961102E+00   -8.07510363E+00
   8.26891431E-02   -3.16143984E+00   -7.39889636E+00
   8.42471128E-02   -3.17244221E+00   -6.72811183E+00
   8.58344366E-02   -3.18259167E+00   -6.06309355E+00
   8.74516676E-02   -3.19186179E+00   -5.40418666E+00
   8.90993694E-02   -3.20022618E+00   -4.75173788E+00
   9.07781160E-02   -3.20765854E+00   -4.10609489E+00
   9.24884923E-02   -3.21413274E+00   -3.46760585E+00
   9.42310943E-02   -3.21962279E+00   -2.83661892E+00
   9.60065292E-02   -3.22410294E+00   -2.21348188E+00
   9.78154155E-02   -3.22754772E+00   -1.59854165E+00
   9.96583836E-02   -3.22993191E+00   -9.92143942E-01
   1.01536076E-01   -3.23123072E+00   -3.94632119E-01
   1.03449146E-01   -3.23141971E+00    1.93652503E-01
   1.05398260E-01   -3.23047493E+00    7.72371708E-01
   1.07384099E-01   -3.22837291E+00    1.34119065E+00
   1.09407353E-01   -3.22509075E+00    1.89977860E+00
   1.11468729E-01   -3.22060614E+00    2.44780901E+00
   1.13568943E-01   -3.21489747E+00    2.98496074E+00
   1.15708727E-01   -3.20794381E+00    3.51091806E+00
   1.17888828E-01   -3.19972501E+00    4.02537111E+00
   1.20110005E-01   -3.19022177E+00    4.52801685E+00
   1.22373032E-01   -3.17941565E+00    5.01855902E+00
   1.24678697E-01   -3.16728918E+00    5.49670943E+00
   1.27027804E-01   -3.15382587E+00    5.96218729E+00
   1.29421171E-01   -3.13901046E+00    6.41472315E+00
   1.31859632E-01   -3.12282834E+00    6.85404954E+00
   1.34344037E-01   -3.10526657E+00    7.27991602E+00
   1.36875251E-01   -3.08631339E+00    7.69208086E+00
   1.39454157E-01   -3.06595811E+00    8.09031008E+00
   1.42081652E-01   -3.04419160E+00    8.47438334E+00
   1.44758653E-01   -3.02100605E+00    8.84409087E+00
   1.47486092E-01   -2.99639518E+00    9.19923526E+00
   1.50264920E-01   -2.97035422E+00    9.53963216E+00
   1.53096104E-01   -2.94288005E+00    9.86511053E+00
   1.55980631E-01   -2.91397117E+00    1.01755134E+01
   1.58919506E-01   -2.88362774E+00    1.04706971E+01
   1.61913754E-01   -2.85185178E+00    1.07505347E+01
   1.64964417E-01   -2.81864707E+00    1.10149134E+01
   1.68072559E-01   -2.78401923E+00    1.12637368E+01
   1.71239262E-01   -2.74797581E+00    1.14969254E+01
   1.74465629E-01   -2.71052634E+00    1.17144168E+01
   1.77752786E-01   -2.67168226E+00    1.19161654E+01
   1.81101877E-01   -2.63145716E+00    1.21021451E+01
   1.84514069E-01   -2.58986654E+00    1.22723463E+01
   1.87990551E-01   -2.54692811E+00    1.24267798E+01
   1.91532534E-01   -2.50266164E+00    1.25654750E+01
   1.95141253E-01   -2.45708900E+00    1.26884800E+01
   1.98817965E-01   -2.41023433E+00    1.27958643E+01
   2.02563951E-01   -2.36212382E+00    1.28877156E+01
   2.06380516E-01   -2.31278581E+00    1.29641416E+01
   2.10268990E-01   -2.26225094E+00    1.30252713E+01
   2.14230728E-01   -2.21055192E+00    1.30712528E+01
   2.18267110E-01   -2.15772353E+00    1.31022526E+01
   2.22379543E-01   -2.10380296E+00    1.31184609E+01
   2.26569459E-01   -2.04882924E+00    1.31200834E+01
   2.30838319E-01   -1.99284364E+00    1.31073469E+01
   2.35187609E-01   -1.93588948E+00    1.30804972E+01
   2.39618846E-01   -1.87801209E+00    1.30397980E+01
   2.44133573E-01   -1.81925879E+00    1.29855314E+01
   2.48733363E-01   -1.75967886E+00    1.29179967E+01
   2.53419819E-01   -1.69932342E+00    1.28375103E+01
   2.58194574E-01   -1.63824548E+00    1.27444048E+01
   2.63059291E-01   -1.57649975E+00    1.26390282E+01
   2.68015666E-01   -1.51414272E+00    1.25217439E+01
   2.73065426E-01   -1.45123240E+00    1.23929283E+01
   2.78210329E-01   -1.38782844E+00    1.22529725E+01
   2.83452169E-01   -1.32399190E+00    1.21022789E+01
   2.88792772E-01   -1.25978524E+00    1.19412621E+01
   2.94233999E-01   -1.19527218E+00    1.17703470E+01
   2.99777745E-01   -1.13051763E+00    1.15899688E+01
   3.05425943E-01   -1.06558760E+00    1.14005711E+01
   3.11180560E-01   -1.00054906E+00    1.12026062E+01
   3.17043602E-01   -9.35469852E-01    1.09965330E+01
   3.23017111E-01   -8.70418581E-01    1.07828170E+01
   3.29103168E-01   -8.05464497E-01    1.05619293E+01
   3.35303894E-01   -7.40677302E-01    1.03343443E+01
   3.41621451E-01   -6.76127188E-01    1.01005420E+01
   3.48058038E-01   -6.11884521E-01    9.86100352E+00
   3.54615898E-01   -5.48019894E-01    9.61621368E+00
   3.61297317E-01   -4.84603706E-01    9.36665555E+00
   3.68104623E-01   -4.21706532E-01    9.11281765E+00
   3.75040187E-01   -3.59398012E-01    8.85517759E+00
   3.82106426E-01   -2.97748284E-01    8.59422718E+00
   3.89305801E-01   -2.36826204E-01    8.33044499E+00
   3.96640823E-01   -1.76700244E-01    8.06431227E+00
   4.04114045E-01   -1.17437141E-01    7.79629186E+00
   4.11728073E-01   -5.91042293E-02    7.52687256E+00
   4.19485559E-01   -1.76603055E-03    7.25650695E+00
   4.27389206E-01    5.45133049E-02    6.98566256E+00
   4.35441767E-01    1.09671641E-01    6.71478844E+00
   4.43646050E-01    1.63648339E-01    6.44433186E+00
   4.52004911E-01    2.16384525E-01    6.17473094E+00
   4.60521264E-01    2.67823620E-01    5.90640847E+00
   4.69198077E-01    3.17910729E-01    5.63978929E+00
   4.78038371E-01    3.66593602E-01    5.37527719E+00
   4.87045228E-01    4.13822318E-01    5.11326636E+00
   4.96221786E-01    4.59549509E-01    4.85413955E+00
   5.05571242E-01    5.03730531E-01    4.59826433E+00
   5.15096853E-01    5.46323560E-01    4.34599391E+00
   5.24801940E-01    5.87289714E-01    4.09766574E+00
   5.34689883E-01    6.26593153E-01    3.85360058E+00
   5.44764127E-01    6.64201172E-01    3.61410187E+00
   5.55028183E-01    7.00084289E-01    3.37945497E+00
   5.65485627E-01    7.34216303E-01    3.14992651E+00
   5.76140102E-01    7.66574370E-01    2.92576400E+00
   5.86995322E-01    7.97139025E-01    2.70719543E+00
   5.98055068E-01    8.25894252E-01    2.49442927E+00
   6.09323194E-01    8.52827479E-01    2.28765435E+00
   6.20803625E-01    8.77929617E-01    2.08704010E+00
   6.32500363E-01    9.01195069E-01    1.89273685E+00
   6.44417482E-01    9.22621721E-01    1.70487626E+00
   6.56559136E-01    9.42210960E-01    1.52357181E+00
   6.68929553E-01    9.59967654E-01    1.34891934E+00
   6.81533045E-01    9.75900154E-01    1.18099759E+00
   6.94374003E-01    9.90020254E-01    1.01986876E+00
   7.07456902E-01    1.00234320E+00    8.65578967E-01
   7.20786298E-01    1.01288763E+00    7.18158628E-01
   7.34366838E-01    1.02167557E+00    5.77622876E-01
   7.48203253E-01    1.02873237E+00    4.43971804E-01
   7.62300363E-01    1.03408664E+00    3.17190703E-01
   7.76663081E-01    1.03777017E+00    1.97250350E-01
   7.91296411E-01    1.03981794E+00    8.41070066E-02
   8.06205452E-01    1.04026790E+00   -2.22972431E-02
   8.21395399E-01    1.03916096E+00   -1.22034293E-01
   8.36871543E-01    1.03654083E+00   -2.15189908E-01
   8.52639278E-01    1.03245388E+00   -3.01863278E-01
   8.68704097E-01    1.02694901E+00   -3.82166739E-01
   8.85071598E-01    1.02007751E+00   -4.56225387E-01
   9.01747484E-01    1.01189282E+00   -5.24176512E-01
   9.18737565E-01    1.00245043E+00   -5.86169060E-01
   9.36047761E-01    9.91807606E-01   -6.42362973E-01
   9.53684104E-01    9.80023246E-01   -6.92928446E-01
   9.71652737E-01    9.67157646E-01   -7.38045185E-01
   9.89959923E-01    9.53272276E-01   -7.77901477E-01
   1.00861204E+00    9.38429569E-01   -8.12693322E-01
   1.02761559E+00    9.22692704E-01   -8.42623496E-01
   1.04697718E+00    9.06125367E-01   -8.67900521E-01
   1.06670358E+00    8.88791537E-01   -8.88737682E-01
   1.08680164E+00    8.70755263E-01   -9.05352002E-01
   1.10727838E+00    8.52080444E-01   -9.17963203E-01
   1.12814093E+00    8.32830622E-01   -9.26792705E-01
   1.14939656E+00    8.13068775E-01   -9.32062637E-01
   1.17105266E+00    7.92857116E-01   -9.33994846E-01
   1.19311680E+00    7.72256909E-01   -9.32809984E-01
   1.21559665E+00    7.51328290E-01   -9.28726620E-01
   1.23850005E+00    7.30130100E-01   -9.21960408E-01
   1.26183499E+00    7.08719724E-01   -9.12723284E-01
   1.28560958E+00    6.87152953E-01   -9.01222798E-01
   1.30983211E+00    6.65483849E-01   -8.87661412E-01
   1.33451103E+00    6.43764624E-01   -8.72235946E-01
   1.35965494E+00    6.22045534E-01   -8.55137030E-01
   1.38527258E+00    6.00374784E-01   -8.36548686E-01
   1.41137290E+00    5.78798449E-01   -8.16647925E-01
   1.43796498E+00    5.57360399E-01   -7.95604444E-01
   1.46505808E+00    5.36102246E-01   -7.73580370E-01
   1.49266166E+00    5.15063289E-01   -7.50730029E-01
   1.52078532E+00    4.94280488E-01   -7.27199884E-01
   1.54943887E+00    4.73788437E-01   -7.03128414E-01
   1.57863229E+00    4.53619342E-01   -6.78646079E-01
   1.60837575E+00    4.33803020E-01   -6.53875317E-01
   1.63867962E+00    4.14366905E-01   -6.28930665E-01
   1.66955444E+00    3.95336055E-01   -6.03918792E-01
   1.70101100E+00    3.76733177E-01   -5.78938645E-01
   1.73306023E+00    3.58578647E-01   -5.54081591E-01
   1.76571331E+00    3.40890548E-01   -5.29431612E-01
   1.79898162E+00    3.23684713E-01   -5.05065487E-01
   1.83287674E+00    3.06974766E-01   -4.81052990E-01
   1.86741049E+00    2.90772179E-01   -4.57457166E-01
   1.90259491E+00    2.75086325E-01   -4.34334515E-01
   1.93844224E+00    2.59924546E-01   -4.11735256E-01
   1.97496498E+00    2.45292215E-01   -3.89703579E-01
   2.01217586E+00    2.31192811E-01   -3.68277889E-01
   2.05008783E+00    2.17627993E-01   -3.47491072E-01
   2.08871412E+00    2.04597682E-01   -3.27370741E-01
   2.12806818E+00    1.92100145E-01   -3.07939490E-01
   2.16816372E+00    1.80132083E-01   -2.89215159E-01
   2.20901471E+00    1.68688714E-01   -2.71211093E-01
   2.25063538E+00    1.57763878E-01   -2.53936377E-01
   2.29304024E+00    1.47350119E-01   -2.37396110E-01
   2.33624407E+00    1.37438821E-01   -2.21591657E-01
   2.38026191E+00    1.28020242E-01   -2.06520908E-01
   2.42510910E+00    1.19083676E-01   -1.92178536E-01
   2.47080127E+00    1.10617528E-01   -1.78556267E-01
   2.51735434E+00    1.02609420E-01   -1.65643137E-01
   2.56478453E+00    9.50462930E-02   -1.53425767E-01
   2.61310836E+00    8.79145030E-02   -1.41888621E-01
   2.66234268E+00    8.11999230E-02   -1.31014282E-01
   2.71250464E+00    7.48880314E-02   -1.20783702E-01
   2.76361171E+00    6.89640027E-02   -1.11176461E-01
   2.81568171E+00    6.34127942E-02   -1.02171013E-01
   2.86873277E+00    5.82192261E-02   -9.37449202E-02
   2.92278338E+00    5.33680549E-02   -8.58750708E-02
   2.97785237E+00    4.88440451E-02   -7.85378869E-02
   3.03395893E+00    4.46320314E-02   -7.17095094E-02
   3.09112262E+00    4.07169782E-02   -6.53659704E-02
   3.14936334E+00    3.70840336E-02   -5.94833478E-02
   3.20870139E+00    3.37185745E-02   -5.40378957E-02
   3.26915745E+00    3.06062550E-02   -4.90061739E-02
   3.33075257E+00    2.77330305E-02   -4.43651280E-02
   3.39350823E+00    2.50852322E-02   -4.00922451E-02
   3.45744628E+00    2.26495234E-02   -3.61655099E-02
   3.52258901E+00    2.04129944E-02   -3.25635825E-02
   3.58895912E+00    1.83631501E-02   -2.92657936E-02
   3.65657972E+00    1.64879338E-02   -2.62521979E-02
   3.72547437E+00    1.47757415E-02   -2.35036055E-02
   3.79566710E+00    1.32154337E-02   -2.10016079E-02
   3.86718234E+00    1.17963426E-02   -1.87285945E-02
   3.94004502E+00    1.05082783E-02   -1.66677643E-02
   4.01428053E+00    9.34153030E-03   -1.48031296E-02
   4.08991474E+00    8.28686965E-03   -1.31195191E-02
   4.16697398E+00    7.33554416E-03   -1.16025689E-02
   4.24548513E+00    6.47927685E-03   -1.02387185E-02
   4.32547552E+00    5.71025998E-03   -9.01519889E-03
   4.40697304E+00    5.02114260E-03   -7.92000966E-03
   4.49000607E+00    4.40502663E-03   -6.94191031E-03
   4.57460355E+00    3.85545325E-03   -6.07039534E-03
   4.66079496E+00    3.36639003E-03   -5.29567076E-03
   4.74861032E+00    2.93221878E-03   -4.60863171E-03
   4.83808024E+00    2.54772009E-03   -4.00083487E-03
   4.92923589E+00    2.20805809E-03   -3.46447144E-03
   5.02210902E+00    1.90876479E-03   -2.99233937E-03
   5.11673201E+00    1.64572314E-03   -2.57781389E-03
   5.21313781E+00    1.41514944E-03   -2.21481714E-03
   5.31136003E+00    1.21357810E-03   -1.89779168E-03
   5.41143287E+00    1.03784114E-03   -1.62166573E-03
   5.51339122E+00    8.85053472E-04   -1.38182799E-03
   5.61727059E+00    7.52594222E-04   -1.17409619E-03
   5.72310719E+00    6.38089487E-04   -9.94688071E-04
   5.83093788E+00    5.39396586E-04   -8.40195056E-04
   5.94080024E+00    4.54586569E-04   -7.07553167E-04
   6.05273255E+00    3.81928642E-04   -5.94017218E-04
   6.16677380E+00    3.19874976E-04   -4.97135743E-04
   6.28296374E+00    2.67045737E-04   -4.14726401E-04
   6.40134285E+00    2.22214307E-04   -3.44851814E-04
   6.52195237E+00    1.84294868E-04   -2.85799273E-04
   6.64483433E+00    1.52329161E-04   -2.36059229E-04
   6.77003155E+00    1.25473963E-04   -1.94305006E-04
   6.89758764E+00    1.02990764E-04   -1.59376112E-04
   7.02754705E+00    8.42341354E-05   -1.30259520E-04
   7.15995506E+00    6.86427958E-05   -1.06075298E-04
   7.29485782E+00    5.57300964E-05   -8.60613784E-05
   7.43230231E+00    4.50757897E-05   -6.95603921E-05
   7.57233643E+00    3.63182543E-05   -5.60072811E-05
   7.71500898E+00    2.91477589E-05   -4.49185725E-05
   7.86036966E+00    2.32997924E-05   -3.58817988E-05
   8.00846912E+00    1.85496245E-05   -2.85468722E-05
   8.15935896E+00    1.47069225E-05   -2.26175775E-05
   8.31309177E+00    1.16112750E-05   -1.78445035E-05
   8.46972110E+00    9.12801552E-06   -1.40184625E-05
   8.62930152E+00    7.14459174E-06   -1.09647790E-05
   8.79188865E+00    5.56736031E-06   -8.53825398E-06
   8.95753912E+00    4.31874392E-06   -6.61870683E-06
   9.12631067E+00    3.33477070E-06   -5.10712119E-06
   9.29826208E+00    2.56294694E-06   -3.92231751E-06
   9.47345329E+00    1.96038671E-06   -2.99803150E-06
   9.65194532E+00    1.49222835E-06   -2.28044368E-06
   9.83380036E+00    1.13026974E-06   -1.72605274E-06
   1.00190818E+01    8.51810406E-07   -1.29987338E-06
   1.02078542E+01    6.38680140E-07   -9.73926056E-07
   1.04001833E+01    4.76385349E-07   -7.25911577E-07
   1.05961361E+01    3.53451609E-07   -5.38190975E-07
   1.07957809E+01    2.60828997E-07   -3.96864145E-07
   1.09991873E+01    1.91422962E-07   -2.91043613E-07
   1.12064261E+01    1.39702460E-07   -2.12248572E-07
   1.14175695E+01    1.01377028E-07   -1.53906046E-07
   1.16326912E+01    7.31401083E-08   -1.10954767E-07
   1.18518661E+01    5.24579854E-08   -7.95197949E-08
   1.20751704E+01    3.73989118E-08   -5.66493637E-08
   1.23026822E+01    2.65002015E-08   -4.01103983E-08
   1.25344805E+01    1.86610118E-08   -2.82237161E-08
   1.27706462E+01    1.30578138E-08   -1.97342381E-08
   1.30112616E+01    9.07826784E-09   -1.37095629E-08
   1.32564105E+01    6.27021707E-09   -9.46180426E-09
   1.35061783E+01    4.30189137E-09   -6.48667051E-09
   1.37606520E+01    2.93141893E-09   -4.41684065E-09
   1.40199204E+01    1.98374980E-09   -2.98670850E-09
   1.42840737E+01    1.33299842E-09   -2.00543467E-09
   1.45532040E+01    8.89308430E-10   -1.33691967E-09
   1.48274051E+01    5.88976636E-10   -8.84761638E-10
   1.51067724E+01    3.87173971E-10   -5.81180662E-10
   1.53914034E+01    2.52593547E-10   -3.78883557E-10
   1.56813972E+01    1.63524098E-10   -2.45101328E-10
   1.59768549E+01    1.05032039E-10   -1.57314292E-10
   1.62778794E+01    6.69245727E-11   -1.00165183E-10
   1.65845755E+01    4.22962940E-11   -6.32587724E-11
   1.68970502E+01    2.65101275E-11   -3.96205223E-11
   1.72154124E+01    1.64756485E-11   -2.46061490E-11
   1.75397729E+01    1.01516463E-11   -1.51507245E-11
   1.78702447E+01    6.20032439E-12   -9.24720012E-12
   1.82069431E+01    3.75317952E-12   -5.59367635E-12
   1.85499853E+01    2.25129947E-12   -3.35302561E-12
   1.88994908E+01    1.33797242E-12   -1.99140665E-12
   1.92555815E+01    7.87652728E-13   -1.17154854E-12
   1.96183814E+01    4.59268291E-13   -6.82666434E-13
   1.99880169E+01    2.65159300E-13   -3.93884777E-13
   2.03646168E+01    1.51578509E-13   -2.25021605E-13
   2.07483124E+01    8.57741459E-14   -1.27253948E-13
   2.11392372E+01    4.80296475E-14   -7.12125051E-14
   2.15375276E+01    2.66158721E-14   -3.94388241E-14
   2.19433223E+01    1.45859467E-14   -2.16002004E-14
   2.23567627E+01    7.91122196E-15   -1.17087999E-14
   2.27779928E+01    4.23961655E-15   -6.27112766E-15
   2.32071594E+01    2.24941774E-15   -3.32547152E-15
   2.36444121E+01    1.17862127E-15   -1.74150238E-15
   2.40899032E+01    6.05185695E-16   -8.93689565E-16
   2.45437880E+01    3.12710104E-16   -4.61542156E-16
   2.50062245E+01    1.56696318E-16   -2.31143346E-16
   2.54773738E+01    7.88764394E-17   -1.16293225E-16
   2.59574003E+01    3.86750262E-17   -5.69914606E-17
   2.64464711E+01    1.88673819E-17   -2.77886809E-17
   2.69447565E+01    8.86127476E-18   -1.30437543E-17
   2.74524304E+01    4.30855265E-18   -6.33967122E-18
   2.79696694E+01    2.00688793E-18   -2.95175747E-18
   2.84966539E+01    9.16268931E-19    0.00000000E+00
   2.90335675E+01    4.14346011E-19    0.00000000E+00
   2.95805972E+01    1.70863479E-19    0.00000000E+00
   3.01379337E+01    8.03549065E-20    0.00000000E+00
   3.07057710E+01    4.15566777E-20    0.00000000E+00
   3.12843072E+01    1.96452131E-20    0.00000000E+00
   3.18737437E+01    0.00000000E+00    0.00000000E+00
   3.24742860E+01    0.00000000E+00    0.00000000E+00
   3.30861433E+01    0.00000000E+00    0.00000000E+00
   3.37095287E+01    0.00000000E+00    0.00000000E+00
   3.43446596E+01    0.00000000E+00    0.00000000E+00
   3.49917571E+01    0.00000000E+00    0.00000000E+00
   3.56510467E+01    0.00000000E+00    0.00000000E+00
   3.63227582E+01    0.00000000E+00    0.00000000E+00
   3.70071257E+01    0.00000000E+00    0.00000000E+00
   3.77043874E+01    0.00000000E+00    0.00000000E+00
   3.84147865E+01    0.00000000E+00    0.00000000E+00
   3.91385705E+01    0.00000000E+00    0.00000000E+00
   3.98759914E+01    0.00000000E+00    0.00000000E+00
   4.06273063E+01    0.00000000E+00    0.00000000E+00
   4.13927770E+01    0.00000000E+00    0.00000000E+00
   4.21726700E+01    0.00000000E+00    0.00000000E+00
   4.29672573E+01    0.00000000E+00    0.00000000E+00
   4.37768156E+01    0.00000000E+00    0.00000000E+00
   4.46016271E+01    0.00000000E+00    0.00000000E+00
   4.54419790E+01    0.00000000E+00    0.00000000E+00
   4.62981643E+01    0.00000000E+00    0.00000000E+00
   4.71704812E+01    0.00000000E+00    0.00000000E+00
   4.80592336E+01    0.00000000E+00    0.00000000E+00
   4.89647313E+01    0.00000000E+00    0.00000000E+00
   4.98872898E+01    0.00000000E+00    0.00000000E+00
   5.08272304E+01    0.00000000E+00    0.00000000E+00
   5.17848807E+01    0.00000000E+00    0.00000000E+00
   5.27605744E+01    0.00000000E+00    0.00000000E+00
   5.37546514E+01    0.00000000E+00    0.00000000E+00
   5.47674581E+01    0.00000000E+00    0.00000000E+00
   5.57993473E+01    0.00000000E+00    0.00000000E+00
   5.68506787E+01    0.00000000E+00    0.00000000E+00
   5.79218185E+01    0.00000000E+00    0.00000000E+00
   5.90131400E+01    0.00000000E+00    0.00000000E+00
   6.01250234E+01    0.00000000E+00    0.00000000E+00
   6.12578561E+01    0.00000000E+00    0.00000000E+00
   6.24120328E+01    0.00000000E+00    0.00000000E+00
   6.35879556E+01    0.00000000E+00    0.00000000E+00
   6.47860344E+01    0.00000000E+00    0.00000000E+00
   6.60066865E+01    0.00000000E+00    0.00000000E+00
   6.72503373E+01    0.00000000E+00    0.00000000E+00
   6.85174200E+01    0.00000000E+00    0.00000000E+00
   6.98083762E+01    0.00000000E+00    0.00000000E+00
   7.11236557E+01    0.00000000E+00    0.00000000E+00
   7.24637168E+01    0.00000000E+00    0.00000000E+00
   7.38290263E+01    0.00000000E+00    0.00000000E+00
   7.52200600E+01    0.00000000E+00    0.00000000E+00
   7.66373025E+01    0.00000000E+00    0.00000000E+00
   7.80812477E+01    0.00000000E+00    0.00000000E+00
   7.95523988E+01    0.00000000E+00    0.00000000E+00
   8.10512681E+01    0.00000000E+00    0.00000000E+00
   8.25783782E+01    0.00000000E+00    0.00000000E+00
   8.41342609E+01    0.00000000E+00    0.00000000E+00
   8.57194584E+01    0.00000000E+00    0.00000000E+00
   8.73345231E+01    0.00000000E+00    0.00000000E+00
   8.89800177E+01    0.00000000E+00    0.00000000E+00
   9.06565156E+01    0.00000000E+00    0.00000000E+00
   9.23646008E+01    0.00000000E+00    0.00000000E+00
   9.41048685E+01    0.00000000E+00    0.00000000E+00
   9.58779251E+01    0.00000000E+00    0.00000000E+00
   9.76843884E+01    0.00000000E+00    0.00000000E+00
   9.95248878E+01    0.00000000E+00    0.00000000E+00
   1.01400065E+02    0.00000000E+00    0.00000000E+00
   1.03310572E+02    0.00000000E+00    0.00000000E+00
   1.05257076E+02    0.00000000E+00    0.00000000E+00
   1.07240254E+02    0.00000000E+00    0.00000000E+00
   1.09260799E+02    0.00000000E+00    0.00000000E+00
   1.11319412E+02    0.00000000E+00    0.00000000E+00
   1.13416813E+02    0.00000000E+00    0.00000000E+00
   1.15553732E+02    0.00000000E+00    0.00000000E+00
   1.17730912E+02    0.00000000E+00    0.00000000E+00
   1.19949114E+02    0.00000000E+00    0.00000000E+00
   1.22209109E+02    0.00000000E+00    0.00000000E+00
   1.24511686E+02    0.00000000E+00    0.00000000E+00
   1.26857646E+02    0.00000000E+00    0.00000000E+00
   1.29247807E+02    0.00000000E+00    0.00000000E+00
   1.31683002E+02    0.00000000E+00    0.00000000E+00
   1.34164079E+02    0.00000000E+00    0.00000000E+00
