# Peaks:     1.171053    131.683002  
   4.47213584E-05   -2.11056297E-11   -7.84679187E-07
   4.55639663E-05   -2.17781108E-11   -7.94803178E-07
   4.64224499E-05   -2.24656506E-11   -8.04877809E-07
   4.72971085E-05   -2.31711342E-11   -8.14977970E-07
   4.81882468E-05   -2.38977445E-11   -8.25181711E-07
   4.90961753E-05   -2.46488339E-11   -8.35566199E-07
   5.00212103E-05   -2.54259527E-11   -8.46153614E-07
   5.09636741E-05   -2.62291756E-11   -8.56924364E-07
   5.19238952E-05   -2.70584766E-11   -8.67856907E-07
   5.29022081E-05   -2.79137946E-11   -8.78929664E-07
   5.38989537E-05   -2.87956657E-11   -8.90137324E-07
   5.49144792E-05   -2.97051848E-11   -9.01488541E-07
   5.59491385E-05   -3.06435187E-11   -9.12992651E-07
   5.70032922E-05   -3.16118728E-11   -9.24658780E-07
   5.80773074E-05   -3.26112839E-11   -9.36490924E-07
   5.91715585E-05   -3.36426818E-11   -9.48489773E-07
   6.02864267E-05   -3.47070167E-11   -9.60655859E-07
   6.14223004E-05   -3.58052723E-11   -9.72989861E-07
   6.25795754E-05   -3.69385374E-11   -9.85494254E-07
   6.37586550E-05   -3.81079701E-11   -9.98172310E-07
   6.49599500E-05   -3.93147669E-11   -1.01102730E-06
   6.61838789E-05   -4.05601595E-11   -1.02406243E-06
   6.74308682E-05   -4.18454015E-11   -1.03728060E-06
   6.87013524E-05   -4.31717802E-11   -1.05068460E-06
   6.99957741E-05   -4.45406227E-11   -1.06427720E-06
   7.13145844E-05   -4.59533016E-11   -1.07806123E-06
   7.26582428E-05   -4.74112452E-11   -1.09203988E-06
   7.40272174E-05   -4.89159295E-11   -1.10621635E-06
   7.54219853E-05   -5.04688768E-11   -1.12059383E-06
   7.68430324E-05   -5.20716600E-11   -1.13517556E-06
   7.82908538E-05   -5.37259060E-11   -1.14996495E-06
   7.97659541E-05   -5.54332934E-11   -1.16496540E-06
   8.12688471E-05   -5.71955540E-11   -1.18018026E-06
   8.28000566E-05   -5.90144804E-11   -1.19561305E-06
   8.43601160E-05   -6.08919278E-11   -1.21126745E-06
   8.59495690E-05   -6.28298106E-11   -1.22714713E-06
   8.75689693E-05   -6.48301048E-11   -1.24325571E-06
   8.92188811E-05   -6.68948567E-11   -1.25959706E-06
   9.08998795E-05   -6.90261818E-11   -1.27617513E-06
   9.26125500E-05   -7.12262632E-11   -1.29299383E-06
   9.43574894E-05   -7.34973556E-11   -1.31005712E-06
   9.61353057E-05   -7.58417954E-11   -1.32736918E-06
   9.79466184E-05   -7.82619961E-11   -1.34493426E-06
   9.97920585E-05   -8.07604487E-11   -1.36275657E-06
   1.01672269E-04   -8.33397287E-11   -1.38084041E-06
   1.03587905E-04   -8.60025042E-11   -1.39919034E-06
   1.05539634E-04   -8.87515298E-11   -1.41781090E-06
   1.07528137E-04   -9.15896492E-11   -1.43670661E-06
   1.09554105E-04   -9.45198070E-11   -1.45588220E-06
   1.11618245E-04   -9.75450501E-11   -1.47534257E-06
   1.13721276E-04   -1.00668524E-10   -1.49509260E-06
   1.15863931E-04   -1.03893478E-10   -1.51513718E-06
   1.18046956E-04   -1.07223280E-10   -1.53548148E-06
   1.20271113E-04   -1.10661411E-10   -1.55613077E-06
   1.22537175E-04   -1.14211463E-10   -1.57709027E-06
   1.24845933E-04   -1.17877155E-10   -1.59836531E-06
   1.27198190E-04   -1.21662338E-10   -1.61996154E-06
   1.29594768E-04   -1.25570989E-10   -1.64188459E-06
   1.32036500E-04   -1.29607218E-10   -1.66414007E-06
   1.34524237E-04   -1.33775280E-10   -1.68673385E-06
   1.37058846E-04   -1.38079579E-10   -1.70967201E-06
   1.39641211E-04   -1.42524665E-10   -1.73296057E-06
   1.42272231E-04   -1.47115240E-10   -1.75660562E-06
   1.44952822E-04   -1.51856177E-10   -1.78061361E-06
   1.47683920E-04   -1.56752516E-10   -1.80499104E-06
   1.50466475E-04   -1.61809461E-10   -1.82974436E-06
   1.53301456E-04   -1.67032400E-10   -1.85488027E-06
   1.56189853E-04   -1.72426914E-10   -1.88040573E-06
   1.59132670E-04   -1.77998770E-10   -1.90632772E-06
   1.62130934E-04   -1.83753928E-10   -1.93265319E-06
   1.65185689E-04   -1.89698567E-10   -1.95938951E-06
   1.68298000E-04   -1.95839076E-10   -1.98654418E-06
   1.71468950E-04   -2.02182062E-10   -2.01412462E-06
   1.74699645E-04   -2.08734357E-10   -2.04213846E-06
   1.77991211E-04   -2.15503045E-10   -2.07059373E-06
   1.81344794E-04   -2.22495447E-10   -2.09949843E-06
   1.84761563E-04   -2.29719133E-10   -2.12886055E-06
   1.88242708E-04   -2.37181946E-10   -2.15868852E-06
   1.91789443E-04   -2.44892007E-10   -2.18899095E-06
   1.95403002E-04   -2.52857706E-10   -2.21977638E-06
   1.99084646E-04   -2.61087731E-10   -2.25105356E-06
   2.02835656E-04   -2.69591084E-10   -2.28283167E-06
   2.06657341E-04   -2.78377076E-10   -2.31511992E-06
   2.10551030E-04   -2.87455333E-10   -2.34792748E-06
   2.14518082E-04   -2.96835833E-10   -2.38126399E-06
   2.18559879E-04   -3.06528909E-10   -2.41513935E-06
   2.22677827E-04   -3.16545240E-10   -2.44956336E-06
   2.26873364E-04   -3.26895885E-10   -2.48454603E-06
   2.31147949E-04   -3.37592306E-10   -2.52009792E-06
   2.35503074E-04   -3.48646362E-10   -2.55622955E-06
   2.39940254E-04   -3.60070315E-10   -2.59295145E-06
   2.44461037E-04   -3.71876882E-10   -2.63027471E-06
   2.49066997E-04   -3.84079225E-10   -2.66821063E-06
   2.53759739E-04   -3.96690962E-10   -2.70677042E-06
   2.58540898E-04   -4.09726194E-10   -2.74596562E-06
   2.63412141E-04   -4.23199539E-10   -2.78580830E-06
   2.68375164E-04   -4.37126118E-10   -2.82631050E-06
   2.73431697E-04   -4.51521583E-10   -2.86748427E-06
   2.78583501E-04   -4.66402161E-10   -2.90934236E-06
   2.83832372E-04   -4.81784652E-10   -2.95189767E-06
   2.89180139E-04   -4.97686439E-10   -2.99516302E-06
   2.94628664E-04   -5.14125534E-10   -3.03915167E-06
   3.00179847E-04   -5.31120604E-10   -3.08387743E-06
   3.05835621E-04   -5.48690968E-10   -3.12935401E-06
   3.11597957E-04   -5.66856625E-10   -3.17559525E-06
   3.17468862E-04   -5.85638316E-10   -3.22261577E-06
   3.23450384E-04   -6.05057514E-10   -3.27043027E-06
   3.29544604E-04   -6.25136442E-10   -3.31905337E-06
   3.35753648E-04   -6.45898142E-10   -3.36850035E-06
   3.42079678E-04   -6.67366487E-10   -3.41878694E-06
   3.48524899E-04   -6.89566185E-10   -3.46992872E-06
   3.55091555E-04   -7.12522836E-10   -3.52194164E-06
   3.61781936E-04   -7.36262983E-10   -3.57484238E-06
   3.68598373E-04   -7.60814107E-10   -3.62864764E-06
   3.75543240E-04   -7.86204665E-10   -3.68337413E-06
   3.82618957E-04   -8.12464165E-10   -3.73903944E-06
   3.89827989E-04   -8.39623179E-10   -3.79566139E-06
   3.97172849E-04   -8.67713356E-10   -3.85325770E-06
   4.04656096E-04   -8.96767503E-10   -3.91184674E-06
   4.12280337E-04   -9.26819632E-10   -3.97144750E-06
   4.20048228E-04   -9.57904957E-10   -4.03207889E-06
   4.27962476E-04   -9.90059964E-10   -4.09376005E-06
   4.36025839E-04   -1.02332249E-09   -4.15651113E-06
   4.44241126E-04   -1.05773173E-09   -4.22035230E-06
   4.52611199E-04   -1.09332827E-09   -4.28530371E-06
   4.61138976E-04   -1.13015422E-09   -4.35138649E-06
   4.69827427E-04   -1.16825318E-09   -4.41862216E-06
   4.78679579E-04   -1.20767036E-09   -4.48703209E-06
   4.87698517E-04   -1.24845257E-09   -4.55663833E-06
   4.96887383E-04   -1.29064839E-09   -4.62746377E-06
   5.06249380E-04   -1.33430812E-09   -4.69953116E-06
   5.15787769E-04   -1.37948387E-09   -4.77286356E-06
   5.25505873E-04   -1.42622972E-09   -4.84748513E-06
   5.35407079E-04   -1.47460168E-09   -4.92342014E-06
   5.45494836E-04   -1.52465777E-09   -5.00069281E-06
   5.55772659E-04   -1.57645819E-09   -5.07932854E-06
   5.66244130E-04   -1.63006531E-09   -5.15935312E-06
   5.76912897E-04   -1.68554375E-09   -5.24079223E-06
   5.87782677E-04   -1.74296053E-09   -5.32367237E-06
   5.98857258E-04   -1.80238513E-09   -5.40802093E-06
   6.10140498E-04   -1.86388952E-09   -5.49386519E-06
   6.21636328E-04   -1.92754833E-09   -5.58123285E-06
   6.33348755E-04   -1.99343894E-09   -5.67015285E-06
   6.45281860E-04   -2.06164154E-09   -5.76065419E-06
   6.57439799E-04   -2.13223926E-09   -5.85276595E-06
   6.69826809E-04   -2.20531829E-09   -5.94651856E-06
   6.82447207E-04   -2.28096797E-09   -6.04194279E-06
   6.95305389E-04   -2.35928091E-09   -6.13906937E-06
   7.08405835E-04   -2.44035311E-09   -6.23793010E-06
   7.21753111E-04   -2.52428416E-09   -6.33855764E-06
   7.35351867E-04   -2.61117721E-09   -6.44098452E-06
   7.49206841E-04   -2.70113924E-09   -6.54524398E-06
   7.63322860E-04   -2.79428119E-09   -6.65137054E-06
   7.77704843E-04   -2.89071804E-09   -6.75939872E-06
   7.92357802E-04   -2.99056900E-09   -6.86936331E-06
   8.07286841E-04   -3.09395767E-09   -6.98130065E-06
   8.22497162E-04   -3.20101222E-09   -7.09524734E-06
   8.37994065E-04   -3.31186546E-09   -7.21124001E-06
   8.53782949E-04   -3.42665518E-09   -7.32931672E-06
   8.69869317E-04   -3.54552420E-09   -7.44951622E-06
   8.86258772E-04   -3.66862057E-09   -7.57187720E-06
   9.02957026E-04   -3.79609782E-09   -7.69643945E-06
   9.19969896E-04   -3.92811515E-09   -7.82324392E-06
   9.37303311E-04   -4.06483761E-09   -7.95233156E-06
   9.54963310E-04   -4.20643629E-09   -8.08374396E-06
   9.72956045E-04   -4.35308866E-09   -8.21752429E-06
   9.91287787E-04   -4.50497869E-09   -8.35371588E-06
   1.00996492E-03   -4.66229709E-09   -8.49236234E-06
   1.02899396E-03   -4.82524169E-09   -8.63350898E-06
   1.04838153E-03   -4.99401755E-09   -8.77720165E-06
   1.06813438E-03   -5.16883730E-09   -8.92348621E-06
   1.08825941E-03   -5.34992141E-09   -9.07241011E-06
   1.10876361E-03   -5.53749852E-09   -9.22402175E-06
   1.12965414E-03   -5.73180565E-09   -9.37836953E-06
   1.15093828E-03   -5.93308856E-09   -9.53550303E-06
   1.17262343E-03   -6.14160215E-09   -9.69547325E-06
   1.19471716E-03   -6.35761065E-09   -9.85833134E-06
   1.21722717E-03   -6.58138804E-09   -1.00241291E-05
   1.24016129E-03   -6.81321845E-09   -1.01929202E-05
   1.26352753E-03   -7.05339647E-09   -1.03647587E-05
   1.28733401E-03   -7.30222752E-09   -1.05396988E-05
   1.31158903E-03   -7.56002836E-09   -1.07177967E-05
   1.33630106E-03   -7.82712740E-09   -1.08991096E-05
   1.36147868E-03   -8.10386513E-09   -1.10836943E-05
   1.38713069E-03   -8.39059465E-09   -1.12716098E-05
   1.41326602E-03   -8.68768210E-09   -1.14629161E-05
   1.43989376E-03   -8.99550705E-09   -1.16576732E-05
   1.46702321E-03   -9.31446311E-09   -1.18559427E-05
   1.49466381E-03   -9.64495844E-09   -1.20577875E-05
   1.52282520E-03   -9.98741620E-09   -1.22632711E-05
   1.55151718E-03   -1.03422751E-08   -1.24724577E-05
   1.58074976E-03   -1.07099903E-08   -1.26854134E-05
   1.61053311E-03   -1.10910333E-08   -1.29022051E-05
   1.64087763E-03   -1.14858933E-08   -1.31228998E-05
   1.67179387E-03   -1.18950775E-08   -1.33475671E-05
   1.70329261E-03   -1.23191116E-08   -1.35762769E-05
   1.73538484E-03   -1.27585409E-08   -1.38090999E-05
   1.76808171E-03   -1.32139307E-08   -1.40461084E-05
   1.80139465E-03   -1.36858670E-08   -1.42873763E-05
   1.83533523E-03   -1.41749575E-08   -1.45329776E-05
   1.86991531E-03   -1.46818322E-08   -1.47829879E-05
   1.90514691E-03   -1.52071445E-08   -1.50374845E-05
   1.94104233E-03   -1.57515715E-08   -1.52965454E-05
   1.97761406E-03   -1.63158154E-08   -1.55602493E-05
   2.01487485E-03   -1.69006043E-08   -1.58286774E-05
   2.05283768E-03   -1.75066929E-08   -1.61019113E-05
   2.09151578E-03   -1.81348636E-08   -1.63800334E-05
   2.13092262E-03   -1.87859279E-08   -1.66631286E-05
   2.17107194E-03   -1.94607267E-08   -1.69512824E-05
   2.21197773E-03   -2.01601320E-08   -1.72445812E-05
   2.25365423E-03   -2.08850477E-08   -1.75431133E-05
   2.29611597E-03   -2.16364110E-08   -1.78469684E-05
   2.33937774E-03   -2.24151934E-08   -1.81562370E-05
   2.38345463E-03   -2.32224021E-08   -1.84710110E-05
   2.42836197E-03   -2.40590810E-08   -1.87913845E-05
   2.47411543E-03   -2.49263125E-08   -1.91174519E-05
   2.52073095E-03   -2.58252185E-08   -1.94493092E-05
   2.56822475E-03   -2.67569622E-08   -1.97870544E-05
   2.61661341E-03   -2.77227490E-08   -2.01307865E-05
   2.66591377E-03   -2.87238287E-08   -2.04806055E-05
   2.71614301E-03   -2.97614967E-08   -2.08366136E-05
   2.76731863E-03   -3.08370957E-08   -2.11989143E-05
   2.81945847E-03   -3.19520174E-08   -2.15676116E-05
   2.87258069E-03   -3.31077045E-08   -2.19428121E-05
   2.92670380E-03   -3.43056523E-08   -2.23246236E-05
   2.98184666E-03   -3.55474104E-08   -2.27131549E-05
   3.03802848E-03   -3.68345852E-08   -2.31085165E-05
   3.09526884E-03   -3.81688414E-08   -2.35108210E-05
   3.15358768E-03   -3.95519046E-08   -2.39201815E-05
   3.21300532E-03   -4.09855627E-08   -2.43367130E-05
   3.27354247E-03   -4.24716692E-08   -2.47605325E-05
   3.33522021E-03   -4.40121445E-08   -2.51917580E-05
   3.39806005E-03   -4.56089790E-08   -2.56305086E-05
   3.46208386E-03   -4.72642354E-08   -2.60769061E-05
   3.52731397E-03   -4.89800510E-08   -2.65310730E-05
   3.59377310E-03   -5.07586407E-08   -2.69931332E-05
   3.66148440E-03   -5.26022996E-08   -2.74632126E-05
   3.73047147E-03   -5.45134060E-08   -2.79414388E-05
   3.80075834E-03   -5.64944241E-08   -2.84279400E-05
   3.87236951E-03   -5.85479071E-08   -2.89228468E-05
   3.94532993E-03   -6.06765007E-08   -2.94262913E-05
   4.01966501E-03   -6.28829457E-08   -2.99384066E-05
   4.09540067E-03   -6.51700819E-08   -3.04593274E-05
   4.17256327E-03   -6.75408516E-08   -3.09891907E-05
   4.25117973E-03   -6.99983027E-08   -3.15281341E-05
   4.33127741E-03   -7.25455929E-08   -3.20762968E-05
   4.41288424E-03   -7.51859933E-08   -3.26338202E-05
   4.49602865E-03   -7.79228925E-08   -3.32008466E-05
   4.58073961E-03   -8.07598006E-08   -3.37775196E-05
   4.66704663E-03   -8.37003534E-08   -3.43639848E-05
   4.75497978E-03   -8.67483171E-08   -3.49603892E-05
   4.84456971E-03   -8.99075922E-08   -3.55668805E-05
   4.93584762E-03   -9.31822188E-08   -3.61836086E-05
   5.02884533E-03   -9.65763815E-08   -3.68107247E-05
   5.12359524E-03   -1.00094413E-07   -3.74483809E-05
   5.22013036E-03   -1.03740802E-07   -3.80967309E-05
   5.31848432E-03   -1.07520195E-07   -3.87559301E-05
   5.41869139E-03   -1.11437405E-07   -3.94261346E-05
   5.52078650E-03   -1.15497415E-07   -4.01075019E-05
   5.62480521E-03   -1.19705385E-07   -4.08001910E-05
   5.73078377E-03   -1.24066658E-07   -4.15043619E-05
   5.83875909E-03   -1.28586765E-07   -4.22201755E-05
   5.94876882E-03   -1.33271433E-07   -4.29477944E-05
   6.06085126E-03   -1.38126591E-07   -4.36873819E-05
   6.17504549E-03   -1.43158376E-07   -4.44391022E-05
   6.29139128E-03   -1.48373141E-07   -4.52031208E-05
   6.40992917E-03   -1.53777465E-07   -4.59796040E-05
   6.53070047E-03   -1.59378153E-07   -4.67687187E-05
   6.65374725E-03   -1.65182251E-07   -4.75706332E-05
   6.77911240E-03   -1.71197052E-07   -4.83855162E-05
   6.90683959E-03   -1.77430102E-07   -4.92135368E-05
   7.03697332E-03   -1.83889211E-07   -5.00548653E-05
   7.16955893E-03   -1.90582460E-07   -5.09096723E-05
   7.30464263E-03   -1.97518212E-07   -5.17781288E-05
   7.44227149E-03   -2.04705119E-07   -5.26604062E-05
   7.58249344E-03   -2.12152134E-07   -5.35566765E-05
   7.72535736E-03   -2.19868517E-07   -5.44671117E-05
   7.87091301E-03   -2.27863850E-07   -5.53918836E-05
   8.01921113E-03   -2.36148045E-07   -5.63311649E-05
   8.17030336E-03   -2.44731354E-07   -5.72851275E-05
   8.32424238E-03   -2.53624379E-07   -5.82539434E-05
   8.48108180E-03   -2.62838089E-07   -5.92377844E-05
   8.64087627E-03   -2.72383825E-07   -6.02368219E-05
   8.80368148E-03   -2.82273315E-07   -6.12512266E-05
   8.96955415E-03   -2.92518689E-07   -6.22811687E-05
   9.13855207E-03   -3.03132486E-07   -6.33268180E-05
   9.31073413E-03   -3.14127671E-07   -6.43883428E-05
   9.48616032E-03   -3.25517648E-07   -6.54659107E-05
   9.66489177E-03   -3.37316273E-07   -6.65596882E-05
   9.84699075E-03   -3.49537867E-07   -6.76698403E-05
   1.00325207E-02   -3.62197235E-07   -6.87965304E-05
   1.02215463E-02   -3.75309676E-07   -6.99399207E-05
   1.04141333E-02   -3.88891001E-07   -7.11001713E-05
   1.06103490E-02   -4.02957545E-07   -7.22774401E-05
   1.08102616E-02   -4.17526193E-07   -7.34718831E-05
   1.10139408E-02   -4.32614384E-07   -7.46836540E-05
   1.12214576E-02   -4.48240133E-07   -7.59129036E-05
   1.14328843E-02   -4.64422056E-07   -7.71597803E-05
   1.16482945E-02   -4.81179375E-07   -7.84244292E-05
   1.18677633E-02   -4.98531943E-07   -7.97069923E-05
   1.20913672E-02   -5.16500263E-07   -8.10076082E-05
   1.23191841E-02   -5.35105509E-07   -8.23264119E-05
   1.25512934E-02   -5.54369537E-07   -8.36635344E-05
   1.27877759E-02   -5.74314915E-07   -8.50191024E-05
   1.30287140E-02   -5.94964941E-07   -8.63932384E-05
   1.32741917E-02   -6.16343658E-07   -8.77860603E-05
   1.35242945E-02   -6.38475878E-07   -8.91976806E-05
   1.37791096E-02   -6.61387218E-07   -9.06282069E-05
   1.40387257E-02   -6.85104098E-07   -9.20777413E-05
   1.43032334E-02   -7.09653775E-07   -9.35463798E-05
   1.45727247E-02   -7.35064380E-07   -9.50342124E-05
   1.48472935E-02   -7.61364922E-07   -9.65413225E-05
   1.51270356E-02   -7.88585311E-07   -9.80677870E-05
   1.54120484E-02   -8.16756404E-07   -9.96136754E-05
   1.57024312E-02   -8.45910018E-07   -1.01179050E-04
   1.59982851E-02   -8.76078939E-07   -1.02763964E-04
   1.62997134E-02   -9.07296978E-07   -1.04368464E-04
   1.66068209E-02   -9.39598988E-07   -1.05992588E-04
   1.69197148E-02   -9.73020867E-07   -1.07636364E-04
   1.72385039E-02   -1.00759961E-06   -1.09299812E-04
   1.75632995E-02   -1.04337336E-06   -1.10982939E-04
   1.78942146E-02   -1.08038138E-06   -1.12685746E-04
   1.82313646E-02   -1.11866409E-06   -1.14408220E-04
   1.85748669E-02   -1.15826316E-06   -1.16150341E-04
   1.89248413E-02   -1.19922147E-06   -1.17912072E-04
   1.92814096E-02   -1.24158316E-06   -1.19693369E-04
   1.96446961E-02   -1.28539368E-06   -1.21494173E-04
   2.00148274E-02   -1.33069980E-06   -1.23314413E-04
   2.03919325E-02   -1.37754961E-06   -1.25154004E-04
   2.07761427E-02   -1.42599264E-06   -1.27012848E-04
   2.11675919E-02   -1.47607982E-06   -1.28890831E-04
   2.15664166E-02   -1.52786349E-06   -1.30787828E-04
   2.19727555E-02   -1.58139749E-06   -1.32703694E-04
   2.23867505E-02   -1.63673721E-06   -1.34638270E-04
   2.28085456E-02   -1.69393952E-06   -1.36591382E-04
   2.32382879E-02   -1.75306288E-06   -1.38562837E-04
   2.36761271E-02   -1.81416738E-06   -1.40552426E-04
   2.41222158E-02   -1.87731472E-06   -1.42559920E-04
   2.45767093E-02   -1.94256825E-06   -1.44585074E-04
   2.50397661E-02   -2.00999305E-06   -1.46627623E-04
   2.55115474E-02   -2.07965595E-06   -1.48687279E-04
   2.59922178E-02   -2.15162543E-06   -1.50763740E-04
   2.64819445E-02   -2.22597187E-06   -1.52856678E-04
   2.69808984E-02   -2.30276746E-06   -1.54965744E-04
   2.74892532E-02   -2.38208614E-06   -1.57090570E-04
   2.80071860E-02   -2.46400378E-06   -1.59230764E-04
   2.85348774E-02   -2.54859824E-06   -1.61385907E-04
   2.90725111E-02   -2.63594919E-06   -1.63555561E-04
   2.96202746E-02   -2.72613823E-06   -1.65739264E-04
   3.01783586E-02   -2.81924909E-06   -1.67936525E-04
   3.07469576E-02   -2.91536739E-06   -1.70146829E-04
   3.13262698E-02   -3.01458074E-06   -1.72369638E-04
   3.19164970E-02   -3.11697896E-06   -1.74604382E-04
   3.25178448E-02   -3.22265385E-06   -1.76850465E-04
   3.31305228E-02   -3.33169917E-06   -1.79107269E-04
   3.37547444E-02   -3.44421098E-06   -1.81374139E-04
   3.43907271E-02   -3.56028745E-06   -1.83650395E-04
   3.50386926E-02   -3.68002869E-06   -1.85935329E-04
   3.56988666E-02   -3.80353708E-06   -1.88228202E-04
   3.63714791E-02   -3.93091730E-06   -1.90528240E-04
   3.70567645E-02   -4.06227596E-06   -1.92834644E-04
   3.77549615E-02   -4.19772178E-06   -1.95146584E-04
   3.84663135E-02   -4.33736597E-06   -1.97463190E-04
   3.91910682E-02   -4.48132168E-06   -1.99783566E-04
   3.99294783E-02   -4.62970408E-06   -2.02106785E-04
   4.06818010E-02   -4.78263086E-06   -2.04431880E-04
   4.14482984E-02   -4.94022158E-06   -2.06757854E-04
   4.22292376E-02   -5.10259784E-06   -2.09083680E-04
   4.30248906E-02   -5.26988371E-06   -2.11408287E-04
   4.38355348E-02   -5.44220509E-06   -2.13730577E-04
   4.46614526E-02   -5.61968973E-06   -2.16049420E-04
   4.55029318E-02   -5.80246792E-06   -2.18363639E-04
   4.63602655E-02   -5.99067153E-06   -2.20672033E-04
   4.72337524E-02   -6.18443438E-06   -2.22973365E-04
   4.81236970E-02   -6.38389254E-06   -2.25266353E-04
   4.90304093E-02   -6.58918344E-06   -2.27549693E-04
   4.99542052E-02   -6.80044665E-06   -2.29822036E-04
   5.08954065E-02   -7.01782341E-06   -2.32082000E-04
   5.18543414E-02   -7.24145632E-06   -2.34328174E-04
   5.28313438E-02   -7.47149008E-06   -2.36559102E-04
   5.38267542E-02   -7.70807033E-06   -2.38773303E-04
   5.48409194E-02   -7.95134451E-06   -2.40969256E-04
   5.58741927E-02   -8.20146119E-06   -2.43145408E-04
   5.69269343E-02   -8.45857008E-06   -2.45300176E-04
   5.79995109E-02   -8.72282232E-06   -2.47431936E-04
   5.90922962E-02   -8.99436942E-06   -2.49539043E-04
   6.02056709E-02   -9.27336443E-06   -2.51619811E-04
   6.13400231E-02   -9.55996047E-06   -2.53672531E-04
   6.24957480E-02   -9.85431171E-06   -2.55695459E-04
   6.36732481E-02   -1.01565724E-05   -2.57686827E-04
   6.48729339E-02   -1.04668972E-05   -2.59644836E-04
   6.60952233E-02   -1.07854408E-05   -2.61567661E-04
   6.73405422E-02   -1.11123577E-05   -2.63453455E-04
   6.86093246E-02   -1.14478023E-05   -2.65300344E-04
   6.99020124E-02   -1.17919284E-05   -2.67106435E-04
   7.12190561E-02   -1.21448887E-05   -2.68869812E-04
   7.25609146E-02   -1.25068357E-05   -2.70588540E-04
   7.39280554E-02   -1.28779206E-05   -2.72260662E-04
   7.53209550E-02   -1.32582923E-05   -2.73884219E-04
   7.67400985E-02   -1.36480990E-05   -2.75457227E-04
   7.81859805E-02   -1.40474867E-05   -2.76977691E-04
   7.96591049E-02   -1.44565992E-05   -2.78443612E-04
   8.11599847E-02   -1.48755776E-05   -2.79852979E-04
   8.26891431E-02   -1.53045609E-05   -2.81203772E-04
   8.42471128E-02   -1.57436840E-05   -2.82493983E-04
   8.58344366E-02   -1.61930792E-05   -2.83721588E-04
   8.74516676E-02   -1.66528747E-05   -2.84884571E-04
   8.90993694E-02   -1.71231947E-05   -2.85980925E-04
   9.07781160E-02   -1.76041592E-05   -2.87008640E-04
   9.24884923E-02   -1.80958835E-05   -2.87965717E-04
   9.42310943E-02   -1.85984768E-05   -2.88850187E-04
   9.60065292E-02   -1.91120437E-05   -2.89660077E-04
   9.78154155E-02   -1.96366830E-05   -2.90393437E-04
   9.96583836E-02   -2.01724864E-05   -2.91048341E-04
   1.01536076E-01   -2.07195394E-05   -2.91622886E-04
   1.03449146E-01   -2.12779198E-05   -2.92115203E-04
   1.05398260E-01   -2.18476989E-05   -2.92523436E-04
   1.07384099E-01   -2.24289385E-05   -2.92845787E-04
   1.09407353E-01   -2.30216932E-05   -2.93080472E-04
   1.11468729E-01   -2.36260077E-05   -2.93225765E-04
   1.13568943E-01   -2.42419178E-05   -2.93279978E-04
   1.15708727E-01   -2.48694491E-05   -2.93241472E-04
   1.17888828E-01   -2.55086173E-05   -2.93108659E-04
   1.20110005E-01   -2.61594265E-05   -2.92880015E-04
   1.22373032E-01   -2.68218705E-05   -2.92554062E-04
   1.24678697E-01   -2.74959300E-05   -2.92129406E-04
   1.27027804E-01   -2.81815749E-05   -2.91604702E-04
   1.29421171E-01   -2.88787606E-05   -2.90978704E-04
   1.31859632E-01   -2.95874311E-05   -2.90250214E-04
   1.34344037E-01   -3.03075147E-05   -2.89418151E-04
   1.36875251E-01   -3.10389271E-05   -2.88481496E-04
   1.39454157E-01   -3.17815685E-05   -2.87439335E-04
   1.42081652E-01   -3.25353239E-05   -2.86290851E-04
   1.44758653E-01   -3.33000630E-05   -2.85035330E-04
   1.47486092E-01   -3.40756393E-05   -2.83672162E-04
   1.50264920E-01   -3.48618895E-05   -2.82200855E-04
   1.53096104E-01   -3.56586345E-05   -2.80621019E-04
   1.55980631E-01   -3.64656767E-05   -2.78932399E-04
   1.58919506E-01   -3.72828010E-05   -2.77134863E-04
   1.61913754E-01   -3.81097758E-05   -2.75228381E-04
   1.64964417E-01   -3.89463488E-05   -2.73213088E-04
   1.68072559E-01   -3.97922509E-05   -2.71089224E-04
   1.71239262E-01   -4.06471935E-05   -2.68857168E-04
   1.74465629E-01   -4.15108681E-05   -2.66517449E-04
   1.77752786E-01   -4.23829480E-05   -2.64070710E-04
   1.81101877E-01   -4.32630861E-05   -2.61517741E-04
   1.84514069E-01   -4.41509152E-05   -2.58859477E-04
   1.87990551E-01   -4.50460486E-05   -2.56096978E-04
   1.91532534E-01   -4.59480797E-05   -2.53231433E-04
   1.95141253E-01   -4.68565804E-05   -2.50264189E-04
   1.98817965E-01   -4.77711034E-05   -2.47196707E-04
   2.02563951E-01   -4.86911808E-05   -2.44030577E-04
   2.06380516E-01   -4.96163238E-05   -2.40767529E-04
   2.10268990E-01   -5.05460232E-05   -2.37409413E-04
   2.14230728E-01   -5.14797499E-05   -2.33958195E-04
   2.18267110E-01   -5.24169536E-05   -2.30415968E-04
   2.22379543E-01   -5.33570645E-05   -2.26784936E-04
   2.26569459E-01   -5.42994918E-05   -2.23067414E-04
   2.30838319E-01   -5.52436253E-05   -2.19265827E-04
   2.35187609E-01   -5.61888345E-05   -2.15382699E-04
   2.39618846E-01   -5.71344692E-05   -2.11420659E-04
   2.44133573E-01   -5.80798597E-05   -2.07382429E-04
   2.48733363E-01   -5.90243172E-05   -2.03270823E-04
   2.53419819E-01   -5.99671339E-05   -1.99088742E-04
   2.58194574E-01   -6.09075833E-05   -1.94839177E-04
   2.63059291E-01   -6.18449205E-05   -1.90525196E-04
   2.68015666E-01   -6.27783830E-05   -1.86149950E-04
   2.73065426E-01   -6.37071909E-05   -1.81716663E-04
   2.78210329E-01   -6.46305471E-05   -1.77228635E-04
   2.83452169E-01   -6.55476386E-05   -1.72689236E-04
   2.88792772E-01   -6.64576362E-05   -1.68101911E-04
   2.94233999E-01   -6.73596957E-05   -1.63470173E-04
   2.99777745E-01   -6.82529589E-05   -1.58797600E-04
   3.05425943E-01   -6.91365535E-05   -1.54087843E-04
   3.11180560E-01   -7.00095951E-05   -1.49344618E-04
   3.17043602E-01   -7.08711869E-05   -1.44571710E-04
   3.23017111E-01   -7.17204220E-05   -1.39772971E-04
   3.29103168E-01   -7.25563833E-05   -1.34952324E-04
   3.35303894E-01   -7.33781460E-05   -1.30113753E-04
   3.41621451E-01   -7.41847777E-05   -1.25261318E-04
   3.48058038E-01   -7.49753406E-05   -1.20399144E-04
   3.54615898E-01   -7.57488927E-05   -1.15531424E-04
   3.61297317E-01   -7.65044895E-05   -1.10662417E-04
   3.68104623E-01   -7.72411859E-05   -1.05796446E-04
   3.75040187E-01   -7.79580375E-05   -1.00937902E-04
   3.82106426E-01   -7.86541034E-05   -9.60912232E-05
   3.89305801E-01   -7.93284473E-05   -9.12609148E-05
   3.96640823E-01   -7.99801405E-05   -8.64515271E-05
   4.04114045E-01   -8.06082636E-05   -8.16676436E-05
   4.11728073E-01   -8.12119088E-05   -7.69138865E-05
   4.19485559E-01   -8.17901825E-05   -7.21949017E-05
   4.27389206E-01   -8.23422077E-05   -6.75153376E-05
   4.35441767E-01   -8.28671261E-05   -6.28798353E-05
   4.43646050E-01   -8.33641008E-05   -5.82930180E-05
   4.52004911E-01   -8.38323188E-05   -5.37594620E-05
   4.60521264E-01   -8.42709928E-05   -4.92836825E-05
   4.69198077E-01   -8.46793641E-05   -4.48701087E-05
   4.78038371E-01   -8.50567041E-05   -4.05230604E-05
   4.87045228E-01   -8.54023168E-05   -3.62467226E-05
   4.96221786E-01   -8.57155402E-05   -3.20451206E-05
   5.05571242E-01   -8.59957480E-05   -2.79220940E-05
   5.15096853E-01   -8.62423508E-05   -2.38812724E-05
   5.24801940E-01   -8.64547975E-05   -1.99260535E-05
   5.34689883E-01   -8.66325757E-05   -1.60595831E-05
   5.44764127E-01   -8.67752123E-05   -1.22847406E-05
   5.55028183E-01   -8.68822741E-05   -8.60412874E-06
   5.65485627E-01   -8.69533679E-05   -5.02007004E-06
   5.76140102E-01   -8.69881401E-05   -1.53461025E-06
   5.86995322E-01   -8.69862770E-05    1.85047122E-06
   5.98055068E-01   -8.69475047E-05    5.13364370E-06
   6.09323194E-01   -8.68715889E-05    8.31360160E-06
   6.20803625E-01   -8.67583352E-05    1.13892358E-05
   6.32500363E-01   -8.66075894E-05    1.43596017E-05
   6.44417482E-01   -8.64192385E-05    1.72238875E-05
   6.56559136E-01   -8.61932114E-05    1.99813827E-05
   6.68929553E-01   -8.59294800E-05    2.26314490E-05
   6.81533045E-01   -8.56280617E-05    2.51735036E-05
   6.94374003E-01   -8.52890206E-05    2.76069987E-05
   7.07456902E-01   -8.49124696E-05    2.99314174E-05
   7.20786298E-01   -8.44985725E-05    3.21462715E-05
   7.34366838E-01   -8.40475473E-05    3.42511139E-05
   7.48203253E-01   -8.35596663E-05    3.62455456E-05
   7.62300363E-01   -8.30352598E-05    3.81292388E-05
   7.76663081E-01   -8.24747173E-05    3.99019592E-05
   7.91296411E-01   -8.18784879E-05    4.15635868E-05
   8.06205452E-01   -8.12470821E-05    4.31141431E-05
   8.21395399E-01   -8.05810722E-05    4.45538148E-05
   8.36871543E-01   -7.98810915E-05    4.58829761E-05
   8.52639278E-01   -7.91478348E-05    4.71022085E-05
   8.68704097E-01   -7.83820563E-05    4.82123178E-05
   8.85071598E-01   -7.75845686E-05    4.92143474E-05
   9.01747484E-01   -7.67562407E-05    5.01095872E-05
   9.18737565E-01   -7.58979951E-05    5.08995792E-05
   9.36047761E-01   -7.50108051E-05    5.15861186E-05
   9.53684104E-01   -7.40956914E-05    5.21712510E-05
   9.71652737E-01   -7.31537185E-05    5.26572670E-05
   9.89959923E-01   -7.21859911E-05    5.30466920E-05
   1.00861204E+00   -7.11936492E-05    5.33422733E-05
   1.02761559E+00   -7.01778644E-05    5.35469649E-05
   1.04697718E+00   -6.91398350E-05    5.36639101E-05
   1.06670358E+00   -6.80807818E-05    5.36964215E-05
   1.08680164E+00   -6.70019437E-05    5.36479610E-05
   1.10727838E+00   -6.59045718E-05    5.35221138E-05
   1.12814093E+00   -6.47899272E-05    5.33225719E-05
   1.14939656E+00   -6.36592749E-05    5.30531065E-05
   1.17105266E+00   -6.25138801E-05    5.27175451E-05
   1.19311680E+00   -6.13550043E-05    5.23197502E-05
   1.21559665E+00   -6.01839028E-05    5.18636027E-05
   1.23850005E+00   -5.90018141E-05    5.13529494E-05
   1.26183499E+00   -5.78099711E-05    5.07916485E-05
   1.28560958E+00   -5.66095832E-05    5.01834826E-05
   1.30983211E+00   -5.54018413E-05    4.95321789E-05
   1.33451103E+00   -5.41879137E-05    4.88413851E-05
   1.35965494E+00   -5.29689439E-05    4.81146563E-05
   1.38527258E+00   -5.17460488E-05    4.73554439E-05
   1.41137290E+00   -5.05203180E-05    4.65670892E-05
   1.43796498E+00   -4.92928080E-05    4.57527943E-05
   1.46505808E+00   -4.80645501E-05    4.49156624E-05
   1.49266166E+00   -4.68365399E-05    4.40586434E-05
   1.52078532E+00   -4.56097422E-05    4.31845590E-05
   1.54943887E+00   -4.43850885E-05    4.22960953E-05
   1.57863229E+00   -4.31634773E-05    4.13958022E-05
   1.60837575E+00   -4.19457734E-05    4.04860963E-05
   1.63867962E+00   -4.07328080E-05    3.95692626E-05
   1.66955444E+00   -3.95253782E-05    3.86474586E-05
   1.70101100E+00   -3.83242472E-05    3.77227186E-05
   1.73306023E+00   -3.71301439E-05    3.67969582E-05
   1.76571331E+00   -3.59437630E-05    3.58719802E-05
   1.79898162E+00   -3.47657648E-05    3.49494799E-05
   1.83287674E+00   -3.35967750E-05    3.40310502E-05
   1.86741049E+00   -3.24373846E-05    3.31181877E-05
   1.90259491E+00   -3.12881492E-05    3.22122971E-05
   1.93844224E+00   -3.01495893E-05    3.13146962E-05
   1.97496498E+00   -2.90221895E-05    3.04266199E-05
   2.01217586E+00   -2.79063982E-05    2.95492230E-05
   2.05008783E+00   -2.68026276E-05    2.86835829E-05
   2.08871412E+00   -2.57112530E-05    2.78307012E-05
   2.12806818E+00   -2.46326125E-05    2.69915042E-05
   2.16816372E+00   -2.35670076E-05    2.61668423E-05
   2.20901471E+00   -2.25147024E-05    2.53574892E-05
   2.25063538E+00   -2.14759245E-05    2.45641400E-05
   2.29304024E+00   -2.04508651E-05    2.37874087E-05
   2.33624407E+00   -1.94396801E-05    2.30278256E-05
   2.38026191E+00   -1.84424915E-05    2.22858350E-05
   2.42510910E+00   -1.74593881E-05    2.15617925E-05
   2.47080127E+00   -1.64904284E-05    2.08559640E-05
   2.51735434E+00   -1.55356418E-05    2.01685246E-05
   2.56478453E+00   -1.45950318E-05    1.94995596E-05
   2.61310836E+00   -1.36685786E-05    1.88490665E-05
   2.66234268E+00   -1.27562420E-05    1.82169585E-05
   2.71250464E+00   -1.18579642E-05    1.76030695E-05
   2.76361171E+00   -1.09736738E-05    1.70071605E-05
   2.81568171E+00   -1.01032881E-05    1.64289271E-05
   2.86873277E+00   -9.24671678E-06    1.58680077E-05
   2.92278338E+00   -8.40386436E-06    1.53239925E-05
   2.97785237E+00   -7.57463322E-06    1.47964323E-05
   3.03395893E+00   -6.75892606E-06    1.42848479E-05
   3.09112262E+00   -5.95664782E-06    1.37887382E-05
   3.14936334E+00   -5.16770801E-06    1.33075889E-05
   3.20870139E+00   -4.39202163E-06    1.28408792E-05
   3.26915745E+00   -3.62951108E-06    1.23880887E-05
   3.33075257E+00   -2.88010678E-06    1.19487032E-05
   3.39350823E+00   -2.14374801E-06    1.15222192E-05
   3.45744628E+00   -1.42038322E-06    1.11081481E-05
   3.52258901E+00   -7.09970192E-07    1.07060187E-05
   3.58895912E+00   -1.24767660E-08    1.03153816E-05
   3.65657972E+00    6.72120902E-07    9.93580769E-06
   3.72547437E+00    1.34383725E-06    9.56689238E-06
   3.79566710E+00    2.00267844E-06    9.20825496E-06
   3.86718234E+00    2.64864295E-06    8.85953914E-06
   3.94004502E+00    3.28172211E-06    8.52041345E-06
   4.01428053E+00    3.90190169E-06    8.19056991E-06
   4.08991474E+00    4.50916187E-06    7.86972495E-06
   4.16697398E+00    5.10347886E-06    7.55761805E-06
   4.24548513E+00    5.68482587E-06    7.25401114E-06
   4.32547552E+00    6.25317428E-06    6.95868785E-06
   4.40697304E+00    6.80849485E-06    6.67145267E-06
   4.49000607E+00    7.35075904E-06    6.39213001E-06
   4.57460355E+00    7.87994031E-06    6.12056332E-06
   4.66079496E+00    8.39601556E-06    5.85661418E-06
   4.74861032E+00    8.89896654E-06    5.60016134E-06
   4.83808024E+00    9.38878134E-06    5.35109973E-06
   4.92923589E+00    9.86545596E-06    5.10933955E-06
   5.02210902E+00    1.03289958E-05    4.87480525E-06
   5.11673201E+00    1.07794175E-05    4.64743453E-06
   5.21313781E+00    1.12167501E-05    4.42717730E-06
   5.31136003E+00    1.16410373E-05    4.21399464E-06
   5.41143287E+00    1.20523386E-05    4.00785765E-06
   5.51339122E+00    1.24507314E-05    3.80874636E-06
   5.61727059E+00    1.28363124E-05    3.61664854E-06
   5.72310719E+00    1.32091992E-05    3.43155848E-06
   5.83093788E+00    1.35695323E-05    3.25347577E-06
   5.94080024E+00    1.39174762E-05    3.08240400E-06
   6.05273255E+00    1.42532212E-05    2.91834948E-06
   6.16677380E+00    1.45769849E-05    2.76131989E-06
   6.28296374E+00    1.48890132E-05    2.61132303E-06
   6.40134285E+00    1.51895819E-05    2.46836543E-06
   6.52195237E+00    1.54789977E-05    2.33245112E-06
   6.64483433E+00    1.57575992E-05    2.20358035E-06
   6.77003155E+00    1.60257577E-05    2.08174839E-06
   6.89758764E+00    1.62838780E-05    1.96694440E-06
   7.02754705E+00    1.65323989E-05    1.85915038E-06
   7.15995506E+00    1.67717936E-05    1.75834020E-06
   7.29485782E+00    1.70025699E-05    1.66447877E-06
   7.43230231E+00    1.72252700E-05    1.57752125E-06
   7.57233643E+00    1.74404709E-05    1.49741257E-06
   7.71500898E+00    1.76487833E-05    1.42408699E-06
   7.86036966E+00    1.78508518E-05    1.35746770E-06
   8.00846912E+00    1.80473541E-05    1.29746671E-06
   8.15935896E+00    1.82389999E-05    1.24398493E-06
   8.31309177E+00    1.84265302E-05    1.19691230E-06
   8.46972110E+00    1.86107166E-05    1.15612810E-06
   8.62930152E+00    1.87923596E-05    1.12150145E-06
   8.79188865E+00    1.89722877E-05    1.09289189E-06
   8.95753912E+00    1.91513564E-05    1.07015010E-06
   9.12631067E+00    1.93304464E-05    1.05311871E-06
   9.29826208E+00    1.95104629E-05    1.04163325E-06
   9.47345329E+00    1.96923338E-05    1.03552308E-06
   9.65194532E+00    1.98770089E-05    1.03461247E-06
   9.83380036E+00    2.00654585E-05    1.03872161E-06
   1.00190818E+01    2.02586724E-05    1.04766776E-06
   1.02078542E+01    2.04576589E-05    1.06126623E-06
   1.04001833E+01    2.06634438E-05    1.07933149E-06
   1.05961361E+01    2.08770697E-05    1.10167808E-06
   1.07957809E+01    2.10995953E-05    1.12812197E-06
   1.09991873E+01    2.13320948E-05    1.15848070E-06
   1.12064261E+01    2.15756578E-05    1.19257420E-06
   1.14175695E+01    2.18313883E-05    1.23022631E-06
   1.16326912E+01    2.21004053E-05    1.27126480E-06
   1.18518661E+01    2.23838425E-05    1.31552203E-06
   1.20751704E+01    2.26828480E-05    1.36283536E-06
   1.23026822E+01    2.29985852E-05    1.41304750E-06
   1.25344805E+01    2.33322326E-05    1.46600677E-06
   1.27706462E+01    2.36849845E-05    1.52156733E-06
   1.30112616E+01    2.40580513E-05    1.57958933E-06
   1.32564105E+01    2.44526599E-05    1.63993898E-06
   1.35061783E+01    2.48700551E-05    1.70248861E-06
   1.37606520E+01    2.53114996E-05    1.76711675E-06
   1.40199204E+01    2.57782752E-05    1.83370797E-06
   1.42840737E+01    2.62716837E-05    1.90215317E-06
   1.45532040E+01    2.67930479E-05    1.97234838E-06
   1.48274051E+01    2.73437122E-05    2.04419660E-06
   1.51067724E+01    2.79250449E-05    2.11760771E-06
   1.53914034E+01    2.85384386E-05    2.19249633E-06
   1.56813972E+01    2.91853119E-05    2.26878320E-06
   1.59768549E+01    2.98671107E-05    2.34639481E-06
   1.62778794E+01    3.05853098E-05    2.42526345E-06
   1.65845755E+01    3.13414148E-05    2.50532703E-06
   1.68970502E+01    3.21369634E-05    2.58652912E-06
   1.72154124E+01    3.29735278E-05    2.66881876E-06
   1.75397729E+01    3.38527164E-05    2.75215041E-06
   1.78702447E+01    3.47761758E-05    2.83648385E-06
   1.82069431E+01    3.57455935E-05    2.92178407E-06
   1.85499853E+01    3.67626998E-05    3.00802114E-06
   1.88994908E+01    3.78292706E-05    3.09517009E-06
   1.92555815E+01    3.89471296E-05    3.18321078E-06
   1.96183814E+01    4.01181515E-05    3.27212782E-06
   1.99880169E+01    4.13442647E-05    3.36191032E-06
   2.03646168E+01    4.26274538E-05    3.45255189E-06
   2.07483124E+01    4.39697635E-05    3.54405027E-06
   2.11392372E+01    4.53733014E-05    3.63640800E-06
   2.15375276E+01    4.68402412E-05    3.72962885E-06
   2.19433223E+01    4.83728274E-05    3.82373158E-06
   2.23567627E+01    4.99733738E-05    3.91869373E-06
   2.27779928E+01    5.16442898E-05    4.01467708E-06
   2.32071594E+01    5.33879884E-05    4.11110945E-06
   2.36444121E+01    5.52074180E-05    4.21192778E-06
   2.40899032E+01    5.71072364E-05    4.31680199E-06
   2.45437880E+01    5.90903192E-05    4.42119673E-06
   2.50062245E+01    6.11591564E-05    4.52608527E-06
   2.54773738E+01    6.33164738E-05    4.63134912E-06
   2.59574003E+01    6.55650992E-05    4.73717866E-06
   2.64464711E+01    6.79080066E-05    4.84366699E-06
   2.69447565E+01    7.03483079E-05    4.95092854E-06
   2.74524304E+01    7.28892601E-05    5.05906513E-06
   2.79696694E+01    7.55342681E-05    5.16817640E-06
   2.84966539E+01    7.82868901E-05    5.27835726E-06
   2.90335675E+01    8.11508413E-05    5.38969911E-06
   2.95805972E+01    8.41299989E-05    5.50228986E-06
   3.01379337E+01    8.72284077E-05    5.61621440E-06
   3.07057710E+01    9.04502844E-05    5.73155477E-06
   3.12843072E+01    9.38000242E-05    5.84839050E-06
   3.18737437E+01    9.72822058E-05    5.96679881E-06
   3.24742860E+01    1.00901598E-04    6.08685485E-06
   3.30861433E+01    1.04663166E-04    6.20863195E-06
   3.37095287E+01    1.08572077E-04    6.33220176E-06
   3.43446596E+01    1.12633710E-04    6.45763449E-06
   3.49917571E+01    1.16853660E-04    6.58499907E-06
   3.56510467E+01    1.21237747E-04    6.71436328E-06
   3.63227582E+01    1.25792024E-04    6.84579395E-06
   3.70071257E+01    1.30522784E-04    6.97935708E-06
   3.77043874E+01    1.35436571E-04    7.11511800E-06
   3.84147865E+01    1.40540187E-04    7.25314145E-06
   3.91385705E+01    1.45840702E-04    7.39349174E-06
   3.98759914E+01    1.51345462E-04    7.53623284E-06
   4.06273063E+01    1.57062104E-04    7.68142852E-06
   4.13927770E+01    1.62998561E-04    7.82914238E-06
   4.21726700E+01    1.69163075E-04    7.97943801E-06
   4.29672573E+01    1.75564209E-04    8.13237907E-06
   4.37768156E+01    1.82210859E-04    8.28802932E-06
   4.46016271E+01    1.89112266E-04    8.44645279E-06
   4.54419790E+01    1.96278026E-04    8.60771375E-06
   4.62981643E+01    2.03718110E-04    8.77187690E-06
   4.71704812E+01    2.11442871E-04    8.93900730E-06
   4.80592336E+01    2.19463060E-04    9.10917057E-06
   4.89647313E+01    2.27789845E-04    9.28243288E-06
   4.98872898E+01    2.36434822E-04    9.45886101E-06
   5.08272304E+01    2.45410032E-04    9.63852239E-06
   5.17848807E+01    2.54727979E-04    9.82148527E-06
   5.27605744E+01    2.64401649E-04    1.00078186E-05
   5.37546514E+01    2.74444521E-04    1.01975923E-05
   5.47674581E+01    2.84870596E-04    1.03908770E-05
   5.57993473E+01    2.95694408E-04    1.05877444E-05
   5.68506787E+01    3.06931048E-04    1.07882671E-05
   5.79218185E+01    3.18596186E-04    1.09925189E-05
   5.90131400E+01    3.30706089E-04    1.12005745E-05
   6.01250234E+01    3.43277649E-04    1.14125097E-05
   6.12578561E+01    3.56328401E-04    1.16284016E-05
   6.24120328E+01    3.69876551E-04    1.18483286E-05
   6.35879556E+01    3.83941002E-04    1.20723699E-05
   6.47860344E+01    3.98541378E-04    1.23006066E-05
   6.60066865E+01    4.13698051E-04    1.25331207E-05
   6.72503373E+01    4.29432172E-04    1.27699956E-05
   6.85174200E+01    4.45765702E-04    1.30113164E-05
   6.98083762E+01    4.62721436E-04    1.32571693E-05
   7.11236557E+01    4.80323040E-04    1.35076422E-05
   7.24637168E+01    4.98595086E-04    1.37628245E-05
   7.38290263E+01    5.17563081E-04    1.40228072E-05
   7.52200600E+01    5.37253504E-04    1.42876827E-05
   7.66373025E+01    5.57693847E-04    1.45575455E-05
   7.80812477E+01    5.78912648E-04    1.48324913E-05
   7.95523988E+01    6.00939537E-04    1.51126177E-05
   8.10512681E+01    6.23805270E-04    1.53980243E-05
   8.25783782E+01    6.47541779E-04    1.56888122E-05
   8.41342609E+01    6.72182213E-04    1.59850846E-05
   8.57194584E+01    6.97760984E-04    1.62869463E-05
   8.73345231E+01    7.24313818E-04    1.65945044E-05
   8.89800177E+01    7.51877803E-04    1.69078676E-05
   9.06565156E+01    7.80491440E-04    1.72271470E-05
   9.23646008E+01    8.10194701E-04    1.75524555E-05
   9.41048685E+01    8.41029078E-04    1.78839082E-05
   9.58779251E+01    8.73037651E-04    1.82216223E-05
   9.76843884E+01    9.06265137E-04    1.85657173E-05
   9.95248878E+01    9.40757962E-04    1.89163149E-05
   1.01400065E+02    9.76564322E-04    1.92735391E-05
   1.03310572E+02    1.01373425E-03    1.96375162E-05
   1.05257076E+02    1.05231969E-03    2.00083749E-05
   1.07240254E+02    1.09237455E-03    2.03862464E-05
   1.09260799E+02    1.13395483E-03    2.07712643E-05
   1.11319412E+02    1.17711864E-03    2.11635648E-05
   1.13416813E+02    1.22192630E-03    2.15632864E-05
   1.15553732E+02    1.26844044E-03    2.19705714E-05
   1.17730912E+02    1.31672610E-03    2.23855613E-05
   1.19949114E+02    1.36685076E-03    2.28084120E-05
   1.22209109E+02    1.41888449E-03    2.32392371E-05
   1.24511686E+02    1.47290013E-03    2.36783356E-05
   1.26857646E+02    1.52897284E-03    2.41252678E-05
   1.29247807E+02    1.58718243E-03    2.45825744E-05
   1.31683002E+02    1.64760454E-03    2.50407098E-05
   1.34164079E+02    1.55784251E-03   -3.48344175E-05
