# Peaks:     0.191533      0.901747      3.725474    131.683002  
   4.47213584E-05   -5.66521826E-06   -9.36161680E-02
   4.55639663E-05   -5.74348997E-06   -9.31753241E-02
   4.64224499E-05   -5.82315987E-06   -9.27442606E-02
   4.72971085E-05   -5.90417093E-06   -9.23209905E-02
   4.81882468E-05   -5.98645724E-06   -9.19034482E-02
   4.90961753E-05   -6.06994328E-06   -9.14894855E-02
   5.00212103E-05   -6.15454781E-06   -9.10769648E-02
   5.09636741E-05   -6.24025398E-06   -9.06652237E-02
   5.19238952E-05   -6.32710333E-06   -9.02548312E-02
   5.29022081E-05   -6.41514296E-06   -8.98464238E-02
   5.38989537E-05   -6.50442436E-06   -8.94406741E-02
   5.49144792E-05   -6.59500116E-06   -8.90382441E-02
   5.59491385E-05   -6.68690201E-06   -8.86392752E-02
   5.70032922E-05   -6.78013793E-06   -8.82435659E-02
   5.80773074E-05   -6.87471935E-06   -8.78509075E-02
   5.91715585E-05   -6.97065633E-06   -8.74610896E-02
   6.02864267E-05   -7.06795996E-06   -8.70739253E-02
   6.14223004E-05   -7.16664955E-06   -8.66893826E-02
   6.25795754E-05   -7.26674837E-06   -8.63074943E-02
   6.37586550E-05   -7.36828083E-06   -8.59283022E-02
   6.49599500E-05   -7.47127262E-06   -8.55518578E-02
   6.61838789E-05   -7.57574936E-06   -8.51782017E-02
   6.74308682E-05   -7.68173311E-06   -8.48073125E-02
   6.87013524E-05   -7.78924562E-06   -8.44391588E-02
   6.99957741E-05   -7.89830945E-06   -8.40737154E-02
   7.13145844E-05   -8.00894802E-06   -8.37109634E-02
   7.26582428E-05   -8.12118526E-06   -8.33508873E-02
   7.40272174E-05   -8.23504524E-06   -8.29934715E-02
   7.54219853E-05   -8.35055285E-06   -8.26387061E-02
   7.68430324E-05   -8.46773397E-06   -8.22865882E-02
   7.82908538E-05   -8.58661555E-06   -8.19371218E-02
   7.97659541E-05   -8.70722436E-06   -8.15903031E-02
   8.12688471E-05   -8.82958638E-06   -8.12461138E-02
   8.28000566E-05   -8.95372845E-06   -8.09045408E-02
   8.43601160E-05   -9.07967845E-06   -8.05655775E-02
   8.59495690E-05   -9.20746531E-06   -8.02292237E-02
   8.75689693E-05   -9.33711768E-06   -7.98954703E-02
   8.92188811E-05   -9.46866396E-06   -7.95643015E-02
   9.08998795E-05   -9.60213363E-06   -7.92357075E-02
   9.26125500E-05   -9.73755730E-06   -7.89096852E-02
   9.43574894E-05   -9.87496662E-06   -7.85862365E-02
   9.61353057E-05   -1.00143925E-05   -7.82653505E-02
   9.79466184E-05   -1.01558661E-05   -7.79470120E-02
   9.97920585E-05   -1.02994195E-05   -7.76312125E-02
   1.01672269E-04   -1.04450863E-05   -7.73179502E-02
   1.03587905E-04   -1.05929007E-05   -7.70072262E-02
   1.05539634E-04   -1.07428964E-05   -7.66990269E-02
   1.07528137E-04   -1.08951073E-05   -7.63933386E-02
   1.09554105E-04   -1.10495687E-05   -7.60901548E-02
   1.11618245E-04   -1.12063174E-05   -7.57894754E-02
   1.13721276E-04   -1.13653906E-05   -7.54912995E-02
   1.15863931E-04   -1.15268246E-05   -7.51956117E-02
   1.18046956E-04   -1.16906569E-05   -7.49023999E-02
   1.20271113E-04   -1.18569261E-05   -7.46116590E-02
   1.22537175E-04   -1.20256725E-05   -7.43233907E-02
   1.24845933E-04   -1.21969364E-05   -7.40375899E-02
   1.27198190E-04   -1.23707575E-05   -7.37542409E-02
   1.29594768E-04   -1.25471767E-05   -7.34733332E-02
   1.32036500E-04   -1.27262367E-05   -7.31948633E-02
   1.34524237E-04   -1.29079815E-05   -7.29188335E-02
   1.37058846E-04   -1.30924546E-05   -7.26452340E-02
   1.39641211E-04   -1.32796995E-05   -7.23740497E-02
   1.42272231E-04   -1.34697614E-05   -7.21052716E-02
   1.44952822E-04   -1.36626869E-05   -7.18388981E-02
   1.47683920E-04   -1.38585242E-05   -7.15749303E-02
   1.50466475E-04   -1.40573204E-05   -7.13133540E-02
   1.53301456E-04   -1.42591233E-05   -7.10541553E-02
   1.56189853E-04   -1.44639825E-05   -7.07973271E-02
   1.59132670E-04   -1.46719496E-05   -7.05428696E-02
   1.62130934E-04   -1.48830768E-05   -7.02907798E-02
   1.65185689E-04   -1.50974151E-05   -7.00410412E-02
   1.68298000E-04   -1.53150175E-05   -6.97936413E-02
   1.71468950E-04   -1.55359385E-05   -6.95485748E-02
   1.74699645E-04   -1.57602349E-05   -6.93058433E-02
   1.77991211E-04   -1.59879628E-05   -6.90654377E-02
   1.81344794E-04   -1.62191786E-05   -6.88273409E-02
   1.84761563E-04   -1.64539404E-05   -6.85915422E-02
   1.88242708E-04   -1.66923085E-05   -6.83580385E-02
   1.91789443E-04   -1.69343448E-05   -6.81268303E-02
   1.95403002E-04   -1.71801103E-05   -6.78979023E-02
   1.99084646E-04   -1.74296669E-05   -6.76712384E-02
   2.02835656E-04   -1.76830787E-05   -6.74468301E-02
   2.06657341E-04   -1.79404123E-05   -6.72246765E-02
   2.10551030E-04   -1.82017349E-05   -6.70047731E-02
   2.14518082E-04   -1.84671130E-05   -6.67871010E-02
   2.18559879E-04   -1.87366149E-05   -6.65716460E-02
   2.22677827E-04   -1.90103115E-05   -6.63584017E-02
   2.26873364E-04   -1.92882759E-05   -6.61473683E-02
   2.31147949E-04   -1.95705808E-05   -6.59385337E-02
   2.35503074E-04   -1.98572993E-05   -6.57318784E-02
   2.39940254E-04   -2.01485069E-05   -6.55273905E-02
   2.44461037E-04   -2.04442817E-05   -6.53250658E-02
   2.49066997E-04   -2.07447038E-05   -6.51249026E-02
   2.53759739E-04   -2.10498520E-05   -6.49268815E-02
   2.58540898E-04   -2.13598070E-05   -6.47309846E-02
   2.63412141E-04   -2.16746520E-05   -6.45372023E-02
   2.68375164E-04   -2.19944735E-05   -6.43455329E-02
   2.73431697E-04   -2.23193580E-05   -6.41559673E-02
   2.78583501E-04   -2.26493921E-05   -6.39684832E-02
   2.83832372E-04   -2.29846648E-05   -6.37830651E-02
   2.89180139E-04   -2.33252681E-05   -6.35997057E-02
   2.94628664E-04   -2.36712967E-05   -6.34184036E-02
   3.00179847E-04   -2.40228447E-05   -6.32391403E-02
   3.05835621E-04   -2.43800073E-05   -6.30618942E-02
   3.11597957E-04   -2.47428827E-05   -6.28866523E-02
   3.17468862E-04   -2.51115727E-05   -6.27134104E-02
   3.23450384E-04   -2.54861804E-05   -6.25421616E-02
   3.29544604E-04   -2.58668084E-05   -6.23728813E-02
   3.35753648E-04   -2.62535617E-05   -6.22055503E-02
   3.42079678E-04   -2.66465490E-05   -6.20401585E-02
   3.48524899E-04   -2.70458823E-05   -6.18767035E-02
   3.55091555E-04   -2.74516734E-05   -6.17151679E-02
   3.61781936E-04   -2.78640348E-05   -6.15555267E-02
   3.68598373E-04   -2.82830827E-05   -6.13977632E-02
   3.75543240E-04   -2.87089371E-05   -6.12418708E-02
   3.82618957E-04   -2.91417204E-05   -6.10878438E-02
   3.89827989E-04   -2.95815542E-05   -6.09356561E-02
   3.97172849E-04   -3.00285626E-05   -6.07852846E-02
   4.04656096E-04   -3.04828739E-05   -6.06367161E-02
   4.12280337E-04   -3.09446204E-05   -6.04899465E-02
   4.20048228E-04   -3.14139348E-05   -6.03449605E-02
   4.27962476E-04   -3.18909505E-05   -6.02017295E-02
   4.36025839E-04   -3.23758045E-05   -6.00602333E-02
   4.44241126E-04   -3.28686385E-05   -5.99204624E-02
   4.52611199E-04   -3.33695972E-05   -5.97824117E-02
   4.61138976E-04   -3.38788249E-05   -5.96460545E-02
   4.69827427E-04   -3.43964683E-05   -5.95113639E-02
   4.78679579E-04   -3.49226787E-05   -5.93783233E-02
   4.87698517E-04   -3.54576121E-05   -5.92469270E-02
   4.96887383E-04   -3.60014262E-05   -5.91171618E-02
   5.06249380E-04   -3.65542784E-05   -5.89889957E-02
   5.15787769E-04   -3.71163307E-05   -5.88624048E-02
   5.25505873E-04   -3.76877496E-05   -5.87373763E-02
   5.35407079E-04   -3.82687065E-05   -5.86139058E-02
   5.45494836E-04   -3.88593724E-05   -5.84919681E-02
   5.55772659E-04   -3.94599205E-05   -5.83715319E-02
   5.66244130E-04   -4.00705289E-05   -5.82525764E-02
   5.76912897E-04   -4.06913812E-05   -5.81350928E-02
   5.87782677E-04   -4.13226642E-05   -5.80190722E-02
   5.98857258E-04   -4.19645642E-05   -5.79044810E-02
   6.10140498E-04   -4.26172719E-05   -5.77912907E-02
   6.21636328E-04   -4.32809833E-05   -5.76794842E-02
   6.33348755E-04   -4.39558999E-05   -5.75690562E-02
   6.45281860E-04   -4.46422249E-05   -5.74599869E-02
   6.57439799E-04   -4.53401621E-05   -5.73522405E-02
   6.69826809E-04   -4.60499210E-05   -5.72457913E-02
   6.82447207E-04   -4.67717170E-05   -5.71406260E-02
   6.95305389E-04   -4.75057710E-05   -5.70367397E-02
   7.08405835E-04   -4.82523034E-05   -5.69341023E-02
   7.21753111E-04   -4.90115383E-05   -5.68326791E-02
   7.35351867E-04   -4.97837054E-05   -5.67324474E-02
   7.49206841E-04   -5.05690412E-05   -5.66333979E-02
   7.63322860E-04   -5.13677864E-05   -5.65355210E-02
   7.77704843E-04   -5.21801814E-05   -5.64387796E-02
   7.92357802E-04   -5.30064717E-05   -5.63431409E-02
   8.07286841E-04   -5.38469093E-05   -5.62485853E-02
   8.22497162E-04   -5.47017533E-05   -5.61551065E-02
   8.37994065E-04   -5.55712654E-05   -5.60626877E-02
   8.53782949E-04   -5.64557084E-05   -5.59712892E-02
   8.69869317E-04   -5.73553513E-05   -5.58808811E-02
   8.86258772E-04   -5.82704702E-05   -5.57914467E-02
   9.02957026E-04   -5.92013480E-05   -5.57029815E-02
   9.19969896E-04   -6.01482693E-05   -5.56154591E-02
   9.37303311E-04   -6.11115213E-05   -5.55288393E-02
   9.54963310E-04   -6.20913981E-05   -5.54430942E-02
   9.72956045E-04   -6.30882016E-05   -5.53582098E-02
   9.91287787E-04   -6.41022409E-05   -5.52741824E-02
   1.00996492E-03   -6.51338255E-05   -5.51909804E-02
   1.02899396E-03   -6.61832691E-05   -5.51085636E-02
   1.04838153E-03   -6.72508930E-05   -5.50269046E-02
   1.06813438E-03   -6.83370265E-05   -5.49459907E-02
   1.08825941E-03   -6.94420063E-05   -5.48658181E-02
   1.10876361E-03   -7.05661699E-05   -5.47863526E-02
   1.12965414E-03   -7.17098592E-05   -5.47075537E-02
   1.15093828E-03   -7.28734246E-05   -5.46293942E-02
   1.17262343E-03   -7.40572249E-05   -5.45518613E-02
   1.19471716E-03   -7.52616268E-05   -5.44749527E-02
   1.21722717E-03   -7.64869981E-05   -5.43986348E-02
   1.24016129E-03   -7.77337110E-05   -5.43228644E-02
   1.26352753E-03   -7.90021465E-05   -5.42476114E-02
   1.28733401E-03   -8.02926946E-05   -5.41728602E-02
   1.31158903E-03   -8.16057541E-05   -5.40986096E-02
   1.33630106E-03   -8.29417273E-05   -5.40248379E-02
   1.36147868E-03   -8.43010189E-05   -5.39514987E-02
   1.38713069E-03   -8.56840425E-05   -5.38785572E-02
   1.41326602E-03   -8.70912208E-05   -5.38059925E-02
   1.43989376E-03   -8.85229864E-05   -5.37337995E-02
   1.46702321E-03   -8.99797790E-05   -5.36619713E-02
   1.49466381E-03   -9.14620388E-05   -5.35904632E-02
   1.52282520E-03   -9.29702136E-05   -5.35192333E-02
   1.55151718E-03   -9.45047613E-05   -5.34482532E-02
   1.58074976E-03   -9.60661496E-05   -5.33775093E-02
   1.61053311E-03   -9.76548569E-05   -5.33070037E-02
   1.64087763E-03   -9.92713662E-05   -5.32367225E-02
   1.67179387E-03   -1.00916162E-04   -5.31666137E-02
   1.70329261E-03   -1.02589738E-04   -5.30966325E-02
   1.73538484E-03   -1.04292597E-04   -5.30267475E-02
   1.76808171E-03   -1.06025254E-04   -5.29569416E-02
   1.80139465E-03   -1.07788234E-04   -5.28872136E-02
   1.83533523E-03   -1.09582073E-04   -5.28175670E-02
   1.86991531E-03   -1.11407304E-04   -5.27479602E-02
   1.90514691E-03   -1.13264471E-04   -5.26783450E-02
   1.94104233E-03   -1.15154125E-04   -5.26086859E-02
   1.97761406E-03   -1.17076833E-04   -5.25389610E-02
   2.01487485E-03   -1.19033168E-04   -5.24691640E-02
   2.05283768E-03   -1.21023717E-04   -5.23992935E-02
   2.09151578E-03   -1.23049068E-04   -5.23293098E-02
   2.13092262E-03   -1.25109815E-04   -5.22591682E-02
   2.17107194E-03   -1.27206567E-04   -5.21888368E-02
   2.21197773E-03   -1.29339942E-04   -5.21182976E-02
   2.25365423E-03   -1.31510571E-04   -5.20475470E-02
   2.29611597E-03   -1.33719091E-04   -5.19765680E-02
   2.33937774E-03   -1.35966146E-04   -5.19053155E-02
   2.38345463E-03   -1.38252388E-04   -5.18337530E-02
   2.42836197E-03   -1.40578483E-04   -5.17618572E-02
   2.47411543E-03   -1.42945109E-04   -5.16896192E-02
   2.52073095E-03   -1.45352953E-04   -5.16170272E-02
   2.56822475E-03   -1.47802707E-04   -5.15440387E-02
   2.61661341E-03   -1.50295072E-04   -5.14706162E-02
   2.66591377E-03   -1.52830764E-04   -5.13967346E-02
   2.71614301E-03   -1.55410510E-04   -5.13223829E-02
   2.76731863E-03   -1.58035048E-04   -5.12475500E-02
   2.81945847E-03   -1.60705120E-04   -5.11721949E-02
   2.87258069E-03   -1.63421479E-04   -5.10962803E-02
   2.92670380E-03   -1.66184892E-04   -5.10197810E-02
   2.98184666E-03   -1.68996138E-04   -5.09426853E-02
   3.03802848E-03   -1.71856006E-04   -5.08649795E-02
   3.09526884E-03   -1.74765290E-04   -5.07866222E-02
   3.15358768E-03   -1.77724797E-04   -5.07075763E-02
   3.21300532E-03   -1.80735345E-04   -5.06278166E-02
   3.27354247E-03   -1.83797767E-04   -5.05473307E-02
   3.33522021E-03   -1.86912905E-04   -5.04661042E-02
   3.39806005E-03   -1.90081607E-04   -5.03840958E-02
   3.46208386E-03   -1.93304732E-04   -5.03012694E-02
   3.52731397E-03   -1.96583154E-04   -5.02176002E-02
   3.59377310E-03   -1.99917759E-04   -5.01330756E-02
   3.66148440E-03   -2.03309441E-04   -5.00476752E-02
   3.73047147E-03   -2.06759102E-04   -4.99613572E-02
   3.80075834E-03   -2.10267657E-04   -4.98740877E-02
   3.87236951E-03   -2.13836033E-04   -4.97858438E-02
   3.94532993E-03   -2.17465170E-04   -4.96966134E-02
   4.01966501E-03   -2.21156015E-04   -4.96063684E-02
   4.09540067E-03   -2.24909524E-04   -4.95150679E-02
   4.17256327E-03   -2.28726665E-04   -4.94226804E-02
   4.25117973E-03   -2.32608420E-04   -4.93291853E-02
   4.33127741E-03   -2.36555781E-04   -4.92345686E-02
   4.41288424E-03   -2.40569747E-04   -4.91387944E-02
   4.49602865E-03   -2.44651326E-04   -4.90418237E-02
   4.58073961E-03   -2.48801540E-04   -4.89436273E-02
   4.66704663E-03   -2.53021422E-04   -4.88441867E-02
   4.75497978E-03   -2.57312014E-04   -4.87434832E-02
   4.84456971E-03   -2.61674366E-04   -4.86414768E-02
   4.93584762E-03   -2.66109536E-04   -4.85381309E-02
   5.02884533E-03   -2.70618596E-04   -4.84334187E-02
   5.12359524E-03   -2.75202626E-04   -4.83273231E-02
   5.22013036E-03   -2.79862718E-04   -4.82198170E-02
   5.31848432E-03   -2.84599965E-04   -4.81108590E-02
   5.41869139E-03   -2.89415473E-04   -4.80004148E-02
   5.52078650E-03   -2.94310358E-04   -4.78884595E-02
   5.62480521E-03   -2.99285747E-04   -4.77749756E-02
   5.73078377E-03   -3.04342770E-04   -4.76599294E-02
   5.83875909E-03   -3.09482563E-04   -4.75432804E-02
   5.94876882E-03   -3.14706272E-04   -4.74249965E-02
   6.06085126E-03   -3.20015053E-04   -4.73050545E-02
   6.17504549E-03   -3.25410069E-04   -4.71834327E-02
   6.29139128E-03   -3.30892482E-04   -4.70600913E-02
   6.40992917E-03   -3.36463465E-04   -4.69349930E-02
   6.53070047E-03   -3.42124195E-04   -4.68081081E-02
   6.65374725E-03   -3.47875859E-04   -4.66794158E-02
   6.77911240E-03   -3.53719644E-04   -4.65488866E-02
   6.90683959E-03   -3.59656740E-04   -4.64164782E-02
   7.03697332E-03   -3.65688340E-04   -4.62821547E-02
   7.16955893E-03   -3.71815646E-04   -4.61458876E-02
   7.30464263E-03   -3.78039859E-04   -4.60076559E-02
   7.44227149E-03   -3.84362185E-04   -4.58674269E-02
   7.58249344E-03   -3.90783823E-04   -4.57251595E-02
   7.72535736E-03   -3.97305978E-04   -4.55808187E-02
   7.87091301E-03   -4.03929858E-04   -4.54343773E-02
   8.01921113E-03   -4.10656667E-04   -4.52858110E-02
   8.17030336E-03   -4.17487607E-04   -4.51350807E-02
   8.32424238E-03   -4.24423876E-04   -4.49821480E-02
   8.48108180E-03   -4.31466671E-04   -4.48269810E-02
   8.64087627E-03   -4.38617188E-04   -4.46695550E-02
   8.80368148E-03   -4.45876615E-04   -4.45098398E-02
   8.96955415E-03   -4.53246132E-04   -4.43477939E-02
   9.13855207E-03   -4.60726912E-04   -4.41833806E-02
   9.31073413E-03   -4.68320124E-04   -4.40165694E-02
   9.48616032E-03   -4.76026928E-04   -4.38473363E-02
   9.66489177E-03   -4.83848474E-04   -4.36756480E-02
   9.84699075E-03   -4.91785893E-04   -4.35014640E-02
   1.00325207E-02   -4.99840311E-04   -4.33247496E-02
   1.02215463E-02   -5.08012839E-04   -4.31454758E-02
   1.04141333E-02   -5.16304576E-04   -4.29636168E-02
   1.06103490E-02   -5.24716599E-04   -4.27791345E-02
   1.08102616E-02   -5.33249966E-04   -4.25919915E-02
   1.10139408E-02   -5.41905720E-04   -4.24021562E-02
   1.12214576E-02   -5.50684885E-04   -4.22096026E-02
   1.14328843E-02   -5.59588461E-04   -4.20143000E-02
   1.16482945E-02   -5.68617419E-04   -4.18162097E-02
   1.18677633E-02   -5.77772708E-04   -4.16152976E-02
   1.20913672E-02   -5.87055250E-04   -4.14115351E-02
   1.23191841E-02   -5.96465942E-04   -4.12048973E-02
   1.25512934E-02   -6.06005643E-04   -4.09953500E-02
   1.27877759E-02   -6.15675179E-04   -4.07828571E-02
   1.30287140E-02   -6.25475343E-04   -4.05673880E-02
   1.32741917E-02   -6.35406895E-04   -4.03489172E-02
   1.35242945E-02   -6.45470553E-04   -4.01274179E-02
   1.37791096E-02   -6.55666990E-04   -3.99028554E-02
   1.40387257E-02   -6.65996836E-04   -3.96751986E-02
   1.43032334E-02   -6.76460680E-04   -3.94444214E-02
   1.45727247E-02   -6.87059063E-04   -3.92105011E-02
   1.48472935E-02   -6.97792469E-04   -3.89734066E-02
   1.51270356E-02   -7.08661329E-04   -3.87331067E-02
   1.54120484E-02   -7.19666019E-04   -3.84895748E-02
   1.57024312E-02   -7.30806863E-04   -3.82427891E-02
   1.59982851E-02   -7.42084122E-04   -3.79927284E-02
   1.62997134E-02   -7.53497983E-04   -3.77393640E-02
   1.66068209E-02   -7.65048571E-04   -3.74826696E-02
   1.69197148E-02   -7.76735942E-04   -3.72226236E-02
   1.72385039E-02   -7.88560085E-04   -3.69592086E-02
   1.75632995E-02   -8.00520904E-04   -3.66924022E-02
   1.78942146E-02   -8.12618219E-04   -3.64221798E-02
   1.82313646E-02   -8.24851773E-04   -3.61485213E-02
   1.85748669E-02   -8.37221227E-04   -3.58714111E-02
   1.89248413E-02   -8.49726154E-04   -3.55908362E-02
   1.92814096E-02   -8.62366024E-04   -3.53067772E-02
   1.96446961E-02   -8.75140209E-04   -3.50192165E-02
   2.00148274E-02   -8.88047986E-04   -3.47281408E-02
   2.03919325E-02   -9.01088536E-04   -3.44335414E-02
   2.07761427E-02   -9.14260922E-04   -3.41354069E-02
   2.11675919E-02   -9.27564087E-04   -3.38337236E-02
   2.15664166E-02   -9.40996863E-04   -3.35284818E-02
   2.19727555E-02   -9.54557971E-04   -3.32196764E-02
   2.23867505E-02   -9.68246012E-04   -3.29073056E-02
   2.28085456E-02   -9.82059444E-04   -3.25913634E-02
   2.32382879E-02   -9.95996588E-04   -3.22718453E-02
   2.36761271E-02   -1.01005564E-03   -3.19487512E-02
   2.41222158E-02   -1.02423467E-03   -3.16220851E-02
   2.45767093E-02   -1.03853157E-03   -3.12918494E-02
   2.50397661E-02   -1.05294408E-03   -3.09580458E-02
   2.55115474E-02   -1.06746981E-03   -3.06206807E-02
   2.59922178E-02   -1.08210621E-03   -3.02797645E-02
   2.64819445E-02   -1.09685056E-03   -2.99353111E-02
   2.69808984E-02   -1.11169997E-03   -2.95873314E-02
   2.74892532E-02   -1.12665136E-03   -2.92358388E-02
   2.80071860E-02   -1.14170148E-03   -2.88808512E-02
   2.85348774E-02   -1.15684694E-03   -2.85223906E-02
   2.90725111E-02   -1.17208412E-03   -2.81604782E-02
   2.96202746E-02   -1.18740918E-03   -2.77951371E-02
   3.01783586E-02   -1.20281813E-03   -2.74263947E-02
   3.07469576E-02   -1.21830679E-03   -2.70542824E-02
   3.13262698E-02   -1.23387074E-03   -2.66788320E-02
   3.19164970E-02   -1.24950535E-03   -2.63000777E-02
   3.25178448E-02   -1.26520578E-03   -2.59180582E-02
   3.31305228E-02   -1.28096699E-03   -2.55328143E-02
   3.37547444E-02   -1.29678368E-03   -2.51443888E-02
   3.43907271E-02   -1.31265034E-03   -2.47528290E-02
   3.50386926E-02   -1.32856123E-03   -2.43581848E-02
   3.56988666E-02   -1.34451036E-03   -2.39605083E-02
   3.63714791E-02   -1.36049150E-03   -2.35598561E-02
   3.70567645E-02   -1.37649818E-03   -2.31562873E-02
   3.77549615E-02   -1.39252367E-03   -2.27498641E-02
   3.84663135E-02   -1.40856100E-03   -2.23406528E-02
   3.91910682E-02   -1.42460292E-03   -2.19287224E-02
   3.99294783E-02   -1.44064192E-03   -2.15141456E-02
   4.06818010E-02   -1.45667026E-03   -2.10969990E-02
   4.14482984E-02   -1.47267988E-03   -2.06773622E-02
   4.22292376E-02   -1.48866249E-03   -2.02553189E-02
   4.30248906E-02   -1.50460950E-03   -1.98309561E-02
   4.38355348E-02   -1.52051205E-03   -1.94043647E-02
   4.46614526E-02   -1.53636101E-03   -1.89756395E-02
   4.55029318E-02   -1.55214695E-03   -1.85448789E-02
   4.63602655E-02   -1.56786018E-03   -1.81121852E-02
   4.72337524E-02   -1.58349070E-03   -1.76776646E-02
   4.81236970E-02   -1.59902825E-03   -1.72414273E-02
   4.90304093E-02   -1.61446226E-03   -1.68035873E-02
   4.99542052E-02   -1.62978190E-03   -1.63642627E-02
   5.08954065E-02   -1.64497604E-03   -1.59235754E-02
   5.18543414E-02   -1.66003326E-03   -1.54816514E-02
   5.28313438E-02   -1.67494187E-03   -1.50386208E-02
   5.38267542E-02   -1.68968986E-03   -1.45946177E-02
   5.48409194E-02   -1.70426501E-03   -1.41497800E-02
   5.58741927E-02   -1.71865477E-03   -1.37042496E-02
   5.69269343E-02   -1.73284631E-03   -1.32581729E-02
   5.79995109E-02   -1.74682655E-03   -1.28116998E-02
   5.90922962E-02   -1.76058216E-03   -1.23649841E-02
   6.02056709E-02   -1.77409953E-03   -1.19181838E-02
   6.13400231E-02   -1.78736477E-03   -1.14714607E-02
   6.24957480E-02   -1.80036379E-03   -1.10249801E-02
   6.36732481E-02   -1.81308222E-03   -1.05789119E-02
   6.48729339E-02   -1.82550546E-03   -1.01334288E-02
   6.60952233E-02   -1.83761872E-03   -9.68870755E-03
   6.73405422E-02   -1.84940697E-03   -9.24492827E-03
   6.86093246E-02   -1.86085495E-03   -8.80227497E-03
   6.99020124E-02   -1.87194724E-03   -8.36093452E-03
   7.12190561E-02   -1.88266824E-03   -7.92109717E-03
   7.25609146E-02   -1.89300216E-03   -7.48295642E-03
   7.39280554E-02   -1.90293305E-03   -7.04670862E-03
   7.53209550E-02   -1.91244484E-03   -6.61255303E-03
   7.67400985E-02   -1.92152133E-03   -6.18069150E-03
   7.81859805E-02   -1.93014620E-03   -5.75132843E-03
   7.96591049E-02   -1.93830304E-03   -5.32467052E-03
   8.11599847E-02   -1.94597537E-03   -4.90092660E-03
   8.26891431E-02   -1.95314666E-03   -4.48030738E-03
   8.42471128E-02   -1.95980032E-03   -4.06302538E-03
   8.58344366E-02   -1.96591979E-03   -3.64929438E-03
   8.74516676E-02   -1.97148849E-03   -3.23932955E-03
   8.90993694E-02   -1.97648987E-03   -2.83334699E-03
   9.07781160E-02   -1.98090744E-03   -2.43156353E-03
   9.24884923E-02   -1.98472480E-03   -2.03419629E-03
   9.42310943E-02   -1.98792565E-03   -1.64146271E-03
   9.60065292E-02   -1.99049383E-03   -1.25357992E-03
   9.78154155E-02   -1.99241332E-03   -8.70764766E-04
   9.96583836E-02   -1.99366831E-03   -4.93233216E-04
   1.01536076E-01   -1.99424321E-03   -1.21200253E-04
   1.03449146E-01   -1.99412265E-03    2.45120528E-04
   1.05398260E-01   -1.99329159E-03    6.05517268E-04
   1.07384099E-01   -1.99173525E-03    9.59780161E-04
   1.09407353E-01   -1.98943922E-03    1.30770155E-03
   1.11468729E-01   -1.98638947E-03    1.64907668E-03
   1.13568943E-01   -1.98257237E-03    1.98370363E-03
   1.15708727E-01   -1.97797474E-03    2.31138386E-03
   1.17888828E-01   -1.97258389E-03    2.63192245E-03
   1.20110005E-01   -1.96638762E-03    2.94512814E-03
   1.22373032E-01   -1.95937432E-03    3.25081447E-03
   1.24678697E-01   -1.95153295E-03    3.54879923E-03
   1.27027804E-01   -1.94285305E-03    3.83890449E-03
   1.29421171E-01   -1.93332502E-03    4.12096013E-03
   1.31859632E-01   -1.92293957E-03    4.39479622E-03
   1.34344037E-01   -1.91168857E-03    4.66025421E-03
   1.36875251E-01   -1.89956449E-03    4.91717964E-03
   1.39454157E-01   -1.88656056E-03    5.16542339E-03
   1.42081652E-01   -1.87267098E-03    5.40484476E-03
   1.44758653E-01   -1.85789076E-03    5.63530924E-03
   1.47486092E-01   -1.84221588E-03    5.85668989E-03
   1.50264920E-01   -1.82564328E-03    6.06886804E-03
   1.53096104E-01   -1.80817091E-03    6.27173261E-03
   1.55980631E-01   -1.78979779E-03    6.46518174E-03
   1.58919506E-01   -1.77052395E-03    6.64912137E-03
   1.61913754E-01   -1.75035060E-03    6.82346768E-03
   1.64964417E-01   -1.72928007E-03    6.98814581E-03
   1.68072559E-01   -1.70731585E-03    7.14309081E-03
   1.71239262E-01   -1.68446267E-03    7.28824811E-03
   1.74465629E-01   -1.66072646E-03    7.42357357E-03
   1.77752786E-01   -1.63611447E-03    7.54903405E-03
   1.81101877E-01   -1.61063517E-03    7.66460716E-03
   1.84514069E-01   -1.58429839E-03    7.77028231E-03
   1.87990551E-01   -1.55711529E-03    7.86606062E-03
   1.91532534E-01   -1.52909832E-03    7.95195405E-03
   1.95141253E-01   -1.50026137E-03    8.02798808E-03
   1.98817965E-01   -1.47061967E-03    8.09419946E-03
   2.02563951E-01   -1.44018983E-03    8.15063731E-03
   2.06380516E-01   -1.40898987E-03    8.19736336E-03
   2.10268990E-01   -1.37703922E-03    8.23445228E-03
   2.14230728E-01   -1.34435860E-03    8.26198918E-03
   2.18267110E-01   -1.31097029E-03    8.28007445E-03
   2.22379543E-01   -1.27689782E-03    8.28881853E-03
   2.26569459E-01   -1.24216616E-03    8.28834513E-03
   2.30838319E-01   -1.20680163E-03    8.27878979E-03
   2.35187609E-01   -1.17083189E-03    8.26029992E-03
   2.39618846E-01   -1.13428594E-03    8.23303440E-03
   2.44133573E-01   -1.09719406E-03    8.19716339E-03
   2.48733363E-01   -1.05958782E-03    8.15286852E-03
   2.53419819E-01   -1.02150006E-03    8.10034179E-03
   2.58194574E-01   -9.82964774E-04    8.03978514E-03
   2.63059291E-01   -9.44017190E-04    7.97141113E-03
   2.68015666E-01   -9.04693684E-04    7.89544188E-03
   2.73065426E-01   -8.65031597E-04    7.81210672E-03
   2.78210329E-01   -8.25069480E-04    7.72164584E-03
   2.83452169E-01   -7.84846823E-04    7.62430666E-03
   2.88792772E-01   -7.44404006E-04    7.52034330E-03
   2.94233999E-01   -7.03782382E-04    7.41001813E-03
   2.99777745E-01   -6.63024070E-04    7.29359906E-03
   3.05425943E-01   -6.22171992E-04    7.17136044E-03
   3.11180560E-01   -5.81269779E-04    7.04358206E-03
   3.17043602E-01   -5.40361665E-04    6.91054815E-03
   3.23017111E-01   -4.99492508E-04    6.77254807E-03
   3.29103168E-01   -4.58707597E-04    6.62987405E-03
   3.35303894E-01   -4.18052716E-04    6.48282278E-03
   3.41621451E-01   -3.77573963E-04    6.33169329E-03
   3.48058038E-01   -3.37317568E-04    6.17678490E-03
   3.54615898E-01   -2.97330204E-04    6.01840278E-03
   3.61297317E-01   -2.57658508E-04    5.85685152E-03
   3.68104623E-01   -2.18348916E-04    5.69243304E-03
   3.75040187E-01   -1.79448185E-04    5.52545637E-03
   3.82106426E-01   -1.41002513E-04    5.35622387E-03
   3.89305801E-01   -1.03058107E-04    5.18504245E-03
   3.96640823E-01   -6.56606735E-05    5.01221520E-03
   4.04114045E-01   -2.88552753E-05    4.83804108E-03
   4.11728073E-01    7.31305070E-06    4.66282640E-03
   4.19485559E-01    4.28006959E-05    4.48686133E-03
   4.27389206E-01    7.75640448E-05    4.31044796E-03
   4.35441767E-01    1.11561104E-04    4.13386955E-03
   4.43646050E-01    1.44750281E-04    3.95741823E-03
   4.52004911E-01    1.77091357E-04    3.78137489E-03
   4.60521264E-01    2.08545260E-04    3.60601652E-03
   4.69198077E-01    2.39074227E-04    3.43161385E-03
   4.78038371E-01    2.68641837E-04    3.25843284E-03
   4.87045228E-01    2.97213220E-04    3.08673086E-03
   4.96221786E-01    3.24755061E-04    2.91675880E-03
   5.05571242E-01    3.51235742E-04    2.74875880E-03
   5.15096853E-01    3.76625407E-04    2.58296447E-03
   5.24801940E-01    4.00896047E-04    2.41959989E-03
   5.34689883E-01    4.24021579E-04    2.25887927E-03
   5.44764127E-01    4.45977906E-04    2.10100627E-03
   5.55028183E-01    4.66742995E-04    1.94617370E-03
   5.65485627E-01    4.86296917E-04    1.79456293E-03
   5.76140102E-01    5.04621905E-04    1.64634369E-03
   5.86995322E-01    5.21702395E-04    1.50167385E-03
   5.98055068E-01    5.37525059E-04    1.36069929E-03
   6.09323194E-01    5.52078847E-04    1.22355389E-03
   6.20803625E-01    5.65354995E-04    1.09035961E-03
   6.32500363E-01    5.77347070E-04    9.61226642E-04
   6.44417482E-01    5.88050973E-04    8.36253657E-04
   6.56559136E-01    5.97464949E-04    7.15528063E-04
   6.68929553E-01    6.05589628E-04    5.99126285E-04
   6.81533045E-01    6.12428003E-04    4.87114055E-04
   6.94374003E-01    6.17985452E-04    3.79546670E-04
   7.07456902E-01    6.22269729E-04    2.76469241E-04
   7.20786298E-01    6.25290993E-04    1.77916807E-04
   7.34366838E-01    6.27061749E-04    8.39145754E-05
   7.48203253E-01    6.27596897E-04   -5.52210118E-06
   7.62300363E-01    6.26913635E-04   -9.03875003E-05
   7.76663081E-01    6.25031521E-04   -1.70685687E-04
   7.91296411E-01    6.21972358E-04   -2.46430297E-04
   8.06205452E-01    6.17760189E-04   -3.17644590E-04
   8.21395399E-01    6.12421227E-04   -3.84361355E-04
   8.36871543E-01    6.05983800E-04   -4.46622849E-04
   8.52639278E-01    5.98478258E-04   -5.04480620E-04
   8.68704097E-01    5.89936907E-04   -5.57995386E-04
   8.85071598E-01    5.80393907E-04   -6.07236772E-04
   9.01747484E-01    5.69885164E-04   -6.52283038E-04
   9.18737565E-01    5.58448220E-04   -6.93220724E-04
   9.36047761E-01    5.46122143E-04   -7.30144276E-04
   9.53684104E-01    5.32947393E-04   -7.63155600E-04
   9.71652737E-01    5.18965690E-04   -7.92363533E-04
   9.89959923E-01    5.04219884E-04   -8.17883327E-04
   1.00861204E+00    4.88753810E-04   -8.39836058E-04
   1.02761559E+00    4.72612156E-04   -8.58348031E-04
   1.04697718E+00    4.55840309E-04   -8.73550118E-04
   1.06670358E+00    4.38484214E-04   -8.85577107E-04
   1.08680164E+00    4.20590235E-04   -8.94567053E-04
   1.10727838E+00    4.02205017E-04   -9.00660604E-04
   1.12814093E+00    3.83375333E-04   -9.04000327E-04
   1.14939656E+00    3.64147968E-04   -9.04730079E-04
   1.17105266E+00    3.44569572E-04   -9.02994357E-04
   1.19311680E+00    3.24686537E-04   -8.98937673E-04
   1.21559665E+00    3.04544890E-04   -8.92704047E-04
   1.23850005E+00    2.84190157E-04   -8.84436370E-04
   1.26183499E+00    2.63667265E-04   -8.74275943E-04
   1.28560958E+00    2.43020439E-04   -8.62361997E-04
   1.30983211E+00    2.22293101E-04   -8.48831267E-04
   1.33451103E+00    2.01527785E-04   -8.33817600E-04
   1.35965494E+00    1.80766051E-04   -8.17451619E-04
   1.38527258E+00    1.60048421E-04   -7.99860475E-04
   1.41137290E+00    1.39414239E-04   -7.81167259E-04
   1.43796498E+00    1.18901759E-04   -7.61491518E-04
   1.46505808E+00    9.85479105E-05   -7.40948220E-04
   1.49266166E+00    7.83883662E-05   -7.19648190E-04
   1.52078532E+00    5.84574451E-05   -6.97697767E-04
   1.54943887E+00    3.87880801E-05   -6.75198761E-04
   1.57863229E+00    1.94117834E-05   -6.52248411E-04
   1.60837575E+00    3.58605602E-07   -6.28939304E-04
   1.63867962E+00   -1.83428655E-05   -6.05359508E-04
   1.66955444E+00   -3.66655802E-05   -5.81592271E-04
   1.70101100E+00   -5.45839591E-05   -5.57716552E-04
   1.73306023E+00   -7.20740000E-05   -5.33806491E-04
   1.76571331E+00   -8.91132339E-05   -5.09931755E-04
   1.79898162E+00   -1.05680742E-04   -4.86157513E-04
   1.83287674E+00   -1.21757147E-04   -4.62544532E-04
   1.86741049E+00   -1.37324619E-04   -4.39149142E-04
   1.90259491E+00   -1.52366862E-04   -4.16023333E-04
   1.93844224E+00   -1.66869089E-04   -3.93214814E-04
   1.97496498E+00   -1.80818010E-04   -3.70767063E-04
   2.01217586E+00   -1.94201798E-04   -3.48719389E-04
   2.05008783E+00   -2.07010054E-04   -3.27106999E-04
   2.08871412E+00   -2.19233771E-04   -3.05961087E-04
   2.12806818E+00   -2.30865283E-04   -2.85308915E-04
   2.16816372E+00   -2.41898217E-04   -2.65173922E-04
   2.20901471E+00   -2.52327431E-04   -2.45575849E-04
   2.25063538E+00   -2.62148956E-04   -2.26530883E-04
   2.29304024E+00   -2.71359928E-04   -2.08051830E-04
   2.33624407E+00   -2.79958523E-04   -1.90148308E-04
   2.38026191E+00   -2.87943886E-04   -1.72826966E-04
   2.42510910E+00   -2.95316064E-04   -1.56091730E-04
   2.47080127E+00   -3.02075939E-04   -1.39944070E-04
   2.51735434E+00   -3.08225164E-04   -1.24383274E-04
   2.56478453E+00   -3.13766108E-04   -1.09406741E-04
   2.61310836E+00   -3.18701808E-04   -9.50102654E-05
   2.66234268E+00   -3.23035914E-04   -8.11883256E-05
   2.71250464E+00   -3.26772663E-04   -6.79343454E-05
   2.76361171E+00   -3.29916847E-04   -5.52409401E-05
   2.81568171E+00   -3.32473793E-04   -4.31001350E-05
   2.86873277E+00   -3.34449352E-04   -3.15035499E-05
   2.92278338E+00   -3.35849888E-04   -2.04425528E-05
   2.97785237E+00   -3.36682286E-04   -9.90837866E-06
   3.03395893E+00   -3.36953950E-04    1.07782070E-07
   3.09112262E+00   -3.36672812E-04    9.61472517E-06
   3.14936334E+00   -3.35847348E-04    1.86211982E-05
   3.20870139E+00   -3.34486584E-04    2.71358878E-05
   3.26915745E+00   -3.32600110E-04    3.51674241E-05
   3.33075257E+00   -3.30198094E-04    4.27243959E-05
   3.39350823E+00   -3.27291290E-04    4.98153773E-05
   3.45744628E+00   -3.23891049E-04    5.64489580E-05
   3.52258901E+00   -3.20009322E-04    6.26337766E-05
   3.58895912E+00   -3.15658669E-04    6.83785548E-05
   3.65657972E+00   -3.10852252E-04    7.36921297E-05
   3.72547437E+00   -3.05603842E-04    7.85834848E-05
   3.79566710E+00   -2.99927804E-04    8.30617740E-05
   3.86718234E+00   -2.93839093E-04    8.71363476E-05
   3.94004502E+00   -2.87353241E-04    9.08167670E-05
   4.01428053E+00   -2.80486342E-04    9.41128219E-05
   4.08991474E+00   -2.73255032E-04    9.70345366E-05
   4.16697398E+00   -2.65676468E-04    9.95921797E-05
   4.24548513E+00   -2.57768302E-04    1.01796263E-04
   4.32547552E+00   -2.49548656E-04    1.03657543E-04
   4.40697304E+00   -2.41036091E-04    1.05187016E-04
   4.49000607E+00   -2.32249569E-04    1.06395911E-04
   4.57460355E+00   -2.23208427E-04    1.07295688E-04
   4.66079496E+00   -2.13932328E-04    1.07898018E-04
   4.74861032E+00   -2.04441227E-04    1.08214777E-04
   4.83808024E+00   -1.94755325E-04    1.08258036E-04
   4.92923589E+00   -1.84895023E-04    1.08040041E-04
   5.02210902E+00   -1.74880874E-04    1.07573201E-04
   5.11673201E+00   -1.64733533E-04    1.06870072E-04
   5.21313781E+00   -1.54473702E-04    1.05943338E-04
   5.31136003E+00   -1.44122080E-04    1.04805795E-04
   5.41143287E+00   -1.33699300E-04    1.03470326E-04
   5.51339122E+00   -1.23225872E-04    1.01949887E-04
   5.61727059E+00   -1.12722126E-04    1.00257478E-04
   5.72310719E+00   -1.02208147E-04    9.84061218E-05
   5.83093788E+00   -9.17037128E-05    9.64088376E-05
   5.94080024E+00   -8.12282325E-05    9.42786147E-05
   6.05273255E+00   -7.08006789E-05    9.20283802E-05
   6.16677380E+00   -6.04395282E-05    8.96709717E-05
   6.28296374E+00   -5.01626943E-05    8.72191024E-05
   6.40134285E+00   -3.99874676E-05    8.46853286E-05
   6.52195237E+00   -2.99304538E-05    8.20820142E-05
   6.64483433E+00   -2.00075144E-05    7.94212941E-05
   6.77003155E+00   -1.02337102E-05    7.67150379E-05
   6.89758764E+00   -6.23249040E-07    7.39748131E-05
   7.02754705E+00    8.81056527E-06    7.12118474E-05
   7.15995506E+00    1.80553795E-05    6.84369899E-05
   7.29485782E+00    2.70998283E-05    6.56606809E-05
   7.43230231E+00    3.59335748E-05    6.28929111E-05
   7.57233643E+00    4.45473379E-05    6.01431929E-05
   7.71500898E+00    5.29329185E-05    5.74205288E-05
   7.86036966E+00    6.10832159E-05    5.47333856E-05
   8.00846912E+00    6.89922427E-05    5.20896667E-05
   8.15935896E+00    7.66551275E-05    4.94966953E-05
   8.31309177E+00    8.40681153E-05    4.69611956E-05
   8.46972110E+00    9.12285591E-05    4.44892808E-05
   8.62930152E+00    9.81349057E-05    4.20864449E-05
   8.79188865E+00    1.04786675E-04    3.97575587E-05
   8.95753912E+00    1.11184434E-04    3.75068722E-05
   9.12631067E+00    1.17329763E-04    3.53380180E-05
   9.29826208E+00    1.23225220E-04    3.32540220E-05
   9.47345329E+00    1.28874296E-04    3.12573178E-05
   9.65194532E+00    1.34281370E-04    2.93497635E-05
   9.83380036E+00    1.39451656E-04    2.75326637E-05
   1.00190818E+01    1.44391152E-04    2.58067941E-05
   1.02078542E+01    1.49106581E-04    2.41724285E-05
   1.04001833E+01    1.53605333E-04    2.26293690E-05
   1.05961361E+01    1.57895406E-04    2.11769766E-05
   1.07957809E+01    1.61985341E-04    1.98142076E-05
   1.09991873E+01    1.65884165E-04    1.85396424E-05
   1.12064261E+01    1.69601327E-04    1.73515193E-05
   1.14175695E+01    1.73146636E-04    1.62477760E-05
   1.16326912E+01    1.76530200E-04    1.52260797E-05
   1.18518661E+01    1.79762370E-04    1.42838612E-05
   1.20751704E+01    1.82853681E-04    1.34183487E-05
   1.23026822E+01    1.85814797E-04    1.26265995E-05
   1.25344805E+01    1.88656455E-04    1.19055309E-05
   1.27706462E+01    1.91389421E-04    1.12519499E-05
   1.30112616E+01    1.94024433E-04    1.06625813E-05
   1.32564105E+01    1.96572162E-04    1.01340942E-05
   1.35061783E+01    1.99043172E-04    9.66312719E-06
   1.37606520E+01    2.01447872E-04    9.24631121E-06
   1.40199204E+01    2.03796490E-04    8.88029107E-06
   1.42840737E+01    2.06099036E-04    8.56174681E-06
   1.45532040E+01    2.08365275E-04    8.28740292E-06
   1.48274051E+01    2.10604697E-04    8.05405944E-06
   1.51067724E+01    2.12826506E-04    7.85860560E-06
   1.53914034E+01    2.15039591E-04    7.69801662E-06
   1.56813972E+01    2.17252520E-04    7.56937565E-06
   1.59768549E+01    2.19473522E-04    7.46988047E-06
   1.62778794E+01    2.21710482E-04    7.39685166E-06
   1.65845755E+01    2.23970933E-04    7.34773804E-06
   1.68970502E+01    2.26262058E-04    7.32012121E-06
   1.72154124E+01    2.28590685E-04    7.31171792E-06
   1.75397729E+01    2.30963293E-04    7.32038159E-06
   1.78702447E+01    2.33386017E-04    7.34410252E-06
   1.82069431E+01    2.35864652E-04    7.38100673E-06
   1.85499853E+01    2.38404663E-04    7.42935404E-06
   1.88994908E+01    2.41011199E-04    7.48753507E-06
   1.92555815E+01    2.43689096E-04    7.55406762E-06
   1.96183814E+01    2.46442898E-04    7.62759266E-06
   1.99880169E+01    2.49276865E-04    7.70686890E-06
   2.03646168E+01    2.52194990E-04    7.79076841E-06
   2.07483124E+01    2.55201012E-04    7.87826962E-06
   2.11392372E+01    2.58298433E-04    7.96845666E-06
   2.15375276E+01    2.61490530E-04    8.06049373E-06
   2.19433223E+01    2.64780378E-04    8.15369720E-06
   2.23567627E+01    2.68170836E-04    8.24722131E-06
   2.27779928E+01    2.71664684E-04    8.34126923E-06
   2.32071594E+01    2.75264137E-04    8.43223455E-06
   2.36444121E+01    2.78973557E-04    8.53969801E-06
   2.40899032E+01    2.82805309E-04    8.66089572E-06
   2.45437880E+01    2.86761958E-04    8.77239703E-06
   2.50062245E+01    2.90843530E-04    8.87872518E-06
   2.54773738E+01    2.95050656E-04    8.97902496E-06
   2.59574003E+01    2.99383892E-04    9.07394879E-06
   2.64464711E+01    3.03843914E-04    9.16369751E-06
   2.69447565E+01    3.08431462E-04    9.24857954E-06
   2.74524304E+01    3.13147353E-04    9.32885275E-06
   2.79696694E+01    3.17992477E-04    9.40477059E-06
   2.84966539E+01    3.22967799E-04    9.47656995E-06
   2.90335675E+01    3.28074353E-04    9.54447564E-06
   2.95805972E+01    3.33313249E-04    9.60869998E-06
   3.01379337E+01    3.38685665E-04    9.66944382E-06
   3.07057710E+01    3.44192851E-04    9.72689704E-06
   3.12843072E+01    3.49836127E-04    9.78123920E-06
   3.18737437E+01    3.55616883E-04    9.83264009E-06
   3.24742860E+01    3.61536579E-04    9.88126024E-06
   3.30861433E+01    3.67596744E-04    9.92725146E-06
   3.37095287E+01    3.73798976E-04    9.97075728E-06
   3.43446596E+01    3.80144943E-04    1.00119135E-05
   3.49917571E+01    3.86636380E-04    1.00508484E-05
   3.56510467E+01    3.93275093E-04    1.00876833E-05
   3.63227582E+01    4.00062955E-04    1.01225331E-05
   3.70071257E+01    4.07001909E-04    1.01555063E-05
   3.77043874E+01    4.14093966E-04    1.01867054E-05
   3.84147865E+01    4.21341208E-04    1.02162275E-05
   3.91385705E+01    4.28745784E-04    1.02441644E-05
   3.98759914E+01    4.36309913E-04    1.02706028E-05
   4.06273063E+01    4.44035885E-04    1.02956248E-05
   4.13927770E+01    4.51926059E-04    1.03193080E-05
   4.21726700E+01    4.59982865E-04    1.03417258E-05
   4.29672573E+01    4.68208803E-04    1.03629474E-05
   4.37768156E+01    4.76606446E-04    1.03830386E-05
   4.46016271E+01    4.85178436E-04    1.04020615E-05
   4.54419790E+01    4.93927489E-04    1.04200746E-05
   4.62981643E+01    5.02856395E-04    1.04371335E-05
   4.71704812E+01    5.11968016E-04    1.04532907E-05
   4.80592336E+01    5.21265287E-04    1.04685957E-05
   4.89647313E+01    5.30751221E-04    1.04830956E-05
   4.98872898E+01    5.40428903E-04    1.04968348E-05
   5.08272304E+01    5.50301498E-04    1.05098551E-05
   5.17848807E+01    5.60372244E-04    1.05221963E-05
   5.27605744E+01    5.70644461E-04    1.05338961E-05
   5.37546514E+01    5.81121544E-04    1.05449898E-05
   5.47674581E+01    5.91806972E-04    1.05555111E-05
   5.57993473E+01    6.02704302E-04    1.05654919E-05
   5.68506787E+01    6.13817172E-04    1.05749620E-05
   5.79218185E+01    6.25149305E-04    1.05839500E-05
   5.90131400E+01    6.36704508E-04    1.05924828E-05
   6.01250234E+01    6.48486671E-04    1.06005858E-05
   6.12578561E+01    6.60499771E-04    1.06082831E-05
   6.24120328E+01    6.72747874E-04    1.06155974E-05
   6.35879556E+01    6.85235133E-04    1.06225503E-05
   6.47860344E+01    6.97965791E-04    1.06291622E-05
   6.60066865E+01    7.10944184E-04    1.06354524E-05
   6.72503373E+01    7.24174737E-04    1.06414391E-05
   6.85174200E+01    7.37661973E-04    1.06471396E-05
   6.98083762E+01    7.51410508E-04    1.06525703E-05
   7.11236557E+01    7.65425057E-04    1.06577465E-05
   7.24637168E+01    7.79710432E-04    1.06626830E-05
   7.38290263E+01    7.94271545E-04    1.06673936E-05
   7.52200600E+01    8.09113411E-04    1.06718914E-05
   7.66373025E+01    8.24241148E-04    1.06761888E-05
   7.80812477E+01    8.39659977E-04    1.06802976E-05
   7.95523988E+01    8.55375230E-04    1.06842290E-05
   8.10512681E+01    8.71392344E-04    1.06879934E-05
   8.25783782E+01    8.87716868E-04    1.06916009E-05
   8.41342609E+01    9.04354464E-04    1.06950609E-05
   8.57194584E+01    9.21310906E-04    1.06983823E-05
   8.73345231E+01    9.38592088E-04    1.07015738E-05
   8.89800177E+01    9.56204020E-04    1.07046432E-05
   9.06565156E+01    9.74152831E-04    1.07075982E-05
   9.23646008E+01    9.92444776E-04    1.07104462E-05
   9.41048685E+01    1.01108623E-03    1.07131938E-05
   9.58779251E+01    1.03008370E-03    1.07158476E-05
   9.76843884E+01    1.04944383E-03    1.07184139E-05
   9.95248878E+01    1.06917337E-03    1.07208983E-05
   1.01400065E+02    1.08927922E-03    1.07233066E-05
   1.03310572E+02    1.10976843E-03    1.07256439E-05
   1.05257076E+02    1.13064817E-03    1.07279152E-05
   1.07240254E+02    1.15192574E-03    1.07301254E-05
   1.09260799E+02    1.17360863E-03    1.07322788E-05
   1.11319412E+02    1.19570442E-03    1.07343799E-05
   1.13416813E+02    1.21822089E-03    1.07364326E-05
   1.15553732E+02    1.24116593E-03    1.07384413E-05
   1.17730912E+02    1.26454761E-03    1.07404076E-05
   1.19949114E+02    1.28837416E-03    1.07423435E-05
   1.22209109E+02    1.31265394E-03    1.07442184E-05
   1.24511686E+02    1.33739558E-03    1.07461706E-05
   1.26857646E+02    1.36260747E-03    1.07476644E-05
   1.29247807E+02    1.38829958E-03    1.07505527E-05
   1.31683002E+02    1.41447645E-03    1.07471756E-05
   1.34164079E+02    1.36261356E-03   -2.03126502E-05
