# Peaks:     0.040399      0.261229      1.079241  
   4.35889883E-05    1.72876665E+01   -3.93858123E+03
   4.44102609E-05    1.72845000E+01   -3.87835194E+03
   4.52470072E-05    1.72812866E+01   -3.81916035E+03
   4.60995190E-05    1.72780393E+01   -3.76088546E+03
   4.69680931E-05    1.72747728E+01   -3.70340217E+03
   4.78530323E-05    1.72715026E+01   -3.64658585E+03
   4.87546449E-05    1.72682349E+01   -3.59039692E+03
   4.96732451E-05    1.72649656E+01   -3.53487397E+03
   5.06091528E-05    1.72616902E+01   -3.48006115E+03
   5.15626943E-05    1.72584034E+01   -3.42600473E+03
   5.25342017E-05    1.72551027E+01   -3.37272480E+03
   5.35240135E-05    1.72517895E+01   -3.32020933E+03
   5.45324747E-05    1.72484654E+01   -3.26844494E+03
   5.55599366E-05    1.72451320E+01   -3.21741914E+03
   5.66067571E-05    1.72417901E+01   -3.16712602E+03
   5.76733012E-05    1.72384391E+01   -3.11756504E+03
   5.87599403E-05    1.72350788E+01   -3.06873683E+03
   5.98670530E-05    1.72317085E+01   -3.02064246E+03
   6.09950252E-05    1.72283283E+01   -2.97327807E+03
   6.21442498E-05    1.72249381E+01   -2.92663731E+03
   6.33151273E-05    1.72215383E+01   -2.88071453E+03
   6.45080657E-05    1.72181288E+01   -2.83550460E+03
   6.57234805E-05    1.72147096E+01   -2.79100130E+03
   6.69617953E-05    1.72112808E+01   -2.74719820E+03
   6.82234415E-05    1.72078422E+01   -2.70408955E+03
   6.95088588E-05    1.72043938E+01   -2.66167002E+03
   7.08184950E-05    1.72009354E+01   -2.61993260E+03
   7.21528064E-05    1.71974672E+01   -2.57886967E+03
   7.35122580E-05    1.71939890E+01   -2.53847421E+03
   7.48973233E-05    1.71905007E+01   -2.49873963E+03
   7.63084851E-05    1.71870022E+01   -2.45965832E+03
   7.77462350E-05    1.71834937E+01   -2.42122220E+03
   7.92110739E-05    1.71799749E+01   -2.38342370E+03
   8.07035123E-05    1.71764457E+01   -2.34625566E+03
   8.22240702E-05    1.71729059E+01   -2.30971031E+03
   8.37732773E-05    1.71693557E+01   -2.27377926E+03
   8.53516734E-05    1.71657949E+01   -2.23845449E+03
   8.69598086E-05    1.71622232E+01   -2.20372842E+03
   8.85982431E-05    1.71586407E+01   -2.16959328E+03
   9.02675478E-05    1.71550471E+01   -2.13604060E+03
   9.19683044E-05    1.71514425E+01   -2.10306218E+03
   9.37011054E-05    1.71478266E+01   -2.07065019E+03
   9.54665546E-05    1.71441992E+01   -2.03879698E+03
   9.72652671E-05    1.71405602E+01   -2.00749422E+03
   9.90978697E-05    1.71369097E+01   -1.97673369E+03
   1.00965001E-04    1.71332473E+01   -1.94650748E+03
   1.02867311E-04    1.71295729E+01   -1.91680798E+03
   1.04805463E-04    1.71258862E+01   -1.88762724E+03
   1.06780133E-04    1.71221872E+01   -1.85895714E+03
   1.08792008E-04    1.71184758E+01   -1.83078982E+03
   1.10841789E-04    1.71147516E+01   -1.80311771E+03
   1.12930191E-04    1.71110145E+01   -1.77593331E+03
   1.15057941E-04    1.71072643E+01   -1.74922875E+03
   1.17225780E-04    1.71035009E+01   -1.72299634E+03
   1.19434464E-04    1.70997240E+01   -1.69722861E+03
   1.21684763E-04    1.70959334E+01   -1.67191833E+03
   1.23977460E-04    1.70921288E+01   -1.64705814E+03
   1.26313355E-04    1.70883101E+01   -1.62264056E+03
   1.28693261E-04    1.70844771E+01   -1.59865832E+03
   1.31118007E-04    1.70806296E+01   -1.57510439E+03
   1.33588439E-04    1.70767671E+01   -1.55197187E+03
   1.36105417E-04    1.70728895E+01   -1.52925368E+03
   1.38669818E-04    1.70689967E+01   -1.50694280E+03
   1.41282535E-04    1.70650883E+01   -1.48503243E+03
   1.43944479E-04    1.70611641E+01   -1.46351595E+03
   1.46656578E-04    1.70572237E+01   -1.44238681E+03
   1.49419777E-04    1.70532668E+01   -1.42163832E+03
   1.52235037E-04    1.70492934E+01   -1.40126396E+03
   1.55103341E-04    1.70453032E+01   -1.38125735E+03
   1.58025687E-04    1.70412955E+01   -1.36161231E+03
   1.61003094E-04    1.70372703E+01   -1.34232265E+03
   1.64036599E-04    1.70332272E+01   -1.32338215E+03
   1.67127259E-04    1.70291660E+01   -1.30478473E+03
   1.70276152E-04    1.70250864E+01   -1.28652447E+03
   1.73484373E-04    1.70209879E+01   -1.26859558E+03
   1.76753042E-04    1.70168701E+01   -1.25099230E+03
   1.80083296E-04    1.70127329E+01   -1.23370886E+03
   1.83476297E-04    1.70085759E+01   -1.21673961E+03
   1.86933226E-04    1.70043988E+01   -1.20007907E+03
   1.90455288E-04    1.70002011E+01   -1.18372184E+03
   1.94043710E-04    1.69959823E+01   -1.16766259E+03
   1.97699743E-04    1.69917422E+01   -1.15189599E+03
   2.01424660E-04    1.69874805E+01   -1.13641681E+03
   2.05219759E-04    1.69831968E+01   -1.12121997E+03
   2.09086363E-04    1.69788906E+01   -1.10630048E+03
   2.13025819E-04    1.69745613E+01   -1.09165342E+03
   2.17039499E-04    1.69702087E+01   -1.07727386E+03
   2.21128802E-04    1.69658324E+01   -1.06315700E+03
   2.25295153E-04    1.69614321E+01   -1.04929813E+03
   2.29540003E-04    1.69570071E+01   -1.03569264E+03
   2.33864831E-04    1.69525569E+01   -1.02233601E+03
   2.38271145E-04    1.69480811E+01   -1.00922371E+03
   2.42760479E-04    1.69435794E+01   -9.96351325E+02
   2.47334399E-04    1.69390514E+01   -9.83714503E+02
   2.51994497E-04    1.69344964E+01   -9.71309002E+02
   2.56742397E-04    1.69299137E+01   -9.59130655E+02
   2.61579753E-04    1.69253030E+01   -9.47175328E+02
   2.66508252E-04    1.69206639E+01   -9.35438949E+02
   2.71529610E-04    1.69159959E+01   -9.23917528E+02
   2.76645576E-04    1.69112985E+01   -9.12607155E+02
   2.81857934E-04    1.69065708E+01   -9.01504002E+02
   2.87168500E-04    1.69018122E+01   -8.90604289E+02
   2.92579123E-04    1.68970225E+01   -8.79904283E+02
   2.98091690E-04    1.68922011E+01   -8.69400321E+02
   3.03708120E-04    1.68873475E+01   -8.59088811E+02
   3.09430371E-04    1.68824608E+01   -8.48966234E+02
   3.15260437E-04    1.68775404E+01   -8.39029136E+02
   3.21200349E-04    1.68725856E+01   -8.29274103E+02
   3.27252176E-04    1.68675961E+01   -8.19697778E+02
   3.33418027E-04    1.68625712E+01   -8.10296869E+02
   3.39700051E-04    1.68575102E+01   -8.01068145E+02
   3.46100436E-04    1.68524123E+01   -7.92008440E+02
   3.52621413E-04    1.68472767E+01   -7.83114640E+02
   3.59265254E-04    1.68421028E+01   -7.74383674E+02
   3.66034272E-04    1.68368901E+01   -7.65812527E+02
   3.72930828E-04    1.68316380E+01   -7.57398241E+02
   3.79957324E-04    1.68263455E+01   -7.49137914E+02
   3.87116208E-04    1.68210117E+01   -7.41028697E+02
   3.94409975E-04    1.68156359E+01   -7.33067789E+02
   4.01841166E-04    1.68102174E+01   -7.25252434E+02
   4.09412369E-04    1.68047556E+01   -7.17579926E+02
   4.17126224E-04    1.67992496E+01   -7.10047608E+02
   4.24985418E-04    1.67936987E+01   -7.02652873E+02
   4.32992689E-04    1.67881015E+01   -6.95393161E+02
   4.41150828E-04    1.67824575E+01   -6.88265957E+02
   4.49462676E-04    1.67767658E+01   -6.81268789E+02
   4.57931130E-04    1.67710258E+01   -6.74399228E+02
   4.66559141E-04    1.67652366E+01   -6.67654892E+02
   4.75349715E-04    1.67593969E+01   -6.61033439E+02
   4.84305914E-04    1.67535059E+01   -6.54532570E+02
   4.93430860E-04    1.67475624E+01   -6.48150028E+02
   5.02727731E-04    1.67415658E+01   -6.41883597E+02
   5.12199767E-04    1.67355152E+01   -6.35731100E+02
   5.21850269E-04    1.67294095E+01   -6.29690399E+02
   5.31682598E-04    1.67232477E+01   -6.23759393E+02
   5.41700181E-04    1.67170285E+01   -6.17936017E+02
   5.51906508E-04    1.67107508E+01   -6.12218247E+02
   5.62305136E-04    1.67044138E+01   -6.06604098E+02
   5.72899687E-04    1.66980164E+01   -6.01091618E+02
   5.83693853E-04    1.66915577E+01   -5.95678889E+02
   5.94691395E-04    1.66850363E+01   -5.90364026E+02
   6.05896145E-04    1.66784509E+01   -5.85145177E+02
   6.17312007E-04    1.66718002E+01   -5.80020525E+02
   6.28942958E-04    1.66650832E+01   -5.74988291E+02
   6.40793051E-04    1.66582990E+01   -5.70046726E+02
   6.52866415E-04    1.66514462E+01   -5.65194111E+02
   6.65167257E-04    1.66445236E+01   -5.60428755E+02
   6.77699863E-04    1.66375296E+01   -5.55748996E+02
   6.90468599E-04    1.66304627E+01   -5.51153202E+02
   7.03477914E-04    1.66233219E+01   -5.46639779E+02
   7.16732342E-04    1.66161059E+01   -5.42207160E+02
   7.30236500E-04    1.66088135E+01   -5.37853802E+02
   7.43995094E-04    1.66014432E+01   -5.33578191E+02
   7.58012917E-04    1.65939934E+01   -5.29378835E+02
   7.72294854E-04    1.65864625E+01   -5.25254270E+02
   7.86845881E-04    1.65788489E+01   -5.21203061E+02
   8.01671068E-04    1.65711514E+01   -5.17223805E+02
   8.16775581E-04    1.65633687E+01   -5.13315120E+02
   8.32164682E-04    1.65554991E+01   -5.09475647E+02
   8.47843734E-04    1.65475410E+01   -5.05704050E+02
   8.63818199E-04    1.65394925E+01   -5.01999011E+02
   8.80093644E-04    1.65313519E+01   -4.98359241E+02
   8.96675738E-04    1.65231176E+01   -4.94783481E+02
   9.13570261E-04    1.65147882E+01   -4.91270492E+02
   9.30783098E-04    1.65063620E+01   -4.87819056E+02
   9.48320248E-04    1.64978372E+01   -4.84427973E+02
   9.66187819E-04    1.64892119E+01   -4.81096062E+02
   9.84392039E-04    1.64804838E+01   -4.77822160E+02
   1.00293925E-03    1.64716513E+01   -4.74605134E+02
   1.02183591E-03    1.64627127E+01   -4.71443872E+02
   1.04108861E-03    1.64536661E+01   -4.68337283E+02
   1.06070406E-03    1.64445098E+01   -4.65284288E+02
   1.08068909E-03    1.64352415E+01   -4.62283830E+02
   1.10105066E-03    1.64258590E+01   -4.59334863E+02
   1.12179587E-03    1.64163602E+01   -4.56436360E+02
   1.14293194E-03    1.64067429E+01   -4.53587324E+02
   1.16446625E-03    1.63970053E+01   -4.50786772E+02
   1.18640629E-03    1.63871454E+01   -4.48033739E+02
   1.20875971E-03    1.63771610E+01   -4.45327272E+02
   1.23153429E-03    1.63670496E+01   -4.42666435E+02
   1.25473798E-03    1.63568088E+01   -4.40050300E+02
   1.27837886E-03    1.63464360E+01   -4.37477962E+02
   1.30246516E-03    1.63359291E+01   -4.34948539E+02
   1.32700527E-03    1.63252859E+01   -4.32461161E+02
   1.35200776E-03    1.63145041E+01   -4.30014975E+02
   1.37748132E-03    1.63035811E+01   -4.27609136E+02
   1.40343484E-03    1.62925144E+01   -4.25242813E+02
   1.42987735E-03    1.62813010E+01   -4.22915184E+02
   1.45681808E-03    1.62699381E+01   -4.20625445E+02
   1.48426640E-03    1.62584234E+01   -4.18372817E+02
   1.51223189E-03    1.62467544E+01   -4.16156527E+02
   1.54072428E-03    1.62349284E+01   -4.13975819E+02
   1.56975351E-03    1.62229426E+01   -4.11829943E+02
   1.59932968E-03    1.62107940E+01   -4.09718160E+02
   1.62946310E-03    1.61984794E+01   -4.07639738E+02
   1.66016428E-03    1.61859957E+01   -4.05593964E+02
   1.69144391E-03    1.61733402E+01   -4.03580143E+02
   1.72331289E-03    1.61605101E+01   -4.01597591E+02
   1.75578231E-03    1.61475024E+01   -3.99645633E+02
   1.78886351E-03    1.61343138E+01   -3.97723601E+02
   1.82256799E-03    1.61209412E+01   -3.95830838E+02
   1.85690752E-03    1.61073809E+01   -3.93966690E+02
   1.89189404E-03    1.60936294E+01   -3.92130519E+02
   1.92753975E-03    1.60796837E+01   -3.90321707E+02
   1.96385708E-03    1.60655406E+01   -3.88539643E+02
   2.00085867E-03    1.60511967E+01   -3.86783725E+02
   2.03855742E-03    1.60366485E+01   -3.85053355E+02
   2.07696646E-03    1.60218922E+01   -3.83347945E+02
   2.11609917E-03    1.60069240E+01   -3.81666910E+02
   2.15596920E-03    1.59917400E+01   -3.80009678E+02
   2.19659043E-03    1.59763366E+01   -3.78375693E+02
   2.23797702E-03    1.59607102E+01   -3.76764409E+02
   2.28014338E-03    1.59448571E+01   -3.75175286E+02
   2.32310421E-03    1.59287733E+01   -3.73607788E+02
   2.36687447E-03    1.59124547E+01   -3.72061385E+02
   2.41146943E-03    1.58958971E+01   -3.70535552E+02
   2.45690461E-03    1.58790960E+01   -3.69029772E+02
   2.50319585E-03    1.58620474E+01   -3.67543544E+02
   2.55035928E-03    1.58447473E+01   -3.66076376E+02
   2.59841132E-03    1.58271915E+01   -3.64627782E+02
   2.64736873E-03    1.58093757E+01   -3.63197277E+02
   2.69724856E-03    1.57912952E+01   -3.61784383E+02
   2.74806818E-03    1.57729454E+01   -3.60388625E+02
   2.79984532E-03    1.57543212E+01   -3.59009533E+02
   2.85259800E-03    1.57354183E+01   -3.57646653E+02
   2.90634461E-03    1.57162321E+01   -3.56299539E+02
   2.96110388E-03    1.56967580E+01   -3.54967750E+02
   3.01689488E-03    1.56769911E+01   -3.53650846E+02
   3.07373705E-03    1.56569263E+01   -3.52348392E+02
   3.13165021E-03    1.56365585E+01   -3.51059955E+02
   3.19065452E-03    1.56158822E+01   -3.49785105E+02
   3.25077055E-03    1.55948922E+01   -3.48523428E+02
   3.31201924E-03    1.55735838E+01   -3.47274516E+02
   3.37442194E-03    1.55519515E+01   -3.46037966E+02
   3.43800039E-03    1.55299902E+01   -3.44813377E+02
   3.50277673E-03    1.55076943E+01   -3.43600350E+02
   3.56877354E-03    1.54850579E+01   -3.42398488E+02
   3.63601382E-03    1.54620752E+01   -3.41207396E+02
   3.70452099E-03    1.54387404E+01   -3.40026688E+02
   3.77431893E-03    1.54150479E+01   -3.38855992E+02
   3.84543194E-03    1.53909921E+01   -3.37694935E+02
   3.91788482E-03    1.53665671E+01   -3.36543149E+02
   3.99170280E-03    1.53417669E+01   -3.35400264E+02
   4.06691161E-03    1.53165850E+01   -3.34265915E+02
   4.14353745E-03    1.52910151E+01   -3.33139735E+02
   4.22160702E-03    1.52650506E+01   -3.32021364E+02
   4.30114752E-03    1.52386855E+01   -3.30910456E+02
   4.38218666E-03    1.52119134E+01   -3.29806665E+02
   4.46475269E-03    1.51847281E+01   -3.28709648E+02
   4.54887437E-03    1.51571228E+01   -3.27619063E+02
   4.63458100E-03    1.51290907E+01   -3.26534568E+02
   4.72190246E-03    1.51006247E+01   -3.25455820E+02
   4.81086917E-03    1.50717178E+01   -3.24382482E+02
   4.90151213E-03    1.50423630E+01   -3.23314226E+02
   4.99386291E-03    1.50125537E+01   -3.22250731E+02
   5.08795370E-03    1.49822828E+01   -3.21191673E+02
   5.18381729E-03    1.49515432E+01   -3.20136733E+02
   5.28148706E-03    1.49203274E+01   -3.19085588E+02
   5.38099706E-03    1.48886278E+01   -3.18037917E+02
   5.48238196E-03    1.48564366E+01   -3.16993398E+02
   5.58567708E-03    1.48237464E+01   -3.15951722E+02
   5.69091841E-03    1.47905497E+01   -3.14912583E+02
   5.79814263E-03    1.47568391E+01   -3.13875678E+02
   5.90738708E-03    1.47226068E+01   -3.12840703E+02
   6.01868984E-03    1.46878448E+01   -3.11807353E+02
   6.13208969E-03    1.46525450E+01   -3.10775322E+02
   6.24762614E-03    1.46166989E+01   -3.09744305E+02
   6.36533944E-03    1.45802984E+01   -3.08714003E+02
   6.48527061E-03    1.45433356E+01   -3.07684126E+02
   6.60746144E-03    1.45058023E+01   -3.06654386E+02
   6.73195450E-03    1.44676903E+01   -3.05624492E+02
   6.85879317E-03    1.44289911E+01   -3.04594153E+02
   6.98802165E-03    1.43896961E+01   -3.03563078E+02
   7.11968495E-03    1.43497963E+01   -3.02530974E+02
   7.25382896E-03    1.43092828E+01   -3.01497553E+02
   7.39050042E-03    1.42681473E+01   -3.00462536E+02
   7.52974694E-03    1.42263811E+01   -2.99425646E+02
   7.67161704E-03    1.41839754E+01   -2.98386605E+02
   7.81616017E-03    1.41409214E+01   -2.97345135E+02
   7.96342666E-03    1.40972099E+01   -2.96300956E+02
   8.11346785E-03    1.40528315E+01   -2.95253786E+02
   8.26633601E-03    1.40077770E+01   -2.94203347E+02
   8.42208440E-03    1.39620372E+01   -2.93149367E+02
   8.58076729E-03    1.39156032E+01   -2.92091582E+02
   8.74243997E-03    1.38684660E+01   -2.91029724E+02
   8.90715876E-03    1.38206161E+01   -2.89963526E+02
   9.07498108E-03    1.37720442E+01   -2.88892719E+02
   9.24596538E-03    1.37227406E+01   -2.87817033E+02
   9.42017124E-03    1.36726955E+01   -2.86736197E+02
   9.59765937E-03    1.36218995E+01   -2.85649949E+02
   9.77849160E-03    1.35703434E+01   -2.84558034E+02
   9.96273095E-03    1.35180178E+01   -2.83460194E+02
   1.01504416E-02    1.34649132E+01   -2.82356173E+02
   1.03416890E-02    1.34110200E+01   -2.81245715E+02
   1.05365397E-02    1.33563286E+01   -2.80128559E+02
   1.07350616E-02    1.33008288E+01   -2.79004447E+02
   1.09373240E-02    1.32445111E+01   -2.77873122E+02
   1.11433972E-02    1.31873661E+01   -2.76734341E+02
   1.13533531E-02    1.31293844E+01   -2.75587858E+02
   1.15672649E-02    1.30705566E+01   -2.74433430E+02
   1.17852070E-02    1.30108732E+01   -2.73270811E+02
   1.20072554E-02    1.29503245E+01   -2.72099755E+02
   1.22334875E-02    1.28889008E+01   -2.70920017E+02
   1.24639822E-02    1.28265923E+01   -2.69731350E+02
   1.26988196E-02    1.27633898E+01   -2.68533520E+02
   1.29380817E-02    1.26992842E+01   -2.67326299E+02
   1.31818518E-02    1.26342665E+01   -2.66109455E+02
   1.34302148E-02    1.25683275E+01   -2.64882761E+02
   1.36832573E-02    1.25014581E+01   -2.63645984E+02
   1.39410674E-02    1.24336489E+01   -2.62398897E+02
   1.42037350E-02    1.23648906E+01   -2.61141268E+02
   1.44713517E-02    1.22951745E+01   -2.59872878E+02
   1.47440105E-02    1.22244922E+01   -2.58593513E+02
   1.50218066E-02    1.21528352E+01   -2.57302964E+02
   1.53048367E-02    1.20801953E+01   -2.56001020E+02
   1.55931995E-02    1.20065642E+01   -2.54687473E+02
   1.58869954E-02    1.19319335E+01   -2.53362114E+02
   1.61863268E-02    1.18562950E+01   -2.52024736E+02
   1.64912980E-02    1.17796406E+01   -2.50675135E+02
   1.68020153E-02    1.17019631E+01   -2.49313123E+02
   1.71185868E-02    1.16232554E+01   -2.47938512E+02
   1.74411230E-02    1.15435103E+01   -2.46551119E+02
   1.77697361E-02    1.14627210E+01   -2.45150761E+02
   1.81045408E-02    1.13808808E+01   -2.43737257E+02
   1.84456536E-02    1.12979828E+01   -2.42310429E+02
   1.87931934E-02    1.12140207E+01   -2.40870104E+02
   1.91472813E-02    1.11289890E+01   -2.39416121E+02
   1.95080407E-02    1.10428824E+01   -2.37948327E+02
   1.98755972E-02    1.09556957E+01   -2.36466570E+02
   2.02500790E-02    1.08674240E+01   -2.34970702E+02
   2.06316165E-02    1.07780628E+01   -2.33460576E+02
   2.10203427E-02    1.06876074E+01   -2.31936050E+02
   2.14163929E-02    1.05960540E+01   -2.30396993E+02
   2.18199053E-02    1.05033996E+01   -2.28843286E+02
   2.22310203E-02    1.04096414E+01   -2.27274813E+02
   2.26498813E-02    1.03147771E+01   -2.25691467E+02
   2.30766342E-02    1.02188045E+01   -2.24093141E+02
   2.35114276E-02    1.01217219E+01   -2.22479736E+02
   2.39544131E-02    1.00235278E+01   -2.20851157E+02
   2.44057450E-02    9.92422204E+00   -2.19207327E+02
   2.48655806E-02    9.82380470E+00   -2.17548175E+02
   2.53340801E-02    9.72227646E+00   -2.15873639E+02
   2.58114067E-02    9.61963836E+00   -2.14183658E+02
   2.62977268E-02    9.51589189E+00   -2.12478183E+02
   2.67932097E-02    9.41103944E+00   -2.10757174E+02
   2.72980282E-02    9.30508427E+00   -2.09020607E+02
   2.78123581E-02    9.19803014E+00   -2.07268462E+02
   2.83363787E-02    9.08988132E+00   -2.05500729E+02
   2.88702725E-02    8.98064262E+00   -2.03717403E+02
   2.94142255E-02    8.87031993E+00   -2.01918496E+02
   2.99684273E-02    8.75891998E+00   -2.00104032E+02
   3.05330710E-02    8.64645009E+00   -1.98274044E+02
   3.11083532E-02    8.53291824E+00   -1.96428571E+02
   3.16944746E-02    8.41833349E+00   -1.94567670E+02
   3.22916392E-02    8.30270580E+00   -1.92691409E+02
   3.29000551E-02    8.18604580E+00   -1.90799868E+02
   3.35199345E-02    8.06836493E+00   -1.88893134E+02
   3.41514931E-02    7.94967580E+00   -1.86971312E+02
   3.47949511E-02    7.82999189E+00   -1.85034520E+02
   3.54505327E-02    7.70932751E+00   -1.83082885E+02
   3.61184662E-02    7.58769821E+00   -1.81116553E+02
   3.67989845E-02    7.46512044E+00   -1.79135681E+02
   3.74923247E-02    7.34161151E+00   -1.77140436E+02
   3.81987282E-02    7.21718998E+00   -1.75131006E+02
   3.89184413E-02    7.09187547E+00   -1.73107587E+02
   3.96517148E-02    6.96568860E+00   -1.71070395E+02
   4.03988040E-02    6.83865136E+00   -1.69019658E+02
   4.11599694E-02    6.71078666E+00   -1.66955621E+02
   4.19354761E-02    6.58211850E+00   -1.64878540E+02
   4.27255943E-02    6.45267233E+00   -1.62788691E+02
   4.35305994E-02    6.32247458E+00   -1.60686364E+02
   4.43507718E-02    6.19155307E+00   -1.58571864E+02
   4.51863973E-02    6.05993674E+00   -1.56445514E+02
   4.60377671E-02    5.92765582E+00   -1.54307650E+02
   4.69051778E-02    5.79474190E+00   -1.52158630E+02
   4.77889316E-02    5.66122766E+00   -1.49998821E+02
   4.86893364E-02    5.52714732E+00   -1.47828613E+02
   4.96067061E-02    5.39253622E+00   -1.45648410E+02
   5.05413601E-02    5.25743114E+00   -1.43458631E+02
   5.14936243E-02    5.12187014E+00   -1.41259715E+02
   5.24638303E-02    4.98589262E+00   -1.39052117E+02
   5.34523163E-02    4.84953952E+00   -1.36836309E+02
   5.44594266E-02    4.71285277E+00   -1.34612779E+02
   5.54855121E-02    4.57587599E+00   -1.32382032E+02
   5.65309305E-02    4.43865398E+00   -1.30144592E+02
   5.75960458E-02    4.30123293E+00   -1.27900997E+02
   5.86812293E-02    4.16366069E+00   -1.25651807E+02
   5.97868590E-02    4.02598591E+00   -1.23397592E+02
   6.09133203E-02    3.88825903E+00   -1.21138943E+02
   6.20610055E-02    3.75053163E+00   -1.18876467E+02
   6.32303145E-02    3.61285667E+00   -1.16610785E+02
   6.44216549E-02    3.47528877E+00   -1.14342543E+02
   6.56354416E-02    3.33788316E+00   -1.12072389E+02
   6.68720977E-02    3.20069690E+00   -1.09800998E+02
   6.81320539E-02    3.06378818E+00   -1.07529057E+02
   6.94157493E-02    2.92721633E+00   -1.05257268E+02
   7.07236312E-02    2.79104208E+00   -1.02986348E+02
   7.20561553E-02    2.65532714E+00   -1.00717028E+02
   7.34137858E-02    2.52013463E+00   -9.84500563E+01
   7.47969958E-02    2.38552845E+00   -9.61861908E+01
   7.62062673E-02    2.25157396E+00   -9.39262075E+01
   7.76420913E-02    2.11833718E+00   -9.16708898E+01
   7.91049680E-02    1.98588547E+00   -8.94210392E+01
   8.05954072E-02    1.85428678E+00   -8.71774633E+01
   8.21139282E-02    1.72361032E+00   -8.49409869E+01
   8.36610601E-02    1.59392573E+00   -8.27124390E+01
   8.52373420E-02    1.46530380E+00   -8.04926646E+01
   8.68433230E-02    1.33781560E+00   -7.82825113E+01
   8.84795627E-02    1.21153346E+00   -7.60828445E+01
   9.01466314E-02    1.08652955E+00   -7.38945264E+01
   9.18451097E-02    9.62876813E-01   -7.17184300E+01
   9.35755896E-02    8.40647723E-01   -6.95554208E+01
   9.53386739E-02    7.19917636E-01   -6.74064084E+01
   9.71349770E-02    6.00761217E-01   -6.52722921E+01
   9.89651247E-02    4.83250738E-01   -6.31539353E+01
   1.00829755E-01    3.67459580E-01   -6.10522190E+01
   1.02729517E-01    2.53463749E-01   -5.89680658E+01
   1.04665073E-01    1.41336659E-01   -5.69023609E+01
   1.06637097E-01    3.11501523E-02   -5.48559678E+01
   1.08646277E-01   -7.70203958E-02   -5.28298057E+01
   1.10693313E-01   -1.83101590E-01   -5.08247673E+01
   1.12778917E-01   -2.87024130E-01   -4.88416878E+01
   1.14903817E-01   -3.88717615E-01   -4.68814221E+01
   1.17068752E-01   -4.88107107E-01   -4.49448964E+01
   1.19274478E-01   -5.85121452E-01   -4.30329860E+01
   1.21521762E-01   -6.79694735E-01   -4.11464941E+01
   1.23811388E-01   -7.71763149E-01   -3.92861992E+01
   1.26144154E-01   -8.61258812E-01   -3.74529451E+01
   1.28520872E-01   -9.48117067E-01   -3.56475357E+01
   1.30942370E-01   -1.03227346E+00   -3.38707786E+01
   1.33409493E-01   -1.11366797E+00   -3.21234249E+01
   1.35923099E-01   -1.19224236E+00   -3.04062082E+01
   1.38484065E-01   -1.26793908E+00   -2.87198616E+01
   1.41093282E-01   -1.34070285E+00   -2.70650945E+01
   1.43751661E-01   -1.41048170E+00   -2.54425792E+01
   1.46460127E-01   -1.47722501E+00   -2.38529792E+01
   1.49219624E-01   -1.54088612E+00   -2.22969131E+01
   1.52031113E-01   -1.60141930E+00   -2.07749982E+01
   1.54895575E-01   -1.65878360E+00   -1.92877963E+01
   1.57814006E-01   -1.71293969E+00   -1.78358595E+01
   1.60787425E-01   -1.76385236E+00   -1.64196960E+01
   1.63816867E-01   -1.81148888E+00   -1.50397927E+01
   1.66903387E-01   -1.85582083E+00   -1.36965912E+01
   1.70048061E-01   -1.89682223E+00   -1.23905143E+01
   1.73251985E-01   -1.93447184E+00   -1.11219343E+01
   1.76516275E-01   -1.96875174E+00   -9.89119348E+00
   1.79842068E-01   -1.99964781E+00   -8.69859837E+00
   1.83230524E-01   -2.02715026E+00   -7.54441202E+00
   1.86682822E-01   -2.05125317E+00   -6.42886168E+00
   1.90200166E-01   -2.07195465E+00   -5.35213637E+00
   1.93783782E-01   -2.08925784E+00   -4.31437419E+00
   1.97434917E-01   -2.10316948E+00   -3.31568154E+00
   2.01154845E-01   -2.11370102E+00   -2.35611855E+00
   2.04944860E-01   -2.12086878E+00   -1.43569766E+00
   2.08806285E-01   -2.12469318E+00   -5.54393462E-01
   2.12740463E-01   -2.12519952E+00    2.87867043E-01
   2.16748767E-01   -2.12241768E+00    1.09120046E+00
   2.20832592E-01   -2.11638221E+00    1.85576836E+00
   2.24993362E-01   -2.10713238E+00    2.58177715E+00
   2.29232526E-01   -2.09471215E+00    3.26947820E+00
   2.33551561E-01   -2.07917015E+00    3.91916746E+00
   2.37951973E-01   -2.06055971E+00    4.53118544E+00
   2.42435293E-01   -2.03893874E+00    5.10591636E+00
   2.47003086E-01   -2.01436976E+00    5.64378787E+00
   2.51656941E-01   -1.98691983E+00    6.14527031E+00
   2.56398481E-01   -1.95666044E+00    6.61087596E+00
   2.61229358E-01   -1.92366746E+00    7.04115789E+00
   2.66151255E-01   -1.88802103E+00    7.43670890E+00
   2.71165886E-01   -1.84980547E+00    7.79816046E+00
   2.76275000E-01   -1.80910914E+00    8.12618132E+00
   2.81480376E-01   -1.76602433E+00    8.42147602E+00
   2.86783828E-01   -1.72064708E+00    8.68478337E+00
   2.92187203E-01   -1.67307706E+00    8.91687481E+00
   2.97692386E-01   -1.62341742E+00    9.11855272E+00
   3.03301293E-01   -1.57177454E+00    9.29064858E+00
   3.09015879E-01   -1.51825793E+00    9.43402113E+00
   3.14838135E-01   -1.46297998E+00    9.54955430E+00
   3.20770090E-01   -1.40605579E+00    9.63815574E+00
   3.26813810E-01   -1.34760284E+00    9.70075312E+00
   3.32971402E-01   -1.28774103E+00    9.73829532E+00
   3.39245011E-01   -1.22659210E+00    9.75174651E+00
   3.45636823E-01   -1.16427970E+00    9.74208697E+00
   3.52149065E-01   -1.10092893E+00    9.71030949E+00
   3.58784005E-01   -1.03666623E+00    9.65741807E+00
   3.65543957E-01   -9.71619005E-01    9.58442485E+00
   3.72431275E-01   -9.05915436E-01    9.49234910E+00
   3.79448358E-01   -8.39684166E-01    9.38221434E+00
   3.86597653E-01   -7.73054215E-01    9.25504899E+00
   3.93881649E-01   -7.06154014E-01    9.11187536E+00
   4.01302886E-01   -6.39112398E-01    8.95372437E+00
   4.08863947E-01   -5.72057285E-01    8.78162018E+00
   4.16567469E-01   -5.05114676E-01    8.59656875E+00
   4.24416136E-01   -4.38411630E-01    8.39959965E+00
   4.32412681E-01   -3.72071316E-01    8.19170132E+00
   4.40559891E-01   -3.06214393E-01    7.97384269E+00
   4.48860606E-01   -2.40964489E-01    7.74704862E+00
   4.57317716E-01   -1.76437243E-01    7.51225390E+00
   4.65934169E-01   -1.12749048E-01    7.27042499E+00
   4.74712967E-01   -5.00106870E-02    7.02247371E+00
   4.83657170E-01    1.16674129E-02    6.76933368E+00
   4.92769892E-01    7.21809170E-02    6.51188085E+00
   5.02054310E-01    1.31427286E-01    6.25099802E+00
   5.11513658E-01    1.89309376E-01    5.98752426E+00
   5.21151232E-01    2.45733525E-01    5.72228447E+00
   5.30970391E-01    3.00611091E-01    5.45606958E+00
   5.40974555E-01    3.53857549E-01    5.18965220E+00
   5.51167211E-01    4.05393879E-01    4.92376559E+00
   5.61551909E-01    4.55145908E-01    4.65911674E+00
   5.72132268E-01    5.03044813E-01    4.39637928E+00
   5.82911975E-01    5.49027193E-01    4.13619390E+00
   5.93894786E-01    5.93035239E-01    3.87916619E+00
   6.05084526E-01    6.35016787E-01    3.62586730E+00
   6.16485096E-01    6.74925457E-01    3.37683178E+00
   6.28100467E-01    7.12720693E-01    3.13255781E+00
   6.39934687E-01    7.48367811E-01    2.89350671E+00
   6.51991879E-01    7.81838025E-01    2.66010286E+00
   6.64276243E-01    8.13108447E-01    2.43273393E+00
   6.76792061E-01    8.42162078E-01    2.21175123E+00
   6.89543693E-01    8.68987774E-01    1.99747022E+00
   7.02535582E-01    8.93580190E-01    1.79017120E+00
   7.15772254E-01    9.15939749E-01    1.59010043E+00
   7.29258323E-01    9.36072539E-01    1.39747081E+00
   7.42998487E-01    9.53990220E-01    1.21246298E+00
   7.56997533E-01    9.69709972E-01    1.03522640E+00
   7.71260339E-01    9.83254337E-01    8.65880292E-01
   7.85791874E-01    9.94651104E-01    7.04514661E-01
   8.00597203E-01    1.00393319E+00    5.51191205E-01
   8.15681482E-01    1.01113847E+00    4.05944268E-01
   8.31049969E-01    1.01630960E+00    2.68781692E-01
   8.46708018E-01    1.01949385E+00    1.39685685E-01
   8.62661085E-01    1.02074290E+00    1.86136773E-02
   8.78914728E-01    1.02011260E+00   -9.45007868E-02
   8.95474611E-01    1.01766275E+00   -1.99747149E-01
   9.12346503E-01    1.01345684E+00   -2.97236862E-01
   9.29536283E-01    1.00756180E+00   -3.87102446E-01
   9.47049940E-01    1.00004768E+00   -4.69496312E-01
   9.64893578E-01    9.90987385E-01   -5.44589689E-01
   9.83073412E-01    9.80456340E-01   -6.12571377E-01
   1.00159578E+00    9.68532187E-01   -6.73646462E-01
   1.02046713E+00    9.55294445E-01   -7.28034952E-01
   1.03969404E+00    9.40824179E-01   -7.75970373E-01
   1.05928321E+00    9.25203654E-01   -8.17698253E-01
   1.07924147E+00    9.08516014E-01   -8.53474721E-01
   1.09957576E+00    8.90844918E-01   -8.83564847E-01
   1.12029318E+00    8.72274216E-01   -9.08241156E-01
   1.14140095E+00    8.52887618E-01   -9.27782061E-01
   1.16290641E+00    8.32768367E-01   -9.42470307E-01
   1.18481706E+00    8.11998927E-01   -9.52591447E-01
   1.20714053E+00    7.90660682E-01   -9.58432367E-01
   1.22988461E+00    7.68833651E-01   -9.60279831E-01
   1.25305722E+00    7.46596202E-01   -9.58419079E-01
   1.27666643E+00    7.24024823E-01   -9.53132581E-01
   1.30072046E+00    7.01193855E-01   -9.44698719E-01
   1.32522770E+00    6.78175294E-01   -9.33390689E-01
   1.35019670E+00    6.55038583E-01   -9.19475421E-01
   1.37563614E+00    6.31850438E-01   -9.03212620E-01
   1.40155489E+00    6.08674691E-01   -8.84853902E-01
   1.42796198E+00    5.85572152E-01   -8.64642031E-01
   1.45486662E+00    5.62600496E-01   -8.42810258E-01
   1.48227818E+00    5.39814167E-01   -8.19581764E-01
   1.51020620E+00    5.17264309E-01   -7.95169199E-01
   1.53866043E+00    4.94998707E-01   -7.69774323E-01
   1.56765077E+00    4.73061757E-01   -7.43587747E-01
   1.59718732E+00    4.51494438E-01   -7.16789156E-01
   1.62728038E+00    4.30334343E-01   -6.89545526E-01
   1.65794044E+00    4.09615670E-01   -6.62013741E-01
   1.68917816E+00    3.89369268E-01   -6.34338829E-01
   1.72100445E+00    3.69622676E-01   -6.06654543E-01
   1.75343038E+00    3.50400196E-01   -5.79083603E-01
   1.78646726E+00    3.31722958E-01   -5.51737891E-01
   1.82012660E+00    3.13609013E-01   -5.24718752E-01
   1.85442013E+00    2.96073421E-01   -4.98117321E-01
   1.88935978E+00    2.79128358E-01   -4.72014886E-01
   1.92495775E+00    2.62783230E-01   -4.46483289E-01
   1.96122643E+00    2.47044787E-01   -4.21585320E-01
   1.99817845E+00    2.31917247E-01   -3.97375178E-01
   2.03582670E+00    2.17402430E-01   -3.73898901E-01
   2.07418429E+00    2.03499882E-01   -3.51194826E-01
   2.11326459E+00    1.90207020E-01   -3.29294054E-01
   2.15308121E+00    1.77519259E-01   -3.08220911E-01
   2.19364802E+00    1.65430160E-01   -2.87993408E-01
   2.23497917E+00    1.53931563E-01   -2.68623700E-01
   2.27708905E+00    1.43013729E-01   -2.50118532E-01
   2.31999233E+00    1.32665477E-01   -2.32479683E-01
   2.36370397E+00    1.22874325E-01   -2.15704392E-01
   2.40823918E+00    1.13626616E-01   -1.99785775E-01
   2.45361350E+00    1.04907665E-01   -1.84713229E-01
   2.49984273E+00    9.67018755E-02   -1.70472819E-01
   2.54694298E+00    8.89928734E-02   -1.57047648E-01
   2.59493066E+00    8.17636312E-02   -1.44418221E-01
   2.64382249E+00    7.49965879E-02   -1.32562782E-01
   2.69363550E+00    6.86737515E-02   -1.21457624E-01
   2.74438705E+00    6.27768220E-02   -1.11077409E-01
   2.79609483E+00    5.72873023E-02   -1.01395467E-01
   2.84877685E+00    5.21865729E-02   -9.23840356E-02
   2.90245146E+00    4.74560167E-02   -8.40145531E-02
   2.95713738E+00    4.30770798E-02   -7.62578631E-02
   3.01285365E+00    3.90313748E-02   -6.90844649E-02
   3.06961968E+00    3.53007454E-02   -6.24647042E-02
   3.12745526E+00    3.18673413E-02   -5.63689697E-02
   3.18638053E+00    2.87136782E-02   -5.07678635E-02
   3.24641603E+00    2.58226973E-02   -4.56323641E-02
   3.30758268E+00    2.31778144E-02   -4.09339676E-02
   3.36990179E+00    2.07629638E-02   -3.66448156E-02
   3.43339507E+00    1.85626362E-02   -3.27378096E-02
   3.49808464E+00    1.65619076E-02   -2.91867034E-02
   3.56399305E+00    1.47464660E-02   -2.59661893E-02
   3.63114326E+00    1.31026286E-02   -2.30519622E-02
   3.69955866E+00    1.16173556E-02   -2.04207738E-02
   3.76926310E+00    1.02782574E-02   -1.80504706E-02
   3.84028086E+00    9.07359794E-03   -1.59200215E-02
   3.91263668E+00    7.99229264E-03   -1.40095310E-02
   3.98635578E+00    7.02390281E-03   -1.23002439E-02
   4.06146385E+00    6.15862638E-03   -1.07745392E-02
   4.13798704E+00    5.38728308E-03   -9.41591195E-03
   4.21595203E+00    4.70130578E-03   -8.20896334E-03
   4.29538599E+00    4.09271362E-03   -7.13935638E-03
   4.37631658E+00    3.55409657E-03   -6.19379053E-03
   4.45877200E+00    3.07859483E-03   -5.35996560E-03
   4.54278099E+00    2.65987864E-03   -4.62654559E-03
   4.62837282E+00    2.29211337E-03   -3.98309530E-03
   4.71557731E+00    1.96994673E-03   -3.42005623E-03
   4.80442485E+00    1.68847900E-03   -2.92869157E-03
   4.89494638E+00    1.44323800E-03   -2.50103966E-03
   4.98717346E+00    1.23015198E-03   -2.12986358E-03
   5.08113822E+00    1.04552725E-03   -1.80860934E-03
   5.17687339E+00    8.86021370E-04   -1.53135607E-03
   5.27441233E+00    7.48620321E-04   -1.29277370E-03
   5.37378904E+00    6.30613577E-04   -1.08807682E-03
   5.47503812E+00    5.29571250E-04   -9.12982544E-04
   5.57819488E+00    4.43322650E-04   -7.63671103E-04
   5.68329523E+00    3.69933450E-04   -6.36744078E-04
   5.79037582E+00    3.07687348E-04   -5.29190844E-04
   5.89947393E+00    2.55065123E-04   -4.38350563E-04
   6.01062760E+00    2.10727010E-04   -3.61880231E-04
   6.12387555E+00    1.73496362E-04   -2.97725117E-04
   6.23925723E+00    1.42341513E-04   -2.44086222E-04
   6.35681285E+00    1.16363376E-04   -1.99397917E-04
   6.47658337E+00    9.47795236E-05   -1.62299548E-04
   6.59861052E+00    7.69120021E-05   -1.31613689E-04
   6.72293682E+00    6.21771755E-05   -1.06328012E-04
   6.84960559E+00    5.00711800E-05   -8.55696205E-05
   6.97866095E+00    4.01638186E-05   -6.85941374E-05
   7.11014789E+00    3.20878317E-05   -5.47668216E-05
   7.24411221E+00    2.55312037E-05   -4.35490161E-05
   7.38060059E+00    2.02299062E-05   -3.44854033E-05
   7.51966059E+00    1.59615411E-05   -2.71928616E-05
   7.66134065E+00    1.25394578E-05   -2.13501791E-05
   7.80569015E+00    9.80779538E-06   -1.66893961E-05
   7.95275938E+00    7.63688345E-06   -1.29877936E-05
   8.10259958E+00    5.91939794E-06   -1.00612058E-05
   8.25526297E+00    4.56685279E-06   -7.75792922E-06
   8.41080273E+00    3.50669408E-06   -5.95368384E-06
   8.56927306E+00    2.67968386E-06   -4.54708511E-06
   8.73072917E+00    2.03766240E-06   -3.45577667E-06
   8.89522732E+00    1.54171851E-06   -2.61327118E-06
   9.06282483E+00    1.16054514E-06   -1.96611624E-06
   9.23358009E+00    8.69084664E-07   -1.47156205E-06
   9.40755260E+00    6.47385848E-07   -1.09559588E-06
   9.58480298E+00    4.79648735E-07   -8.11301598E-07
   9.76539298E+00    3.53426525E-07   -5.97490426E-07
   9.94938553E+00    2.58968223E-07   -4.37574310E-07
   1.01368447E+01    1.88678026E-07   -3.18640350E-07
   1.03278359E+01    1.36671003E-07   -2.30690830E-07
   1.05224256E+01    9.84166766E-08   -1.66034147E-07
   1.07206816E+01    7.04447890E-08   -1.18782504E-07
   1.09226730E+01    5.01151910E-08   -8.44593768E-08
   1.11284702E+01    3.54308487E-08   -5.96808227E-08
   1.13381449E+01    2.48906052E-08   -4.19047495E-08
   1.15517701E+01    1.73733182E-08   -2.92337703E-08
   1.17694203E+01    1.20467546E-08   -2.02603072E-08
   1.19911713E+01    8.29746855E-09   -1.39474584E-08
   1.22171004E+01    5.67617907E-09   -9.53627136E-09
   1.24472862E+01    3.85608402E-09   -6.47502696E-09
   1.26818091E+01    2.60114314E-09   -4.36547448E-09
   1.29207507E+01    1.74202132E-09   -2.92208140E-09
   1.31641942E+01    1.15812206E-09   -1.94162050E-09
   1.34122245E+01    7.64203568E-10   -1.28053014E-09
   1.36649281E+01    5.00450154E-10   -8.38131005E-10
   1.39223929E+01    3.25197830E-10   -5.44338054E-10
   1.41847086E+01    2.09656255E-10   -3.50750707E-10
   1.44519668E+01    1.34084597E-10   -2.24201782E-10
   1.47242604E+01    8.50544833E-11   -1.42143386E-10
   1.50016844E+01    5.35054876E-11   -8.93710720E-11
   1.52843354E+01    3.33745220E-11   -5.57163798E-11
   1.55723119E+01    2.06385744E-11   -3.44363277E-11
   1.58657143E+01    1.26508695E-11   -2.10973063E-11
   1.61646447E+01    7.68556308E-12   -1.28100894E-11
   1.64692074E+01    4.62670742E-12   -7.70759312E-12
   1.67795084E+01    2.75951513E-12   -4.59462778E-12
   1.70956559E+01    1.63030222E-12   -2.71304555E-12
   1.74177600E+01    9.54005306E-13   -1.58676306E-12
   1.77459330E+01    5.52760317E-13   -9.18906350E-13
   1.80802891E+01    3.17100542E-13   -5.26872556E-13
   1.84209450E+01    1.80081434E-13   -2.99056330E-13
   1.87680193E+01    1.01211215E-13   -1.67992323E-13
   1.91216329E+01    5.62805380E-14   -9.33677788E-14
   1.94819090E+01    3.09667910E-14   -5.13469670E-14
   1.98489732E+01    1.68477297E-14   -2.79216410E-14
   2.02229534E+01    9.06813295E-15   -1.50210654E-14
   2.06039798E+01    4.82422339E-15   -7.98720862E-15
   2.09921852E+01    2.53424262E-15   -4.19373351E-15
   2.13877050E+01    1.31595529E-15   -2.17661774E-15
   2.17906768E+01    6.77298439E-16   -1.11973336E-15
   2.22012411E+01    3.39687882E-16   -5.61300440E-16
   2.26195410E+01    1.71728542E-16   -2.83636798E-16
   2.30457222E+01    8.55271364E-17   -1.41200602E-16
   2.34799333E+01    4.15968014E-17   -6.86407878E-17
   2.39223254E+01    1.94797205E-17   -3.21266408E-17
   2.43730527E+01    9.44173439E-18   -1.55656143E-17
   2.48322723E+01    4.56419586E-18   -7.52258730E-18
   2.53001442E+01    2.07730089E-18   -3.42217418E-18
   2.57768315E+01    9.26122872E-19    0.00000000E+00
   2.62625001E+01    3.69868706E-19    0.00000000E+00
   2.67573193E+01    1.67591121E-19    0.00000000E+00
   2.72614616E+01    9.83127992E-20    0.00000000E+00
   2.77751025E+01    5.39900220E-20    0.00000000E+00
   2.82984211E+01    2.41900773E-20    0.00000000E+00
   2.88315998E+01    0.00000000E+00    0.00000000E+00
   2.93748241E+01    0.00000000E+00    0.00000000E+00
   2.99282836E+01    0.00000000E+00    0.00000000E+00
   3.04921709E+01    0.00000000E+00    0.00000000E+00
   3.10666825E+01    0.00000000E+00    0.00000000E+00
   3.16520187E+01    0.00000000E+00    0.00000000E+00
   3.22483834E+01    0.00000000E+00    0.00000000E+00
   3.28559844E+01    0.00000000E+00    0.00000000E+00
   3.34750334E+01    0.00000000E+00    0.00000000E+00
   3.41057460E+01    0.00000000E+00    0.00000000E+00
   3.47483421E+01    0.00000000E+00    0.00000000E+00
   3.54030455E+01    0.00000000E+00    0.00000000E+00
   3.60700843E+01    0.00000000E+00    0.00000000E+00
   3.67496910E+01    0.00000000E+00    0.00000000E+00
   3.74421024E+01    0.00000000E+00    0.00000000E+00
   3.81475597E+01    0.00000000E+00    0.00000000E+00
   3.88663088E+01    0.00000000E+00    0.00000000E+00
   3.95985999E+01    0.00000000E+00    0.00000000E+00
   4.03446884E+01    0.00000000E+00    0.00000000E+00
   4.11048342E+01    0.00000000E+00    0.00000000E+00
   4.18793021E+01    0.00000000E+00    0.00000000E+00
   4.26683619E+01    0.00000000E+00    0.00000000E+00
   4.34722887E+01    0.00000000E+00    0.00000000E+00
   4.42913624E+01    0.00000000E+00    0.00000000E+00
   4.51258686E+01    0.00000000E+00    0.00000000E+00
   4.59760979E+01    0.00000000E+00    0.00000000E+00
   4.68423467E+01    0.00000000E+00    0.00000000E+00
   4.77249167E+01    0.00000000E+00    0.00000000E+00
   4.86241154E+01    0.00000000E+00    0.00000000E+00
   4.95402562E+01    0.00000000E+00    0.00000000E+00
   5.04736583E+01    0.00000000E+00    0.00000000E+00
   5.14246468E+01    0.00000000E+00    0.00000000E+00
   5.23935532E+01    0.00000000E+00    0.00000000E+00
   5.33807151E+01    0.00000000E+00    0.00000000E+00
   5.43864763E+01    0.00000000E+00    0.00000000E+00
   5.54111874E+01    0.00000000E+00    0.00000000E+00
   5.64552053E+01    0.00000000E+00    0.00000000E+00
   5.75188939E+01    0.00000000E+00    0.00000000E+00
   5.86026238E+01    0.00000000E+00    0.00000000E+00
   5.97067725E+01    0.00000000E+00    0.00000000E+00
   6.08317248E+01    0.00000000E+00    0.00000000E+00
   6.19778726E+01    0.00000000E+00    0.00000000E+00
   6.31456154E+01    0.00000000E+00    0.00000000E+00
   6.43353599E+01    0.00000000E+00    0.00000000E+00
   6.55475207E+01    0.00000000E+00    0.00000000E+00
   6.67825202E+01    0.00000000E+00    0.00000000E+00
   6.80407887E+01    0.00000000E+00    0.00000000E+00
   6.93227645E+01    0.00000000E+00    0.00000000E+00
   7.06288945E+01    0.00000000E+00    0.00000000E+00
   7.19596336E+01    0.00000000E+00    0.00000000E+00
   7.33154455E+01    0.00000000E+00    0.00000000E+00
   7.46968027E+01    0.00000000E+00    0.00000000E+00
   7.61041864E+01    0.00000000E+00    0.00000000E+00
   7.75380870E+01    0.00000000E+00    0.00000000E+00
   7.89990042E+01    0.00000000E+00    0.00000000E+00
   8.04874469E+01    0.00000000E+00    0.00000000E+00
   8.20039338E+01    0.00000000E+00    0.00000000E+00
   8.35489933E+01    0.00000000E+00    0.00000000E+00
   8.51231636E+01    0.00000000E+00    0.00000000E+00
   8.67269934E+01    0.00000000E+00    0.00000000E+00
   8.83610413E+01    0.00000000E+00    0.00000000E+00
   9.00258769E+01    0.00000000E+00    0.00000000E+00
   9.17220800E+01    0.00000000E+00    0.00000000E+00
   9.34502419E+01    0.00000000E+00    0.00000000E+00
   9.52109645E+01    0.00000000E+00    0.00000000E+00
   9.70048613E+01    0.00000000E+00    0.00000000E+00
   9.88325575E+01    0.00000000E+00    0.00000000E+00
   1.00694690E+02    0.00000000E+00    0.00000000E+00
   1.02591907E+02    0.00000000E+00    0.00000000E+00
   1.04524871E+02    0.00000000E+00    0.00000000E+00
   1.06494253E+02    0.00000000E+00    0.00000000E+00
   1.08500742E+02    0.00000000E+00    0.00000000E+00
   1.10545035E+02    0.00000000E+00    0.00000000E+00
   1.12627846E+02    0.00000000E+00    0.00000000E+00
   1.14749899E+02    0.00000000E+00    0.00000000E+00
   1.16911935E+02    0.00000000E+00    0.00000000E+00
   1.19114706E+02    0.00000000E+00    0.00000000E+00
   1.21358980E+02    0.00000000E+00    0.00000000E+00
   1.23645539E+02    0.00000000E+00    0.00000000E+00
   1.25975179E+02    0.00000000E+00    0.00000000E+00
   1.28348714E+02    0.00000000E+00    0.00000000E+00
   1.30766968E+02    0.00000000E+00    0.00000000E+00
