# Peaks:     0.036580      0.232165      0.795843      3.051391  
   4.58257558E-05   -6.15882976E+00    1.63006654E+03
   4.66891719E-05   -6.15745100E+00    1.60482276E+03
   4.75688559E-05   -6.15605222E+00    1.58001319E+03
   4.84651142E-05   -6.15463951E+00    1.55558755E+03
   4.93782592E-05   -6.15321971E+00    1.53149383E+03
   5.03086091E-05   -6.15179967E+00    1.50768350E+03
   5.12564879E-05   -6.15038065E+00    1.48415058E+03
   5.22222260E-05   -6.14896072E+00    1.46091151E+03
   5.32061598E-05   -6.14753764E+00    1.43798410E+03
   5.42086322E-05   -6.14610921E+00    1.41538486E+03
   5.52299925E-05   -6.14467523E+00    1.39311463E+03
   5.62705965E-05   -6.14323635E+00    1.37116790E+03
   5.73308068E-05   -6.14179329E+00    1.34953933E+03
   5.84109928E-05   -6.14034666E+00    1.32822448E+03
   5.95115310E-05   -6.13889650E+00    1.30722184E+03
   6.06328047E-05   -6.13744265E+00    1.28653098E+03
   6.17752046E-05   -6.13598489E+00    1.26615189E+03
   6.29391288E-05   -6.13452303E+00    1.24608415E+03
   6.41249828E-05   -6.13305713E+00    1.22632517E+03
   6.53331799E-05   -6.13158725E+00    1.20687221E+03
   6.65641409E-05   -6.13011343E+00    1.18772283E+03
   6.78182949E-05   -6.12863567E+00    1.16887459E+03
   6.90960786E-05   -6.12715402E+00    1.15032456E+03
   7.03979375E-05   -6.12566844E+00    1.13206995E+03
   7.17243251E-05   -6.12417890E+00    1.11410827E+03
   7.30757035E-05   -6.12268532E+00    1.09643693E+03
   7.44525437E-05   -6.12118773E+00    1.07905263E+03
   7.58553252E-05   -6.11968612E+00    1.06195214E+03
   7.72845370E-05   -6.11818047E+00    1.04513242E+03
   7.87406769E-05   -6.11667070E+00    1.02859051E+03
   8.02242524E-05   -6.11515683E+00    1.01232296E+03
   8.17357804E-05   -6.11363885E+00    9.96326320E+02
   8.32757875E-05   -6.11211671E+00    9.80597354E+02
   8.48448103E-05   -6.11059032E+00    9.65132945E+02
   8.64433956E-05   -6.10905968E+00    9.49929587E+02
   8.80721002E-05   -6.10752477E+00    9.34983707E+02
   8.97314917E-05   -6.10598556E+00    9.20291907E+02
   9.14221482E-05   -6.10444194E+00    9.05850944E+02
   9.31446590E-05   -6.10289387E+00    8.91657365E+02
   9.48996240E-05   -6.10134135E+00    8.77707561E+02
   9.66876548E-05   -6.09978434E+00    8.63998069E+02
   9.85093744E-05   -6.09822274E+00    8.50525577E+02
   1.00365418E-04   -6.09665646E+00    8.37286739E+02
   1.02256431E-04   -6.09508549E+00    8.24277995E+02
   1.04183074E-04   -6.09350981E+00    8.11495875E+02
   1.06146016E-04   -6.09192932E+00    7.98937045E+02
   1.08145944E-04   -6.09034390E+00    7.86598255E+02
   1.10183552E-04   -6.08875351E+00    7.74476083E+02
   1.12259552E-04   -6.08715814E+00    7.62567108E+02
   1.14374666E-04   -6.08555770E+00    7.50868023E+02
   1.16529632E-04   -6.08395208E+00    7.39375639E+02
   1.18725200E-04   -6.08234116E+00    7.28086732E+02
   1.20962135E-04   -6.08072494E+00    7.16997983E+02
   1.23241217E-04   -6.07910335E+00    7.06106156E+02
   1.25563240E-04   -6.07747629E+00    6.95408119E+02
   1.27929013E-04   -6.07584360E+00    6.84900817E+02
   1.30339359E-04   -6.07420522E+00    6.74581108E+02
   1.32795120E-04   -6.07256113E+00    6.64445859E+02
   1.35297151E-04   -6.07091123E+00    6.54492026E+02
   1.37846323E-04   -6.06925538E+00    6.44716656E+02
   1.40443525E-04   -6.06759343E+00    6.35116826E+02
   1.43089661E-04   -6.06592534E+00    6.25689549E+02
   1.45785654E-04   -6.06425105E+00    6.16431892E+02
   1.48532444E-04   -6.06257045E+00    6.07341006E+02
   1.51330986E-04   -6.06088335E+00    5.98414113E+02
   1.54182256E-04   -6.05918965E+00    5.89648440E+02
   1.57087247E-04   -6.05748928E+00    5.81041191E+02
   1.60046973E-04   -6.05578216E+00    5.72589634E+02
   1.63062464E-04   -6.05406815E+00    5.64291105E+02
   1.66134770E-04   -6.05234707E+00    5.56143007E+02
   1.69264962E-04   -6.05061878E+00    5.48142735E+02
   1.72454132E-04   -6.04888325E+00    5.40287691E+02
   1.75703389E-04   -6.04714035E+00    5.32575334E+02
   1.79013867E-04   -6.04538992E+00    5.25003188E+02
   1.82386718E-04   -6.04363177E+00    5.17568829E+02
   1.85823118E-04   -6.04186577E+00    5.10269836E+02
   1.89324264E-04   -6.04009184E+00    5.03103800E+02
   1.92891376E-04   -6.03830987E+00    4.96068369E+02
   1.96525698E-04   -6.03651967E+00    4.89161245E+02
   2.00228494E-04   -6.03472103E+00    4.82380177E+02
   2.04001056E-04   -6.03291381E+00    4.75722926E+02
   2.07844698E-04   -6.03109791E+00    4.69187268E+02
   2.11760760E-04   -6.02927321E+00    4.62771030E+02
   2.15750604E-04   -6.02743953E+00    4.56472083E+02
   2.19815623E-04   -6.02559661E+00    4.50288346E+02
   2.23957231E-04   -6.02374428E+00    4.44217757E+02
   2.28176873E-04   -6.02188246E+00    4.38258268E+02
   2.32476019E-04   -6.02001100E+00    4.32407873E+02
   2.36856166E-04   -6.01812970E+00    4.26664610E+02
   2.41318840E-04   -6.01623831E+00    4.21026556E+02
   2.45865597E-04   -6.01433662E+00    4.15491817E+02
   2.50498021E-04   -6.01242450E+00    4.10058512E+02
   2.55217725E-04   -6.01050181E+00    4.04724795E+02
   2.60026355E-04   -6.00856836E+00    3.99488859E+02
   2.64925586E-04   -6.00662389E+00    3.94348933E+02
   2.69917124E-04   -6.00466811E+00    3.89303278E+02
   2.75002709E-04   -6.00270089E+00    3.84350171E+02
   2.80184114E-04   -6.00072207E+00    3.79487917E+02
   2.85463142E-04   -5.99873146E+00    3.74714855E+02
   2.90841635E-04   -5.99672880E+00    3.70029357E+02
   2.96321465E-04   -5.99471378E+00    3.65429825E+02
   3.01904542E-04   -5.99268618E+00    3.60914685E+02
   3.07592811E-04   -5.99064583E+00    3.56482384E+02
   3.13388255E-04   -5.98859256E+00    3.52131398E+02
   3.19292892E-04   -5.98652610E+00    3.47860231E+02
   3.25308780E-04   -5.98444615E+00    3.43667418E+02
   3.31438016E-04   -5.98235239E+00    3.39551519E+02
   3.37682733E-04   -5.98024461E+00    3.35511114E+02
   3.44045110E-04   -5.97812263E+00    3.31544807E+02
   3.50527362E-04   -5.97598620E+00    3.27651229E+02
   3.57131748E-04   -5.97383504E+00    3.23829036E+02
   3.63860568E-04   -5.97166878E+00    3.20076908E+02
   3.70716169E-04   -5.96948710E+00    3.16393550E+02
   3.77700938E-04   -5.96728981E+00    3.12777684E+02
   3.84817309E-04   -5.96507666E+00    3.09228059E+02
   3.92067761E-04   -5.96284738E+00    3.05743443E+02
   3.99454821E-04   -5.96060163E+00    3.02322630E+02
   4.06981063E-04   -5.95833899E+00    2.98964433E+02
   4.14649109E-04   -5.95605916E+00    2.95667688E+02
   4.22461631E-04   -5.95376190E+00    2.92431249E+02
   4.30421351E-04   -5.95144696E+00    2.89253992E+02
   4.38531042E-04   -5.94911399E+00    2.86134813E+02
   4.46793530E-04   -5.94676261E+00    2.83072627E+02
   4.55211695E-04   -5.94439238E+00    2.80066369E+02
   4.63788468E-04   -5.94200296E+00    2.77114993E+02
   4.72526838E-04   -5.93959410E+00    2.74217474E+02
   4.81429851E-04   -5.93716549E+00    2.71372801E+02
   4.90500608E-04   -5.93471675E+00    2.68579986E+02
   4.99742269E-04   -5.93224745E+00    2.65838054E+02
   5.09158055E-04   -5.92975712E+00    2.63146049E+02
   5.18751247E-04   -5.92724538E+00    2.60503033E+02
   5.28525187E-04   -5.92471193E+00    2.57908087E+02
   5.38483281E-04   -5.92215642E+00    2.55360306E+02
   5.48628997E-04   -5.91957844E+00    2.52858802E+02
   5.58965872E-04   -5.91697754E+00    2.50402701E+02
   5.69497508E-04   -5.91435317E+00    2.47991146E+02
   5.80227572E-04   -5.91170490E+00    2.45623294E+02
   5.91159805E-04   -5.90903239E+00    2.43298323E+02
   6.02298015E-04   -5.90633526E+00    2.41015421E+02
   6.13646083E-04   -5.90361306E+00    2.38773793E+02
   6.25207964E-04   -5.90086529E+00    2.36572655E+02
   6.36987685E-04   -5.89809137E+00    2.34411238E+02
   6.48989351E-04   -5.89529078E+00    2.32288785E+02
   6.61217144E-04   -5.89246313E+00    2.30204560E+02
   6.73675325E-04   -5.88960799E+00    2.28157835E+02
   6.86368233E-04   -5.88672489E+00    2.26147897E+02
   6.99300293E-04   -5.88381327E+00    2.24174045E+02
   7.12476008E-04   -5.88087253E+00    2.22235587E+02
   7.25899972E-04   -5.87790205E+00    2.20331846E+02
   7.39576860E-04   -5.87490135E+00    2.18462158E+02
   7.53511438E-04   -5.87186999E+00    2.16625875E+02
   7.67708561E-04   -5.86880742E+00    2.14822355E+02
   7.82173177E-04   -5.86571308E+00    2.13050971E+02
   7.96910324E-04   -5.86258632E+00    2.11311103E+02
   8.11925138E-04   -5.85942641E+00    2.09602141E+02
   8.27222851E-04   -5.85623280E+00    2.07923491E+02
   8.42808792E-04   -5.85300495E+00    2.06274569E+02
   8.58688392E-04   -5.84974231E+00    2.04654803E+02
   8.74867185E-04   -5.84644426E+00    2.03063629E+02
   8.91350806E-04   -5.84311011E+00    2.01500491E+02
   9.08145001E-04   -5.83973910E+00    1.99964843E+02
   9.25255619E-04   -5.83633049E+00    1.98456148E+02
   9.42688623E-04   -5.83288368E+00    1.96973884E+02
   9.60450088E-04   -5.82939808E+00    1.95517536E+02
   9.78546202E-04   -5.82587302E+00    1.94086601E+02
   9.96983269E-04   -5.82230778E+00    1.92680578E+02
   1.01576771E-03   -5.81870155E+00    1.91298979E+02
   1.03490608E-03   -5.81505347E+00    1.89941320E+02
   1.05440504E-03   -5.81136280E+00    1.88607128E+02
   1.07427139E-03   -5.80762886E+00    1.87295945E+02
   1.09451204E-03   -5.80385095E+00    1.86007316E+02
   1.11513405E-03   -5.80002830E+00    1.84740794E+02
   1.13614461E-03   -5.79616006E+00    1.83495941E+02
   1.15755104E-03   -5.79224534E+00    1.82272321E+02
   1.17936079E-03   -5.78828317E+00    1.81069508E+02
   1.20158146E-03   -5.78427278E+00    1.79887087E+02
   1.22422080E-03   -5.78021340E+00    1.78724651E+02
   1.24728669E-03   -5.77610421E+00    1.77581800E+02
   1.27078717E-03   -5.77194431E+00    1.76458137E+02
   1.29473043E-03   -5.76773276E+00    1.75353274E+02
   1.31912482E-03   -5.76346851E+00    1.74266826E+02
   1.34397882E-03   -5.75915056E+00    1.73198416E+02
   1.36930111E-03   -5.75477805E+00    1.72147677E+02
   1.39510050E-03   -5.75035008E+00    1.71114250E+02
   1.42138599E-03   -5.74586572E+00    1.70097778E+02
   1.44816673E-03   -5.74132394E+00    1.69097913E+02
   1.47545205E-03   -5.73672367E+00    1.68114307E+02
   1.50325146E-03   -5.73206372E+00    1.67146620E+02
   1.53157465E-03   -5.72734304E+00    1.66194517E+02
   1.56043148E-03   -5.72256066E+00    1.65257675E+02
   1.58983202E-03   -5.71771557E+00    1.64335775E+02
   1.61978650E-03   -5.71280668E+00    1.63428500E+02
   1.65030535E-03   -5.70783286E+00    1.62535540E+02
   1.68139923E-03   -5.70279288E+00    1.61656585E+02
   1.71307895E-03   -5.69768544E+00    1.60791333E+02
   1.74535556E-03   -5.69250935E+00    1.59939488E+02
   1.77824030E-03   -5.68726353E+00    1.59100760E+02
   1.81174463E-03   -5.68194682E+00    1.58274866E+02
   1.84588022E-03   -5.67655802E+00    1.57461525E+02
   1.88065898E-03   -5.67109584E+00    1.56660459E+02
   1.91609301E-03   -5.66555890E+00    1.55871393E+02
   1.95219466E-03   -5.65994579E+00    1.55094056E+02
   1.98897652E-03   -5.65425519E+00    1.54328184E+02
   2.02645139E-03   -5.64848586E+00    1.53573520E+02
   2.06463234E-03   -5.64263650E+00    1.52829810E+02
   2.10353266E-03   -5.63670577E+00    1.52096802E+02
   2.14316592E-03   -5.63069220E+00    1.51374249E+02
   2.18354592E-03   -5.62459429E+00    1.50661904E+02
   2.22468673E-03   -5.61841044E+00    1.49959523E+02
   2.26660269E-03   -5.61213921E+00    1.49266871E+02
   2.30930839E-03   -5.60577922E+00    1.48583716E+02
   2.35281873E-03   -5.59932899E+00    1.47909832E+02
   2.39714886E-03   -5.59278701E+00    1.47244992E+02
   2.44231422E-03   -5.58615166E+00    1.46588973E+02
   2.48833056E-03   -5.57942125E+00    1.45941553E+02
   2.53521390E-03   -5.57259404E+00    1.45302513E+02
   2.58298059E-03   -5.56566844E+00    1.44671640E+02
   2.63164726E-03   -5.55864288E+00    1.44048727E+02
   2.68123088E-03   -5.55151572E+00    1.43433568E+02
   2.73174871E-03   -5.54428527E+00    1.42825960E+02
   2.78321837E-03   -5.53694973E+00    1.42225700E+02
   2.83565777E-03   -5.52950723E+00    1.41632587E+02
   2.88908521E-03   -5.52195586E+00    1.41046422E+02
   2.94351929E-03   -5.51429385E+00    1.40467014E+02
   2.99897897E-03   -5.50651946E+00    1.39894174E+02
   3.05548359E-03   -5.49863086E+00    1.39327716E+02
   3.11305282E-03   -5.49062616E+00    1.38767455E+02
   3.17170674E-03   -5.48250337E+00    1.38213205E+02
   3.23146577E-03   -5.47426042E+00    1.37664784E+02
   3.29235073E-03   -5.46589524E+00    1.37122010E+02
   3.35438285E-03   -5.45740589E+00    1.36584710E+02
   3.41758373E-03   -5.44879042E+00    1.36052711E+02
   3.48197540E-03   -5.44004681E+00    1.35525843E+02
   3.54758029E-03   -5.43117295E+00    1.35003935E+02
   3.61442126E-03   -5.42216664E+00    1.34486819E+02
   3.68252160E-03   -5.41302562E+00    1.33974325E+02
   3.75190504E-03   -5.40374763E+00    1.33466289E+02
   3.82259575E-03   -5.39433057E+00    1.32962550E+02
   3.89461836E-03   -5.38477227E+00    1.32462951E+02
   3.96799797E-03   -5.37507048E+00    1.31967333E+02
   4.04276015E-03   -5.36522289E+00    1.31475540E+02
   4.11893095E-03   -5.35522708E+00    1.30987414E+02
   4.19653690E-03   -5.34508057E+00    1.30502800E+02
   4.27560504E-03   -5.33478093E+00    1.30021545E+02
   4.35616294E-03   -5.32432586E+00    1.29543502E+02
   4.43823864E-03   -5.31371299E+00    1.29068524E+02
   4.52186076E-03   -5.30293986E+00    1.28596464E+02
   4.60705842E-03   -5.29200394E+00    1.28127177E+02
   4.69386132E-03   -5.28090262E+00    1.27660516E+02
   4.78229970E-03   -5.26963318E+00    1.27196335E+02
   4.87240437E-03   -5.25819297E+00    1.26734491E+02
   4.96420673E-03   -5.24657948E+00    1.26274848E+02
   5.05773876E-03   -5.23479013E+00    1.25817268E+02
   5.15303305E-03   -5.22282227E+00    1.25361614E+02
   5.25012282E-03   -5.21067317E+00    1.24907749E+02
   5.34904188E-03   -5.19834002E+00    1.24455536E+02
   5.44982470E-03   -5.18581990E+00    1.24004839E+02
   5.55250639E-03   -5.17310993E+00    1.23555522E+02
   5.65712275E-03   -5.16020739E+00    1.23107456E+02
   5.76371021E-03   -5.14710950E+00    1.22660512E+02
   5.87230591E-03   -5.13381341E+00    1.22214561E+02
   5.98294770E-03   -5.12031619E+00    1.21769473E+02
   6.09567412E-03   -5.10661481E+00    1.21325120E+02
   6.21052445E-03   -5.09270618E+00    1.20881371E+02
   6.32753871E-03   -5.07858724E+00    1.20438099E+02
   6.44675766E-03   -5.06425508E+00    1.19995181E+02
   6.56822286E-03   -5.04970672E+00    1.19552495E+02
   6.69197662E-03   -5.03493913E+00    1.19109919E+02
   6.81806205E-03   -5.01994921E+00    1.18667329E+02
   6.94652310E-03   -5.00473376E+00    1.18224604E+02
   7.07740452E-03   -4.98928951E+00    1.17781618E+02
   7.21075191E-03   -4.97361319E+00    1.17338251E+02
   7.34661174E-03   -4.95770173E+00    1.16894385E+02
   7.48503134E-03   -4.94155201E+00    1.16449904E+02
   7.62605895E-03   -4.92516083E+00    1.16004691E+02
   7.76974370E-03   -4.90852497E+00    1.15558630E+02
   7.91613565E-03   -4.89164107E+00    1.15111604E+02
   8.06528581E-03   -4.87450575E+00    1.14663494E+02
   8.21724616E-03   -4.85711560E+00    1.14214183E+02
   8.37206963E-03   -4.83946739E+00    1.13763560E+02
   8.52981018E-03   -4.82155791E+00    1.13311514E+02
   8.69052276E-03   -4.80338385E+00    1.12857934E+02
   8.85426337E-03   -4.78494188E+00    1.12402708E+02
   9.02108907E-03   -4.76622858E+00    1.11945725E+02
   9.19105798E-03   -4.74724047E+00    1.11486871E+02
   9.36422931E-03   -4.72797406E+00    1.11026035E+02
   9.54066342E-03   -4.70842608E+00    1.10563111E+02
   9.72042178E-03   -4.68859324E+00    1.10097993E+02
   9.90356701E-03   -4.66847221E+00    1.09630575E+02
   1.00901629E-02   -4.64805962E+00    1.09160751E+02
   1.02802746E-02   -4.62735203E+00    1.08688414E+02
   1.04739681E-02   -4.60634595E+00    1.08213458E+02
   1.06713112E-02   -4.58503793E+00    1.07735776E+02
   1.08723724E-02   -4.56342472E+00    1.07255269E+02
   1.10772218E-02   -4.54150307E+00    1.06771835E+02
   1.12859309E-02   -4.51926970E+00    1.06285376E+02
   1.14985724E-02   -4.49672129E+00    1.05795790E+02
   1.17152202E-02   -4.47385448E+00    1.05302977E+02
   1.19359500E-02   -4.45066587E+00    1.04806836E+02
   1.21608387E-02   -4.42715219E+00    1.04307270E+02
   1.23899645E-02   -4.40331033E+00    1.03804183E+02
   1.26234073E-02   -4.37913719E+00    1.03297483E+02
   1.28612485E-02   -4.35462965E+00    1.02787077E+02
   1.31035710E-02   -4.32978457E+00    1.02272871E+02
   1.33504591E-02   -4.30459879E+00    1.01754770E+02
   1.36019989E-02   -4.27906918E+00    1.01232684E+02
   1.38582780E-02   -4.25319281E+00    1.00706522E+02
   1.41193858E-02   -4.22696685E+00    1.00176201E+02
   1.43854132E-02   -4.20038849E+00    9.96416325E+01
   1.46564528E-02   -4.17345490E+00    9.91027329E+01
   1.49325992E-02   -4.14616326E+00    9.85594163E+01
   1.52139486E-02   -4.11851078E+00    9.80115983E+01
   1.55005989E-02   -4.09049492E+00    9.74591993E+01
   1.57926501E-02   -4.06211325E+00    9.69021423E+01
   1.60902039E-02   -4.03336338E+00    9.63403509E+01
   1.63933640E-02   -4.00424295E+00    9.57737494E+01
   1.67022361E-02   -3.97474963E+00    9.52022627E+01
   1.70169276E-02   -3.94488114E+00    9.46258165E+01
   1.73375484E-02   -3.91463543E+00    9.40443409E+01
   1.76642101E-02   -3.88401064E+00    9.34577701E+01
   1.79970265E-02   -3.85300500E+00    9.28660392E+01
   1.83361136E-02   -3.82161678E+00    9.22690845E+01
   1.86815896E-02   -3.78984430E+00    9.16668431E+01
   1.90335747E-02   -3.75768602E+00    9.10592540E+01
   1.93921917E-02   -3.72514065E+00    9.04462614E+01
   1.97575655E-02   -3.69220710E+00    8.98278125E+01
   2.01298234E-02   -3.65888436E+00    8.92038562E+01
   2.05090951E-02   -3.62517149E+00    8.85743425E+01
   2.08955128E-02   -3.59106770E+00    8.79392232E+01
   2.12892111E-02   -3.55657246E+00    8.72984554E+01
   2.16903272E-02   -3.52168549E+00    8.66520000E+01
   2.20990009E-02   -3.48640662E+00    8.59998199E+01
   2.25153744E-02   -3.45073583E+00    8.53418797E+01
   2.29395930E-02   -3.41467322E+00    8.46781469E+01
   2.33718044E-02   -3.37821928E+00    8.40085945E+01
   2.38121592E-02   -3.34137466E+00    8.33331986E+01
   2.42608109E-02   -3.30414017E+00    8.26519378E+01
   2.47179157E-02   -3.26651685E+00    8.19647939E+01
   2.51836330E-02   -3.22850607E+00    8.12717542E+01
   2.56581250E-02   -3.19010940E+00    8.05728094E+01
   2.61415571E-02   -3.15132861E+00    7.98679527E+01
   2.66340976E-02   -3.11216573E+00    7.91571815E+01
   2.71359182E-02   -3.07262315E+00    7.84404993E+01
   2.76471937E-02   -3.03270351E+00    7.77179127E+01
   2.81681024E-02   -2.99240964E+00    7.69894315E+01
   2.86988256E-02   -2.95174476E+00    7.62550714E+01
   2.92395484E-02   -2.91071241E+00    7.55148532E+01
   2.97904590E-02   -2.86931636E+00    7.47688006E+01
   3.03517495E-02   -2.82756072E+00    7.40169426E+01
   3.09236155E-02   -2.78544998E+00    7.32593146E+01
   3.15062561E-02   -2.74298894E+00    7.24959553E+01
   3.20998745E-02   -2.70018268E+00    7.17269086E+01
   3.27046773E-02   -2.65703676E+00    7.09522249E+01
   3.33208755E-02   -2.61355701E+00    7.01719588E+01
   3.39486836E-02   -2.56974961E+00    6.93861701E+01
   3.45883204E-02   -2.52562122E+00    6.85949254E+01
   3.52400088E-02   -2.48117880E+00    6.77982958E+01
   3.59039758E-02   -2.43642973E+00    6.69963581E+01
   3.65804528E-02   -2.39138181E+00    6.61891959E+01
   3.72696755E-02   -2.34604321E+00    6.53768974E+01
   3.79718841E-02   -2.30042256E+00    6.45595576E+01
   3.86873232E-02   -2.25452892E+00    6.37372778E+01
   3.94162420E-02   -2.20837170E+00    6.29101642E+01
   4.01588947E-02   -2.16196086E+00    6.20783308E+01
   4.09155398E-02   -2.11530673E+00    6.12418966E+01
   4.16864412E-02   -2.06842012E+00    6.04009877E+01
   4.24718673E-02   -2.02131231E+00    5.95557367E+01
   4.32720918E-02   -1.97399500E+00    5.87062818E+01
   4.40873936E-02   -1.92648042E+00    5.78527691E+01
   4.49180567E-02   -1.87878119E+00    5.69953496E+01
   4.57643706E-02   -1.83091052E+00    5.61341831E+01
   4.66266302E-02   -1.78288203E+00    5.52694345E+01
   4.75051358E-02   -1.73470979E+00    5.44012752E+01
   4.84001935E-02   -1.68640847E+00    5.35298850E+01
   4.93121154E-02   -1.63799311E+00    5.26554485E+01
   5.02412190E-02   -1.58947936E+00    5.17781588E+01
   5.11878281E-02   -1.54088325E+00    5.08982146E+01
   5.21522725E-02   -1.49222140E+00    5.00158220E+01
   5.31348883E-02   -1.44351086E+00    4.91311936E+01
   5.41360179E-02   -1.39476921E+00    4.82445487E+01
   5.51560100E-02   -1.34601453E+00    4.73561142E+01
   5.61952201E-02   -1.29726532E+00    4.64661219E+01
   5.72540102E-02   -1.24854069E+00    4.55748125E+01
   5.83327493E-02   -1.19986008E+00    4.46824311E+01
   5.94318132E-02   -1.15124355E+00    4.37892312E+01
   6.05515849E-02   -1.10271150E+00    4.28954710E+01
   6.16924546E-02   -1.05428495E+00    4.20014174E+01
   6.28548197E-02   -1.00598520E+00    4.11073406E+01
   6.40390852E-02   -9.57834155E-01    4.02135198E+01
   6.52456639E-02   -9.09854025E-01    3.93202380E+01
   6.64749760E-02   -8.62067547E-01    3.84277857E+01
   6.77274499E-02   -8.14497777E-01    3.75364577E+01
   6.90035221E-02   -7.67168270E-01    3.66465559E+01
   7.03036371E-02   -7.20102912E-01    3.57583870E+01
   7.16282479E-02   -6.73325881E-01    3.48722613E+01
   7.29778161E-02   -6.26861921E-01    3.39884980E+01
   7.43528119E-02   -5.80735788E-01    3.31074156E+01
   7.57537144E-02   -5.34972885E-01    3.22293428E+01
   7.71810117E-02   -4.89598642E-01    3.13546082E+01
   7.86352011E-02   -4.44638893E-01    3.04835466E+01
   8.01167893E-02   -4.00119609E-01    2.96164950E+01
   8.16262925E-02   -3.56067068E-01    2.87537951E+01
   8.31642368E-02   -3.12507894E-01    2.78957944E+01
   8.47311578E-02   -2.69468320E-01    2.70428339E+01
   8.63276017E-02   -2.26975328E-01    2.61952674E+01
   8.79541246E-02   -1.85055782E-01    2.53534469E+01
   8.96112933E-02   -1.43736198E-01    2.45177192E+01
   9.12996852E-02   -1.03043904E-01    2.36884454E+01
   9.30198885E-02   -6.30056309E-02    2.28659772E+01
   9.47725027E-02   -2.36479762E-02    2.20506655E+01
   9.65581384E-02    1.50017706E-02    2.12428734E+01
   9.83774178E-02    5.29173422E-02    2.04429487E+01
   1.00230975E-01    9.00726568E-02    1.96512380E+01
   1.02119455E-01    1.26440517E-01    1.88681071E+01
   1.04043517E-01    1.61994877E-01    1.80939055E+01
   1.06003830E-01    1.96710988E-01    1.73289637E+01
   1.08001079E-01    2.30563049E-01    1.65736313E+01
   1.10035958E-01    2.63525776E-01    1.58282523E+01
   1.12109176E-01    2.95575135E-01    1.50931532E+01
   1.14221457E-01    3.26686597E-01    1.43686714E+01
   1.16373536E-01    3.56836983E-01    1.36551258E+01
   1.18566163E-01    3.86003145E-01    1.29528384E+01
   1.20800102E-01    4.14162929E-01    1.22621188E+01
   1.23076131E-01    4.41294721E-01    1.15832721E+01
   1.25395044E-01    4.67377415E-01    1.09165994E+01
   1.27757647E-01    4.92391474E-01    1.02623817E+01
   1.30164765E-01    5.16317054E-01    9.62090917E+00
   1.32617237E-01    5.39136313E-01    8.99244573E+00
   1.35115916E-01    5.60831800E-01    8.37725436E+00
   1.37661673E-01    5.81387117E-01    7.77558698E+00
   1.40255396E-01    6.00787063E-01    7.18768271E+00
   1.42897988E-01    6.19017381E-01    6.61377186E+00
   1.45590370E-01    6.36065148E-01    6.05407038E+00
   1.48333479E-01    6.51918732E-01    5.50878080E+00
   1.51128273E-01    6.66567289E-01    4.97809994E+00
   1.53975723E-01    6.80001804E-01    4.46220365E+00
   1.56876824E-01    6.92214542E-01    3.96125520E+00
   1.59832585E-01    7.03199144E-01    3.47540412E+00
   1.62844036E-01    7.12950426E-01    3.00478934E+00
   1.65912227E-01    7.21465191E-01    2.54952740E+00
   1.69038226E-01    7.28741453E-01    2.10972409E+00
   1.72223123E-01    7.34778807E-01    1.68546910E+00
   1.75468028E-01    7.39578701E-01    1.27683234E+00
   1.78774071E-01    7.43144161E-01    8.83867954E-01
   1.82142405E-01    7.45479496E-01    5.06618823E-01
   1.85574201E-01    7.46591323E-01    1.45101775E-01
   1.89070658E-01    7.46487710E-01   -2.00679917E-01
   1.92632992E-01    7.45178437E-01   -5.30740140E-01
   1.96262445E-01    7.42675121E-01   -8.45111801E-01
   1.99960281E-01    7.38991173E-01   -1.14384598E+00
   2.03727790E-01    7.34141770E-01   -1.42701160E+00
   2.07566283E-01    7.28143937E-01   -1.69469647E+00
   2.11477099E-01    7.21016374E-01   -1.94700487E+00
   2.15461599E-01    7.12779746E-01   -2.18406156E+00
   2.19521172E-01    7.03456397E-01   -2.40600778E+00
   2.23657233E-01    6.93070481E-01   -2.61300305E+00
   2.27871223E-01    6.81647891E-01   -2.80522427E+00
   2.32164609E-01    6.69216276E-01   -2.98286590E+00
   2.36538889E-01    6.55804969E-01   -3.14613906E+00
   2.40995585E-01    6.41445026E-01   -3.29527206E+00
   2.45536252E-01    6.26169095E-01   -3.43050872E+00
   2.50162470E-01    6.10011474E-01   -3.55210926E+00
   2.54875852E-01    5.93007931E-01   -3.66034789E+00
   2.59678041E-01    5.75195892E-01   -3.75551555E+00
   2.64570709E-01    5.56614035E-01   -3.83791452E+00
   2.69555561E-01    5.37302615E-01   -3.90786299E+00
   2.74634334E-01    5.17303108E-01   -3.96569045E+00
   2.79808797E-01    4.96658271E-01   -4.01173877E+00
   2.85080755E-01    4.75412083E-01   -4.04636158E+00
   2.90452042E-01    4.53609569E-01   -4.06992223E+00
   2.95924532E-01    4.31296843E-01   -4.08279475E+00
   3.01500130E-01    4.08520943E-01   -4.08536189E+00
   3.07180780E-01    3.85329759E-01   -4.07801467E+00
   3.12968460E-01    3.61771992E-01   -4.06115215E+00
   3.18865188E-01    3.37896897E-01   -4.03517850E+00
   3.24873018E-01    3.13754474E-01   -4.00050618E+00
   3.30994043E-01    2.89395111E-01   -3.95755160E+00
   3.37230396E-01    2.64869312E-01   -3.90673192E+00
   3.43584250E-01    2.40228337E-01   -3.84847479E+00
   3.50057818E-01    2.15523425E-01   -3.78320819E+00
   3.56653357E-01    1.90805224E-01   -3.71135302E+00
   3.63373165E-01    1.66125318E-01   -3.63334580E+00
   3.70219582E-01    1.41534259E-01   -3.54961127E+00
   3.77194995E-01    1.17082866E-01   -3.46058223E+00
   3.84301833E-01    9.28211103E-02   -3.36668396E+00
   3.91542573E-01    6.87982233E-02   -3.26833728E+00
   3.98919738E-01    4.50637546E-02   -3.16597442E+00
   4.06435898E-01    2.16649570E-02   -3.06000209E+00
   4.14093673E-01   -1.35032574E-03   -2.95084505E+00
   4.21895730E-01   -2.39367676E-02   -2.83890056E+00
   4.29844787E-01   -4.60488414E-02   -2.72458085E+00
   4.37943615E-01   -6.76436655E-02   -2.60826980E+00
   4.46195035E-01   -8.86785802E-02   -2.49036272E+00
   4.54601923E-01   -1.09113204E-01   -2.37123398E+00
   4.63167207E-01   -1.28908538E-01   -2.25125281E+00
   4.71893872E-01   -1.48027389E-01   -2.13077712E+00
   4.80784959E-01   -1.66434395E-01   -2.01015415E+00
   4.89843565E-01   -1.84096139E-01   -1.88971932E+00
   4.99072847E-01   -2.00981253E-01   -1.76979538E+00
   5.08476021E-01   -2.17060470E-01   -1.65069229E+00
   5.18056362E-01   -2.32306727E-01   -1.53270611E+00
   5.27817210E-01   -2.46695223E-01   -1.41611870E+00
   5.37761964E-01   -2.60203477E-01   -1.30119728E+00
   5.47894090E-01   -2.72811388E-01   -1.18819410E+00
   5.58217119E-01   -2.84501274E-01   -1.07734613E+00
   5.68734646E-01   -2.95257917E-01   -9.68874893E-01
   5.79450338E-01   -3.05068589E-01   -8.62986464E-01
   5.90367926E-01   -3.13923078E-01   -7.59871228E-01
   6.01491216E-01   -3.21813711E-01   -6.59704344E-01
   6.12824084E-01   -3.28735358E-01   -5.62645433E-01
   6.24370477E-01   -3.34685442E-01   -4.68839015E-01
   6.36134418E-01   -3.39663933E-01   -3.78414532E-01
   6.48120008E-01   -3.43673347E-01   -2.91486637E-01
   6.60331422E-01   -3.46718725E-01   -2.08155354E-01
   6.72772914E-01   -3.48807613E-01   -1.28506266E-01
   6.85448820E-01   -3.49950030E-01   -5.26107322E-02
   6.98363556E-01   -3.50158433E-01    1.94739113E-02
   7.11521622E-01   -3.49447661E-01    8.77041418E-02
   7.24927604E-01   -3.47834898E-01    1.52050032E-01
   7.38586171E-01   -3.45339589E-01    2.12495005E-01
   7.52502083E-01   -3.41983374E-01    2.69035564E-01
   7.66680189E-01   -3.37789996E-01    3.21680964E-01
   7.81125429E-01   -3.32785235E-01    3.70452939E-01
   7.95842835E-01   -3.26996773E-01    4.15385227E-01
   8.10837537E-01   -3.20454103E-01    4.56523186E-01
   8.26114758E-01   -3.13188404E-01    4.93923285E-01
   8.41679821E-01   -3.05232428E-01    5.27652604E-01
   8.57538150E-01   -2.96620351E-01    5.57788203E-01
   8.73695270E-01   -2.87387652E-01    5.84416550E-01
   8.90156812E-01   -2.77570961E-01    6.07632811E-01
   9.06928509E-01   -2.67207920E-01    6.27540186E-01
   9.24016208E-01   -2.56337031E-01    6.44249157E-01
   9.41425860E-01   -2.44997495E-01    6.57876681E-01
   9.59163532E-01   -2.33229098E-01    6.68545587E-01
   9.77235405E-01   -2.21072020E-01    6.76383611E-01
   9.95647776E-01   -2.08566697E-01    6.81522667E-01
   1.01440706E+00   -1.95753688E-01    6.84098133E-01
   1.03351979E+00   -1.82673516E-01    6.84248009E-01
   1.05299263E+00   -1.69366529E-01    6.82112181E-01
   1.07283237E+00   -1.55872769E-01    6.77831704E-01
   1.09304591E+00   -1.42231844E-01    6.71548120E-01
   1.11364029E+00   -1.28482782E-01    6.63402701E-01
   1.13462271E+00   -1.14663938E-01    6.53535933E-01
   1.15600046E+00   -1.00812873E-01    6.42086883E-01
   1.17778099E+00   -8.69662387E-02    6.29192609E-01
   1.19997190E+00   -7.31596825E-02    6.14987684E-01
   1.22258091E+00   -5.94277673E-02    5.99603772E-01
   1.24561590E+00   -4.58038759E-02    5.83169179E-01
   1.26908491E+00   -3.23201390E-02    5.65808496E-01
   1.29299610E+00   -1.90073657E-02    5.47642292E-01
   1.31735781E+00   -5.89497600E-03    5.28786793E-01
   1.34217852E+00    6.98905410E-03    5.09353650E-01
   1.36746689E+00    1.96182104E-02    4.89449925E-01
   1.39323172E+00    3.19675243E-02    4.69177679E-01
   1.41948199E+00    4.40135821E-02    4.48633996E-01
   1.44622686E+00    5.57345552E-02    4.27910886E-01
   1.47347563E+00    6.71102346E-02    4.07095125E-01
   1.50123780E+00    7.81220166E-02    3.86268430E-01
   1.52952305E+00    8.87529440E-02    3.65507218E-01
   1.55834123E+00    9.89876826E-02    3.44882813E-01
   1.58770238E+00    1.08812534E-01    3.24461359E-01
   1.61761674E+00    1.18215419E-01    3.04303924E-01
   1.64809471E+00    1.27185865E-01    2.84466559E-01
   1.67914693E+00    1.35714987E-01    2.65000365E-01
   1.71078422E+00    1.43795458E-01    2.45951597E-01
   1.74301759E+00    1.51421484E-01    2.27361756E-01
   1.77585828E+00    1.58588763E-01    2.09267720E-01
   1.80931773E+00    1.65294446E-01    1.91701848E-01
   1.84340760E+00    1.71537090E-01    1.74692127E-01
   1.87813977E+00    1.77316608E-01    1.58262312E-01
   1.91352634E+00    1.82634214E-01    1.42432081E-01
   1.94957963E+00    1.87492364E-01    1.27217206E-01
   1.98631222E+00    1.91894695E-01    1.12629729E-01
   2.02373689E+00    1.95845954E-01    9.86781537E-02
   2.06186669E+00    1.99351937E-01    8.53676495E-02
   2.10071491E+00    2.02419418E-01    7.27002656E-02
   2.14029508E+00    2.05056074E-01    6.06751566E-02
   2.18062099E+00    2.07270420E-01    4.92888153E-02
   2.22170669E+00    2.09071737E-01    3.85353150E-02
   2.26356650E+00    2.10470001E-01    2.84065529E-02
   2.30621500E+00    2.11475822E-01    1.88924947E-02
   2.34966705E+00    2.12100375E-01    9.98141546E-03
   2.39393779E+00    2.12355342E-01    1.66013424E-03
   2.43904266E+00    2.12252855E-01   -6.08576402E-03
   2.48499735E+00    2.11805444E-01   -1.32717199E-02
   2.53181790E+00    2.11025985E-01   -1.99140072E-02
   2.57952060E+00    2.09927655E-01   -2.60295608E-02
   2.62812208E+00    2.08523893E-01   -3.16358230E-02
   2.67763928E+00    2.06828356E-01   -3.67506102E-02
   2.72808944E+00    2.04854886E-01   -4.13919987E-02
   2.77949015E+00    2.02617475E-01   -4.55782302E-02
   2.83185931E+00    2.00130233E-01   -4.93276286E-02
   2.88521518E+00    1.97407357E-01   -5.26585371E-02
   2.93957634E+00    1.94463100E-01   -5.55892630E-02
   2.99496174E+00    1.91311744E-01   -5.81380333E-02
   3.05139066E+00    1.87967570E-01   -6.03229582E-02
   3.10888278E+00    1.84444831E-01   -6.21620007E-02
   3.16745813E+00    1.80757722E-01   -6.36729465E-02
   3.22713711E+00    1.76920353E-01   -6.48733885E-02
   3.28794052E+00    1.72946719E-01   -6.57806925E-02
   3.34988954E+00    1.68850674E-01   -6.64119840E-02
   3.41300576E+00    1.64645900E-01   -6.67841251E-02
   3.47731117E+00    1.60345884E-01   -6.69136994E-02
   3.54282818E+00    1.55963885E-01   -6.68169770E-02
   3.60957962E+00    1.51512911E-01   -6.65099122E-02
   3.67758874E+00    1.47005687E-01   -6.60081065E-02
   3.74687923E+00    1.42454637E-01   -6.53267996E-02
   3.81747525E+00    1.37871853E-01   -6.44808448E-02
   3.88940139E+00    1.33269073E-01   -6.34846881E-02
   3.96268271E+00    1.28657660E-01   -6.23523527E-02
   4.03734474E+00    1.24048579E-01   -6.10974219E-02
   4.11341350E+00    1.19452376E-01   -5.97330187E-02
   4.19091549E+00    1.14879163E-01   -5.82717948E-02
   4.26987773E+00    1.10338597E-01   -5.67259162E-02
   4.35032771E+00    1.05839868E-01   -5.51070513E-02
   4.43229347E+00    1.01391685E-01   -5.34263609E-02
   4.51580357E+00    9.70022639E-02   -5.16944793E-02
   4.60088711E+00    9.26793148E-02   -4.99215666E-02
   4.68757374E+00    8.84301427E-02   -4.81160398E-02
   4.77589365E+00    8.42613260E-02   -4.62893034E-02
   4.86587762E+00    8.01790260E-02   -4.44487382E-02
   4.95755700E+00    7.61888794E-02   -4.26023408E-02
   5.05096375E+00    7.22959980E-02   -4.07575987E-02
   5.14613039E+00    6.85049692E-02   -3.89214766E-02
   5.24309010E+00    6.48198598E-02   -3.71004244E-02
   5.34187665E+00    6.12442196E-02   -3.53003810E-02
   5.44252447E+00    5.77810885E-02   -3.35267843E-02
   5.54506862E+00    5.44330052E-02   -3.17845815E-02
   5.64954484E+00    5.12020162E-02   -3.00782371E-02
   5.75598952E+00    4.80896882E-02   -2.84117470E-02
   5.86443976E+00    4.50971209E-02   -2.67886495E-02
   5.97493333E+00    4.22249618E-02   -2.52120403E-02
   6.08750875E+00    3.94734225E-02   -2.36845856E-02
   6.20220524E+00    3.68422968E-02   -2.22085389E-02
   6.31906275E+00    3.43309788E-02   -2.07857565E-02
   6.43812201E+00    3.19384836E-02   -1.94177148E-02
   6.55942450E+00    2.96634689E-02   -1.81055275E-02
   6.68301249E+00    2.75042570E-02   -1.68499647E-02
   6.80892903E+00    2.54588576E-02   -1.56514715E-02
   6.93721800E+00    2.35249927E-02   -1.45101874E-02
   7.06792409E+00    2.17001201E-02   -1.34259663E-02
   7.20109286E+00    1.99814591E-02   -1.23983967E-02
   7.33677070E+00    1.83660156E-02   -1.14268225E-02
   7.47500489E+00    1.68506072E-02   -1.05103636E-02
   7.61584358E+00    1.54318891E-02   -9.64793660E-03
   7.75933586E+00    1.41063780E-02   -8.83827567E-03
   7.90553171E+00    1.28704792E-02   -8.07995353E-03
   8.05448209E+00    1.17205083E-02   -7.37140135E-03
   8.20623888E+00    1.06527165E-02   -6.71092901E-03
   8.36085496E+00    9.66331256E-03   -6.09674472E-03
   8.51838421E+00    8.74848479E-03   -5.52697378E-03
   8.67888151E+00    7.90442181E-03   -4.99967693E-03
   8.84240278E+00    7.12733176E-03   -4.51286762E-03
   9.00900501E+00    6.41346136E-03   -4.06452891E-03
   9.17874624E+00    5.75911132E-03   -3.65262833E-03
   9.35168561E+00    5.16065273E-03   -3.27513283E-03
   9.52788338E+00    4.61454044E-03   -2.93002181E-03
   9.70740094E+00    4.11732710E-03   -2.61530026E-03
   9.89030085E+00    3.66567048E-03   -2.32900779E-03
   1.00766468E+01    3.25634594E-03   -2.06923012E-03
   1.02665038E+01    2.88625330E-03   -1.83410711E-03
   1.04599379E+01    2.55242219E-03   -1.62183957E-03
   1.06570166E+01    2.25201918E-03   -1.43069672E-03
   1.08578085E+01    1.98234830E-03   -1.25901945E-03
   1.10623835E+01    1.74085625E-03   -1.10522599E-03
   1.12708130E+01    1.52513137E-03   -9.67813596E-04
   1.14831696E+01    1.33290463E-03   -8.45361102E-04
   1.16995273E+01    1.16204816E-03   -7.36529792E-04
   1.19199614E+01    1.01057315E-03   -6.40063521E-04
   1.21445488E+01    8.76627581E-04   -5.54788618E-04
   1.23733677E+01    7.58491728E-04   -4.79612105E-04
   1.26064978E+01    6.54574770E-04   -4.13520479E-04
   1.28440205E+01    5.63409616E-04   -3.55577188E-04
   1.30860183E+01    4.83647985E-04   -3.04920122E-04
   1.33325757E+01    4.14054543E-04   -2.60758385E-04
   1.35837786E+01    3.53501706E-04   -2.22369380E-04
   1.38397144E+01    3.00963192E-04   -1.89094998E-04
   1.41004724E+01    2.55508189E-04   -1.60338131E-04
   1.43661434E+01    2.16295265E-04   -1.35558943E-04
   1.46368200E+01    1.82566259E-04   -1.14271070E-04
   1.49125965E+01    1.53640479E-04   -9.60379995E-05
   1.51935690E+01    1.28908582E-04   -8.04691766E-05
   1.54798353E+01    1.07827154E-04   -6.72165546E-05
   1.57714953E+01    8.99131192E-05   -5.59710055E-05
   1.60686505E+01    7.47385384E-05   -4.64589664E-05
   1.63714046E+01    6.19255150E-05   -3.84391478E-05
   1.66798628E+01    5.11417306E-05   -3.16996378E-05
   1.69941329E+01    4.20956553E-05   -2.60547960E-05
   1.73143242E+01    3.45327723E-05   -2.13427961E-05
   1.76405483E+01    2.82314021E-05   -1.74229147E-05
   1.79729189E+01    2.29992847E-05   -1.41733086E-05
   1.83115518E+01    1.86702683E-05   -1.14888633E-05
   1.86565649E+01    1.51012965E-05   -9.27923815E-06
   1.90080786E+01    1.21696264E-05   -7.46706308E-06
   1.93662152E+01    9.77037694E-06   -5.98635160E-06
   1.97310996E+01    7.81424448E-06   -4.78102524E-06
   2.01028588E+01    6.22550020E-06   -3.80362184E-06
   2.04816225E+01    4.94017333E-06   -3.01412719E-06
   2.08675226E+01    3.90444226E-06   -2.37894051E-06
   2.12606935E+01    3.07320616E-06   -1.86996468E-06
   2.16612723E+01    2.40882901E-06   -1.46378834E-06
   2.20693985E+01    1.88003159E-06   -1.14102787E-06
   2.24852143E+01    1.46094217E-06   -8.85533154E-07
   2.29088646E+01    1.13028268E-06   -6.84169539E-07
   2.33404971E+01    8.70551679E-07   -5.26251325E-07
   2.37802620E+01    6.67449172E-07   -4.02945975E-07
   2.42283127E+01    5.09355166E-07   -3.07106970E-07
   2.46848052E+01    3.86869244E-07   -2.32960878E-07
   2.51498987E+01    2.92421694E-07   -1.75868374E-07
   2.56237551E+01    2.19946580E-07   -1.32118631E-07
   2.61065395E+01    1.64606559E-07   -9.87579080E-08
   2.65984203E+01    1.22562737E-07   -7.34463358E-08
   2.70995687E+01    9.07839712E-08   -5.43396327E-08
   2.76101594E+01    6.68892973E-08   -3.99915969E-08
   2.81303702E+01    4.90182641E-08   -2.92740796E-08
   2.86603826E+01    3.57246272E-08   -2.13115333E-08
   2.92003810E+01    2.58906003E-08   -1.54283372E-08
   2.97505537E+01    1.86566679E-08   -1.11057854E-08
   3.03110923E+01    1.33658885E-08   -7.94802623E-09
   3.08821922E+01    9.51887449E-09   -5.65459171E-09
   3.14640524E+01    6.73827528E-09   -3.99876972E-09
   3.20568756E+01    4.74064880E-09   -2.81050973E-09
   3.26608683E+01    3.31437986E-09   -1.96302938E-09
   3.32762410E+01    2.30245348E-09   -1.36238548E-09
   3.39032081E+01    1.58909958E-09   -9.39403499E-10
   3.45419881E+01    1.08950638E-09   -6.43472403E-10
   3.51928036E+01    7.41945634E-10   -4.37802634E-10
   3.58558812E+01    5.01792830E-10   -2.95831097E-10
   3.65314520E+01    3.36999552E-10   -1.98503697E-10
   3.72197515E+01    2.24713502E-10   -1.32249808E-10
   3.79210195E+01    1.48752926E-10   -8.74711016E-11
   3.86355002E+01    9.77414801E-11   -5.74272038E-11
   3.93634426E+01    6.37392274E-11   -3.74189495E-11
   4.01051005E+01    4.12469619E-11   -2.41951928E-11
   4.08607321E+01    2.64830531E-11   -1.55225709E-11
   4.16306008E+01    1.68682554E-11   -9.87939370E-12
   4.24149748E+01    1.06569801E-11   -6.23684221E-12
   4.32141274E+01    6.67718759E-12   -3.90481543E-12
   4.40283370E+01    4.14837467E-12   -2.42419177E-12
   4.48578875E+01    2.55521658E-12   -1.49212252E-12
   4.57030677E+01    1.56013320E-12   -9.10398950E-13
   4.65641722E+01    9.44064120E-13   -5.50516399E-13
   4.74415010E+01    5.66104359E-13   -3.29890203E-13
   4.83353598E+01    3.36325429E-13   -1.95858330E-13
   4.92460601E+01    1.97923621E-13   -1.15184617E-13
   5.01739191E+01    1.15365395E-13   -6.70953093E-14
   5.11192602E+01    6.65818438E-14   -3.86987556E-14
   5.20824128E+01    3.80456385E-14   -2.20991530E-14
   5.30637123E+01    2.15204784E-14   -1.24927260E-14
   5.40635008E+01    1.20468217E-14   -6.98903148E-15
   5.50821266E+01    6.67069805E-15   -3.86775650E-15
   5.61199447E+01    3.65606134E-15   -2.11860622E-15
   5.71773165E+01    1.98051630E-15   -1.14701029E-15
   5.82546106E+01    1.06212909E-15   -6.14787157E-16
   5.93522023E+01    5.62730203E-16   -3.25543625E-16
   6.04704740E+01    2.94432384E-16   -1.70238916E-16
   6.16098154E+01    1.52346537E-16   -8.80391816E-17
   6.27706235E+01    7.78070918E-17   -4.49403010E-17
   6.39533027E+01    3.87278942E-17   -2.23561405E-17
   6.51582651E+01    1.97600597E-17   -1.14019315E-17
   6.63859305E+01    9.72948248E-18   -5.61141107E-18
   6.76367267E+01    4.66591151E-18    0.00000000E+00
   6.89110895E+01    2.17209514E-18    0.00000000E+00
   7.02094630E+01    1.08023886E-18    0.00000000E+00
   7.15322994E+01    5.11676797E-19    0.00000000E+00
   7.28800598E+01    2.31324683E-19    0.00000000E+00
   7.42532138E+01    9.75810617E-20    0.00000000E+00
   7.56522397E+01    3.80829395E-20    0.00000000E+00
   7.70776251E+01    2.00445806E-20    0.00000000E+00
   7.85298666E+01    1.23770045E-20    0.00000000E+00
   8.00094701E+01    0.00000000E+00    0.00000000E+00
   8.15169513E+01    0.00000000E+00    0.00000000E+00
   8.30528354E+01    0.00000000E+00    0.00000000E+00
   8.46176575E+01    0.00000000E+00    0.00000000E+00
   8.62119629E+01    0.00000000E+00    0.00000000E+00
   8.78363070E+01    0.00000000E+00    0.00000000E+00
   8.94912559E+01    0.00000000E+00    0.00000000E+00
   9.11773861E+01    0.00000000E+00    0.00000000E+00
   9.28952852E+01    0.00000000E+00    0.00000000E+00
   9.46455517E+01    0.00000000E+00    0.00000000E+00
   9.64287955E+01    0.00000000E+00    0.00000000E+00
   9.82456378E+01    0.00000000E+00    0.00000000E+00
   1.00096712E+02    0.00000000E+00    0.00000000E+00
   1.01982663E+02    0.00000000E+00    0.00000000E+00
   1.03904147E+02    0.00000000E+00    0.00000000E+00
   1.05861834E+02    0.00000000E+00    0.00000000E+00
   1.07856407E+02    0.00000000E+00    0.00000000E+00
   1.09888561E+02    0.00000000E+00    0.00000000E+00
   1.11959002E+02    0.00000000E+00    0.00000000E+00
   1.14068454E+02    0.00000000E+00    0.00000000E+00
   1.16217650E+02    0.00000000E+00    0.00000000E+00
   1.18407340E+02    0.00000000E+00    0.00000000E+00
   1.20638286E+02    0.00000000E+00    0.00000000E+00
   1.22911266E+02    0.00000000E+00    0.00000000E+00
   1.25227073E+02    0.00000000E+00    0.00000000E+00
   1.27586512E+02    0.00000000E+00    0.00000000E+00
   1.29990405E+02    0.00000000E+00    0.00000000E+00
   1.32439592E+02    0.00000000E+00    0.00000000E+00
   1.34934924E+02    0.00000000E+00    0.00000000E+00
   1.37477271E+02    0.00000000E+00    0.00000000E+00
