# Peaks:     0.006300      0.042407      0.126674      0.295073      0.664920      1.858741  
   9.11043335E-05   -6.41455371E+01    1.45980990E+05
   9.18627487E-05   -6.40381738E+01    1.44633521E+05
   9.26274775E-05   -6.39300189E+01    1.43297163E+05
   9.33985724E-05   -6.38211719E+01    1.41971938E+05
   9.41760864E-05   -6.37117376E+01    1.40657868E+05
   9.49600730E-05   -6.36018261E+01    1.39354980E+05
   9.57505860E-05   -6.34915532E+01    1.38063302E+05
   9.65476799E-05   -6.33810406E+01    1.36782867E+05
   9.73514092E-05   -6.32704158E+01    1.35513710E+05
   9.81618294E-05   -6.31598125E+01    1.34255869E+05
   9.89789961E-05   -6.30493711E+01    1.33009385E+05
   9.98029654E-05   -6.29392380E+01    1.31774302E+05
   1.00633794E-04   -6.28295106E+01    1.30550615E+05
   1.01471539E-04   -6.27201719E+01    1.29338215E+05
   1.02316258E-04   -6.26111884E+01    1.28136978E+05
   1.03168009E-04   -6.25025241E+01    1.26946783E+05
   1.04026850E-04   -6.23941404E+01    1.25767505E+05
   1.04892842E-04   -6.22859965E+01    1.24599021E+05
   1.05766042E-04   -6.21780486E+01    1.23441210E+05
   1.06646511E-04   -6.20702503E+01    1.22293948E+05
   1.07534310E-04   -6.19625524E+01    1.21157111E+05
   1.08429500E-04   -6.18549030E+01    1.20030577E+05
   1.09332142E-04   -6.17472727E+01    1.18914241E+05
   1.10242298E-04   -6.16396708E+01    1.17808028E+05
   1.11160031E-04   -6.15321102E+01    1.16711865E+05
   1.12085403E-04   -6.14246041E+01    1.15625682E+05
   1.13018479E-04   -6.13171659E+01    1.14549408E+05
   1.13959323E-04   -6.12098091E+01    1.13482973E+05
   1.14907999E-04   -6.11025477E+01    1.12426308E+05
   1.15864572E-04   -6.09953959E+01    1.11379344E+05
   1.16829109E-04   -6.08883681E+01    1.10342015E+05
   1.17801675E-04   -6.07814768E+01    1.09314250E+05
   1.18782337E-04   -6.06747242E+01    1.08295972E+05
   1.19771163E-04   -6.05681084E+01    1.07287098E+05
   1.20768220E-04   -6.04616272E+01    1.06287547E+05
   1.21773578E-04   -6.03552775E+01    1.05297240E+05
   1.22787305E-04   -6.02490558E+01    1.04316094E+05
   1.23809471E-04   -6.01429579E+01    1.03344031E+05
   1.24840147E-04   -6.00369790E+01    1.02380970E+05
   1.25879402E-04   -5.99311133E+01    1.01426833E+05
   1.26927309E-04   -5.98253546E+01    1.00481540E+05
   1.27983939E-04   -5.97196984E+01    9.95450144E+04
   1.29049366E-04   -5.96141466E+01    9.86171821E+04
   1.30123661E-04   -5.95087012E+01    9.76979699E+04
   1.31206900E-04   -5.94033643E+01    9.67873049E+04
   1.32299157E-04   -5.92981375E+01    9.58851148E+04
   1.33400506E-04   -5.91930219E+01    9.49913277E+04
   1.34511024E-04   -5.90880185E+01    9.41058719E+04
   1.35630786E-04   -5.89831275E+01    9.32286763E+04
   1.36759870E-04   -5.88783491E+01    9.23596700E+04
   1.37898354E-04   -5.87736827E+01    9.14987825E+04
   1.39046315E-04   -5.86691286E+01    9.06459439E+04
   1.40203832E-04   -5.85646882E+01    8.98010843E+04
   1.41370985E-04   -5.84603620E+01    8.89641345E+04
   1.42547855E-04   -5.83561507E+01    8.81350254E+04
   1.43734521E-04   -5.82520540E+01    8.73136884E+04
   1.44931066E-04   -5.81480715E+01    8.65000551E+04
   1.46137572E-04   -5.80442023E+01    8.56940573E+04
   1.47354122E-04   -5.79404449E+01    8.48956274E+04
   1.48580799E-04   -5.78367973E+01    8.41046977E+04
   1.49817688E-04   -5.77332571E+01    8.33212013E+04
   1.51064874E-04   -5.76298245E+01    8.25450724E+04
   1.52322442E-04   -5.75265009E+01    8.17762466E+04
   1.53590479E-04   -5.74232874E+01    8.10146597E+04
   1.54869071E-04   -5.73201847E+01    8.02602478E+04
   1.56158308E-04   -5.72171930E+01    7.95129471E+04
   1.57458278E-04   -5.71143123E+01    7.87726942E+04
   1.58769069E-04   -5.70115420E+01    7.80394261E+04
   1.60090772E-04   -5.69088808E+01    7.73130797E+04
   1.61423478E-04   -5.68063274E+01    7.65935925E+04
   1.62767278E-04   -5.67038798E+01    7.58809021E+04
   1.64122265E-04   -5.66015386E+01    7.51749478E+04
   1.65488531E-04   -5.64993050E+01    7.44756700E+04
   1.66866172E-04   -5.63971799E+01    7.37830089E+04
   1.68255281E-04   -5.62951638E+01    7.30969053E+04
   1.69655954E-04   -5.61932567E+01    7.24173001E+04
   1.71068287E-04   -5.60914584E+01    7.17441345E+04
   1.72492377E-04   -5.59897679E+01    7.10773496E+04
   1.73928322E-04   -5.58881841E+01    7.04168872E+04
   1.75376221E-04   -5.57867051E+01    6.97626887E+04
   1.76836174E-04   -5.56853289E+01    6.91146965E+04
   1.78308280E-04   -5.55840559E+01    6.84728542E+04
   1.79792641E-04   -5.54828873E+01    6.78371069E+04
   1.81289358E-04   -5.53818240E+01    6.72073995E+04
   1.82798536E-04   -5.52808665E+01    6.65836774E+04
   1.84320277E-04   -5.51800150E+01    6.59658859E+04
   1.85854686E-04   -5.50792691E+01    6.53539707E+04
   1.87401868E-04   -5.49786279E+01    6.47478776E+04
   1.88961930E-04   -5.48780904E+01    6.41475525E+04
   1.90534980E-04   -5.47776546E+01    6.35529416E+04
   1.92121124E-04   -5.46773186E+01    6.29639913E+04
   1.93720472E-04   -5.45770823E+01    6.23806495E+04
   1.95333135E-04   -5.44769470E+01    6.18028657E+04
   1.96959223E-04   -5.43769137E+01    6.12305894E+04
   1.98598847E-04   -5.42769827E+01    6.06637700E+04
   2.00252120E-04   -5.41771542E+01    6.01023575E+04
   2.01919157E-04   -5.40774280E+01    5.95463017E+04
   2.03600071E-04   -5.39778031E+01    5.89955528E+04
   2.05294978E-04   -5.38782785E+01    5.84500609E+04
   2.07003995E-04   -5.37788523E+01    5.79097764E+04
   2.08727239E-04   -5.36795225E+01    5.73746497E+04
   2.10464828E-04   -5.35802884E+01    5.68446328E+04
   2.12216882E-04   -5.34811512E+01    5.63196792E+04
   2.13983522E-04   -5.33821119E+01    5.57997424E+04
   2.15764868E-04   -5.32831710E+01    5.52847764E+04
   2.17561043E-04   -5.31843287E+01    5.47747350E+04
   2.19372171E-04   -5.30855847E+01    5.42695723E+04
   2.21198376E-04   -5.29869384E+01    5.37692424E+04
   2.23039784E-04   -5.28883886E+01    5.32736997E+04
   2.24896520E-04   -5.27899337E+01    5.27828986E+04
   2.26768714E-04   -5.26915715E+01    5.22967934E+04
   2.28656493E-04   -5.25933008E+01    5.18153395E+04
   2.30559987E-04   -5.24951223E+01    5.13384943E+04
   2.32479327E-04   -5.23970373E+01    5.08662152E+04
   2.34414645E-04   -5.22990462E+01    5.03984602E+04
   2.36366074E-04   -5.22011493E+01    4.99351869E+04
   2.38333748E-04   -5.21033466E+01    4.94763534E+04
   2.40317802E-04   -5.20056374E+01    4.90219178E+04
   2.42318373E-04   -5.19080207E+01    4.85718381E+04
   2.44335598E-04   -5.18104950E+01    4.81260726E+04
   2.46369616E-04   -5.17130583E+01    4.76845796E+04
   2.48420566E-04   -5.16157087E+01    4.72473176E+04
   2.50488590E-04   -5.15184462E+01    4.68142473E+04
   2.52573830E-04   -5.14212721E+01    4.63853298E+04
   2.54676428E-04   -5.13241870E+01    4.59605267E+04
   2.56796530E-04   -5.12271914E+01    4.55397995E+04
   2.58934281E-04   -5.11302852E+01    4.51231099E+04
   2.61089828E-04   -5.10334680E+01    4.47104194E+04
   2.63263320E-04   -5.09367390E+01    4.43016900E+04
   2.65454905E-04   -5.08400968E+01    4.38968834E+04
   2.67664735E-04   -5.07435397E+01    4.34959616E+04
   2.69892960E-04   -5.06470654E+01    4.30988865E+04
   2.72139735E-04   -5.05506729E+01    4.27056213E+04
   2.74405213E-04   -5.04543632E+01    4.23161305E+04
   2.76689551E-04   -5.03581371E+01    4.19303792E+04
   2.78992906E-04   -5.02619952E+01    4.15483322E+04
   2.81315435E-04   -5.01659376E+01    4.11699547E+04
   2.83657298E-04   -5.00699641E+01    4.07952118E+04
   2.86018657E-04   -4.99740740E+01    4.04240686E+04
   2.88399673E-04   -4.98782662E+01    4.00564904E+04
   2.90800511E-04   -4.97825391E+01    3.96924426E+04
   2.93221334E-04   -4.96868908E+01    3.93318903E+04
   2.95662311E-04   -4.95913190E+01    3.89747992E+04
   2.98123607E-04   -4.94958239E+01    3.86211368E+04
   3.00605394E-04   -4.94004067E+01    3.82708709E+04
   3.03107840E-04   -4.93050678E+01    3.79239699E+04
   3.05631118E-04   -4.92098078E+01    3.75804020E+04
   3.08175402E-04   -4.91146264E+01    3.72401355E+04
   3.10740866E-04   -4.90195233E+01    3.69031388E+04
   3.13327687E-04   -4.89244976E+01    3.65693802E+04
   3.15936043E-04   -4.88295479E+01    3.62388282E+04
   3.18566112E-04   -4.87346725E+01    3.59114514E+04
   3.21218076E-04   -4.86398692E+01    3.55872181E+04
   3.23892116E-04   -4.85451364E+01    3.52660976E+04
   3.26588417E-04   -4.84504750E+01    3.49480608E+04
   3.29307164E-04   -4.83558857E+01    3.46330789E+04
   3.32048544E-04   -4.82613692E+01    3.43211230E+04
   3.34812744E-04   -4.81669255E+01    3.40121645E+04
   3.37599956E-04   -4.80725545E+01    3.37061745E+04
   3.40410371E-04   -4.79782554E+01    3.34031245E+04
   3.43244181E-04   -4.78840273E+01    3.31029858E+04
   3.46101582E-04   -4.77898687E+01    3.28057297E+04
   3.48982770E-04   -4.76957775E+01    3.25113278E+04
   3.51887943E-04   -4.76017515E+01    3.22197515E+04
   3.54817300E-04   -4.75077901E+01    3.19309735E+04
   3.57771044E-04   -4.74138941E+01    3.16449677E+04
   3.60749376E-04   -4.73200643E+01    3.13617079E+04
   3.63752503E-04   -4.72263011E+01    3.10811681E+04
   3.66780629E-04   -4.71326043E+01    3.08033223E+04
   3.69833963E-04   -4.70389737E+01    3.05281446E+04
   3.72912716E-04   -4.69454085E+01    3.02556090E+04
   3.76017098E-04   -4.68519075E+01    2.99856897E+04
   3.79147323E-04   -4.67584690E+01    2.97183607E+04
   3.82303607E-04   -4.66650909E+01    2.94535961E+04
   3.85486165E-04   -4.65717711E+01    2.91913703E+04
   3.88695218E-04   -4.64785094E+01    2.89316590E+04
   3.91930984E-04   -4.63853069E+01    2.86744386E+04
   3.95193688E-04   -4.62921640E+01    2.84196855E+04
   3.98483552E-04   -4.61990811E+01    2.81673764E+04
   4.01800804E-04   -4.61060580E+01    2.79174876E+04
   4.05145670E-04   -4.60130942E+01    2.76699958E+04
   4.08518382E-04   -4.59201888E+01    2.74248775E+04
   4.11919170E-04   -4.58273405E+01    2.71821094E+04
   4.15348269E-04   -4.57345475E+01    2.69416679E+04
   4.18805914E-04   -4.56418077E+01    2.67035297E+04
   4.22292343E-04   -4.55491189E+01    2.64676717E+04
   4.25807795E-04   -4.54564817E+01    2.62340724E+04
   4.29352512E-04   -4.53638968E+01    2.60027103E+04
   4.32926738E-04   -4.52713646E+01    2.57735644E+04
   4.36530718E-04   -4.51788854E+01    2.55466134E+04
   4.40164701E-04   -4.50864589E+01    2.53218361E+04
   4.43828935E-04   -4.49940845E+01    2.50992115E+04
   4.47523673E-04   -4.49017612E+01    2.48787183E+04
   4.51249168E-04   -4.48094875E+01    2.46603354E+04
   4.55005677E-04   -4.47172617E+01    2.44440416E+04
   4.58793457E-04   -4.46250814E+01    2.42298159E+04
   4.62612770E-04   -4.45329450E+01    2.40176376E+04
   4.66463877E-04   -4.44408530E+01    2.38074872E+04
   4.70347044E-04   -4.43488061E+01    2.35993458E+04
   4.74262536E-04   -4.42568047E+01    2.33931941E+04
   4.78210624E-04   -4.41648488E+01    2.31890131E+04
   4.82191579E-04   -4.40729382E+01    2.29867837E+04
   4.86205673E-04   -4.39810721E+01    2.27864867E+04
   4.90253184E-04   -4.38892495E+01    2.25881033E+04
   4.94334389E-04   -4.37974689E+01    2.23916142E+04
   4.98449569E-04   -4.37057283E+01    2.21970004E+04
   5.02599007E-04   -4.36140254E+01    2.20042429E+04
   5.06782987E-04   -4.35223588E+01    2.18133231E+04
   5.11001797E-04   -4.34307291E+01    2.16242237E+04
   5.15255728E-04   -4.33391370E+01    2.14369275E+04
   5.19545072E-04   -4.32475827E+01    2.12514173E+04
   5.23870123E-04   -4.31560662E+01    2.10676759E+04
   5.28231178E-04   -4.30645871E+01    2.08856860E+04
   5.32628538E-04   -4.29731447E+01    2.07054307E+04
   5.37062505E-04   -4.28817379E+01    2.05268925E+04
   5.41533383E-04   -4.27903650E+01    2.03500545E+04
   5.46041480E-04   -4.26990242E+01    2.01748993E+04
   5.50587105E-04   -4.26077129E+01    2.00014098E+04
   5.55170572E-04   -4.25164301E+01    1.98295694E+04
   5.59792194E-04   -4.24251763E+01    1.96593626E+04
   5.64452289E-04   -4.23339520E+01    1.94907740E+04
   5.69151179E-04   -4.22427576E+01    1.93237879E+04
   5.73889185E-04   -4.21515929E+01    1.91583890E+04
   5.78666634E-04   -4.20604576E+01    1.89945617E+04
   5.83483854E-04   -4.19693507E+01    1.88322908E+04
   5.88341175E-04   -4.18782711E+01    1.86715606E+04
   5.93238932E-04   -4.17872172E+01    1.85123557E+04
   5.98177462E-04   -4.16961870E+01    1.83546606E+04
   6.03157103E-04   -4.16051782E+01    1.81984598E+04
   6.08178198E-04   -4.15141895E+01    1.80437386E+04
   6.13241092E-04   -4.14232215E+01    1.78904828E+04
   6.18346133E-04   -4.13322748E+01    1.77386787E+04
   6.23493672E-04   -4.12413495E+01    1.75883122E+04
   6.28684063E-04   -4.11504456E+01    1.74393696E+04
   6.33917662E-04   -4.10595625E+01    1.72918369E+04
   6.39194829E-04   -4.09686994E+01    1.71457002E+04
   6.44515927E-04   -4.08778551E+01    1.70009456E+04
   6.49881321E-04   -4.07870280E+01    1.68575592E+04
   6.55291381E-04   -4.06962160E+01    1.67155270E+04
   6.60746477E-04   -4.06054168E+01    1.65748351E+04
   6.66246986E-04   -4.05146291E+01    1.64354702E+04
   6.71793285E-04   -4.04238535E+01    1.62974196E+04
   6.77385755E-04   -4.03330905E+01    1.61606710E+04
   6.83024780E-04   -4.02423403E+01    1.60252119E+04
   6.88710749E-04   -4.01516026E+01    1.58910297E+04
   6.94444051E-04   -4.00608771E+01    1.57581120E+04
   7.00225082E-04   -3.99701627E+01    1.56264463E+04
   7.06054238E-04   -3.98794583E+01    1.54960200E+04
   7.11931919E-04   -3.97887623E+01    1.53668207E+04
   7.17858531E-04   -3.96980725E+01    1.52388358E+04
   7.23834480E-04   -3.96073868E+01    1.51120528E+04
   7.29860176E-04   -3.95167036E+01    1.49864597E+04
   7.35936035E-04   -3.94260236E+01    1.48620451E+04
   7.42062473E-04   -3.93353472E+01    1.47387979E+04
   7.48239912E-04   -3.92446745E+01    1.46167070E+04
   7.54468777E-04   -3.91540054E+01    1.44957610E+04
   7.60749494E-04   -3.90633392E+01    1.43759488E+04
   7.67082497E-04   -3.89726752E+01    1.42572591E+04
   7.73468220E-04   -3.88820121E+01    1.41396808E+04
   7.79907102E-04   -3.87913482E+01    1.40232025E+04
   7.86399586E-04   -3.87006816E+01    1.39078131E+04
   7.92946117E-04   -3.86100099E+01    1.37935011E+04
   7.99547147E-04   -3.85193316E+01    1.36802558E+04
   8.06203128E-04   -3.84286471E+01    1.35680671E+04
   8.12914518E-04   -3.83379570E+01    1.34569248E+04
   8.19681778E-04   -3.82472612E+01    1.33468191E+04
   8.26505374E-04   -3.81565596E+01    1.32377397E+04
   8.33385773E-04   -3.80658516E+01    1.31296767E+04
   8.40323450E-04   -3.79751364E+01    1.30226199E+04
   8.47318882E-04   -3.78844128E+01    1.29165594E+04
   8.54372547E-04   -3.77936791E+01    1.28114849E+04
   8.61484933E-04   -3.77029334E+01    1.27073864E+04
   8.68656527E-04   -3.76121733E+01    1.26042537E+04
   8.75887822E-04   -3.75213970E+01    1.25020769E+04
   8.83179315E-04   -3.74306051E+01    1.24008471E+04
   8.90531508E-04   -3.73397978E+01    1.23005552E+04
   8.97944905E-04   -3.72489753E+01    1.22011922E+04
   9.05420017E-04   -3.71581373E+01    1.21027490E+04
   9.12957357E-04   -3.70672834E+01    1.20052168E+04
   9.20557443E-04   -3.69764126E+01    1.19085863E+04
   9.28220797E-04   -3.68855238E+01    1.18128486E+04
   9.35947946E-04   -3.67946155E+01    1.17179946E+04
   9.43739421E-04   -3.67036855E+01    1.16240153E+04
   9.51595758E-04   -3.66127316E+01    1.15309014E+04
   9.59517496E-04   -3.65217520E+01    1.14386441E+04
   9.67505180E-04   -3.64307467E+01    1.13472352E+04
   9.75559360E-04   -3.63397162E+01    1.12566666E+04
   9.83680588E-04   -3.62486606E+01    1.11669304E+04
   9.91869422E-04   -3.61575797E+01    1.10780183E+04
   1.00012643E-03   -3.60664729E+01    1.09899224E+04
   1.00845217E-03   -3.59753395E+01    1.09026344E+04
   1.01684722E-03   -3.58841783E+01    1.08161464E+04
   1.02531215E-03   -3.57929877E+01    1.07304501E+04
   1.03384756E-03   -3.57017658E+01    1.06455374E+04
   1.04245402E-03   -3.56105104E+01    1.05614001E+04
   1.05113212E-03   -3.55192193E+01    1.04780301E+04
   1.05988247E-03   -3.54278924E+01    1.03954201E+04
   1.06870566E-03   -3.53365302E+01    1.03135628E+04
   1.07760230E-03   -3.52451328E+01    1.02324510E+04
   1.08657301E-03   -3.51536999E+01    1.01520774E+04
   1.09561839E-03   -3.50622312E+01    1.00724349E+04
   1.10473907E-03   -3.49707258E+01    9.99351619E+03
   1.11393568E-03   -3.48791826E+01    9.91531392E+03
   1.12320885E-03   -3.47876001E+01    9.83782083E+03
   1.13255921E-03   -3.46959765E+01    9.76102960E+03
   1.14198741E-03   -3.46043095E+01    9.68493289E+03
   1.15149410E-03   -3.45125969E+01    9.60952339E+03
   1.16107993E-03   -3.44208382E+01    9.53479437E+03
   1.17074556E-03   -3.43290339E+01    9.46073938E+03
   1.18049165E-03   -3.42371839E+01    9.38735195E+03
   1.19031888E-03   -3.41452883E+01    9.31462562E+03
   1.20022791E-03   -3.40533466E+01    9.24255388E+03
   1.21021944E-03   -3.39613580E+01    9.17113025E+03
   1.22029414E-03   -3.38693215E+01    9.10034819E+03
   1.23045271E-03   -3.37772357E+01    9.03020118E+03
   1.24069584E-03   -3.36850988E+01    8.96068264E+03
   1.25102425E-03   -3.35929087E+01    8.89178598E+03
   1.26143864E-03   -3.35006630E+01    8.82350462E+03
   1.27193972E-03   -3.34083607E+01    8.75583239E+03
   1.28252822E-03   -3.33160023E+01    8.68876351E+03
   1.29320487E-03   -3.32235878E+01    8.62229219E+03
   1.30397040E-03   -3.31311173E+01    8.55641266E+03
   1.31482555E-03   -3.30385903E+01    8.49111910E+03
   1.32577106E-03   -3.29460062E+01    8.42640570E+03
   1.33680769E-03   -3.28533640E+01    8.36226662E+03
   1.34793620E-03   -3.27606623E+01    8.29869599E+03
   1.35915735E-03   -3.26678996E+01    8.23568794E+03
   1.37047191E-03   -3.25750737E+01    8.17323657E+03
   1.38188066E-03   -3.24821823E+01    8.11133593E+03
   1.39338439E-03   -3.23892239E+01    8.04998036E+03
   1.40498388E-03   -3.22961987E+01    7.98916468E+03
   1.41667993E-03   -3.22031071E+01    7.92888371E+03
   1.42847335E-03   -3.21099490E+01    7.86913228E+03
   1.44036495E-03   -3.20167240E+01    7.80990520E+03
   1.45235554E-03   -3.19234316E+01    7.75119726E+03
   1.46444594E-03   -3.18300708E+01    7.69300324E+03
   1.47663700E-03   -3.17366405E+01    7.63531788E+03
   1.48892954E-03   -3.16431390E+01    7.57813593E+03
   1.50132442E-03   -3.15495644E+01    7.52145207E+03
   1.51382248E-03   -3.14559145E+01    7.46526100E+03
   1.52642458E-03   -3.13621873E+01    7.40955752E+03
   1.53913159E-03   -3.12683829E+01    7.35433694E+03
   1.55194438E-03   -3.11745016E+01    7.29959462E+03
   1.56486383E-03   -3.10805434E+01    7.24532597E+03
   1.57789084E-03   -3.09865080E+01    7.19152631E+03
   1.59102629E-03   -3.08923949E+01    7.13819102E+03
   1.60427108E-03   -3.07982034E+01    7.08531539E+03
   1.61762614E-03   -3.07039322E+01    7.03289475E+03
   1.63109237E-03   -3.06095799E+01    6.98092436E+03
   1.64467071E-03   -3.05151447E+01    6.92939949E+03
   1.65836208E-03   -3.04206244E+01    6.87831536E+03
   1.67216743E-03   -3.03260169E+01    6.82766723E+03
   1.68608770E-03   -3.02313218E+01    6.77745082E+03
   1.70012386E-03   -3.01365394E+01    6.72766201E+03
   1.71427686E-03   -3.00416700E+01    6.67829667E+03
   1.72854768E-03   -2.99467132E+01    6.62935064E+03
   1.74293730E-03   -2.98516687E+01    6.58081977E+03
   1.75744671E-03   -2.97565357E+01    6.53269988E+03
   1.77207691E-03   -2.96613133E+01    6.48498675E+03
   1.78682890E-03   -2.95660000E+01    6.43767617E+03
   1.80170369E-03   -2.94705942E+01    6.39076388E+03
   1.81670231E-03   -2.93750939E+01    6.34424562E+03
   1.83182580E-03   -2.92794968E+01    6.29811708E+03
   1.84707517E-03   -2.91838020E+01    6.25237431E+03
   1.86245150E-03   -2.90880099E+01    6.20701362E+03
   1.87795583E-03   -2.89921207E+01    6.16203134E+03
   1.89358923E-03   -2.88961344E+01    6.11742375E+03
   1.90935277E-03   -2.88000505E+01    6.07318714E+03
   1.92524753E-03   -2.87038685E+01    6.02931777E+03
   1.94127462E-03   -2.86075875E+01    5.98581189E+03
   1.95743513E-03   -2.85112064E+01    5.94266571E+03
   1.97373017E-03   -2.84147235E+01    5.89987543E+03
   1.99016085E-03   -2.83181370E+01    5.85743723E+03
   2.00672832E-03   -2.82214447E+01    5.81534724E+03
   2.02343371E-03   -2.81246452E+01    5.77360179E+03
   2.04027817E-03   -2.80277387E+01    5.73219756E+03
   2.05726285E-03   -2.79307255E+01    5.69113127E+03
   2.07438892E-03   -2.78336058E+01    5.65039960E+03
   2.09165756E-03   -2.77363792E+01    5.60999925E+03
   2.10906996E-03   -2.76390454E+01    5.56992688E+03
   2.12662731E-03   -2.75416035E+01    5.53017913E+03
   2.14433082E-03   -2.74440525E+01    5.49075262E+03
   2.16218171E-03   -2.73463911E+01    5.45164395E+03
   2.18018120E-03   -2.72486175E+01    5.41284968E+03
   2.19833053E-03   -2.71507297E+01    5.37436636E+03
   2.21663094E-03   -2.70527258E+01    5.33619061E+03
   2.23508371E-03   -2.69546061E+01    5.29831941E+03
   2.25369008E-03   -2.68563708E+01    5.26074982E+03
   2.27245135E-03   -2.67580201E+01    5.22347891E+03
   2.29136880E-03   -2.66595539E+01    5.18650371E+03
   2.31044373E-03   -2.65609720E+01    5.14982124E+03
   2.32967746E-03   -2.64622736E+01    5.11342851E+03
   2.34907130E-03   -2.63634580E+01    5.07732250E+03
   2.36862658E-03   -2.62645239E+01    5.04150015E+03
   2.38834466E-03   -2.61654698E+01    5.00595840E+03
   2.40822689E-03   -2.60662938E+01    4.97069416E+03
   2.42827463E-03   -2.59669940E+01    4.93570433E+03
   2.44848926E-03   -2.58675701E+01    4.90098614E+03
   2.46887217E-03   -2.57680225E+01    4.86653697E+03
   2.48942476E-03   -2.56683517E+01    4.83235420E+03
   2.51014845E-03   -2.55685576E+01    4.79843520E+03
   2.53104465E-03   -2.54686401E+01    4.76477732E+03
   2.55211481E-03   -2.53685988E+01    4.73137786E+03
   2.57336037E-03   -2.52684330E+01    4.69823415E+03
   2.59478279E-03   -2.51681417E+01    4.66534346E+03
   2.61638355E-03   -2.50677236E+01    4.63270305E+03
   2.63816413E-03   -2.49671770E+01    4.60031014E+03
   2.66012602E-03   -2.48665000E+01    4.56816195E+03
   2.68227075E-03   -2.47656918E+01    4.53625586E+03
   2.70459981E-03   -2.46647528E+01    4.50458955E+03
   2.72711477E-03   -2.45636837E+01    4.47316069E+03
   2.74981715E-03   -2.44624847E+01    4.44196694E+03
   2.77270852E-03   -2.43611558E+01    4.41100593E+03
   2.79579045E-03   -2.42596969E+01    4.38027528E+03
   2.81906454E-03   -2.41581073E+01    4.34977260E+03
   2.84253237E-03   -2.40563865E+01    4.31949544E+03
   2.86619557E-03   -2.39545332E+01    4.28944138E+03
   2.89005576E-03   -2.38525462E+01    4.25960794E+03
   2.91411457E-03   -2.37504238E+01    4.22999260E+03
   2.93837367E-03   -2.36481645E+01    4.20059295E+03
   2.96283471E-03   -2.35457688E+01    4.17140685E+03
   2.98749939E-03   -2.34432375E+01    4.14243224E+03
   3.01236939E-03   -2.33405709E+01    4.11366705E+03
   3.03744643E-03   -2.32377695E+01    4.08510917E+03
   3.06273222E-03   -2.31348331E+01    4.05675649E+03
   3.08822852E-03   -2.30317616E+01    4.02860687E+03
   3.11393706E-03   -2.29285544E+01    4.00065816E+03
   3.13985961E-03   -2.28252109E+01    3.97290817E+03
   3.16599797E-03   -2.27217298E+01    3.94535470E+03
   3.19235391E-03   -2.26181098E+01    3.91799552E+03
   3.21892927E-03   -2.25143494E+01    3.89082839E+03
   3.24572585E-03   -2.24104486E+01    3.86385134E+03
   3.27274551E-03   -2.23064084E+01    3.83706254E+03
   3.29999009E-03   -2.22022294E+01    3.81046014E+03
   3.32746148E-03   -2.20979123E+01    3.78404230E+03
   3.35516156E-03   -2.19934573E+01    3.75780713E+03
   3.38309224E-03   -2.18888644E+01    3.73175274E+03
   3.41125543E-03   -2.17841335E+01    3.70587721E+03
   3.43965307E-03   -2.16792640E+01    3.68017861E+03
   3.46828711E-03   -2.15742552E+01    3.65465496E+03
   3.49715952E-03   -2.14691061E+01    3.62930429E+03
   3.52627228E-03   -2.13638152E+01    3.60412458E+03
   3.55562740E-03   -2.12583821E+01    3.57911396E+03
   3.58522689E-03   -2.11528079E+01    3.55427080E+03
   3.61507279E-03   -2.10470935E+01    3.52959347E+03
   3.64516715E-03   -2.09412399E+01    3.50508034E+03
   3.67551203E-03   -2.08352475E+01    3.48072974E+03
   3.70610952E-03   -2.07291168E+01    3.45654001E+03
   3.73696173E-03   -2.06228479E+01    3.43250944E+03
   3.76807077E-03   -2.05164406E+01    3.40863632E+03
   3.79943879E-03   -2.04098945E+01    3.38491889E+03
   3.83106793E-03   -2.03032089E+01    3.36135541E+03
   3.86296038E-03   -2.01963828E+01    3.33794406E+03
   3.89511832E-03   -2.00894154E+01    3.31468309E+03
   3.92754397E-03   -1.99823076E+01    3.29157103E+03
   3.96023955E-03   -1.98750609E+01    3.26860645E+03
   3.99320731E-03   -1.97676764E+01    3.24578790E+03
   4.02644952E-03   -1.96601550E+01    3.22311393E+03
   4.05996846E-03   -1.95524975E+01    3.20058306E+03
   4.09376643E-03   -1.94447043E+01    3.17819379E+03
   4.12784576E-03   -1.93367758E+01    3.15594462E+03
   4.16220879E-03   -1.92287119E+01    3.13383399E+03
   4.19685788E-03   -1.91205122E+01    3.11186035E+03
   4.23179542E-03   -1.90121763E+01    3.09002211E+03
   4.26702380E-03   -1.89037033E+01    3.06831766E+03
   4.30254544E-03   -1.87950937E+01    3.04674558E+03
   4.33836279E-03   -1.86863492E+01    3.02530462E+03
   4.37447831E-03   -1.85774713E+01    3.00399352E+03
   4.41089448E-03   -1.84684614E+01    2.98281101E+03
   4.44761380E-03   -1.83593208E+01    2.96175580E+03
   4.48463880E-03   -1.82500502E+01    2.94082659E+03
   4.52197203E-03   -1.81406504E+01    2.92002205E+03
   4.55961603E-03   -1.80311220E+01    2.89934082E+03
   4.59757342E-03   -1.79214649E+01    2.87878153E+03
   4.63584679E-03   -1.78116793E+01    2.85834278E+03
   4.67443877E-03   -1.77017647E+01    2.83802315E+03
   4.71335201E-03   -1.75917211E+01    2.81782127E+03
   4.75258920E-03   -1.74815501E+01    2.79773601E+03
   4.79215303E-03   -1.73712539E+01    2.77776628E+03
   4.83204621E-03   -1.72608343E+01    2.75791098E+03
   4.87227149E-03   -1.71502928E+01    2.73816899E+03
   4.91283163E-03   -1.70396308E+01    2.71853915E+03
   4.95372942E-03   -1.69288495E+01    2.69902033E+03
   4.99496768E-03   -1.68179499E+01    2.67961133E+03
   5.03654923E-03   -1.67069326E+01    2.66031095E+03
   5.07847693E-03   -1.65957982E+01    2.64111796E+03
   5.12075367E-03   -1.64845466E+01    2.62203113E+03
   5.16338235E-03   -1.63731780E+01    2.60304918E+03
   5.20636590E-03   -1.62616940E+01    2.58417107E+03
   5.24970728E-03   -1.61500971E+01    2.56539586E+03
   5.29340946E-03   -1.60383895E+01    2.54672261E+03
   5.33747544E-03   -1.59265734E+01    2.52815034E+03
   5.38190826E-03   -1.58146507E+01    2.50967808E+03
   5.42671097E-03   -1.57026232E+01    2.49130483E+03
   5.47188665E-03   -1.55904923E+01    2.47302956E+03
   5.51743841E-03   -1.54782593E+01    2.45485124E+03
   5.56336936E-03   -1.53659252E+01    2.43676879E+03
   5.60968268E-03   -1.52534907E+01    2.41878113E+03
   5.65638154E-03   -1.51409563E+01    2.40088713E+03
   5.70346916E-03   -1.50283230E+01    2.38308577E+03
   5.75094876E-03   -1.49155935E+01    2.36537620E+03
   5.79882362E-03   -1.48027708E+01    2.34775764E+03
   5.84709702E-03   -1.46898575E+01    2.33022927E+03
   5.89577228E-03   -1.45768563E+01    2.31279026E+03
   5.94485275E-03   -1.44637695E+01    2.29543977E+03
   5.99434180E-03   -1.43505994E+01    2.27817692E+03
   6.04424283E-03   -1.42373477E+01    2.26100084E+03
   6.09455927E-03   -1.41240163E+01    2.24391062E+03
   6.14529457E-03   -1.40106066E+01    2.22690532E+03
   6.19645224E-03   -1.38971197E+01    2.20998399E+03
   6.24803577E-03   -1.37835567E+01    2.19314565E+03
   6.30004873E-03   -1.36699200E+01    2.17638951E+03
   6.35249467E-03   -1.35562129E+01    2.15971489E+03
   6.40537721E-03   -1.34424388E+01    2.14312110E+03
   6.45869998E-03   -1.33286009E+01    2.12660746E+03
   6.51246665E-03   -1.32147021E+01    2.11017324E+03
   6.56668090E-03   -1.31007453E+01    2.09381772E+03
   6.62134648E-03   -1.29867330E+01    2.07754014E+03
   6.67646712E-03   -1.28726675E+01    2.06133973E+03
   6.73204663E-03   -1.27585509E+01    2.04521570E+03
   6.78808883E-03   -1.26443852E+01    2.02916722E+03
   6.84459755E-03   -1.25301719E+01    2.01319346E+03
   6.90157670E-03   -1.24159134E+01    1.99729368E+03
   6.95903017E-03   -1.23016139E+01    1.98146733E+03
   7.01696193E-03   -1.21872774E+01    1.96571387E+03
   7.07537595E-03   -1.20729078E+01    1.95003271E+03
   7.13427626E-03   -1.19585089E+01    1.93442330E+03
   7.19366688E-03   -1.18440842E+01    1.91888503E+03
   7.25355192E-03   -1.17296369E+01    1.90341727E+03
   7.31393548E-03   -1.16151704E+01    1.88801941E+03
   7.37482172E-03   -1.15006873E+01    1.87269078E+03
   7.43621481E-03   -1.13861904E+01    1.85743069E+03
   7.49811898E-03   -1.12716821E+01    1.84223846E+03
   7.56053849E-03   -1.11571646E+01    1.82711335E+03
   7.62347762E-03   -1.10426415E+01    1.81205479E+03
   7.68694070E-03   -1.09281174E+01    1.79706236E+03
   7.75093208E-03   -1.08135971E+01    1.78213562E+03
   7.81545618E-03   -1.06990850E+01    1.76727409E+03
   7.88051742E-03   -1.05845854E+01    1.75247732E+03
   7.94612027E-03   -1.04701024E+01    1.73774481E+03
   8.01226925E-03   -1.03556400E+01    1.72307605E+03
   8.07896890E-03   -1.02412017E+01    1.70847050E+03
   8.14622380E-03   -1.01267912E+01    1.69392761E+03
   8.21403857E-03   -1.00124115E+01    1.67944681E+03
   8.28241789E-03   -9.89806587E+00    1.66502751E+03
   8.35136644E-03   -9.78375904E+00    1.65066932E+03
   8.42088896E-03   -9.66949632E+00    1.63637189E+03
   8.49099024E-03   -9.55528284E+00    1.62213486E+03
   8.56167509E-03   -9.44112361E+00    1.60795786E+03
   8.63294837E-03   -9.32702342E+00    1.59384050E+03
   8.70481498E-03   -9.21298686E+00    1.57978237E+03
   8.77727985E-03   -9.09901830E+00    1.56578303E+03
   8.85034797E-03   -8.98512190E+00    1.55184204E+03
   8.92402436E-03   -8.87130156E+00    1.53795893E+03
   8.99831409E-03   -8.75756130E+00    1.52413322E+03
   9.07322225E-03   -8.64390666E+00    1.51036463E+03
   9.14875400E-03   -8.53034350E+00    1.49665289E+03
   9.22491453E-03   -8.41687754E+00    1.48299773E+03
   9.30170907E-03   -8.30351429E+00    1.46939884E+03
   9.37914290E-03   -8.19025909E+00    1.45585592E+03
   9.45722134E-03   -8.07711706E+00    1.44236864E+03
   9.53594977E-03   -7.96409308E+00    1.42893664E+03
   9.61533358E-03   -7.85119182E+00    1.41555954E+03
   9.69537824E-03   -7.73841792E+00    1.40223698E+03
   9.77608924E-03   -7.62577735E+00    1.38896870E+03
   9.85747214E-03   -7.51327656E+00    1.37575454E+03
   9.93953253E-03   -7.40092182E+00    1.36259429E+03
   1.00222760E-02   -7.28871922E+00    1.34948771E+03
   1.01057084E-02   -7.17667465E+00    1.33643459E+03
   1.01898352E-02   -7.06479377E+00    1.32343465E+03
   1.02746624E-02   -6.95308203E+00    1.31048762E+03
   1.03601958E-02   -6.84154464E+00    1.29759319E+03
   1.04464412E-02   -6.73018745E+00    1.28475114E+03
   1.05334046E-02   -6.61901740E+00    1.27196134E+03
   1.06210919E-02   -6.50804136E+00    1.25922365E+03
   1.07095092E-02   -6.39726602E+00    1.24653793E+03
   1.07986625E-02   -6.28669785E+00    1.23390401E+03
   1.08885580E-02   -6.17634312E+00    1.22132172E+03
   1.09792019E-02   -6.06620784E+00    1.20879083E+03
   1.10706003E-02   -5.95629781E+00    1.19631113E+03
   1.11627596E-02   -5.84661917E+00    1.18388241E+03
   1.12556861E-02   -5.73717947E+00    1.17150463E+03
   1.13493862E-02   -5.62798635E+00    1.15917774E+03
   1.14438663E-02   -5.51904721E+00    1.14690169E+03
   1.15391329E-02   -5.41036931E+00    1.13467638E+03
   1.16351926E-02   -5.30195965E+00    1.12250173E+03
   1.17320520E-02   -5.19382503E+00    1.11037761E+03
   1.18297176E-02   -5.08597198E+00    1.09830388E+03
   1.19281964E-02   -4.97840678E+00    1.08628037E+03
   1.20274949E-02   -4.87113576E+00    1.07430693E+03
   1.21276200E-02   -4.76416684E+00    1.06238355E+03
   1.22285787E-02   -4.65750844E+00    1.05051028E+03
   1.23303778E-02   -4.55116878E+00    1.03868715E+03
   1.24330244E-02   -4.44515587E+00    1.02691416E+03
   1.25365254E-02   -4.33947753E+00    1.01519131E+03
   1.26408881E-02   -4.23414132E+00    1.00351856E+03
   1.27461195E-02   -4.12915457E+00    9.91895864E+02
   1.28522270E-02   -4.02452433E+00    9.80323151E+02
   1.29592178E-02   -3.92025740E+00    9.68800322E+02
   1.30670993E-02   -3.81636133E+00    9.57327353E+02
   1.31758788E-02   -3.71284501E+00    9.45904348E+02
   1.32855639E-02   -3.60971725E+00    9.34531405E+02
   1.33961621E-02   -3.50698666E+00    9.23208601E+02
   1.35076809E-02   -3.40466162E+00    9.11935999E+02
   1.36201282E-02   -3.30275023E+00    9.00713636E+02
   1.37335115E-02   -3.20126037E+00    8.89541529E+02
   1.38478387E-02   -3.10019960E+00    8.78419673E+02
   1.39631176E-02   -2.99957529E+00    8.67348041E+02
   1.40793563E-02   -2.89939585E+00    8.56326710E+02
   1.41965625E-02   -2.79967084E+00    8.45355859E+02
   1.43147445E-02   -2.70040964E+00    8.34435655E+02
   1.44339103E-02   -2.60162140E+00    8.23566244E+02
   1.45540681E-02   -2.50331505E+00    8.12747755E+02
   1.46752262E-02   -2.40549921E+00    8.01980294E+02
   1.47973928E-02   -2.30818225E+00    7.91263944E+02
   1.49205765E-02   -2.21137224E+00    7.80598764E+02
   1.50447857E-02   -2.11507691E+00    7.69984788E+02
   1.51700288E-02   -2.01930453E+00    7.59422099E+02
   1.52963146E-02   -1.92406483E+00    7.48910913E+02
   1.54236517E-02   -1.82936746E+00    7.38451441E+02
   1.55520488E-02   -1.73522184E+00    7.28043877E+02
   1.56815147E-02   -1.64163710E+00    7.17688391E+02
   1.58120585E-02   -1.54862206E+00    7.07385131E+02
   1.59436889E-02   -1.45618524E+00    6.97134220E+02
   1.60764152E-02   -1.36433485E+00    6.86935758E+02
   1.62102463E-02   -1.27307997E+00    6.76789924E+02
   1.63451916E-02   -1.18243077E+00    6.66696994E+02
   1.64812602E-02   -1.09239722E+00    6.56657230E+02
   1.66184616E-02   -1.00298904E+00    6.46670874E+02
   1.67568051E-02   -9.14215594E-01    6.36738144E+02
   1.68963003E-02   -8.26085968E-01    6.26859235E+02
   1.70369567E-02   -7.38608876E-01    6.17034316E+02
   1.71787841E-02   -6.51792669E-01    6.07263527E+02
   1.73217921E-02   -5.65645447E-01    5.97546992E+02
   1.74659906E-02   -4.80176721E-01    5.87884959E+02
   1.76113895E-02   -3.95396951E-01    5.78277759E+02
   1.77579989E-02   -3.11316321E-01    5.68725702E+02
   1.79058287E-02   -2.27944701E-01    5.59229079E+02
   1.80548891E-02   -1.45291619E-01    5.49788154E+02
   1.82051905E-02   -6.33662413E-02    5.40403165E+02
   1.83567430E-02    1.78226513E-02    5.31074325E+02
   1.85095572E-02    9.82666859E-02    5.21801816E+02
   1.86636435E-02    1.77957660E-01    5.12585811E+02
   1.88190125E-02    2.56885784E-01    5.03426619E+02
   1.89756749E-02    3.35040693E-01    4.94324599E+02
   1.91336415E-02    4.12412365E-01    4.85280089E+02
   1.92929231E-02    4.88991144E-01    4.76293399E+02
   1.94535307E-02    5.64767767E-01    4.67364816E+02
   1.96154753E-02    6.39733386E-01    4.58494595E+02
   1.97787680E-02    7.13879598E-01    4.49682963E+02
   1.99434201E-02    7.87198376E-01    4.40930121E+02
   2.01094428E-02    8.59680560E-01    4.32236367E+02
   2.02768477E-02    9.31315981E-01    4.23602084E+02
   2.04456461E-02    1.00209481E+00    4.15027635E+02
   2.06158498E-02    1.07200762E+00    4.06513354E+02
   2.07874703E-02    1.14104545E+00    3.98059549E+02
   2.09605195E-02    1.20919976E+00    3.89666494E+02
   2.11350093E-02    1.27646254E+00    3.81334434E+02
   2.13109517E-02    1.34282599E+00    3.73063600E+02
   2.14883587E-02    1.40828086E+00    3.64854343E+02
   2.16672426E-02    1.47281758E+00    3.56707048E+02
   2.18476157E-02    1.53642700E+00    3.48622069E+02
   2.20294903E-02    1.59910048E+00    3.40599733E+02
   2.22128789E-02    1.66082985E+00    3.32640331E+02
   2.23977942E-02    1.72160751E+00    3.24744124E+02
   2.25842489E-02    1.78142627E+00    3.16911342E+02
   2.27722557E-02    1.84027772E+00    3.09142320E+02
   2.29618276E-02    1.89815246E+00    3.01437473E+02
   2.31529777E-02    1.95504154E+00    2.93797189E+02
   2.33457190E-02    2.01093652E+00    2.86221825E+02
   2.35400649E-02    2.06582948E+00    2.78711706E+02
   2.37360286E-02    2.11971308E+00    2.71267121E+02
   2.39336236E-02    2.17258060E+00    2.63888321E+02
   2.41328636E-02    2.22442583E+00    2.56575526E+02
   2.43337622E-02    2.27524153E+00    2.49329040E+02
   2.45363332E-02    2.32501947E+00    2.42149250E+02
   2.47405905E-02    2.37375190E+00    2.35036516E+02
   2.49465482E-02    2.42143165E+00    2.27991161E+02
   2.51542205E-02    2.46805219E+00    2.21013472E+02
   2.53636215E-02    2.51360739E+00    2.14103712E+02
   2.55747658E-02    2.55809023E+00    2.07262221E+02
   2.57876677E-02    2.60149369E+00    2.00489343E+02
   2.60023420E-02    2.64381137E+00    1.93785389E+02
   2.62188034E-02    2.68503755E+00    1.87150629E+02
   2.64370668E-02    2.72516717E+00    1.80585293E+02
   2.66571472E-02    2.76419455E+00    1.74089665E+02
   2.68790596E-02    2.80211304E+00    1.67664108E+02
   2.71028194E-02    2.83891652E+00    1.61308955E+02
   2.73284419E-02    2.87459956E+00    1.55024500E+02
   2.75559427E-02    2.90915745E+00    1.48810996E+02
   2.77853374E-02    2.94258623E+00    1.42668649E+02
   2.80166416E-02    2.97488212E+00    1.36597666E+02
   2.82498715E-02    3.00603975E+00    1.30598371E+02
   2.84850428E-02    3.03605395E+00    1.24671087E+02
   2.87221719E-02    3.06492025E+00    1.18816096E+02
   2.89612751E-02    3.09263495E+00    1.13033635E+02
   2.92023687E-02    3.11919514E+00    1.07323898E+02
   2.94454693E-02    3.14459805E+00    1.01687078E+02
   2.96905937E-02    3.16883986E+00    9.61234503E+01
   2.99377586E-02    3.19191722E+00    9.06332675E+01
   3.01869811E-02    3.21382762E+00    8.52167350E+01
   3.04382784E-02    3.23456896E+00    7.98740411E+01
   3.06916675E-02    3.25413842E+00    7.46054310E+01
   3.09471661E-02    3.27253371E+00    6.94111253E+01
   3.12047916E-02    3.28975340E+00    6.42912963E+01
   3.14645618E-02    3.30579662E+00    5.92460881E+01
   3.17264945E-02    3.32066175E+00    5.42757059E+01
   3.19906077E-02    3.33434754E+00    4.93803398E+01
   3.22569195E-02    3.34685366E+00    4.45601301E+01
   3.25254483E-02    3.35818003E+00    3.98152083E+01
   3.27962126E-02    3.36832596E+00    3.51457585E+01
   3.30692308E-02    3.37729144E+00    3.05519299E+01
   3.33445219E-02    3.38507740E+00    2.60338193E+01
   3.36221046E-02    3.39168491E+00    2.15915231E+01
   3.39019982E-02    3.39711456E+00    1.72251818E+01
   3.41842218E-02    3.40136776E+00    1.29348928E+01
   3.44687948E-02    3.40444662E+00    8.72071563E+00
   3.47557367E-02    3.40635277E+00    4.58275333E+00
   3.50450674E-02    3.40708828E+00    5.21090242E-01
   3.53368067E-02    3.40665621E+00   -3.46424420E+00
   3.56309746E-02    3.40505973E+00   -7.37321656E+00
   3.59275914E-02    3.40230161E+00   -1.12057575E+01
   3.62266774E-02    3.39838555E+00   -1.49618468E+01
   3.65282532E-02    3.39331600E+00   -1.86415031E+01
   3.68323395E-02    3.38709690E+00   -2.22447016E+01
   3.71389573E-02    3.37973273E+00   -2.57714425E+01
   3.74481276E-02    3.37122904E+00   -2.92217830E+01
   3.77598716E-02    3.36159115E+00   -3.25957573E+01
   3.80742107E-02    3.35082407E+00   -3.58933678E+01
   3.83911667E-02    3.33893381E+00   -3.91146722E+01
   3.87107612E-02    3.32592751E+00   -4.22597886E+01
   3.90330162E-02    3.31181217E+00   -4.53288173E+01
   3.93579539E-02    3.29659420E+00   -4.83218102E+01
   3.96855966E-02    3.28028100E+00   -5.12388730E+01
   4.00159669E-02    3.26288112E+00   -5.40801728E+01
   4.03490873E-02    3.24440290E+00   -5.68458556E+01
   4.06849809E-02    3.22485423E+00   -5.95360281E+01
   4.10236707E-02    3.20424408E+00   -6.21508549E+01
   4.13651800E-02    3.18258256E+00   -6.46905629E+01
   4.17095322E-02    3.15987945E+00   -6.71553502E+01
   4.20567511E-02    3.13614417E+00   -6.95453814E+01
   4.24068605E-02    3.11138727E+00   -7.18608825E+01
   4.27598844E-02    3.08562043E+00   -7.41021412E+01
   4.31158471E-02    3.05885477E+00   -7.62694021E+01
   4.34747731E-02    3.03110125E+00   -7.83628881E+01
   4.38366871E-02    3.00237196E+00   -8.03828873E+01
   4.42016138E-02    2.97268018E+00   -8.23297500E+01
   4.45695785E-02    2.94203859E+00   -8.42037812E+01
   4.49406064E-02    2.91045967E+00   -8.60052666E+01
   4.53147229E-02    2.87795716E+00   -8.77345588E+01
   4.56919539E-02    2.84454591E+00   -8.93920730E+01
   4.60723252E-02    2.81023998E+00   -9.09781672E+01
   4.64558629E-02    2.77505325E+00   -9.24931789E+01
   4.68425935E-02    2.73900081E+00   -9.39375142E+01
   4.72325435E-02    2.70209907E+00   -9.53116514E+01
   4.76257397E-02    2.66436427E+00   -9.66160521E+01
   4.80222092E-02    2.62581168E+00   -9.78511107E+01
   4.84219791E-02    2.58645767E+00   -9.90172809E+01
   4.88250770E-02    2.54631992E+00   -1.00115091E+02
   4.92315306E-02    2.50541636E+00   -1.01145079E+02
   4.96413677E-02    2.46376378E+00   -1.02107703E+02
   5.00546167E-02    2.42137990E+00   -1.03003475E+02
   5.04713058E-02    2.37828375E+00   -1.03832981E+02
   5.08914637E-02    2.33449488E+00   -1.04596831E+02
   5.13151193E-02    2.29003158E+00   -1.05295553E+02
   5.17423017E-02    2.24491294E+00   -1.05929720E+02
   5.21730402E-02    2.19915939E+00   -1.06499978E+02
   5.26073645E-02    2.15279211E+00   -1.07007020E+02
   5.30453044E-02    2.10583064E+00   -1.07451429E+02
   5.34868901E-02    2.05829485E+00   -1.07833803E+02
   5.39321518E-02    2.01020590E+00   -1.08154819E+02
   5.43811202E-02    1.96158629E+00   -1.08415229E+02
   5.48338261E-02    1.91245888E+00   -1.08615806E+02
   5.52903006E-02    1.86284459E+00   -1.08757198E+02
   5.57505751E-02    1.81276498E+00   -1.08840090E+02
   5.62146813E-02    1.76224287E+00   -1.08865241E+02
   5.66826510E-02    1.71130235E+00   -1.08833488E+02
   5.71545164E-02    1.65996688E+00   -1.08745625E+02
   5.76303100E-02    1.60825871E+00   -1.08602370E+02
   5.81100644E-02    1.55620116E+00   -1.08404504E+02
   5.85938126E-02    1.50381882E+00   -1.08152889E+02
   5.90815878E-02    1.45113729E+00   -1.07848445E+02
   5.95734236E-02    1.39818037E+00   -1.07491980E+02
   6.00693538E-02    1.34497139E+00   -1.07084277E+02
   6.05694125E-02    1.29153491E+00   -1.06626188E+02
   6.10736340E-02    1.23789669E+00   -1.06118648E+02
   6.15820530E-02    1.18408353E+00   -1.05562655E+02
   6.20947044E-02    1.13012053E+00   -1.04959099E+02
   6.26116235E-02    1.07603190E+00   -1.04308820E+02
   6.31328457E-02    1.02184299E+00   -1.03612731E+02
   6.36584070E-02    9.67580298E-01   -1.02871819E+02
   6.41883434E-02    9.13271441E-01   -1.02087146E+02
   6.47226914E-02    8.58942490E-01   -1.01259677E+02
   6.52614877E-02    8.04617993E-01   -1.00390286E+02
   6.58047692E-02    7.50323452E-01   -9.94799129E+01
   6.63525734E-02    6.96085455E-01   -9.85295698E+01
   6.69049379E-02    6.41931712E-01   -9.75403478E+01
   6.74619007E-02    5.87890503E-01   -9.65133801E+01
   6.80235000E-02    5.33987443E-01   -9.54496331E+01
   6.85897745E-02    4.80247605E-01   -9.43500460E+01
   6.91607630E-02    4.26697027E-01   -9.32156279E+01
   6.97365048E-02    3.73362737E-01   -9.20474607E+01
   7.03170395E-02    3.20272727E-01   -9.08466983E+01
   7.09024070E-02    2.67453966E-01   -8.96144360E+01
   7.14926474E-02    2.14931807E-01   -8.83516719E+01
   7.20878015E-02    1.62732318E-01   -8.70594626E+01
   7.26879100E-02    1.10882463E-01   -8.57389358E+01
   7.32930142E-02    5.94095341E-02   -8.43912521E+01
   7.39031557E-02    8.33863131E-03   -8.30174356E+01
   7.45183765E-02   -4.23053666E-02   -8.16185080E+01
   7.51387187E-02   -9.24968219E-02   -8.01955573E+01
   7.57642252E-02   -1.42209317E-01   -7.87497394E+01
   7.63949388E-02   -1.91415787E-01   -7.72822705E+01
   7.70309028E-02   -2.40090971E-01   -7.57942555E+01
   7.76721611E-02   -2.88211085E-01   -7.42867125E+01
   7.83187577E-02   -3.35751803E-01   -7.27607163E+01
   7.89707369E-02   -3.82688173E-01   -7.12174047E+01
   7.96281437E-02   -4.28994670E-01   -6.96579763E+01
   8.02910232E-02   -4.74647043E-01   -6.80835556E+01
   8.09594210E-02   -5.19622648E-01   -6.64951698E+01
   8.16333830E-02   -5.63898485E-01   -6.48938948E+01
   8.23129555E-02   -6.07451078E-01   -6.32808656E+01
   8.29981852E-02   -6.50256576E-01   -6.16572704E+01
   8.36891192E-02   -6.92292603E-01   -6.00242074E+01
   8.43858051E-02   -7.33538131E-01   -5.83826966E+01
   8.50882906E-02   -7.73971880E-01   -5.67338063E+01
   8.57966242E-02   -8.13572255E-01   -5.50786592E+01
   8.65108543E-02   -8.52317482E-01   -5.34184229E+01
   8.72310303E-02   -8.90187436E-01   -5.17541574E+01
   8.79572014E-02   -9.27163261E-01   -5.00868490E+01
   8.86894177E-02   -9.63226002E-01   -4.84175280E+01
   8.94277295E-02   -9.98356569E-01   -4.67472731E+01
   9.01721875E-02   -1.03253582E+00   -4.50772072E+01
   9.09228429E-02   -1.06574585E+00   -4.34083783E+01
   9.16797473E-02   -1.09797002E+00   -4.17417631E+01
   9.24429526E-02   -1.12919174E+00   -4.00783770E+01
   9.32125114E-02   -1.15939457E+00   -3.84192690E+01
   9.39884765E-02   -1.18856326E+00   -3.67654124E+01
   9.47709013E-02   -1.21668345E+00   -3.51177408E+01
   9.55598396E-02   -1.24374096E+00   -3.34772240E+01
   9.63553455E-02   -1.26972183E+00   -3.18448690E+01
   9.71574737E-02   -1.29461293E+00   -3.02216485E+01
   9.79662795E-02   -1.31840237E+00   -2.86084572E+01
   9.87818182E-02   -1.34107866E+00   -2.70062126E+01
   9.96041461E-02   -1.36263077E+00   -2.54158506E+01
   1.00433320E-01   -1.38304879E+00   -2.38382266E+01
   1.01269396E-01   -1.40232360E+00   -2.22741720E+01
   1.02112432E-01   -1.42044658E+00   -2.07245450E+01
   1.02962486E-01   -1.43740961E+00   -1.91902310E+01
   1.03819617E-01   -1.45320540E+00   -1.76720782E+01
   1.04683883E-01   -1.46782781E+00   -1.61708372E+01
   1.05555343E-01   -1.48127139E+00   -1.46872658E+01
   1.06434059E-01   -1.49353137E+00   -1.32221427E+01
   1.07320089E-01   -1.50460372E+00   -1.17762500E+01
   1.08213496E-01   -1.51448532E+00   -1.03502991E+01
   1.09114339E-01   -1.52317389E+00   -8.94498671E+00
   1.10022682E-01   -1.53066793E+00   -7.56099634E+00
   1.10938587E-01   -1.53696677E+00   -6.19897993E+00
   1.11862116E-01   -1.54207061E+00   -4.85959268E+00
   1.12793333E-01   -1.54598046E+00   -3.54345173E+00
   1.13732303E-01   -1.54869822E+00   -2.25115380E+00
   1.14679089E-01   -1.55022660E+00   -9.83272485E-01
   1.15633756E-01   -1.55056917E+00    2.59641176E-01
   1.16596371E-01   -1.54973041E+00    1.47705451E+00
   1.17567000E-01   -1.54771563E+00    2.66846254E+00
   1.18545708E-01   -1.54453095E+00    3.83338477E+00
   1.19532564E-01   -1.54018342E+00    4.97136308E+00
   1.20527636E-01   -1.53468094E+00    6.08196098E+00
   1.21530991E-01   -1.52803229E+00    7.16476901E+00
   1.22542699E-01   -1.52024703E+00    8.21940260E+00
   1.23562828E-01   -1.51133559E+00    9.24550266E+00
   1.24591450E-01   -1.50130939E+00    1.02427295E+01
   1.25628635E-01   -1.49018054E+00    1.12107741E+01
   1.26674455E-01   -1.47796205E+00    1.21493501E+01
   1.27728980E-01   -1.46466777E+00    1.30581971E+01
   1.28792284E-01   -1.45031239E+00    1.39370787E+01
   1.29864440E-01   -1.43491132E+00    1.47857859E+01
   1.30945521E-01   -1.41848100E+00    1.56041320E+01
   1.32035601E-01   -1.40103847E+00    1.63919580E+01
   1.33134757E-01   -1.38260165E+00    1.71491292E+01
   1.34243062E-01   -1.36318924E+00    1.78755366E+01
   1.35360594E-01   -1.34282072E+00    1.85710956E+01
   1.36487429E-01   -1.32151622E+00    1.92357477E+01
   1.37623644E-01   -1.29929687E+00    1.98694582E+01
   1.38769318E-01   -1.27618418E+00    2.04722184E+01
   1.39924529E-01   -1.25220077E+00    2.10440436E+01
   1.41089357E-01   -1.22736955E+00    2.15849737E+01
   1.42263882E-01   -1.20171453E+00    2.20950736E+01
   1.43448185E-01   -1.17525995E+00    2.25744308E+01
   1.44642346E-01   -1.14803115E+00    2.30231592E+01
   1.45846449E-01   -1.12005366E+00    2.34413933E+01
   1.47060575E-01   -1.09135402E+00    2.38292941E+01
   1.48284809E-01   -1.06195902E+00    2.41870427E+01
   1.49519234E-01   -1.03189629E+00    2.45148458E+01
   1.50763935E-01   -1.00119376E+00    2.48129298E+01
   1.52018997E-01   -9.69880183E-01    2.50815466E+01
   1.53284508E-01   -9.37984501E-01    2.53209661E+01
   1.54560554E-01   -9.05536097E-01    2.55314796E+01
   1.55847222E-01   -8.72565419E-01    2.57134062E+01
   1.57144602E-01   -8.39102432E-01    2.58670741E+01
   1.58452782E-01   -8.05178274E-01    2.59928425E+01
   1.59771852E-01   -7.70824023E-01    2.60910832E+01
   1.61101903E-01   -7.36071163E-01    2.61621889E+01
   1.62443026E-01   -7.00951835E-01    2.62065755E+01
   1.63795314E-01   -6.65497681E-01    2.62246648E+01
   1.65158859E-01   -6.29741581E-01    2.62169122E+01
   1.66533755E-01   -5.93715974E-01    2.61837784E+01
   1.67920096E-01   -5.57453742E-01    2.61257458E+01
   1.69317979E-01   -5.20988176E-01    2.60433161E+01
   1.70727498E-01   -4.84351717E-01    2.59369885E+01
   1.72148752E-01   -4.47578115E-01    2.58072994E+01
   1.73581836E-01   -4.10700940E-01    2.56547941E+01
   1.75026851E-01   -3.73753036E-01    2.54800171E+01
   1.76483895E-01   -3.36768489E-01    2.52835499E+01
   1.77953069E-01   -2.99780346E-01    2.50659652E+01
   1.79434473E-01   -2.62821331E-01    2.48278422E+01
   1.80928209E-01   -2.25925580E-01    2.45698021E+01
   1.82434380E-01   -1.89126456E-01    2.42924620E+01
   1.83953089E-01   -1.52455915E-01    2.39964219E+01
   1.85484441E-01   -1.15947135E-01    2.36823217E+01
   1.87028541E-01   -7.96338255E-02    2.33508256E+01
   1.88585496E-01   -4.35472975E-02    2.30025565E+01
   1.90155411E-01   -7.71913988E-03    2.26381570E+01
   1.91738396E-01    2.78178226E-02    2.22583127E+01
   1.93334558E-01    6.30317341E-02    2.18636985E+01
   1.94944008E-01    9.78927368E-02    2.14549553E+01
   1.96566857E-01    1.32370092E-01    2.10327600E+01
   1.98203214E-01    1.66432272E-01    2.05978233E+01
   1.99853194E-01    2.00050058E-01    2.01508108E+01
   2.01516910E-01    2.33195167E-01    1.96923792E+01
   2.03194476E-01    2.65838372E-01    1.92232251E+01
   2.04886006E-01    2.97950357E-01    1.87440628E+01
   2.06591619E-01    3.29504408E-01    1.82555511E+01
   2.08311429E-01    3.60473879E-01    1.77583632E+01
   2.10045557E-01    3.90831668E-01    1.72532021E+01
   2.11794121E-01    4.20552349E-01    1.67407389E+01
   2.13557241E-01    4.49610920E-01    1.62216503E+01
   2.15335039E-01    4.77983017E-01    1.56966111E+01
   2.17127636E-01    5.05645631E-01    1.51662735E+01
   2.18935156E-01    5.32575537E-01    1.46313152E+01
   2.20757723E-01    5.58750837E-01    1.40923913E+01
   2.22595462E-01    5.84150489E-01    1.35501500E+01
   2.24448500E-01    6.08754214E-01    1.30052347E+01
   2.26316964E-01    6.32542625E-01    1.24582802E+01
   2.28200982E-01    6.55497141E-01    1.19099156E+01
   2.30100684E-01    6.77600175E-01    1.13607585E+01
   2.32016201E-01    6.98835027E-01    1.08114179E+01
   2.33947663E-01    7.19185853E-01    1.02624967E+01
   2.35895205E-01    7.38637982E-01    9.71457790E+00
   2.37858959E-01    7.57177621E-01    9.16823769E+00
   2.39839061E-01    7.74791742E-01    8.62404959E+00
   2.41835646E-01    7.91468541E-01    8.08256630E+00
   2.43848853E-01    8.07197284E-01    7.54432455E+00
   2.45878819E-01    8.21968134E-01    7.00985389E+00
   2.47925683E-01    8.35772228E-01    6.47967315E+00
   2.49989587E-01    8.48601813E-01    5.95428482E+00
   2.52070673E-01    8.60450275E-01    5.43417077E+00
   2.54169083E-01    8.71311975E-01    4.91980317E+00
   2.56284961E-01    8.81182202E-01    4.41164642E+00
   2.58418454E-01    8.90057448E-01    3.91014198E+00
   2.60569707E-01    8.97935298E-01    3.41571204E+00
   2.62738868E-01    9.04814291E-01    2.92877169E+00
   2.64926088E-01    9.10694056E-01    2.44971609E+00
   2.67131515E-01    9.15575313E-01    1.97892296E+00
   2.69355301E-01    9.19459793E-01    1.51675639E+00
   2.71597600E-01    9.22350306E-01    1.06356139E+00
   2.73858566E-01    9.24250691E-01    6.19667570E-01
   2.76138353E-01    9.25165828E-01    1.85386014E-01
   2.78437119E-01    9.25101619E-01   -2.38988182E-01
   2.80755021E-01    9.24064988E-01   -6.53177155E-01
   2.83092219E-01    9.22063856E-01   -1.05692153E+00
   2.85448874E-01    9.19107148E-01   -1.44997777E+00
   2.87825147E-01    9.15204755E-01   -1.83212118E+00
   2.90221202E-01    9.10367543E-01   -2.20314350E+00
   2.92637203E-01    9.04607321E-01   -2.56285427E+00
   2.95073316E-01    8.97936823E-01   -2.91108070E+00
   2.97529710E-01    8.90369701E-01   -3.24766685E+00
   3.00006552E-01    8.81920493E-01   -3.57247430E+00
   3.02504013E-01    8.72604611E-01   -3.88538161E+00
   3.05022265E-01    8.62438322E-01   -4.18628425E+00
   3.07561480E-01    8.51438694E-01   -4.47509498E+00
   3.10121834E-01    8.39623613E-01   -4.75174274E+00
   3.12703502E-01    8.27011756E-01   -5.01617292E+00
   3.15306661E-01    8.13622520E-01   -5.26834743E+00
   3.17931491E-01    7.99476036E-01   -5.50824398E+00
   3.20578171E-01    7.84593142E-01   -5.73585597E+00
   3.23246885E-01    7.68995331E-01   -5.95119226E+00
   3.25937814E-01    7.52704722E-01   -6.15427692E+00
   3.28651145E-01    7.35744071E-01   -6.34514862E+00
   3.31387064E-01    7.18136682E-01   -6.52386062E+00
   3.34145758E-01    6.99906425E-01   -6.69048019E+00
   3.36927417E-01    6.81077752E-01   -6.84508853E+00
   3.39732233E-01    6.61675366E-01   -6.98777971E+00
   3.42560398E-01    6.41724625E-01   -7.11866116E+00
   3.45412107E-01    6.21251327E-01   -7.23785263E+00
   3.48287555E-01    6.00281553E-01   -7.34548608E+00
   3.51186940E-01    5.78841732E-01   -7.44170489E+00
   3.54110462E-01    5.56958652E-01   -7.52666379E+00
   3.57058322E-01    5.34659397E-01   -7.60052837E+00
   3.60030721E-01    5.11971226E-01   -7.66347412E+00
   3.63027865E-01    4.88921672E-01   -7.71568659E+00
   3.66049959E-01    4.65538467E-01   -7.75736087E+00
   3.69097210E-01    4.41849421E-01   -7.78870041E+00
   3.72169830E-01    4.17882492E-01   -7.80991728E+00
   3.75268028E-01    3.93665808E-01   -7.82123216E+00
   3.78392017E-01    3.69227242E-01   -7.82287074E+00
   3.81542013E-01    3.44595093E-01   -7.81506893E+00
   3.84718231E-01    3.19797423E-01   -7.79806745E+00
   3.87920891E-01    2.94862128E-01   -7.77211181E+00
   3.91150212E-01    2.69817199E-01   -7.73745474E+00
   3.94406415E-01    2.44690510E-01   -7.69435382E+00
   3.97689726E-01    2.19509625E-01   -7.64306981E+00
   4.01000369E-01    1.94302176E-01   -7.58386983E+00
   4.04338572E-01    1.69095268E-01   -7.51702152E+00
   4.07704565E-01    1.43916138E-01   -7.44279943E+00
   4.11098578E-01    1.18791350E-01   -7.36147659E+00
   4.14520846E-01    9.37475882E-02   -7.27333282E+00
   4.17971603E-01    6.88107891E-02   -7.17864511E+00
   4.21451086E-01    4.40069521E-02   -7.07769658E+00
   4.24959536E-01    1.93613022E-02   -6.97076679E+00
   4.28497191E-01   -5.10097125E-03   -6.85814028E+00
   4.32064297E-01   -2.93554661E-02   -6.74009754E+00
   4.35661098E-01   -5.33777740E-02   -6.61692456E+00
   4.39287841E-01   -7.71447101E-02   -6.48889731E+00
   4.42944775E-01   -1.00632734E-01   -6.35630206E+00
   4.46632153E-01   -1.23819335E-01   -6.21941695E+00
   4.50350226E-01   -1.46682570E-01   -6.07851846E+00
   4.54099252E-01   -1.69200629E-01   -5.93388693E+00
   4.57879486E-01   -1.91352950E-01   -5.78579124E+00
   4.61691191E-01   -2.13118833E-01   -5.63450830E+00
   4.65534626E-01   -2.34478862E-01   -5.48030244E+00
   4.69410057E-01   -2.55413904E-01   -5.32344022E+00
   4.73317749E-01   -2.75905408E-01   -5.16418576E+00
   4.77257972E-01   -2.95935701E-01   -5.00279650E+00
   4.81230996E-01   -3.15487734E-01   -4.83952669E+00
   4.85237094E-01   -3.34545090E-01   -4.67462753E+00
   4.89276542E-01   -3.53092131E-01   -4.50834462E+00
   4.93349617E-01   -3.71113827E-01   -4.34092095E+00
   4.97456599E-01   -3.88596028E-01   -4.17259190E+00
   5.01597770E-01   -4.05525284E-01   -4.00358858E+00
   5.05773415E-01   -4.21888699E-01   -3.83414038E+00
   5.09983822E-01   -4.37674273E-01   -3.66446890E+00
   5.14229278E-01   -4.52870903E-01   -3.49478734E+00
   5.18510077E-01   -4.67468073E-01   -3.32530671E+00
   5.22826512E-01   -4.81455960E-01   -3.15623373E+00
   5.27178880E-01   -4.94825606E-01   -2.98776758E+00
   5.31567480E-01   -5.07568973E-01   -2.82009785E+00
   5.35992613E-01   -5.19678628E-01   -2.65341184E+00
   5.40454585E-01   -5.31147822E-01   -2.48789257E+00
   5.44953701E-01   -5.41970762E-01   -2.32371274E+00
   5.49490271E-01   -5.52142348E-01   -2.16104038E+00
   5.54064606E-01   -5.61658254E-01   -2.00003689E+00
   5.58677022E-01   -5.70514919E-01   -1.84085727E+00
   5.63327834E-01   -5.78709531E-01   -1.68365021E+00
   5.68017363E-01   -5.86240045E-01   -1.52855751E+00
   5.72745930E-01   -5.93105156E-01   -1.37571463E+00
   5.77513862E-01   -5.99304303E-01   -1.22525029E+00
   5.82321485E-01   -6.04837652E-01   -1.07728684E+00
   5.87169130E-01   -6.09706094E-01   -9.31940027E-01
   5.92057130E-01   -6.13911238E-01   -7.89318872E-01
   5.96985821E-01   -6.17455391E-01   -6.49526015E-01
   6.01955543E-01   -6.20341555E-01   -5.12657515E-01
   6.06966635E-01   -6.22573411E-01   -3.78803063E-01
   6.12019443E-01   -6.24155308E-01   -2.48045892E-01
   6.17114315E-01   -6.25092248E-01   -1.20462901E-01
   6.22251599E-01   -6.25389875E-01    3.87528637E-03
   6.27431650E-01   -6.25054458E-01    1.24904245E-01
   6.32654823E-01   -6.24092876E-01    2.42565678E-01
   6.37921477E-01   -6.22512604E-01    3.56807311E-01
   6.43231975E-01   -6.20321693E-01    4.67582819E-01
   6.48586681E-01   -6.17528762E-01    5.74851667E-01
   6.53985963E-01   -6.14142957E-01    6.78579220E-01
   6.59430193E-01   -6.10173976E-01    7.78736219E-01
   6.64919744E-01   -6.05632005E-01    8.75299085E-01
   6.70454993E-01   -6.00527729E-01    9.68249568E-01
   6.76036322E-01   -5.94872300E-01    1.05757469E+00
   6.81664114E-01   -5.88677323E-01    1.14326659E+00
   6.87338756E-01   -5.81954835E-01    1.22532242E+00
   6.93060637E-01   -5.74717285E-01    1.30374421E+00
   6.98830151E-01   -5.66977511E-01    1.37853869E+00
   7.04647694E-01   -5.58748725E-01    1.44971719E+00
   7.10513667E-01   -5.50044488E-01    1.51729549E+00
   7.16428472E-01   -5.40878694E-01    1.58129367E+00
   7.22392516E-01   -5.31265537E-01    1.64173593E+00
   7.28406209E-01   -5.21219511E-01    1.69865052E+00
   7.34469964E-01   -5.10755372E-01    1.75206950E+00
   7.40584197E-01   -4.99888115E-01    1.80202866E+00
   7.46749330E-01   -4.88632963E-01    1.84856731E+00
   7.52965786E-01   -4.77005350E-01    1.89172819E+00
   7.59233991E-01   -4.65020880E-01    1.93155724E+00
   7.65554378E-01   -4.52695323E-01    1.96810352E+00
   7.71927380E-01   -4.40044588E-01    2.00141899E+00
   7.78353435E-01   -4.27084701E-01    2.03155841E+00
   7.84832985E-01   -4.13831786E-01    2.05857912E+00
   7.91366475E-01   -4.00302048E-01    2.08254098E+00
   7.97954355E-01   -3.86511735E-01    2.10350609E+00
   8.04597076E-01   -3.72477151E-01    2.12153876E+00
   8.11295096E-01   -3.58214596E-01    2.13670526E+00
   8.18048875E-01   -3.43740383E-01    2.14907373E+00
   8.24858877E-01   -3.29070785E-01    2.15871397E+00
   8.31725571E-01   -3.14222052E-01    2.16569738E+00
   8.38649427E-01   -2.99210353E-01    2.17009669E+00
   8.45630922E-01   -2.84051791E-01    2.17198591E+00
   8.52670537E-01   -2.68762366E-01    2.17144014E+00
   8.59768753E-01   -2.53357963E-01    2.16853545E+00
   8.66926060E-01   -2.37854338E-01    2.16334872E+00
   8.74142950E-01   -2.22267096E-01    2.15595749E+00
   8.81419918E-01   -2.06611674E-01    2.14643986E+00
   8.88757464E-01   -1.90903333E-01    2.13487432E+00
   8.96156093E-01   -1.75157140E-01    2.12133969E+00
   9.03616314E-01   -1.59387940E-01    2.10591484E+00
   9.11138638E-01   -1.43610374E-01    2.08867879E+00
   9.18723584E-01   -1.27838826E-01    2.06971039E+00
   9.26371671E-01   -1.12087445E-01    2.04908832E+00
   9.34083427E-01   -9.63700935E-02    2.02689085E+00
   9.41859381E-01   -8.07003886E-02    2.00319595E+00
   9.49700067E-01   -6.50916534E-02    1.97808104E+00
   9.57606024E-01   -4.95569150E-02    1.95162290E+00
   9.65577796E-01   -3.41088544E-02    1.92389730E+00
   9.73615931E-01   -1.87599215E-02    1.89497978E+00
   9.81720980E-01   -3.52219202E-03    1.86494460E+00
   9.89893501E-01    1.15926297E-02    1.83386477E+00
   9.98134057E-01    2.65730783E-02    1.80181294E+00
   1.00644321E+00    4.14081402E-02    1.76885983E+00
   1.01482154E+00    5.60870605E-02    1.73507565E+00
   1.02326961E+00    7.05994909E-02    1.70052897E+00
   1.03178801E+00    8.49354404E-02    1.66528704E+00
   1.04037733E+00    9.90852747E-02    1.62941581E+00
   1.04903814E+00    1.13039729E-01    1.59297979E+00
   1.05777106E+00    1.26789920E-01    1.55604191E+00
   1.06657667E+00    1.40327331E-01    1.51866366E+00
   1.07545559E+00    1.53643823E-01    1.48090496E+00
   1.08440843E+00    1.66731635E-01    1.44282410E+00
   1.09343579E+00    1.79583386E-01    1.40447778E+00
   1.10253830E+00    1.92192079E-01    1.36592096E+00
   1.11171659E+00    2.04551084E-01    1.32720705E+00
   1.12097128E+00    2.16654162E-01    1.28838764E+00
   1.13030302E+00    2.28495446E-01    1.24951267E+00
   1.13971244E+00    2.40069441E-01    1.21063038E+00
   1.14920019E+00    2.51371031E-01    1.17178723E+00
   1.15876693E+00    2.62395467E-01    1.13302796E+00
   1.16841330E+00    2.73138371E-01    1.09439559E+00
   1.17813998E+00    2.83595727E-01    1.05593139E+00
   1.18794762E+00    2.93763883E-01    1.01767490E+00
   1.19783692E+00    3.03639542E-01    9.79663932E-01
   1.20780854E+00    3.13219758E-01    9.41934592E-01
   1.21786317E+00    3.22501935E-01    9.04521280E-01
   1.22800150E+00    3.31483817E-01    8.67456708E-01
   1.23822423E+00    3.40163488E-01    8.30771919E-01
   1.24853206E+00    3.48539361E-01    7.94496300E-01
   1.25892570E+00    3.56610176E-01    7.58657609E-01
   1.26940587E+00    3.64374990E-01    7.23281995E-01
   1.27997327E+00    3.71833174E-01    6.88394021E-01
   1.29062865E+00    3.78984405E-01    6.54016692E-01
   1.30137274E+00    3.85828659E-01    6.20171482E-01
   1.31220626E+00    3.92366204E-01    5.86878361E-01
   1.32312997E+00    3.98597592E-01    5.54155827E-01
   1.33414461E+00    4.04523653E-01    5.22020936E-01
   1.34525095E+00    4.10145487E-01    4.90489336E-01
   1.35644975E+00    4.15464455E-01    4.59575296E-01
   1.36774177E+00    4.20482172E-01    4.29291744E-01
   1.37912779E+00    4.25200502E-01    3.99650301E-01
   1.39060860E+00    4.29621544E-01    3.70661313E-01
   1.40218498E+00    4.33747628E-01    3.42333890E-01
   1.41385774E+00    4.37581307E-01    3.14675943E-01
   1.42562766E+00    4.41125347E-01    2.87694218E-01
   1.43749557E+00    4.44382721E-01    2.61394333E-01
   1.44946227E+00    4.47356596E-01    2.35780817E-01
   1.46152859E+00    4.50050332E-01    2.10857147E-01
   1.47369536E+00    4.52467467E-01    1.86625785E-01
   1.48596342E+00    4.54611713E-01    1.63088216E-01
   1.49833360E+00    4.56486946E-01    1.40244983E-01
   1.51080676E+00    4.58097197E-01    1.18095728E-01
   1.52338376E+00    4.59446646E-01    9.66392255E-02
   1.53606545E+00    4.60539612E-01    7.58734235E-02
   1.54885272E+00    4.61380546E-01    5.57954762E-02
   1.56174644E+00    4.61974022E-01    3.64017821E-02
   1.57474749E+00    4.62324733E-01    1.76880202E-02
   1.58785677E+00    4.62437474E-01   -3.50815148E-04
   1.60107519E+00    4.62317145E-01   -1.77203790E-02
   1.61440364E+00    4.61968737E-01   -3.44269409E-02
   1.62784305E+00    4.61397326E-01   -5.04773516E-02
   1.64139433E+00    4.60608064E-01   -6.58790077E-02
   1.65505843E+00    4.59606176E-01   -8.06398220E-02
   1.66883628E+00    4.58396948E-01   -9.47681882E-02
   1.68272882E+00    4.56985723E-01   -1.08272951E-01
   1.69673701E+00    4.55377892E-01   -1.21163373E-01
   1.71086182E+00    4.53578890E-01   -1.33449109E-01
   1.72510421E+00    4.51594187E-01   -1.45140173E-01
   1.73946517E+00    4.49429280E-01   -1.56246905E-01
   1.75394567E+00    4.47089693E-01   -1.66779955E-01
   1.76854672E+00    4.44580964E-01   -1.76750246E-01
   1.78326932E+00    4.41908641E-01   -1.86168948E-01
   1.79811449E+00    4.39078279E-01   -1.95047459E-01
   1.81308323E+00    4.36095433E-01   -2.03397375E-01
   1.82817658E+00    4.32965647E-01   -2.11230457E-01
   1.84339558E+00    4.29694455E-01   -2.18558628E-01
   1.85874128E+00    4.26287380E-01   -2.25393941E-01
   1.87421472E+00    4.22749916E-01   -2.31748552E-01
   1.88981697E+00    4.19087533E-01   -2.37634702E-01
   1.90554911E+00    4.15305670E-01   -2.43064701E-01
   1.92141221E+00    4.11409728E-01   -2.48050903E-01
   1.93740737E+00    4.07405070E-01   -2.52605695E-01
   1.95353569E+00    4.03297014E-01   -2.56741472E-01
   1.96979826E+00    3.99090828E-01   -2.60470623E-01
   1.98619622E+00    3.94791731E-01   -2.63805517E-01
   2.00273068E+00    3.90404884E-01   -2.66758483E-01
   2.01940279E+00    3.85935388E-01   -2.69341801E-01
   2.03621369E+00    3.81388282E-01   -2.71567681E-01
   2.05316454E+00    3.76768541E-01   -2.73448257E-01
   2.07025649E+00    3.72081068E-01   -2.74995573E-01
   2.08749073E+00    3.67330696E-01   -2.76221564E-01
   2.10486844E+00    3.62522183E-01   -2.77138055E-01
   2.12239082E+00    3.57660213E-01   -2.77756748E-01
   2.14005906E+00    3.52749385E-01   -2.78089201E-01
   2.15787439E+00    3.47794222E-01   -2.78146842E-01
   2.17583802E+00    3.42799160E-01   -2.77940935E-01
   2.19395119E+00    3.37768551E-01   -2.77482589E-01
   2.21221515E+00    3.32706661E-01   -2.76782746E-01
   2.23063116E+00    3.27617664E-01   -2.75852172E-01
   2.24920047E+00    3.22505645E-01   -2.74701450E-01
   2.26792436E+00    3.17374600E-01   -2.73340982E-01
   2.28680412E+00    3.12228427E-01   -2.71780973E-01
   2.30584106E+00    3.07070934E-01   -2.70031435E-01
   2.32503646E+00    3.01905833E-01   -2.68102179E-01
   2.34439167E+00    2.96736739E-01   -2.66002809E-01
   2.36390800E+00    2.91567171E-01   -2.63742724E-01
   2.38358680E+00    2.86400552E-01   -2.61331111E-01
   2.40342942E+00    2.81240205E-01   -2.58776942E-01
   2.42343722E+00    2.76089359E-01   -2.56088978E-01
   2.44361158E+00    2.70951141E-01   -2.53275759E-01
   2.46395388E+00    2.65828581E-01   -2.50345608E-01
   2.48446553E+00    2.60724611E-01   -2.47306629E-01
   2.50514793E+00    2.55642064E-01   -2.44166704E-01
   2.52600251E+00    2.50583675E-01   -2.40933494E-01
   2.54703069E+00    2.45552083E-01   -2.37614445E-01
   2.56823393E+00    2.40549825E-01   -2.34216773E-01
   2.58961368E+00    2.35579346E-01   -2.30747483E-01
   2.61117141E+00    2.30642990E-01   -2.27213356E-01
   2.63290860E+00    2.25743009E-01   -2.23620955E-01
   2.65482674E+00    2.20881557E-01   -2.19976641E-01
   2.67692735E+00    2.16060694E-01   -2.16286518E-01
   2.69921193E+00    2.11282388E-01   -2.12556522E-01
   2.72168203E+00    2.06548512E-01   -2.08792358E-01
   2.74433919E+00    2.01860849E-01   -2.04999522E-01
   2.76718496E+00    1.97221090E-01   -2.01183304E-01
   2.79022091E+00    1.92630838E-01   -1.97348788E-01
   2.81344863E+00    1.88091605E-01   -1.93500858E-01
   2.83686971E+00    1.83604819E-01   -1.89644197E-01
   2.86048577E+00    1.79171819E-01   -1.85783291E-01
   2.88429842E+00    1.74793862E-01   -1.81922435E-01
   2.90830931E+00    1.70472121E-01   -1.78065731E-01
   2.93252008E+00    1.66207687E-01   -1.74217095E-01
   2.95693240E+00    1.62001569E-01   -1.70380260E-01
   2.98154794E+00    1.57854701E-01   -1.66558778E-01
   3.00636840E+00    1.53767936E-01   -1.62756026E-01
   3.03139548E+00    1.49742053E-01   -1.58975205E-01
   3.05663090E+00    1.45777758E-01   -1.55219350E-01
   3.08207640E+00    1.41875682E-01   -1.51491329E-01
   3.10773373E+00    1.38036387E-01   -1.47793847E-01
   3.13360464E+00    1.34260365E-01   -1.44129453E-01
   3.15969092E+00    1.30548041E-01   -1.40500541E-01
   3.18599437E+00    1.26899774E-01   -1.36909356E-01
   3.21251678E+00    1.23315858E-01   -1.33357996E-01
   3.23925998E+00    1.19796527E-01   -1.29848417E-01
   3.26622581E+00    1.16341952E-01   -1.26382437E-01
   3.29341612E+00    1.12952248E-01   -1.22961738E-01
   3.32083279E+00    1.09627470E-01   -1.19587875E-01
   3.34847769E+00    1.06367620E-01   -1.16262273E-01
   3.37635272E+00    1.03172644E-01   -1.12986238E-01
   3.40445981E+00    1.00042440E-01   -1.09760955E-01
   3.43280087E+00    9.69768524E-02   -1.06587496E-01
   3.46137787E+00    9.39756799E-02   -1.03466820E-01
   3.49019276E+00    9.10386735E-02   -1.00399783E-01
   3.51924753E+00    8.81655400E-02   -9.73871341E-02
   3.54854417E+00    8.53559431E-02   -9.44295259E-02
   3.57808470E+00    8.26095055E-02   -9.15275140E-02
   3.60787114E+00    7.99258102E-02   -8.86815630E-02
   3.63790554E+00    7.73044026E-02   -8.58920488E-02
   3.66818997E+00    7.47447919E-02   -8.31592631E-02
   3.69872651E+00    7.22464529E-02   -8.04834167E-02
   3.72951726E+00    6.98088276E-02   -7.78646424E-02
   3.76056433E+00    6.74313272E-02   -7.53029994E-02
   3.79186986E+00    6.51133329E-02   -7.27984760E-02
   3.82343599E+00    6.28541984E-02   -7.03509931E-02
   3.85526491E+00    6.06532508E-02   -6.79604074E-02
   3.88735879E+00    5.85097925E-02   -6.56265148E-02
   3.91971984E+00    5.64231027E-02   -6.33490533E-02
   3.95235028E+00    5.43924388E-02   -6.11277059E-02
   3.98525237E+00    5.24170377E-02   -5.89621041E-02
   4.01842835E+00    5.04961177E-02   -5.68518301E-02
   4.05188052E+00    4.86288796E-02   -5.47964205E-02
   4.08561116E+00    4.68145082E-02   -5.27953681E-02
   4.11962260E+00    4.50521733E-02   -5.08481255E-02
   4.15391718E+00    4.33410319E-02   -4.89541071E-02
   4.18849725E+00    4.16802284E-02   -4.71126920E-02
   4.22336518E+00    4.00688966E-02   -4.53232261E-02
   4.25852338E+00    3.85061610E-02   -4.35850251E-02
   4.29397426E+00    3.69911373E-02   -4.18973764E-02
   4.32972026E+00    3.55229345E-02   -4.02595415E-02
   4.36576383E+00    3.41006552E-02   -3.86707581E-02
   4.40210746E+00    3.27233974E-02   -3.71302421E-02
   4.43875363E+00    3.13902549E-02   -3.56371902E-02
   4.47570487E+00    3.01003190E-02   -3.41907813E-02
   4.51296372E+00    2.88526792E-02   -3.27901786E-02
   4.55053274E+00    2.76464241E-02   -3.14345316E-02
   4.58841451E+00    2.64806426E-02   -3.01229777E-02
   4.62661163E+00    2.53544246E-02   -2.88546440E-02
   4.66512673E+00    2.42668617E-02   -2.76286488E-02
   4.70396246E+00    2.32170490E-02   -2.64441036E-02
   4.74312148E+00    2.22040843E-02   -2.53001138E-02
   4.78260649E+00    2.12270698E-02   -2.41957803E-02
   4.82242020E+00    2.02851154E-02   -2.31302039E-02
   4.86256535E+00    1.93773326E-02   -2.21024797E-02
   4.90304469E+00    1.85028426E-02   -2.11117057E-02
   4.94386101E+00    1.76607726E-02   -2.01569799E-02
   4.98501711E+00    1.68502581E-02   -1.92374025E-02
   5.02651583E+00    1.60704428E-02   -1.83520770E-02
   5.06836001E+00    1.53204796E-02   -1.75001114E-02
   5.11055253E+00    1.45995305E-02   -1.66806185E-02
   5.15309629E+00    1.39067681E-02   -1.58927176E-02
   5.19599421E+00    1.32413750E-02   -1.51355351E-02
   5.23924924E+00    1.26025450E-02   -1.44082049E-02
   5.28286436E+00    1.19894833E-02   -1.37098700E-02
   5.32684256E+00    1.14014067E-02   -1.30396824E-02
   5.37118687E+00    1.08375441E-02   -1.23968043E-02
   5.41590033E+00    1.02971369E-02   -1.17804086E-02
   5.46098601E+00    9.77943915E-03   -1.11896792E-02
   5.50644702E+00    9.28371791E-03   -1.06238119E-02
   5.55228647E+00    8.80925348E-03   -1.00820149E-02
   5.59850753E+00    8.35533996E-03   -9.56350930E-03
   5.64511336E+00    7.92128435E-03   -9.06752851E-03
   5.69210717E+00    7.50640835E-03   -8.59332045E-03
   5.73949219E+00    7.11004693E-03   -8.14014611E-03
   5.78727168E+00    6.73154975E-03   -7.70728122E-03
   5.83544891E+00    6.37028019E-03   -7.29401539E-03
   5.88402721E+00    6.02561651E-03   -6.89965350E-03
   5.93300990E+00    5.69695079E-03   -6.52351472E-03
   5.98240036E+00    5.38368981E-03   -6.16493348E-03
   6.03220198E+00    5.08525467E-03   -5.82325930E-03
   6.08241819E+00    4.80108102E-03   -5.49785709E-03
   6.13305242E+00    4.53061878E-03   -5.18810692E-03
   6.18410817E+00    4.27333235E-03   -4.89340440E-03
   6.23558895E+00    4.02870046E-03   -4.61316052E-03
   6.28749829E+00    3.79621596E-03   -4.34680158E-03
   6.33983975E+00    3.57538616E-03   -4.09376957E-03
   6.39261694E+00    3.36573212E-03   -3.85352152E-03
   6.44583349E+00    3.16678907E-03   -3.62552995E-03
   6.49949304E+00    2.97810601E-03   -3.40928255E-03
   6.55359930E+00    2.79924564E-03   -3.20428210E-03
   6.60815597E+00    2.62978431E-03   -3.01004652E-03
   6.66316681E+00    2.46931156E-03   -2.82610833E-03
   6.71863560E+00    2.31743029E-03   -2.65201496E-03
   6.77456615E+00    2.17375634E-03   -2.48732827E-03
   6.83096231E+00    2.03791842E-03   -2.33162448E-03
   6.88782794E+00    1.90955793E-03   -2.18449409E-03
   6.94516696E+00    1.78832851E-03   -2.04554130E-03
   7.00298332E+00    1.67389622E-03   -1.91438432E-03
   7.06128097E+00    1.56593886E-03   -1.79065458E-03
   7.12006394E+00    1.46414611E-03   -1.67399689E-03
   7.17933625E+00    1.36821918E-03   -1.56406919E-03
   7.23910199E+00    1.27787051E-03   -1.46054205E-03
   7.29936526E+00    1.19282343E-03   -1.36309844E-03
   7.36013020E+00    1.11281218E-03   -1.27143369E-03
   7.42140100E+00    1.03758150E-03   -1.18525509E-03
   7.48318185E+00    9.66886282E-04   -1.10428149E-03
   7.54547701E+00    9.00491493E-04   -1.02824319E-03
   7.60829075E+00    8.38171868E-04   -9.56881652E-04
   7.67162740E+00    7.79711495E-04   -8.89949012E-04
   7.73549131E+00    7.24903771E-04   -8.27208038E-04
   7.79988687E+00    6.73551023E-04   -7.68431710E-04
   7.86481850E+00    6.25464216E-04   -7.13402894E-04
   7.93029066E+00    5.80462829E-04   -6.61914201E-04
   7.99630786E+00    5.38374413E-04   -6.13767495E-04
   8.06287464E+00    4.99034481E-04   -5.68773764E-04
   8.12999556E+00    4.62286196E-04   -5.26752772E-04
   8.19767524E+00    4.27980093E-04   -4.87532747E-04
   8.26591833E+00    3.95973878E-04   -4.50950144E-04
   8.33472953E+00    3.66132136E-04   -4.16849326E-04
   8.40411356E+00    3.38326124E-04   -3.85082319E-04
   8.47407519E+00    3.12433467E-04   -3.55508471E-04
   8.54461922E+00    2.88338016E-04   -3.27994286E-04
   8.61575052E+00    2.65929523E-04   -3.02413059E-04
   8.68747396E+00    2.45103462E-04   -2.78644668E-04
   8.75979447E+00    2.25760768E-04   -2.56575271E-04
   8.83271703E+00    2.07807691E-04   -2.36097148E-04
   8.90624665E+00    1.91155473E-04   -2.17108324E-04
   8.98038838E+00    1.75720204E-04   -1.99512404E-04
   9.05514732E+00    1.61422607E-04   -1.83218330E-04
   9.13052860E+00    1.48187843E-04   -1.68140153E-04
   9.20653741E+00    1.35945291E-04   -1.54196781E-04
   9.28317897E+00    1.24628379E-04   -1.41311785E-04
   9.36045854E+00    1.14174389E-04   -1.29413175E-04
   9.43838144E+00    1.04524279E-04   -1.18433195E-04
   9.51695303E+00    9.56225162E-05   -1.08308130E-04
   9.59617870E+00    8.74168888E-05   -9.89780857E-05
   9.67606390E+00    7.98583753E-05   -9.03868454E-05
   9.75661412E+00    7.29009511E-05   -8.24816404E-05
   9.83783489E+00    6.65014653E-05   -7.52130105E-05
   9.91973181E+00    6.06194776E-05   -6.85346153E-05
   1.00023105E+01    5.52171120E-05   -6.24030656E-05
   1.00855766E+01    5.02589562E-05   -5.67778062E-05
   1.01695359E+01    4.57118536E-05   -5.16208775E-05
   1.02541941E+01    4.15449055E-05   -4.68969160E-05
   1.03395571E+01    3.77291889E-05   -4.25728306E-05
   1.04256307E+01    3.42377802E-05   -3.86178279E-05
   1.05124208E+01    3.10455710E-05   -3.50032010E-05
   1.05999334E+01    2.81291809E-05   -3.17022282E-05
   1.06881746E+01    2.54668578E-05   -2.86900582E-05
   1.07771503E+01    2.30383823E-05   -2.59435990E-05
   1.08668667E+01    2.08249631E-05   -2.34413987E-05
   1.09573300E+01    1.88091708E-05   -2.11635674E-05
   1.10485464E+01    1.69748313E-05   -1.90916552E-05
   1.11405221E+01    1.53069660E-05   -1.72085834E-05
   1.12332635E+01    1.37917025E-05   -1.54985406E-05
   1.13267769E+01    1.24162106E-05   -1.39469102E-05
   1.14210688E+01    1.11686309E-05   -1.25401868E-05
   1.15161456E+01    1.00380139E-05   -1.12659072E-05
   1.16120139E+01    9.01425299E-06   -1.01125723E-05
   1.17086803E+01    8.08803605E-06   -9.06959221E-06
   1.18061514E+01    7.25078220E-06   -8.12721278E-06
   1.19044340E+01    6.49460022E-06   -7.27646813E-06
   1.20035347E+01    5.81222836E-06   -6.50911145E-06
   1.21034604E+01    5.19700147E-06   -5.81757707E-06
   1.22042179E+01    4.64279934E-06   -5.19492122E-06
   1.23058142E+01    4.14401168E-06   -4.63478180E-06
   1.24082563E+01    3.69549807E-06   -4.13133239E-06
   1.25115512E+01    3.29255455E-06   -3.67924395E-06
   1.26157059E+01    2.93087936E-06   -3.27364550E-06
   1.27207278E+01    2.60654166E-06   -2.91008832E-06
   1.28266239E+01    2.31595310E-06   -2.58451337E-06
   1.29334015E+01    2.05584589E-06   -2.29322614E-06
   1.30410680E+01    1.82324387E-06   -2.03286356E-06
   1.31496309E+01    1.61542777E-06   -1.80035440E-06
   1.32590975E+01    1.42993558E-06   -1.59291949E-06
   1.33694753E+01    1.26452215E-06   -1.40802576E-06
   1.34807720E+01    1.11716929E-06   -1.24339750E-06
   1.35929953E+01    9.86021450E-07   -1.09694336E-06
   1.37061527E+01    8.69413564E-07   -9.66787767E-07
   1.38202522E+01    7.65836311E-07   -8.51231493E-07
   1.39353015E+01    6.73925353E-07   -7.48739349E-07
   1.40513085E+01    5.92447666E-07   -6.57924649E-07
   1.41682813E+01    5.20292359E-07   -5.77538745E-07
   1.42862278E+01    4.56457507E-07   -5.06456076E-07
   1.44051562E+01    4.00042192E-07   -4.43665104E-07
   1.45250747E+01    3.50234963E-07   -3.88255237E-07
   1.46459914E+01    3.06307929E-07   -3.39410102E-07
   1.47679147E+01    2.67607445E-07   -2.96396996E-07
   1.48908530E+01    2.33547790E-07   -2.58559715E-07
   1.50148147E+01    2.03604527E-07   -2.25311039E-07
   1.51398084E+01    1.77308391E-07   -1.96125808E-07
   1.52658425E+01    1.54240146E-07   -1.70535110E-07
   1.53929259E+01    1.34025733E-07   -1.48120791E-07
   1.55210672E+01    1.16331656E-07   -1.28510250E-07
   1.56502753E+01    1.00860812E-07   -1.11371720E-07
   1.57805590E+01    8.73489914E-08   -9.64103344E-08
   1.59119272E+01    7.55614886E-08   -8.33642934E-08
   1.60443890E+01    6.52898987E-08   -7.20012609E-08
   1.61779536E+01    5.63495811E-08   -6.21155069E-08
   1.63126300E+01    4.85769622E-08   -5.35248730E-08
   1.64484276E+01    4.18273977E-08   -4.60683682E-08
   1.65853556E+01    3.59730970E-08   -3.96038365E-08
   1.67234235E+01    3.09013541E-08   -3.40059703E-08
   1.68626408E+01    2.65128193E-08   -2.91643707E-08
   1.70030171E+01    2.27199872E-08   -2.49818522E-08
   1.71445619E+01    1.94459954E-08   -2.13730955E-08
   1.72872850E+01    1.66233183E-08   -1.82631851E-08
   1.74311963E+01    1.41927462E-08   -1.55864664E-08
   1.75763056E+01    1.21024097E-08   -1.32854542E-08
   1.77226228E+01    1.03069262E-08   -1.13098788E-08
   1.78701582E+01    8.76667655E-09   -9.61587772E-09
   1.80189217E+01    7.44704098E-09   -8.16514305E-09
   1.81689236E+01    6.31787297E-09   -6.92433397E-09
   1.83201742E+01    5.35293907E-09   -5.86445237E-09
   1.84726840E+01    4.52943259E-09   -4.96030084E-09
   1.86264633E+01    3.82753686E-09   -4.18999661E-09
   1.87815228E+01    3.23008510E-09   -3.53459267E-09
   1.89378731E+01    2.72223643E-09   -2.97771742E-09
   1.90955250E+01    2.29111609E-09   -2.50517514E-09
   1.92544893E+01    1.92563588E-09   -2.10474619E-09
   1.94147770E+01    1.61622535E-09   -1.76588870E-09
   1.95763989E+01    1.35464240E-09   -1.47952848E-09
   1.97393664E+01    1.13380457E-09   -1.23787187E-09
   1.99036904E+01    9.47627949E-10   -1.03422731E-09
   2.00693825E+01    7.90891609E-10   -8.62855097E-10
   2.02364538E+01    6.59129744E-10   -7.18848409E-10
   2.04049160E+01    5.48522000E-10   -5.98010571E-10
   2.05747806E+01    4.55806634E-10   -4.96763697E-10
   2.07460592E+01    3.78203145E-10   -4.12043821E-10
   2.09187637E+01    3.13346169E-10   -3.41257957E-10
   2.10929059E+01    2.59223029E-10   -2.82211623E-10
   2.12684978E+01    2.14124822E-10   -2.33030126E-10
   2.14455514E+01    1.76603661E-10   -1.92127642E-10
   2.16240789E+01    1.45433840E-10   -1.58161910E-10
   2.18040926E+01    1.19579544E-10   -1.29999240E-10
   2.19856049E+01    9.81691556E-11   -1.06686065E-10
   2.21686282E+01    8.04652431E-11   -8.74159904E-11
   2.23531752E+01    6.58495476E-11   -7.15132393E-11
   2.25392584E+01    5.38024440E-11   -5.84100980E-11
   2.27268907E+01    4.38882156E-11   -4.76307344E-11
   2.29160850E+01    3.57430328E-11   -3.87779968E-11
   2.31068543E+01    2.90616542E-11   -3.15188274E-11
   2.32992116E+01    2.35902269E-11   -2.55763603E-11
   2.34931703E+01    1.91170415E-11   -2.07197899E-11
   2.36887436E+01    1.54658522E-11   -1.67570534E-11
   2.38859450E+01    1.24910851E-11   -1.35295790E-11
   2.40847881E+01    1.00711846E-11   -1.09050101E-11
   2.42852865E+01    8.10603432E-12   -8.77437974E-12
   2.44874539E+01    6.51302437E-12   -7.04781126E-12
   2.46913043E+01    5.22384831E-12   -5.65101873E-12
   2.48968518E+01    4.18260424E-12   -4.52323095E-12
   2.51041103E+01    3.34287449E-12   -3.61400599E-12
   2.53130942E+01    2.66688949E-12   -2.88231631E-12
   2.55238178E+01    2.12381520E-12   -2.29468088E-12
   2.57362957E+01    1.68820984E-12   -1.82348395E-12
   2.59505423E+01    1.33950652E-12   -1.44640987E-12
   2.61665725E+01    1.06083173E-12   -1.14515703E-12
   2.63844011E+01    8.38542480E-13   -9.04933321E-13
   2.66040430E+01    6.61632069E-13   -7.13809312E-13
   2.68255134E+01    5.21009557E-13   -5.61935317E-13
   2.70488274E+01    4.09517284E-13   -4.41559267E-13
   2.72740005E+01    3.21247330E-13   -3.46284704E-13
   2.75010480E+01    2.51511770E-13   -2.71037947E-13
   2.77299857E+01    1.96534494E-13   -2.11733524E-13
   2.79608292E+01    1.53251442E-13   -1.65057462E-13
   2.81935944E+01    1.19284527E-13   -1.28438683E-13
   2.84282973E+01    9.26489536E-14   -9.97318963E-14
   2.86649540E+01    7.18071011E-14   -7.72758067E-14
   2.89035808E+01    5.55495920E-14   -5.97641675E-14
   2.91441941E+01    4.28826053E-14   -4.61238906E-14
   2.93868105E+01    3.30358836E-14   -3.55235502E-14
   2.96314465E+01    2.53881807E-14   -2.72927959E-14
   2.98781191E+01    1.94757385E-14   -2.09313777E-14
   3.01268451E+01    1.49117123E-14   -1.60221314E-14
   3.03776417E+01    1.13881412E-14   -1.22330443E-14
   3.06305261E+01    8.67958844E-15   -9.32118216E-15
   3.08855157E+01    6.59535865E-15   -7.08108548E-15
   3.11426280E+01    5.00757011E-15   -5.37503501E-15
   3.14018807E+01    3.79243238E-15   -4.06973012E-15
   3.16632916E+01    2.86381734E-15   -3.07245832E-15
   3.19268786E+01    2.15931060E-15   -2.31606513E-15
   3.21926599E+01    1.62199163E-15   -1.73931306E-15
   3.24606538E+01    1.21690540E-15   -1.30461356E-15
   3.27308786E+01    9.11869894E-16   -9.77365621E-16
   3.30033530E+01    6.79521894E-16   -7.28153038E-16
   3.32780957E+01    5.05505959E-16   -5.41553433E-16
   3.35551254E+01    3.76621748E-16   -4.03388137E-16
   3.38344614E+01    2.79327232E-16   -2.99111642E-16
   3.41161228E+01    2.05284254E-16   -2.19770368E-16
   3.44001289E+01    1.50518019E-16   -1.61099530E-16
   3.46864992E+01    1.10972888E-16   -1.18747825E-16
   3.49752535E+01    8.23744235E-17   -8.81292102E-17
   3.52664116E+01    6.07121270E-17   -6.49410135E-17
   3.55599935E+01    4.43034020E-17   -4.73791155E-17
   3.58560194E+01    3.21943003E-17   -3.44215310E-17
   3.61545096E+01    2.33791937E-17   -2.49909108E-17
   3.64554846E+01    1.68415565E-17   -1.79982416E-17
   3.67589652E+01    1.19985110E-17   -1.28191860E-17
   3.70649721E+01    8.54570527E-18   -9.12786695E-18
   3.73735265E+01    6.16701500E-18   -6.58580669E-18
   3.76846494E+01    4.52935113E-18   -4.83636383E-18
   3.79983624E+01    3.30895567E-18   -3.53289687E-18
   3.83146869E+01    2.37298341E-18    0.00000000E+00
   3.86336448E+01    1.67849000E-18    0.00000000E+00
   3.89552578E+01    1.18067352E-18    0.00000000E+00
   3.92795482E+01    8.32292630E-19    0.00000000E+00
   3.96065382E+01    5.83757335E-19    0.00000000E+00
   3.99362503E+01    3.98370098E-19    0.00000000E+00
   4.02687072E+01    2.65053002E-19    0.00000000E+00
   4.06039316E+01    1.74946445E-19    0.00000000E+00
   4.09419467E+01    1.18705105E-19    0.00000000E+00
   4.12827757E+01    8.64805526E-20    0.00000000E+00
   4.16264419E+01    6.79033244E-20    0.00000000E+00
   4.19729691E+01    5.38210881E-20    0.00000000E+00
   4.23223810E+01    4.20529955E-20    0.00000000E+00
   4.26747016E+01    3.22754661E-20    0.00000000E+00
   4.30299553E+01    2.41468428E-20    0.00000000E+00
   4.33881662E+01    1.73067348E-20    0.00000000E+00
   4.37493592E+01    1.13753469E-20    0.00000000E+00
   4.41135590E+01    0.00000000E+00    0.00000000E+00
   4.44807906E+01    0.00000000E+00    0.00000000E+00
   4.48510794E+01    0.00000000E+00    0.00000000E+00
   4.52244506E+01    0.00000000E+00    0.00000000E+00
   4.56009301E+01    0.00000000E+00    0.00000000E+00
   4.59805437E+01    0.00000000E+00    0.00000000E+00
   4.63633174E+01    0.00000000E+00    0.00000000E+00
   4.67492775E+01    0.00000000E+00    0.00000000E+00
   4.71384507E+01    0.00000000E+00    0.00000000E+00
   4.75308636E+01    0.00000000E+00    0.00000000E+00
   4.79265433E+01    0.00000000E+00    0.00000000E+00
   4.83255168E+01    0.00000000E+00    0.00000000E+00
   4.87278117E+01    0.00000000E+00    0.00000000E+00
   4.91334556E+01    0.00000000E+00    0.00000000E+00
   4.95424763E+01    0.00000000E+00    0.00000000E+00
   4.99549020E+01    0.00000000E+00    0.00000000E+00
   5.03707610E+01    0.00000000E+00    0.00000000E+00
   5.07900819E+01    0.00000000E+00    0.00000000E+00
   5.12128935E+01    0.00000000E+00    0.00000000E+00
   5.16392249E+01    0.00000000E+00    0.00000000E+00
   5.20691054E+01    0.00000000E+00    0.00000000E+00
   5.25025644E+01    0.00000000E+00    0.00000000E+00
   5.29396319E+01    0.00000000E+00    0.00000000E+00
   5.33803379E+01    0.00000000E+00    0.00000000E+00
   5.38247126E+01    0.00000000E+00    0.00000000E+00
   5.42727866E+01    0.00000000E+00    0.00000000E+00
   5.47245906E+01    0.00000000E+00    0.00000000E+00
   5.51801558E+01    0.00000000E+00    0.00000000E+00
   5.56395134E+01    0.00000000E+00    0.00000000E+00
   5.61026950E+01    0.00000000E+00    0.00000000E+00
   5.65697325E+01    0.00000000E+00    0.00000000E+00
   5.70406579E+01    0.00000000E+00    0.00000000E+00
   5.75155036E+01    0.00000000E+00    0.00000000E+00
   5.79943023E+01    0.00000000E+00    0.00000000E+00
   5.84770868E+01    0.00000000E+00    0.00000000E+00
   5.89638903E+01    0.00000000E+00    0.00000000E+00
   5.94547463E+01    0.00000000E+00    0.00000000E+00
   5.99496886E+01    0.00000000E+00    0.00000000E+00
   6.04487511E+01    0.00000000E+00    0.00000000E+00
   6.09519681E+01    0.00000000E+00    0.00000000E+00
   6.14593743E+01    0.00000000E+00    0.00000000E+00
   6.19710044E+01    0.00000000E+00    0.00000000E+00
   6.24868937E+01    0.00000000E+00    0.00000000E+00
   6.30070777E+01    0.00000000E+00    0.00000000E+00
   6.35315920E+01    0.00000000E+00    0.00000000E+00
   6.40604727E+01    0.00000000E+00    0.00000000E+00
   6.45937562E+01    0.00000000E+00    0.00000000E+00
   6.51314791E+01    0.00000000E+00    0.00000000E+00
   6.56736784E+01    0.00000000E+00    0.00000000E+00
   6.62203913E+01    0.00000000E+00    0.00000000E+00
   6.67716554E+01    0.00000000E+00    0.00000000E+00
   6.73275087E+01    0.00000000E+00    0.00000000E+00
   6.78879892E+01    0.00000000E+00    0.00000000E+00
   6.84531356E+01    0.00000000E+00    0.00000000E+00
   6.90229866E+01    0.00000000E+00    0.00000000E+00
   6.95975815E+01    0.00000000E+00    0.00000000E+00
   7.01769597E+01    0.00000000E+00    0.00000000E+00
   7.07611610E+01    0.00000000E+00    0.00000000E+00
   7.13502256E+01    0.00000000E+00    0.00000000E+00
   7.19441941E+01    0.00000000E+00    0.00000000E+00
   7.25431071E+01    0.00000000E+00    0.00000000E+00
   7.31470058E+01    0.00000000E+00    0.00000000E+00
   7.37559319E+01    0.00000000E+00    0.00000000E+00
   7.43699271E+01    0.00000000E+00    0.00000000E+00
   7.49890335E+01    0.00000000E+00    0.00000000E+00
   7.56132939E+01    0.00000000E+00    0.00000000E+00
   7.62427510E+01    0.00000000E+00    0.00000000E+00
   7.68774482E+01    0.00000000E+00    0.00000000E+00
   7.75174290E+01    0.00000000E+00    0.00000000E+00
   7.81627375E+01    0.00000000E+00    0.00000000E+00
   7.88134179E+01    0.00000000E+00    0.00000000E+00
   7.94695151E+01    0.00000000E+00    0.00000000E+00
   8.01310740E+01    0.00000000E+00    0.00000000E+00
   8.07981403E+01    0.00000000E+00    0.00000000E+00
   8.14707596E+01    0.00000000E+00    0.00000000E+00
   8.21489783E+01    0.00000000E+00    0.00000000E+00
   8.28328430E+01    0.00000000E+00    0.00000000E+00
   8.35224006E+01    0.00000000E+00    0.00000000E+00
   8.42176986E+01    0.00000000E+00    0.00000000E+00
   8.49187847E+01    0.00000000E+00    0.00000000E+00
   8.56257072E+01    0.00000000E+00    0.00000000E+00
   8.63385145E+01    0.00000000E+00    0.00000000E+00
   8.70572558E+01    0.00000000E+00    0.00000000E+00
   8.77819803E+01    0.00000000E+00    0.00000000E+00
   8.85127380E+01    0.00000000E+00    0.00000000E+00
   8.92495789E+01    0.00000000E+00    0.00000000E+00
   8.99925539E+01    0.00000000E+00    0.00000000E+00
   9.07417139E+01    0.00000000E+00    0.00000000E+00
   9.14971104E+01    0.00000000E+00    0.00000000E+00
   9.22587954E+01    0.00000000E+00    0.00000000E+00
   9.30268211E+01    0.00000000E+00    0.00000000E+00
   9.38012404E+01    0.00000000E+00    0.00000000E+00
   9.45821065E+01    0.00000000E+00    0.00000000E+00
   9.53694731E+01    0.00000000E+00    0.00000000E+00
   9.61633943E+01    0.00000000E+00    0.00000000E+00
   9.69639246E+01    0.00000000E+00    0.00000000E+00
   9.77711191E+01    0.00000000E+00    0.00000000E+00
   9.85850332E+01    0.00000000E+00    0.00000000E+00
   9.94057229E+01    0.00000000E+00    0.00000000E+00
   1.00233245E+02    0.00000000E+00    0.00000000E+00
   1.01067655E+02    0.00000000E+00    0.00000000E+00
   1.01909012E+02    0.00000000E+00    0.00000000E+00
   1.02757373E+02    0.00000000E+00    0.00000000E+00
   1.03612796E+02    0.00000000E+00    0.00000000E+00
   1.04475340E+02    0.00000000E+00    0.00000000E+00
   1.05345065E+02    0.00000000E+00    0.00000000E+00
   1.06222030E+02    0.00000000E+00    0.00000000E+00
   1.07106295E+02    0.00000000E+00    0.00000000E+00
   1.07997921E+02    0.00000000E+00    0.00000000E+00
   1.08896971E+02    0.00000000E+00    0.00000000E+00
   1.09803504E+02    0.00000000E+00    0.00000000E+00
   1.10717584E+02    0.00000000E+00    0.00000000E+00
   1.11639273E+02    0.00000000E+00    0.00000000E+00
   1.12568636E+02    0.00000000E+00    0.00000000E+00
   1.13505734E+02    0.00000000E+00    0.00000000E+00
   1.14450634E+02    0.00000000E+00    0.00000000E+00
   1.15403400E+02    0.00000000E+00    0.00000000E+00
   1.16364097E+02    0.00000000E+00    0.00000000E+00
   1.17332792E+02    0.00000000E+00    0.00000000E+00
   1.18309551E+02    0.00000000E+00    0.00000000E+00
   1.19294442E+02    0.00000000E+00    0.00000000E+00
   1.20287531E+02    0.00000000E+00    0.00000000E+00
   1.21288887E+02    0.00000000E+00    0.00000000E+00
   1.22298579E+02    0.00000000E+00    0.00000000E+00
   1.23316677E+02    0.00000000E+00    0.00000000E+00
   1.24343250E+02    0.00000000E+00    0.00000000E+00
   1.25378368E+02    0.00000000E+00    0.00000000E+00
   1.26422104E+02    0.00000000E+00    0.00000000E+00
   1.27474529E+02    0.00000000E+00    0.00000000E+00
   1.28535715E+02    0.00000000E+00    0.00000000E+00
   1.29605734E+02    0.00000000E+00    0.00000000E+00
   1.30684662E+02    0.00000000E+00    0.00000000E+00
   1.31772571E+02    0.00000000E+00    0.00000000E+00
   1.32869537E+02    0.00000000E+00    0.00000000E+00
   1.33975634E+02    0.00000000E+00    0.00000000E+00
   1.35090940E+02    0.00000000E+00    0.00000000E+00
   1.36215530E+02    0.00000000E+00    0.00000000E+00
   1.37349481E+02    0.00000000E+00    0.00000000E+00
   1.38492873E+02    0.00000000E+00    0.00000000E+00
   1.39645783E+02    0.00000000E+00    0.00000000E+00
   1.40808291E+02    0.00000000E+00    0.00000000E+00
   1.41980476E+02    0.00000000E+00    0.00000000E+00
   1.43162419E+02    0.00000000E+00    0.00000000E+00
   1.44354202E+02    0.00000000E+00    0.00000000E+00
   1.45555906E+02    0.00000000E+00    0.00000000E+00
   1.46767613E+02    0.00000000E+00    0.00000000E+00
   1.47989408E+02    0.00000000E+00    0.00000000E+00
   1.49221374E+02    0.00000000E+00    0.00000000E+00
   1.50463595E+02    0.00000000E+00    0.00000000E+00
   1.51716158E+02    0.00000000E+00    0.00000000E+00
   1.52979147E+02    0.00000000E+00    0.00000000E+00
   1.54252651E+02    0.00000000E+00    0.00000000E+00
   1.55536756E+02    0.00000000E+00    0.00000000E+00
   1.56831552E+02    0.00000000E+00    0.00000000E+00
   1.58137125E+02    0.00000000E+00    0.00000000E+00
   1.59453568E+02    0.00000000E+00    0.00000000E+00
   1.60780969E+02    0.00000000E+00    0.00000000E+00
   1.62119420E+02    0.00000000E+00    0.00000000E+00
   1.63469014E+02    0.00000000E+00    0.00000000E+00
   1.64829843E+02    0.00000000E+00    0.00000000E+00
   1.66202000E+02    0.00000000E+00    0.00000000E+00
   1.67585580E+02    0.00000000E+00    0.00000000E+00
   1.68980678E+02    0.00000000E+00    0.00000000E+00
   1.70387389E+02    0.00000000E+00    0.00000000E+00
   1.71805811E+02    0.00000000E+00    0.00000000E+00
   1.73236041E+02    0.00000000E+00    0.00000000E+00
   1.74678177E+02    0.00000000E+00    0.00000000E+00
   1.76132318E+02    0.00000000E+00    0.00000000E+00
   1.77598565E+02    0.00000000E+00    0.00000000E+00
   1.79077018E+02    0.00000000E+00    0.00000000E+00
   1.80567778E+02    0.00000000E+00    0.00000000E+00
   1.82070949E+02    0.00000000E+00    0.00000000E+00
   1.83586633E+02    0.00000000E+00    0.00000000E+00
   1.85114934E+02    0.00000000E+00    0.00000000E+00
   1.86655959E+02    0.00000000E+00    0.00000000E+00
   1.88209811E+02    0.00000000E+00    0.00000000E+00
   1.89776599E+02    0.00000000E+00    0.00000000E+00
   1.91356430E+02    0.00000000E+00    0.00000000E+00
   1.92949413E+02    0.00000000E+00    0.00000000E+00
   1.94555657E+02    0.00000000E+00    0.00000000E+00
   1.96175272E+02    0.00000000E+00    0.00000000E+00
   1.97808370E+02    0.00000000E+00    0.00000000E+00
   1.99455063E+02    0.00000000E+00    0.00000000E+00
   2.01115465E+02    0.00000000E+00    0.00000000E+00
   2.02789688E+02    0.00000000E+00    0.00000000E+00
   2.04477849E+02    0.00000000E+00    0.00000000E+00
   2.06180064E+02    0.00000000E+00    0.00000000E+00
   2.07896449E+02    0.00000000E+00    0.00000000E+00
   2.09627122E+02    0.00000000E+00    0.00000000E+00
   2.11372202E+02    0.00000000E+00    0.00000000E+00
   2.13131810E+02    0.00000000E+00    0.00000000E+00
   2.14906066E+02    0.00000000E+00    0.00000000E+00
   2.16695092E+02    0.00000000E+00    0.00000000E+00
   2.18499011E+02    0.00000000E+00    0.00000000E+00
   2.20317947E+02    0.00000000E+00    0.00000000E+00
   2.22152026E+02    0.00000000E+00    0.00000000E+00
   2.24001372E+02    0.00000000E+00    0.00000000E+00
   2.25866114E+02    0.00000000E+00    0.00000000E+00
   2.27746379E+02    0.00000000E+00    0.00000000E+00
   2.29642297E+02    0.00000000E+00    0.00000000E+00
   2.31553997E+02    0.00000000E+00    0.00000000E+00
   2.33481612E+02    0.00000000E+00    0.00000000E+00
   2.35425274E+02    0.00000000E+00    0.00000000E+00
   2.37385116E+02    0.00000000E+00    0.00000000E+00
   2.39361273E+02    0.00000000E+00    0.00000000E+00
   2.41353881E+02    0.00000000E+00    0.00000000E+00
   2.43363077E+02    0.00000000E+00    0.00000000E+00
   2.45388999E+02    0.00000000E+00    0.00000000E+00
   2.47431786E+02    0.00000000E+00    0.00000000E+00
   2.49491578E+02    0.00000000E+00    0.00000000E+00
   2.51568518E+02    0.00000000E+00    0.00000000E+00
   2.53662748E+02    0.00000000E+00    0.00000000E+00
   2.55774411E+02    0.00000000E+00    0.00000000E+00
   2.57903653E+02    0.00000000E+00    0.00000000E+00
   2.60050621E+02    0.00000000E+00    0.00000000E+00
   2.62215462E+02    0.00000000E+00    0.00000000E+00
   2.64398324E+02    0.00000000E+00    0.00000000E+00
   2.66599357E+02    0.00000000E+00    0.00000000E+00
   2.68818714E+02    0.00000000E+00    0.00000000E+00
   2.71056546E+02    0.00000000E+00    0.00000000E+00
   2.73313007E+02    0.00000000E+00    0.00000000E+00
