# Peaks:     0.053122      0.203533      0.536969      1.386768      4.931199  
   7.54983424E-05    2.86404883E-02    2.61328741E+02
   7.63075024E-05    2.88501555E-02    2.60444023E+02
   7.71253346E-05    2.90619744E-02    2.59569490E+02
   7.79519320E-05    2.92758676E-02    2.58704049E+02
   7.87873885E-05    2.94917518E-02    2.57846583E+02
   7.96317991E-05    2.97095371E-02    2.56995953E+02
   8.04852598E-05    2.99291266E-02    2.56150996E+02
   8.13478674E-05    3.01504169E-02    2.55310523E+02
   8.22197202E-05    3.03732966E-02    2.54473321E+02
   8.31009171E-05    3.05976553E-02    2.53638230E+02
   8.39915583E-05    3.08234727E-02    2.52804958E+02
   8.48917451E-05    3.10507895E-02    2.51973782E+02
   8.58015796E-05    3.12796497E-02    2.51144995E+02
   8.67211654E-05    3.15101002E-02    2.50318899E+02
   8.76506069E-05    3.17421907E-02    2.49495810E+02
   8.85900098E-05    3.19759735E-02    2.48676048E+02
   8.95394809E-05    3.22115043E-02    2.47859949E+02
   9.04991279E-05    3.24488358E-02    2.47047808E+02
   9.14690601E-05    3.26879865E-02    2.46239625E+02
   9.24493876E-05    3.29289603E-02    2.45435280E+02
   9.34402219E-05    3.31717608E-02    2.44634650E+02
   9.44416755E-05    3.34163914E-02    2.43837616E+02
   9.54538622E-05    3.36628552E-02    2.43044056E+02
   9.64768972E-05    3.39111547E-02    2.42253847E+02
   9.75108966E-05    3.41612924E-02    2.41466869E+02
   9.85559780E-05    3.44132735E-02    2.40683025E+02
   9.96122602E-05    3.46671124E-02    2.39902299E+02
   1.00679863E-04    3.49228254E-02    2.39124686E+02
   1.01758908E-04    3.51804294E-02    2.38350189E+02
   1.02849518E-04    3.54399419E-02    2.37578808E+02
   1.03951817E-04    3.57013812E-02    2.36810550E+02
   1.05065929E-04    3.59647661E-02    2.36045422E+02
   1.06191982E-04    3.62301161E-02    2.35283434E+02
   1.07330104E-04    3.64974509E-02    2.34524596E+02
   1.08480423E-04    3.67667864E-02    2.33768893E+02
   1.09643072E-04    3.70381365E-02    2.33016294E+02
   1.10818181E-04    3.73115156E-02    2.32266772E+02
   1.12005884E-04    3.75869382E-02    2.31520304E+02
   1.13206317E-04    3.78644195E-02    2.30776864E+02
   1.14419615E-04    3.81439750E-02    2.30036431E+02
   1.15645917E-04    3.84256205E-02    2.29298986E+02
   1.16885362E-04    3.87093724E-02    2.28564511E+02
   1.18138091E-04    3.89952469E-02    2.27832988E+02
   1.19404246E-04    3.92832598E-02    2.27104398E+02
   1.20683972E-04    3.95734272E-02    2.26378724E+02
   1.21977412E-04    3.98657659E-02    2.25655951E+02
   1.23284716E-04    4.01602930E-02    2.24936065E+02
   1.24606030E-04    4.04570261E-02    2.24219057E+02
   1.25941506E-04    4.07559836E-02    2.23504917E+02
   1.27291295E-04    4.10571840E-02    2.22793638E+02
   1.28655550E-04    4.13606464E-02    2.22085215E+02
   1.30034427E-04    4.16663878E-02    2.21379629E+02
   1.31428082E-04    4.19744249E-02    2.20676863E+02
   1.32836674E-04    4.22847753E-02    2.19976901E+02
   1.34260363E-04    4.25974565E-02    2.19279727E+02
   1.35699310E-04    4.29124869E-02    2.18585330E+02
   1.37153679E-04    4.32298854E-02    2.17893699E+02
   1.38623635E-04    4.35496712E-02    2.17204826E+02
   1.40109346E-04    4.38718643E-02    2.16518705E+02
   1.41610980E-04    4.41964835E-02    2.15835323E+02
   1.43128707E-04    4.45235468E-02    2.15154663E+02
   1.44662702E-04    4.48530727E-02    2.14476711E+02
   1.46213137E-04    4.51850802E-02    2.13801453E+02
   1.47780188E-04    4.55195888E-02    2.13128879E+02
   1.49364035E-04    4.58566187E-02    2.12458979E+02
   1.50964857E-04    4.61961905E-02    2.11791748E+02
   1.52582836E-04    4.65383254E-02    2.11127180E+02
   1.54218156E-04    4.68830445E-02    2.10465268E+02
   1.55871002E-04    4.72303670E-02    2.09805996E+02
   1.57541563E-04    4.75803125E-02    2.09149349E+02
   1.59230028E-04    4.79329012E-02    2.08495315E+02
   1.60936589E-04    4.82881535E-02    2.07843882E+02
   1.62661441E-04    4.86460909E-02    2.07195041E+02
   1.64404779E-04    4.90067352E-02    2.06548786E+02
   1.66166801E-04    4.93701087E-02    2.05905112E+02
   1.67947708E-04    4.97362346E-02    2.05264014E+02
   1.69747702E-04    5.01051344E-02    2.04625482E+02
   1.71566988E-04    5.04768288E-02    2.03989502E+02
   1.73405772E-04    5.08513390E-02    2.03356059E+02
   1.75264263E-04    5.12286870E-02    2.02725142E+02
   1.77142673E-04    5.16088952E-02    2.02096742E+02
   1.79041215E-04    5.19919867E-02    2.01470852E+02
   1.80960104E-04    5.23779853E-02    2.00847466E+02
   1.82899560E-04    5.27669153E-02    2.00226580E+02
   1.84859801E-04    5.31588013E-02    1.99608191E+02
   1.86841052E-04    5.35536657E-02    1.98992285E+02
   1.88843537E-04    5.39515311E-02    1.98378848E+02
   1.90867484E-04    5.43524206E-02    1.97767868E+02
   1.92913123E-04    5.47563580E-02    1.97159335E+02
   1.94980686E-04    5.51633677E-02    1.96553242E+02
   1.97070408E-04    5.55734748E-02    1.95949581E+02
   1.99182527E-04    5.59867051E-02    1.95348349E+02
   2.01317283E-04    5.64030852E-02    1.94749543E+02
   2.03474918E-04    5.68226405E-02    1.94153157E+02
   2.05655678E-04    5.72453950E-02    1.93559175E+02
   2.07859810E-04    5.76713733E-02    1.92967586E+02
   2.10087566E-04    5.81006006E-02    1.92378378E+02
   2.12339197E-04    5.85331026E-02    1.91791542E+02
   2.14614961E-04    5.89689061E-02    1.91207072E+02
   2.16915115E-04    5.94080382E-02    1.90624963E+02
   2.19239921E-04    5.98505272E-02    1.90045211E+02
   2.21589644E-04    6.02964015E-02    1.89467815E+02
   2.23964550E-04    6.07456875E-02    1.88892763E+02
   2.26364909E-04    6.11984113E-02    1.88320041E+02
   2.28790995E-04    6.16545996E-02    1.87749638E+02
   2.31243082E-04    6.21142799E-02    1.87181544E+02
   2.33721449E-04    6.25774802E-02    1.86615752E+02
   2.36226379E-04    6.30442296E-02    1.86052255E+02
   2.38758155E-04    6.35145577E-02    1.85491049E+02
   2.41317066E-04    6.39884952E-02    1.84932133E+02
   2.43903403E-04    6.44660720E-02    1.84375502E+02
   2.46517459E-04    6.49473161E-02    1.83821141E+02
   2.49159531E-04    6.54322558E-02    1.83269039E+02
   2.51829919E-04    6.59209203E-02    1.82719184E+02
   2.54528928E-04    6.64133394E-02    1.82171569E+02
   2.57256864E-04    6.69095438E-02    1.81626186E+02
   2.60014036E-04    6.74095652E-02    1.81083030E+02
   2.62800759E-04    6.79134359E-02    1.80542099E+02
   2.65617349E-04    6.84211889E-02    1.80003390E+02
   2.68464125E-04    6.89328553E-02    1.79466894E+02
   2.71341413E-04    6.94484652E-02    1.78932598E+02
   2.74249537E-04    6.99680496E-02    1.78400489E+02
   2.77188830E-04    7.04916403E-02    1.77870558E+02
   2.80159625E-04    7.10192699E-02    1.77342798E+02
   2.83162260E-04    7.15509718E-02    1.76817201E+02
   2.86197076E-04    7.20867805E-02    1.76293766E+02
   2.89264418E-04    7.26267314E-02    1.75772489E+02
   2.92364634E-04    7.31708592E-02    1.75253367E+02
   2.95498077E-04    7.37191965E-02    1.74736385E+02
   2.98665103E-04    7.42717763E-02    1.74221531E+02
   3.01866072E-04    7.48286324E-02    1.73708795E+02
   3.05101348E-04    7.53897993E-02    1.73198169E+02
   3.08371297E-04    7.59553128E-02    1.72689644E+02
   3.11676293E-04    7.65252094E-02    1.72183217E+02
   3.15016711E-04    7.70995267E-02    1.71678884E+02
   3.18392929E-04    7.76783028E-02    1.71176643E+02
   3.21805333E-04    7.82615739E-02    1.70676485E+02
   3.25254309E-04    7.88493748E-02    1.70178396E+02
   3.28740250E-04    7.94417418E-02    1.69682364E+02
   3.32263552E-04    8.00387116E-02    1.69188380E+02
   3.35824615E-04    8.06403222E-02    1.68696436E+02
   3.39423844E-04    8.12466125E-02    1.68206525E+02
   3.43061648E-04    8.18576224E-02    1.67718645E+02
   3.46738441E-04    8.24733929E-02    1.67232793E+02
   3.50454640E-04    8.30939642E-02    1.66748964E+02
   3.54210668E-04    8.37193740E-02    1.66267143E+02
   3.58006951E-04    8.43496606E-02    1.65787319E+02
   3.61843921E-04    8.49848636E-02    1.65309481E+02
   3.65722014E-04    8.56250231E-02    1.64833619E+02
   3.69641672E-04    8.62701805E-02    1.64359728E+02
   3.73603338E-04    8.69203785E-02    1.63887802E+02
   3.77607464E-04    8.75756606E-02    1.63417838E+02
   3.81654504E-04    8.82360709E-02    1.62949834E+02
   3.85744919E-04    8.89016510E-02    1.62483778E+02
   3.89879173E-04    8.95724416E-02    1.62019656E+02
   3.94057737E-04    9.02484847E-02    1.61557457E+02
   3.98281084E-04    9.09298234E-02    1.61097172E+02
   4.02549696E-04    9.16165016E-02    1.60638791E+02
   4.06864057E-04    9.23085648E-02    1.60182309E+02
   4.11224658E-04    9.30060592E-02    1.59727723E+02
   4.15631993E-04    9.37090325E-02    1.59275030E+02
   4.20086565E-04    9.44175307E-02    1.58824222E+02
   4.24588878E-04    9.51315977E-02    1.58375285E+02
   4.29139446E-04    9.58512782E-02    1.57928208E+02
   4.33738785E-04    9.65766179E-02    1.57482977E+02
   4.38387418E-04    9.73076638E-02    1.57039585E+02
   4.43085872E-04    9.80444640E-02    1.56598024E+02
   4.47834683E-04    9.87870678E-02    1.56158289E+02
   4.52634390E-04    9.95355261E-02    1.55720377E+02
   4.57485538E-04    1.00289890E-01    1.55284285E+02
   4.62388678E-04    1.01050207E-01    1.54850000E+02
   4.67344369E-04    1.01816525E-01    1.54417507E+02
   4.72353172E-04    1.02588893E-01    1.53986795E+02
   4.77415658E-04    1.03367360E-01    1.53557853E+02
   4.82532401E-04    1.04151978E-01    1.53130672E+02
   4.87703983E-04    1.04942799E-01    1.52705246E+02
   4.92930993E-04    1.05739877E-01    1.52281570E+02
   4.98214023E-04    1.06543267E-01    1.51859642E+02
   5.03553675E-04    1.07353023E-01    1.51439454E+02
   5.08950554E-04    1.08169195E-01    1.51020991E+02
   5.14405276E-04    1.08991836E-01    1.50604239E+02
   5.19918458E-04    1.09820998E-01    1.50189186E+02
   5.25490729E-04    1.10656737E-01    1.49775823E+02
   5.31122721E-04    1.11499107E-01    1.49364142E+02
   5.36815074E-04    1.12348167E-01    1.48954138E+02
   5.42568436E-04    1.13203975E-01    1.48545806E+02
   5.48383460E-04    1.14066588E-01    1.48139140E+02
   5.54260806E-04    1.14936062E-01    1.47734125E+02
   5.60201144E-04    1.15812453E-01    1.47330748E+02
   5.66205148E-04    1.16695818E-01    1.46928998E+02
   5.72273500E-04    1.17586216E-01    1.46528864E+02
   5.78406891E-04    1.18483708E-01    1.46130341E+02
   5.84606016E-04    1.19388354E-01    1.45733423E+02
   5.90871581E-04    1.20300218E-01    1.45338106E+02
   5.97204298E-04    1.21219360E-01    1.44944379E+02
   6.03604887E-04    1.22145838E-01    1.44552226E+02
   6.10074074E-04    1.23079712E-01    1.44161631E+02
   6.16612595E-04    1.24021043E-01    1.43772581E+02
   6.23221193E-04    1.24969892E-01    1.43385064E+02
   6.29900620E-04    1.25926325E-01    1.42999073E+02
   6.36651634E-04    1.26890405E-01    1.42614600E+02
   6.43475002E-04    1.27862200E-01    1.42231641E+02
   6.50371501E-04    1.28841778E-01    1.41850192E+02
   6.57341913E-04    1.29829207E-01    1.41470247E+02
   6.64387032E-04    1.30824550E-01    1.41091789E+02
   6.71507657E-04    1.31827870E-01    1.40714800E+02
   6.78704598E-04    1.32839233E-01    1.40339268E+02
   6.85978672E-04    1.33858706E-01    1.39965180E+02
   6.93330708E-04    1.34886358E-01    1.39592527E+02
   7.00761539E-04    1.35922260E-01    1.39221301E+02
   7.08272011E-04    1.36966483E-01    1.38851497E+02
   7.15862977E-04    1.38019099E-01    1.38483109E+02
   7.23535300E-04    1.39080179E-01    1.38116123E+02
   7.31289852E-04    1.40149790E-01    1.37750522E+02
   7.39127513E-04    1.41228003E-01    1.37386292E+02
   7.47049176E-04    1.42314889E-01    1.37023420E+02
   7.55055740E-04    1.43410521E-01    1.36661897E+02
   7.63148114E-04    1.44514976E-01    1.36301713E+02
   7.71327220E-04    1.45628329E-01    1.35942865E+02
   7.79593985E-04    1.46750658E-01    1.35585345E+02
   7.87949351E-04    1.47882036E-01    1.35229137E+02
   7.96394266E-04    1.49022537E-01    1.34874224E+02
   8.04929690E-04    1.50172235E-01    1.34520591E+02
   8.13556593E-04    1.51331206E-01    1.34168223E+02
   8.22275955E-04    1.52499529E-01    1.33817112E+02
   8.31088768E-04    1.53677283E-01    1.33467248E+02
   8.39996034E-04    1.54864551E-01    1.33118624E+02
   8.48998763E-04    1.56061416E-01    1.32771237E+02
   8.58097980E-04    1.57267956E-01    1.32425070E+02
   8.67294719E-04    1.58484250E-01    1.32080106E+02
   8.76590025E-04    1.59710376E-01    1.31736327E+02
   8.85984953E-04    1.60946416E-01    1.31393719E+02
   8.95480573E-04    1.62192452E-01    1.31052270E+02
   9.05077963E-04    1.63448570E-01    1.30711971E+02
   9.14778214E-04    1.64714855E-01    1.30372814E+02
   9.24582428E-04    1.65991397E-01    1.30034794E+02
   9.34491719E-04    1.67278281E-01    1.29697898E+02
   9.44507215E-04    1.68575590E-01    1.29362106E+02
   9.54630052E-04    1.69883407E-01    1.29027401E+02
   9.64861381E-04    1.71201818E-01    1.28693767E+02
   9.75202366E-04    1.72530912E-01    1.28361191E+02
   9.85654181E-04    1.73870777E-01    1.28029662E+02
   9.96218014E-04    1.75221506E-01    1.27699172E+02
   1.00689507E-03    1.76583193E-01    1.27369715E+02
   1.01768655E-03    1.77955930E-01    1.27041283E+02
   1.02859369E-03    1.79339805E-01    1.26713854E+02
   1.03961773E-03    1.80734907E-01    1.26387409E+02
   1.05075993E-03    1.82141325E-01    1.26061930E+02
   1.06202154E-03    1.83559153E-01    1.25737400E+02
   1.07340384E-03    1.84988483E-01    1.25413808E+02
   1.08490814E-03    1.86429413E-01    1.25091143E+02
   1.09653574E-03    1.87882040E-01    1.24769396E+02
   1.10828795E-03    1.89346465E-01    1.24448563E+02
   1.12016612E-03    1.90822785E-01    1.24128631E+02
   1.13217160E-03    1.92311094E-01    1.23809578E+02
   1.14430575E-03    1.93811486E-01    1.23491385E+02
   1.15656994E-03    1.95324059E-01    1.23174035E+02
   1.16896558E-03    1.96848910E-01    1.22857512E+02
   1.18149407E-03    1.98386143E-01    1.22541804E+02
   1.19415683E-03    1.99935858E-01    1.22226902E+02
   1.20695531E-03    2.01498161E-01    1.21912800E+02
   1.21989096E-03    2.03073156E-01    1.21599482E+02
   1.23296524E-03    2.04660939E-01    1.21286928E+02
   1.24617966E-03    2.06261613E-01    1.20975117E+02
   1.25953569E-03    2.07875279E-01    1.20664033E+02
   1.27303487E-03    2.09502042E-01    1.20353660E+02
   1.28667874E-03    2.11142007E-01    1.20043986E+02
   1.30046883E-03    2.12795285E-01    1.19735002E+02
   1.31440671E-03    2.14461986E-01    1.19426700E+02
   1.32849398E-03    2.16142214E-01    1.19119063E+02
   1.34273223E-03    2.17836075E-01    1.18812068E+02
   1.35712307E-03    2.19543674E-01    1.18505697E+02
   1.37166816E-03    2.21265119E-01    1.18199931E+02
   1.38636913E-03    2.23000521E-01    1.17894756E+02
   1.40122766E-03    2.24749991E-01    1.17590162E+02
   1.41624544E-03    2.26513645E-01    1.17286140E+02
   1.43142417E-03    2.28291597E-01    1.16982680E+02
   1.44676558E-03    2.30083956E-01    1.16679761E+02
   1.46227141E-03    2.31890831E-01    1.16377359E+02
   1.47794343E-03    2.33712332E-01    1.16075452E+02
   1.49378342E-03    2.35548572E-01    1.15774024E+02
   1.50979317E-03    2.37399665E-01    1.15473057E+02
   1.52597451E-03    2.39265728E-01    1.15172540E+02
   1.54232927E-03    2.41146880E-01    1.14872463E+02
   1.55885932E-03    2.43043243E-01    1.14572819E+02
   1.57556653E-03    2.44954934E-01    1.14273592E+02
   1.59245280E-03    2.46882064E-01    1.13974757E+02
   1.60952005E-03    2.48824751E-01    1.13676293E+02
   1.62677021E-03    2.50783109E-01    1.13378180E+02
   1.64420526E-03    2.52757258E-01    1.13080402E+02
   1.66182718E-03    2.54747319E-01    1.12782945E+02
   1.67963795E-03    2.56753416E-01    1.12485800E+02
   1.69763961E-03    2.58775674E-01    1.12188959E+02
   1.71583421E-03    2.60814220E-01    1.11892415E+02
   1.73422381E-03    2.62869169E-01    1.11596141E+02
   1.75281051E-03    2.64940638E-01    1.11300108E+02
   1.77159640E-03    2.67028744E-01    1.11004292E+02
   1.79058364E-03    2.69133605E-01    1.10708667E+02
   1.80977437E-03    2.71255344E-01    1.10413213E+02
   1.82917079E-03    2.73394083E-01    1.10117913E+02
   1.84877508E-03    2.75549948E-01    1.09822752E+02
   1.86858949E-03    2.77723066E-01    1.09527718E+02
   1.88861625E-03    2.79913568E-01    1.09232805E+02
   1.90885766E-03    2.82121585E-01    1.08938007E+02
   1.92931601E-03    2.84347253E-01    1.08643320E+02
   1.94999362E-03    2.86590692E-01    1.08348722E+02
   1.97089284E-03    2.88852024E-01    1.08054182E+02
   1.99201605E-03    2.91131369E-01    1.07759674E+02
   2.01336566E-03    2.93428851E-01    1.07465175E+02
   2.03494408E-03    2.95744596E-01    1.07170663E+02
   2.05675376E-03    2.98078730E-01    1.06876122E+02
   2.07879720E-03    3.00431383E-01    1.06581535E+02
   2.10107689E-03    3.02802687E-01    1.06286894E+02
   2.12359536E-03    3.05192776E-01    1.05992188E+02
   2.14635517E-03    3.07601784E-01    1.05697413E+02
   2.16935892E-03    3.10029835E-01    1.05402541E+02
   2.19260921E-03    3.12477053E-01    1.05107545E+02
   2.21610869E-03    3.14943560E-01    1.04812399E+02
   2.23986002E-03    3.17429484E-01    1.04517079E+02
   2.26386591E-03    3.19934951E-01    1.04221566E+02
   2.28812909E-03    3.22460092E-01    1.03925843E+02
   2.31265231E-03    3.25005039E-01    1.03629896E+02
   2.33743836E-03    3.27569924E-01    1.03333717E+02
   2.36249006E-03    3.30154884E-01    1.03037299E+02
   2.38781025E-03    3.32760054E-01    1.02740633E+02
   2.41340181E-03    3.35385557E-01    1.02443693E+02
   2.43926765E-03    3.38031516E-01    1.02146447E+02
   2.46541071E-03    3.40698052E-01    1.01848868E+02
   2.49183396E-03    3.43385292E-01    1.01550934E+02
   2.51854040E-03    3.46093362E-01    1.01252621E+02
   2.54553308E-03    3.48822390E-01    1.00953913E+02
   2.57281505E-03    3.51572506E-01    1.00654796E+02
   2.60038941E-03    3.54343842E-01    1.00355258E+02
   2.62825931E-03    3.57136532E-01    1.00055293E+02
   2.65642790E-03    3.59950712E-01    9.97548966E+01
   2.68489840E-03    3.62786504E-01    9.94540461E+01
   2.71367403E-03    3.65644029E-01    9.91527112E+01
   2.74275806E-03    3.68523405E-01    9.88508637E+01
   2.77215381E-03    3.71424755E-01    9.85484788E+01
   2.80186460E-03    3.74348199E-01    9.82455345E+01
   2.83189383E-03    3.77293862E-01    9.79420123E+01
   2.86224489E-03    3.80261869E-01    9.76378973E+01
   2.89292125E-03    3.83252347E-01    9.73331780E+01
   2.92392638E-03    3.86265425E-01    9.70278469E+01
   2.95526381E-03    3.89301230E-01    9.67218977E+01
   2.98693710E-03    3.92359880E-01    9.64153068E+01
   3.01894986E-03    3.95441488E-01    9.61080442E+01
   3.05130571E-03    3.98546166E-01    9.58000827E+01
   3.08400834E-03    4.01674030E-01    9.54913984E+01
   3.11706147E-03    4.04825193E-01    9.51819706E+01
   3.15046884E-03    4.07999772E-01    9.48717818E+01
   3.18423426E-03    4.11197884E-01    9.45608184E+01
   3.21836157E-03    4.14419649E-01    9.42490704E+01
   3.25285463E-03    4.17665186E-01    9.39365316E+01
   3.28771738E-03    4.20934608E-01    9.36231888E+01
   3.32295377E-03    4.24228020E-01    9.33090132E+01
   3.35856782E-03    4.27545524E-01    9.29939772E+01
   3.39456356E-03    4.30887222E-01    9.26780563E+01
   3.43094508E-03    4.34253217E-01    9.23612292E+01
   3.46771653E-03    4.37643614E-01    9.20434783E+01
   3.50488208E-03    4.41058518E-01    9.17247891E+01
   3.54244595E-03    4.44498034E-01    9.14051512E+01
   3.58041242E-03    4.47962268E-01    9.10845580E+01
   3.61878580E-03    4.51451319E-01    9.07629947E+01
   3.65757045E-03    4.54965277E-01    9.04404334E+01
   3.69677077E-03    4.58504229E-01    9.01168479E+01
   3.73639123E-03    4.62068263E-01    8.97922152E+01
   3.77643632E-03    4.65657466E-01    8.94665154E+01
   3.81691060E-03    4.69271928E-01    8.91397323E+01
   3.85781867E-03    4.72911735E-01    8.88118533E+01
   3.89916517E-03    4.76576977E-01    8.84828696E+01
   3.94095481E-03    4.80267740E-01    8.81527730E+01
   3.98319233E-03    4.83984099E-01    8.78215404E+01
   4.02588254E-03    4.87726123E-01    8.74891459E+01
   4.06903028E-03    4.91493879E-01    8.71555664E+01
   4.11264046E-03    4.95287438E-01    8.68207822E+01
   4.15671804E-03    4.99106866E-01    8.64847771E+01
   4.20126802E-03    5.02952231E-01    8.61475385E+01
   4.24629547E-03    5.06823600E-01    8.58090574E+01
   4.29180551E-03    5.10721036E-01    8.54693231E+01
   4.33780330E-03    5.14644590E-01    8.51283120E+01
   4.38429408E-03    5.18594308E-01    8.47860012E+01
   4.43128313E-03    5.22570238E-01    8.44423710E+01
   4.47877579E-03    5.26572425E-01    8.40974048E+01
   4.52677745E-03    5.30600913E-01    8.37510900E+01
   4.57529358E-03    5.34655747E-01    8.34034174E+01
   4.62432968E-03    5.38736965E-01    8.30543781E+01
   4.67389133E-03    5.42844595E-01    8.27039499E+01
   4.72398416E-03    5.46978656E-01    8.23521087E+01
   4.77461387E-03    5.51139169E-01    8.19988337E+01
   4.82578620E-03    5.55326149E-01    8.16441073E+01
   4.87750698E-03    5.59539613E-01    8.12879153E+01
   4.92978208E-03    5.63779575E-01    8.09302471E+01
   4.98261744E-03    5.68046047E-01    8.05710960E+01
   5.03601907E-03    5.72339037E-01    8.02104562E+01
   5.08999304E-03    5.76658538E-01    7.98483081E+01
   5.14454547E-03    5.81004536E-01    7.94846285E+01
   5.19968258E-03    5.85377012E-01    7.91193974E+01
   5.25541062E-03    5.89775947E-01    7.87525979E+01
   5.31173594E-03    5.94201317E-01    7.83842163E+01
   5.36866492E-03    5.98653098E-01    7.80142428E+01
   5.42620405E-03    6.03131261E-01    7.76426710E+01
   5.48435986E-03    6.07635774E-01    7.72694956E+01
   5.54313896E-03    6.12166588E-01    7.68946983E+01
   5.60254802E-03    6.16723645E-01    7.65182580E+01
   5.66259381E-03    6.21306883E-01    7.61401566E+01
   5.72328315E-03    6.25916238E-01    7.57603792E+01
   5.78462293E-03    6.30551641E-01    7.53789144E+01
   5.84662012E-03    6.35213021E-01    7.49957542E+01
   5.90928177E-03    6.39900303E-01    7.46108942E+01
   5.97261501E-03    6.44613402E-01    7.42243284E+01
   6.03662702E-03    6.49352218E-01    7.38360384E+01
   6.10132509E-03    6.54116642E-01    7.34460065E+01
   6.16671656E-03    6.58906562E-01    7.30542178E+01
   6.23280888E-03    6.63721859E-01    7.26606609E+01
   6.29960954E-03    6.68562412E-01    7.22653277E+01
   6.36712615E-03    6.73428096E-01    7.18682134E+01
   6.43536637E-03    6.78318776E-01    7.14693141E+01
   6.50433796E-03    6.83234300E-01    7.10686157E+01
   6.57404876E-03    6.88174509E-01    7.06661032E+01
   6.64450669E-03    6.93139236E-01    7.02617648E+01
   6.71571976E-03    6.98128310E-01    6.98555918E+01
   6.78769607E-03    7.03141553E-01    6.94475791E+01
   6.86044378E-03    7.08178785E-01    6.90377249E+01
   6.93397118E-03    7.13239808E-01    6.86260235E+01
   7.00828661E-03    7.18324409E-01    6.82124601E+01
   7.08339852E-03    7.23432365E-01    6.77970215E+01
   7.15931545E-03    7.28563447E-01    6.73796978E+01
   7.23604603E-03    7.33717421E-01    6.69604820E+01
   7.31359898E-03    7.38894043E-01    6.65393703E+01
   7.39198310E-03    7.44093066E-01    6.61163628E+01
   7.47120731E-03    7.49314235E-01    6.56914620E+01
   7.55128062E-03    7.54557271E-01    6.52646615E+01
   7.63221212E-03    7.59821882E-01    6.48359493E+01
   7.71401101E-03    7.65107764E-01    6.44053157E+01
   7.79668658E-03    7.70414608E-01    6.39727541E+01
   7.88024824E-03    7.75742095E-01    6.35382609E+01
   7.96470547E-03    7.81089899E-01    6.31018359E+01
   8.05006789E-03    7.86457687E-01    6.26634822E+01
   8.13634518E-03    7.91845111E-01    6.22232009E+01
   8.22354716E-03    7.97251799E-01    6.17809852E+01
   8.31168373E-03    8.02677371E-01    6.13368299E+01
   8.40076492E-03    8.08121436E-01    6.08907326E+01
   8.49080084E-03    8.13583595E-01    6.04426942E+01
   8.58180172E-03    8.19063440E-01    5.99927186E+01
   8.67377792E-03    8.24560543E-01    5.95408057E+01
   8.76673988E-03    8.30074459E-01    5.90869516E+01
   8.86069816E-03    8.35604730E-01    5.86311553E+01
   8.95566346E-03    8.41150891E-01    5.81734185E+01
   9.05164655E-03    8.46712465E-01    5.77137462E+01
   9.14865835E-03    8.52288967E-01    5.72521463E+01
   9.24670988E-03    8.57879888E-01    5.67886221E+01
   9.34581229E-03    8.63484696E-01    5.63231720E+01
   9.44597683E-03    8.69102850E-01    5.58557967E+01
   9.54721490E-03    8.74733795E-01    5.53864998E+01
   9.64953799E-03    8.80376968E-01    5.49152882E+01
   9.75295775E-03    8.86031792E-01    5.44421715E+01
   9.85748591E-03    8.91697680E-01    5.39671612E+01
   9.96313436E-03    8.97374013E-01    5.34902615E+01
   1.00699151E-02    9.03060155E-01    5.30114760E+01
   1.01778403E-02    9.08755459E-01    5.25308110E+01
   1.02869222E-02    9.14459265E-01    5.20482755E+01
   1.03971731E-02    9.20170900E-01    5.15638819E+01
   1.05086057E-02    9.25889679E-01    5.10776446E+01
   1.06212326E-02    9.31614890E-01    5.05895727E+01
   1.07350666E-02    9.37345794E-01    5.00996731E+01
   1.08501206E-02    9.43081641E-01    4.96079551E+01
   1.09664077E-02    9.48821669E-01    4.91144309E+01
   1.10839411E-02    9.54565100E-01    4.86191156E+01
   1.12027342E-02    9.60311148E-01    4.81220274E+01
   1.13228005E-02    9.66059002E-01    4.76231843E+01
   1.14441535E-02    9.71807821E-01    4.71225981E+01
   1.15668072E-02    9.77556744E-01    4.66202813E+01
   1.16907755E-02    9.83304895E-01    4.61162493E+01
   1.18160724E-02    9.89051386E-01    4.56105202E+01
   1.19427121E-02    9.94795316E-01    4.51031150E+01
   1.20707092E-02    1.00053576E+00    4.45940559E+01
   1.22000780E-02    1.00627178E+00    4.40833604E+01
   1.23308334E-02    1.01200238E+00    4.35710462E+01
   1.24629902E-02    1.01772658E+00    4.30571335E+01
   1.25965634E-02    1.02344338E+00    4.25416456E+01
   1.27315681E-02    1.02915176E+00    4.20246082E+01
   1.28680198E-02    1.03485068E+00    4.15060471E+01
   1.30059339E-02    1.04053905E+00    4.09859834E+01
   1.31453261E-02    1.04621579E+00    4.04644393E+01
   1.32862123E-02    1.05187977E+00    3.99414397E+01
   1.34286084E-02    1.05752987E+00    3.94170123E+01
   1.35725306E-02    1.06316495E+00    3.88911871E+01
   1.37179954E-02    1.06878386E+00    3.83639969E+01
   1.38650192E-02    1.07438538E+00    3.78354704E+01
   1.40136187E-02    1.07996830E+00    3.73056348E+01
   1.41638109E-02    1.08553138E+00    3.67745193E+01
   1.43156128E-02    1.09107334E+00    3.62421559E+01
   1.44690416E-02    1.09659293E+00    3.57085790E+01
   1.46241148E-02    1.10208885E+00    3.51738257E+01
   1.47808500E-02    1.10755978E+00    3.46379306E+01
   1.49392650E-02    1.11300436E+00    3.41009268E+01
   1.50993778E-02    1.11842122E+00    3.35628497E+01
   1.52612067E-02    1.12380896E+00    3.30237370E+01
   1.54247700E-02    1.12916619E+00    3.24836291E+01
   1.55900863E-02    1.13449148E+00    3.19425680E+01
   1.57571744E-02    1.13978338E+00    3.14005927E+01
   1.59260533E-02    1.14504037E+00    3.08577422E+01
   1.60967421E-02    1.15026097E+00    3.03140577E+01
   1.62692603E-02    1.15544364E+00    2.97695828E+01
   1.64436275E-02    1.16058685E+00    2.92243636E+01
   1.66198635E-02    1.16568905E+00    2.86784476E+01
   1.67979883E-02    1.17074865E+00    2.81318800E+01
   1.69780222E-02    1.17576400E+00    2.75847069E+01
   1.71599856E-02    1.18073350E+00    2.70369766E+01
   1.73438992E-02    1.18565547E+00    2.64887393E+01
   1.75297840E-02    1.19052825E+00    2.59400446E+01
   1.77176609E-02    1.19535011E+00    2.53909430E+01
   1.79075515E-02    1.20011935E+00    2.48414875E+01
   1.80994772E-02    1.20483423E+00    2.42917324E+01
   1.82934599E-02    1.20949297E+00    2.37417316E+01
   1.84895216E-02    1.21409379E+00    2.31915397E+01
   1.86876847E-02    1.21863487E+00    2.26412137E+01
   1.88879715E-02    1.22311439E+00    2.20908116E+01
   1.90904050E-02    1.22753050E+00    2.15403912E+01
   1.92950080E-02    1.23188132E+00    2.09900118E+01
   1.95018039E-02    1.23616497E+00    2.04397344E+01
   1.97108162E-02    1.24037953E+00    1.98896209E+01
   1.99220686E-02    1.24452307E+00    1.93397333E+01
   2.01355850E-02    1.24859363E+00    1.87901352E+01
   2.03513899E-02    1.25258927E+00    1.82408921E+01
   2.05695077E-02    1.25650797E+00    1.76920691E+01
   2.07899631E-02    1.26034772E+00    1.71437325E+01
   2.10127813E-02    1.26410650E+00    1.65959499E+01
   2.12379876E-02    1.26778228E+00    1.60487909E+01
   2.14656076E-02    1.27137299E+00    1.55023252E+01
   2.16956671E-02    1.27487655E+00    1.49566229E+01
   2.19281923E-02    1.27829085E+00    1.44117557E+01
   2.21632095E-02    1.28161382E+00    1.38677970E+01
   2.24007456E-02    1.28484331E+00    1.33248202E+01
   2.26408276E-02    1.28797717E+00    1.27828996E+01
   2.28834826E-02    1.29101324E+00    1.22421107E+01
   2.31287383E-02    1.29394937E+00    1.17025304E+01
   2.33766225E-02    1.29678339E+00    1.11642366E+01
   2.36271634E-02    1.29951309E+00    1.06273073E+01
   2.38803896E-02    1.30213624E+00    1.00918217E+01
   2.41363297E-02    1.30465064E+00    9.55786022E+00
   2.43950129E-02    1.30705409E+00    9.02550415E+00
   2.46564686E-02    1.30934432E+00    8.49483542E+00
   2.49207264E-02    1.31151910E+00    7.96593690E+00
   2.51878164E-02    1.31357617E+00    7.43889230E+00
   2.54577690E-02    1.31551328E+00    6.91378617E+00
   2.57306148E-02    1.31732815E+00    6.39070391E+00
   2.60063849E-02    1.31901850E+00    5.86973171E+00
   2.62851105E-02    1.32058206E+00    5.35095647E+00
   2.65668235E-02    1.32201656E+00    4.83446583E+00
   2.68515557E-02    1.32331971E+00    4.32034829E+00
   2.71393395E-02    1.32448922E+00    3.80869292E+00
   2.74302077E-02    1.32552281E+00    3.29958951E+00
   2.77241933E-02    1.32641820E+00    2.79312860E+00
   2.80213298E-02    1.32717310E+00    2.28940120E+00
   2.83216508E-02    1.32778523E+00    1.78849908E+00
   2.86251905E-02    1.32825232E+00    1.29051455E+00
   2.89319834E-02    1.32857211E+00    7.95540379E-01
   2.92420644E-02    1.32874231E+00    3.03670075E-01
   2.95554688E-02    1.32876069E+00   -1.85002652E-01
   2.98722320E-02    1.32862498E+00   -6.70383321E-01
   3.01923903E-02    1.32833297E+00   -1.15237721E+00
   3.05159798E-02    1.32788242E+00   -1.63088917E+00
   3.08430374E-02    1.32727112E+00   -2.10582358E+00
   3.11736003E-02    1.32649688E+00   -2.57708462E+00
   3.15077061E-02    1.32555753E+00   -3.04457636E+00
   3.18453926E-02    1.32445090E+00   -3.50820211E+00
   3.21866983E-02    1.32317482E+00   -3.96786476E+00
   3.25316620E-02    1.32172720E+00   -4.42346792E+00
   3.28803229E-02    1.32010595E+00   -4.87491481E+00
   3.32327206E-02    1.31830898E+00   -5.32210809E+00
   3.35888951E-02    1.31633425E+00   -5.76495060E+00
   3.39488870E-02    1.31417973E+00   -6.20334494E+00
   3.43127371E-02    1.31184343E+00   -6.63719429E+00
   3.46804868E-02    1.30932340E+00   -7.06640117E+00
   3.50521779E-02    1.30661771E+00   -7.49086890E+00
   3.54278526E-02    1.30372446E+00   -7.91050032E+00
   3.58075537E-02    1.30064181E+00   -8.32519913E+00
   3.61913242E-02    1.29736794E+00   -8.73486865E+00
   3.65792078E-02    1.29390105E+00   -9.13941247E+00
   3.69712486E-02    1.29023945E+00   -9.53873550E+00
   3.73674912E-02    1.28638142E+00   -9.93274186E+00
   3.77679805E-02    1.28232533E+00   -1.03213372E+01
   3.81727620E-02    1.27806961E+00   -1.07044271E+01
   3.85818819E-02    1.27361266E+00   -1.10819164E+01
   3.89953865E-02    1.26895301E+00   -1.14537123E+01
   3.94133229E-02    1.26408928E+00   -1.18197238E+01
   3.98357386E-02    1.25902004E+00   -1.21798577E+01
   4.02626815E-02    1.25374397E+00   -1.25340225E+01
   4.06942003E-02    1.24825985E+00   -1.28821292E+01
   4.11303439E-02    1.24256647E+00   -1.32240882E+01
   4.15711619E-02    1.23666268E+00   -1.35598099E+01
   4.20167044E-02    1.23054746E+00   -1.38892083E+01
   4.24670220E-02    1.22421983E+00   -1.42121973E+01
   4.29221659E-02    1.21767882E+00   -1.45286903E+01
   4.33821879E-02    1.21092363E+00   -1.48386043E+01
   4.38471403E-02    1.20395353E+00   -1.51418578E+01
   4.43170757E-02    1.19676776E+00   -1.54383674E+01
   4.47920478E-02    1.18936576E+00   -1.57280539E+01
   4.52721104E-02    1.18174704E+00   -1.60108402E+01
   4.57573182E-02    1.17391114E+00   -1.62866480E+01
   4.62477261E-02    1.16585773E+00   -1.65554030E+01
   4.67433901E-02    1.15758656E+00   -1.68170311E+01
   4.72443664E-02    1.14909749E+00   -1.70714612E+01
   4.77507120E-02    1.14039048E+00   -1.73186239E+01
   4.82624843E-02    1.13146548E+00   -1.75584486E+01
   4.87797416E-02    1.12232267E+00   -1.77908698E+01
   4.93025427E-02    1.11296237E+00   -1.80158264E+01
   4.98309469E-02    1.10338487E+00   -1.82332545E+01
   5.03650144E-02    1.09359058E+00   -1.84430929E+01
   5.09048057E-02    1.08358015E+00   -1.86452868E+01
   5.14503824E-02    1.07335423E+00   -1.88397805E+01
   5.20018063E-02    1.06291357E+00   -1.90265192E+01
   5.25591401E-02    1.05225914E+00   -1.92054552E+01
   5.31224472E-02    1.04139197E+00   -1.93765408E+01
   5.36917916E-02    1.03031312E+00   -1.95397277E+01
   5.42672379E-02    1.01902388E+00   -1.96949747E+01
   5.48488517E-02    1.00752575E+00   -1.98422451E+01
   5.54366990E-02    9.95820145E-01   -1.99814992E+01
   5.60308466E-02    9.83908713E-01   -2.01127026E+01
   5.66313620E-02    9.71793335E-01   -2.02358281E+01
   5.72383135E-02    9.59475848E-01   -2.03508451E+01
   5.78517700E-02    9.46958196E-01   -2.04577252E+01
   5.84718013E-02    9.34242619E-01   -2.05564490E+01
   5.90984779E-02    9.21331565E-01   -2.06470027E+01
   5.97318709E-02    9.08227368E-01   -2.07293669E+01
   6.03720523E-02    8.94932550E-01   -2.08035271E+01
   6.10190950E-02    8.81449942E-01   -2.08694784E+01
   6.16730724E-02    8.67782464E-01   -2.09272175E+01
   6.23340588E-02    8.53933002E-01   -2.09767381E+01
   6.30021294E-02    8.39904733E-01   -2.10180425E+01
   6.36773602E-02    8.25701100E-01   -2.10511417E+01
   6.43598277E-02    8.11325449E-01   -2.10760408E+01
   6.50496097E-02    7.96781285E-01   -2.10927494E+01
   6.57467845E-02    7.82072452E-01   -2.11012879E+01
   6.64514313E-02    7.67202954E-01   -2.11016809E+01
   6.71636302E-02    7.52176662E-01   -2.10939462E+01
   6.78834622E-02    7.36997719E-01   -2.10781103E+01
   6.86110090E-02    7.21670599E-01   -2.10542105E+01
   6.93463534E-02    7.06199783E-01   -2.10222824E+01
   7.00895789E-02    6.90589850E-01   -2.09823638E+01
   7.08407700E-02    6.74845623E-01   -2.09345003E+01
   7.16000120E-02    6.58971960E-01   -2.08787369E+01
   7.23673913E-02    6.42974002E-01   -2.08151281E+01
   7.31429950E-02    6.26856947E-01   -2.07437286E+01
   7.39269113E-02    6.10626168E-01   -2.06645988E+01
   7.47192293E-02    5.94287204E-01   -2.05778036E+01
   7.55200391E-02    5.77845631E-01   -2.04834079E+01
   7.63294316E-02    5.61307334E-01   -2.03814873E+01
   7.71474988E-02    5.44678228E-01   -2.02721171E+01
   7.79743338E-02    5.27964354E-01   -2.01553761E+01
   7.88100304E-02    5.11172011E-01   -2.00313518E+01
   7.96546836E-02    4.94307463E-01   -1.99001294E+01
   8.05083896E-02    4.77377254E-01   -1.97618036E+01
   8.13712451E-02    4.60387994E-01   -1.96164707E+01
   8.22433484E-02    4.43346390E-01   -1.94642298E+01
   8.31247986E-02    4.26259388E-01   -1.93051883E+01
   8.40156957E-02    4.09133899E-01   -1.91394516E+01
   8.49161412E-02    3.91977104E-01   -1.89671347E+01
   8.58262372E-02    3.74796208E-01   -1.87883529E+01
   8.67460873E-02    3.57598540E-01   -1.86032259E+01
   8.76757959E-02    3.40391623E-01   -1.84118804E+01
   8.86154688E-02    3.23182915E-01   -1.82144403E+01
   8.95652127E-02    3.05980156E-01   -1.80110402E+01
   9.05251355E-02    2.88791110E-01   -1.78018156E+01
   9.14953464E-02    2.71623547E-01   -1.75869017E+01
   9.24759557E-02    2.54485501E-01   -1.73664450E+01
   9.34670746E-02    2.37384952E-01   -1.71405893E+01
   9.44688160E-02    2.20330089E-01   -1.69094876E+01
   9.54812937E-02    2.03329168E-01   -1.66732958E+01
   9.65046226E-02    1.86390172E-01   -1.64321586E+01
   9.75389192E-02    1.69521323E-01   -1.61862313E+01
   9.85843010E-02    1.52731168E-01   -1.59356839E+01
   9.96408867E-02    1.36028365E-01   -1.56806918E+01
   1.00708796E-01    1.19421166E-01   -1.54214140E+01
   1.01788152E-01    1.02917968E-01   -1.51580168E+01
   1.02879075E-01    8.65274526E-02   -1.48906806E+01
   1.03981690E-01    7.02582344E-02   -1.46195840E+01
   1.05096123E-01    5.41186942E-02   -1.43448966E+01
   1.06222500E-01    3.81174399E-02   -1.40668006E+01
   1.07360948E-01    2.22632624E-02   -1.37854882E+01
   1.08511598E-01    6.56463687E-03   -1.35011394E+01
   1.09674581E-01   -8.96996658E-03   -1.32139367E+01
   1.10850028E-01   -2.43318498E-02   -1.29240759E+01
   1.12038072E-01   -3.95123660E-02   -1.26317532E+01
   1.13238850E-01   -5.45032520E-02   -1.23371495E+01
   1.14452497E-01   -6.92961334E-02   -1.20404546E+01
   1.15679151E-01   -8.38824513E-02   -1.17418713E+01
   1.16918953E-01   -9.82537100E-02   -1.14416034E+01
   1.18172042E-01   -1.12401789E-01   -1.11398397E+01
   1.19438561E-01   -1.26318501E-01   -1.08367778E+01
   1.20718654E-01   -1.39995595E-01   -1.05326235E+01
   1.22012466E-01   -1.53425163E-01   -1.02275693E+01
   1.23320145E-01   -1.66599384E-01   -9.92180871E+00
   1.24641839E-01   -1.79510353E-01   -9.61554678E+00
   1.25977699E-01   -1.92150269E-01   -9.30898921E+00
   1.27327876E-01   -2.04511658E-01   -9.00233004E+00
   1.28692523E-01   -2.16587077E-01   -8.69576955E+00
   1.30071797E-01   -2.28369286E-01   -8.38950358E+00
   1.31465852E-01   -2.39851156E-01   -8.08373007E+00
   1.32874849E-01   -2.51025692E-01   -7.77864826E+00
   1.34298946E-01   -2.61886148E-01   -7.47445105E+00
   1.35738307E-01   -2.72425894E-01   -7.17133508E+00
   1.37193094E-01   -2.82638549E-01   -6.86949074E+00
   1.38663472E-01   -2.92517880E-01   -6.56911149E+00
   1.40149610E-01   -3.02057901E-01   -6.27038519E+00
   1.41651676E-01   -3.11252820E-01   -5.97350043E+00
   1.43169840E-01   -3.20097086E-01   -5.67864179E+00
   1.44704275E-01   -3.28585375E-01   -5.38599247E+00
   1.46255155E-01   -3.36712606E-01   -5.09573314E+00
   1.47822657E-01   -3.44473953E-01   -4.80804183E+00
   1.49406959E-01   -3.51864845E-01   -4.52309308E+00
   1.51008241E-01   -3.58880983E-01   -4.24105832E+00
   1.52626685E-01   -3.65518336E-01   -3.96210764E+00
   1.54262475E-01   -3.71773162E-01   -3.68640594E+00
   1.55915796E-01   -3.77642002E-01   -3.41411498E+00
   1.57586837E-01   -3.83121697E-01   -3.14539296E+00
   1.59275787E-01   -3.88209392E-01   -2.88039473E+00
   1.60982839E-01   -3.92902549E-01   -2.61927114E+00
   1.62708187E-01   -3.97198923E-01   -2.36216770E+00
   1.64452026E-01   -4.01096603E-01   -2.10922618E+00
   1.66214554E-01   -4.04594025E-01   -1.86058564E+00
   1.67995973E-01   -4.07689945E-01   -1.61637894E+00
   1.69796484E-01   -4.10383434E-01   -1.37673383E+00
   1.71616293E-01   -4.12673927E-01   -1.14177397E+00
   1.73455605E-01   -4.14561220E-01   -9.11618821E-01
   1.75314630E-01   -4.16045449E-01   -6.86381804E-01
   1.77193580E-01   -4.17127074E-01   -4.66170959E-01
   1.79092667E-01   -4.17806958E-01   -2.51089795E-01
   1.81012108E-01   -4.18086310E-01   -4.12362171E-02
   1.82952121E-01   -4.17966689E-01    1.63297615E-01
   1.84912926E-01   -4.17450033E-01    3.62424888E-01
   1.86894746E-01   -4.16538638E-01    5.56064525E-01
   1.88897807E-01   -4.15235174E-01    7.44141154E-01
   1.90922335E-01   -4.13542673E-01    9.26585216E-01
   1.92968562E-01   -4.11464539E-01    1.10333300E+00
   1.95036719E-01   -4.09004543E-01    1.27432673E+00
   1.97127042E-01   -4.06166818E-01    1.43951458E+00
   1.99239768E-01   -4.02955869E-01    1.59885071E+00
   2.01375137E-01   -3.99376558E-01    1.75229531E+00
   2.03533392E-01   -3.95434115E-01    1.89981462E+00
   2.05714779E-01   -3.91134124E-01    2.04138094E+00
   2.07919545E-01   -3.86482515E-01    2.17697260E+00
   2.10147940E-01   -3.81485586E-01    2.30657400E+00
   2.12400219E-01   -3.76149973E-01    2.43017559E+00
   2.14676637E-01   -3.70482652E-01    2.54777382E+00
   2.16977452E-01   -3.64490936E-01    2.65937112E+00
   2.19302926E-01   -3.58182464E-01    2.76497581E+00
   2.21653324E-01   -3.51565217E-01    2.86460226E+00
   2.24028913E-01   -3.44647468E-01    2.95827047E+00
   2.26429962E-01   -3.37437810E-01    3.04600631E+00
   2.28856744E-01   -3.29945155E-01    3.12784145E+00
   2.31309536E-01   -3.22178680E-01    3.20381299E+00
   2.33788616E-01   -3.14147863E-01    3.27396365E+00
   2.36294266E-01   -3.05862458E-01    3.33834160E+00
   2.38826770E-01   -2.97332489E-01    3.39700042E+00
   2.41386416E-01   -2.88568224E-01    3.44999876E+00
   2.43973496E-01   -2.79580169E-01    3.49740031E+00
   2.46588302E-01   -2.70379122E-01    3.53927436E+00
   2.49231134E-01   -2.60975996E-01    3.57569394E+00
   2.51902290E-01   -2.51382050E-01    3.60673819E+00
   2.54602074E-01   -2.41608621E-01    3.63248963E+00
   2.57330794E-01   -2.31667315E-01    3.65303605E+00
   2.60088759E-01   -2.21569919E-01    3.66846973E+00
   2.62876282E-01   -2.11328255E-01    3.67888559E+00
   2.65693681E-01   -2.00954472E-01    3.68438471E+00
   2.68541276E-01   -1.90460717E-01    3.68507035E+00
   2.71419390E-01   -1.79859362E-01    3.68105085E+00
   2.74328351E-01   -1.69162766E-01    3.67243653E+00
   2.77268489E-01   -1.58383519E-01    3.65934291E+00
   2.80240138E-01   -1.47534147E-01    3.64188688E+00
   2.83243635E-01   -1.36627340E-01    3.62018976E+00
   2.86279323E-01   -1.25675808E-01    3.59437533E+00
   2.89347546E-01   -1.14692257E-01    3.56456968E+00
   2.92448654E-01   -1.03689499E-01    3.53090262E+00
   2.95582997E-01   -9.26801394E-02    3.49350346E+00
   2.98750933E-01   -8.16771022E-02    3.45250837E+00
   3.01952822E-01   -7.06929120E-02    3.40805033E+00
   3.05189027E-01   -5.97404130E-02    3.36026945E+00
   3.08459917E-01   -4.88319905E-02    3.30930165E+00
   3.11765863E-01   -3.79801879E-02    3.25528792E+00
   3.15107240E-01   -2.71976418E-02    3.19837325E+00
   3.18484429E-01   -1.64962784E-02    3.13869469E+00
   3.21897813E-01   -5.88841492E-03    3.07639819E+00
   3.25347780E-01    4.61376408E-03    3.01163055E+00
   3.28834723E-01    1.49986714E-02    2.94453232E+00
   3.32359038E-01    2.52543518E-02    2.87525314E+00
   3.35921124E-01    3.53694195E-02    2.80393644E+00
   3.39521388E-01    4.53329639E-02    2.73072126E+00
   3.43160237E-01    5.51336741E-02    2.65575687E+00
   3.46838086E-01    6.47605487E-02    2.57919087E+00
   3.50555353E-01    7.42032214E-02    2.50116379E+00
   3.54312461E-01    8.34514295E-02    2.42181818E+00
   3.58109835E-01    9.24951741E-02    2.34129585E+00
   3.61947908E-01    1.01324758E-01    2.25973728E+00
   3.65827115E-01    1.09930783E-01    2.17728190E+00
   3.69747899E-01    1.18304230E-01    2.09406638E+00
   3.73710704E-01    1.26436402E-01    2.01022594E+00
   3.77715980E-01    1.34318870E-01    1.92589546E+00
   3.81764184E-01    1.41943647E-01    1.84120607E+00
   3.85855774E-01    1.49303140E-01    1.75628611E+00
   3.89991216E-01    1.56390058E-01    1.67126321E+00
   3.94170981E-01    1.63197547E-01    1.58626137E+00
   3.98395542E-01    1.69719174E-01    1.50140139E+00
   4.02665381E-01    1.75948865E-01    1.41680240E+00
   4.06980981E-01    1.81881008E-01    1.33257940E+00
   4.11342835E-01    1.87510381E-01    1.24884518E+00
   4.15751437E-01    1.92832222E-01    1.16570841E+00
   4.20207289E-01    1.97842182E-01    1.08327525E+00
   4.24710896E-01    2.02536373E-01    1.00164770E+00
   4.29262772E-01    2.06911341E-01    9.20924764E-01
   4.33863433E-01    2.10964086E-01    8.41201605E-01
   4.38513401E-01    2.14692065E-01    7.62569769E-01
   4.43213206E-01    2.18093185E-01    6.85117076E-01
   4.47963382E-01    2.21165817E-01    6.08927484E-01
   4.52764468E-01    2.23908787E-01    5.34081245E-01
   4.57617010E-01    2.26321380E-01    4.60654606E-01
   4.62521559E-01    2.28403342E-01    3.88719936E-01
   4.67478674E-01    2.30154877E-01    3.18345620E-01
   4.72488917E-01    2.31576642E-01    2.49596052E-01
   4.77552857E-01    2.32669751E-01    1.82531598E-01
   4.82671071E-01    2.33435767E-01    1.17208580E-01
   4.87844139E-01    2.33876699E-01    5.36792567E-02
   4.93072651E-01    2.33994995E-01   -8.00818838E-03
   4.98357199E-01    2.33793544E-01   -6.78096449E-02
   5.03698385E-01    2.33275658E-01   -1.25685093E-01
   5.09096816E-01    2.32445075E-01   -1.81598577E-01
   5.14553105E-01    2.31305945E-01   -2.35518203E-01
   5.20067872E-01    2.29862826E-01   -2.87416117E-01
   5.25641744E-01    2.28120668E-01   -3.37268477E-01
   5.31275354E-01    2.26084809E-01   -3.85055418E-01
   5.36969344E-01    2.23760962E-01   -4.30761013E-01
   5.42724359E-01    2.21155202E-01   -4.74373222E-01
   5.48541054E-01    2.18273956E-01   -5.15883835E-01
   5.54420089E-01    2.15123988E-01   -5.55288405E-01
   5.60362134E-01    2.11712387E-01   -5.92586179E-01
   5.66367864E-01    2.08046553E-01   -6.27780019E-01
   5.72437960E-01    2.04134182E-01   -6.60876312E-01
   5.78573113E-01    1.99983250E-01   -6.91884874E-01
   5.84774020E-01    1.95602001E-01   -7.20818857E-01
   5.91041385E-01    1.90998925E-01   -7.47694635E-01
   5.97375922E-01    1.86182750E-01   -7.72531695E-01
   6.03778350E-01    1.81162418E-01   -7.95352516E-01
   6.10249396E-01    1.75947074E-01   -8.16182452E-01
   6.16789797E-01    1.70546043E-01   -8.35049600E-01
   6.23400294E-01    1.64968820E-01   -8.51984666E-01
   6.30081640E-01    1.59225048E-01   -8.67020837E-01
   6.36834594E-01    1.53324502E-01   -8.80193640E-01
   6.43659924E-01    1.47277070E-01   -8.91540807E-01
   6.50558404E-01    1.41092740E-01   -9.01102128E-01
   6.57530820E-01    1.34781580E-01   -9.08919313E-01
   6.64577963E-01    1.28353720E-01   -9.15035850E-01
   6.71700634E-01    1.21819336E-01   -9.19496860E-01
   6.78899643E-01    1.15188634E-01   -9.22348957E-01
   6.86175808E-01    1.08471834E-01   -9.23640107E-01
   6.93529957E-01    1.01679150E-01   -9.23419494E-01
   7.00962923E-01    9.48207756E-02   -9.21737357E-01
   7.08475554E-01    8.79068749E-02   -9.18644916E-01
   7.16068701E-01    8.09475541E-02   -9.14194158E-01
   7.23743229E-01    7.39528559E-02   -9.08437763E-01
   7.31500009E-01    6.69327428E-02   -9.01428964E-01
   7.39339923E-01    5.98970818E-02   -8.93221426E-01
   7.47263862E-01    5.28556305E-02   -8.83869117E-01
   7.55272727E-01    4.58180257E-02   -8.73426219E-01
   7.63367427E-01    3.87937633E-02   -8.61946955E-01
   7.71548883E-01    3.17921972E-02   -8.49485573E-01
   7.79818025E-01    2.48225189E-02   -8.36096182E-01
   7.88175791E-01    1.78937574E-02   -8.21832738E-01
   7.96623133E-01    1.10147070E-02   -8.06748497E-01
   8.05161010E-01    4.19406579E-03   -7.90897039E-01
   8.13790392E-01   -2.55979126E-03   -7.74330546E-01
   8.22512260E-01   -9.23858409E-03   -7.57101540E-01
   8.31327606E-01   -1.58343555E-02   -7.39261125E-01
   8.40237431E-01   -2.23393183E-02   -7.20860146E-01
   8.49242748E-01   -2.87459594E-02   -7.01948396E-01
   8.58344580E-01   -3.50469824E-02   -6.82575053E-01
   8.67543961E-01   -4.12353756E-02   -6.62788128E-01
   8.76841938E-01   -4.73043717E-02   -6.42634791E-01
   8.86239567E-01   -5.32474734E-02   -6.22161159E-01
   8.95737916E-01   -5.90584636E-02   -6.01412199E-01
   9.05338064E-01   -6.47313901E-02   -5.80431864E-01
   9.15041102E-01   -7.02605952E-02   -5.59262820E-01
   9.24848134E-01   -7.56406966E-02   -5.37946620E-01
   9.34760273E-01   -8.08666073E-02   -5.16523513E-01
   9.44778646E-01   -8.59335297E-02   -4.95032492E-01
   9.54904392E-01   -9.08369601E-02   -4.73511243E-01
   9.65138662E-01   -9.55726901E-02   -4.51996125E-01
   9.75482619E-01   -1.00136808E-01   -4.30522145E-01
   9.85937437E-01   -1.04525698E-01   -4.09122943E-01
   9.96504306E-01   -1.08736043E-01   -3.87830777E-01
   1.00718443E+00   -1.12764821E-01   -3.66676515E-01
   1.01797901E+00   -1.16609305E-01   -3.45689620E-01
   1.02888929E+00   -1.20267063E-01   -3.24898155E-01
   1.03991650E+00   -1.23735954E-01   -3.04328776E-01
   1.05106189E+00   -1.27014127E-01   -2.84006742E-01
   1.06232674E+00   -1.30100019E-01   -2.63955913E-01
   1.07371232E+00   -1.32992347E-01   -2.44198766E-01
   1.08521992E+00   -1.35690112E-01   -2.24756406E-01
   1.09685086E+00   -1.38192588E-01   -2.05648577E-01
   1.10860645E+00   -1.40499321E-01   -1.86893680E-01
   1.12048804E+00   -1.42610125E-01   -1.68508807E-01
   1.13249696E+00   -1.44525075E-01   -1.50509744E-01
   1.14463460E+00   -1.46244502E-01   -1.32911012E-01
   1.15690232E+00   -1.47768989E-01   -1.15725883E-01
   1.16930152E+00   -1.49099365E-01   -9.89664134E-02
   1.18183361E+00   -1.50236698E-01   -8.26434782E-02
   1.19450001E+00   -1.51182289E-01   -6.67667915E-02
   1.20730217E+00   -1.51937666E-01   -5.13449463E-02
   1.22024153E+00   -1.52504580E-01   -3.63854453E-02
   1.23331957E+00   -1.52884993E-01   -2.18947324E-02
   1.24653778E+00   -1.53081076E-01   -7.87822614E-03
   1.25989766E+00   -1.53095200E-01    5.65964566E-03
   1.27340072E+00   -1.52929931E-01    1.87154153E-02
   1.28704850E+00   -1.52588018E-01    3.12865383E-02
   1.30084255E+00   -1.52072393E-01    4.33713640E-02
   1.31478444E+00   -1.51386157E-01    5.49691016E-02
   1.32887576E+00   -1.50532577E-01    6.60797878E-02
   1.34311810E+00   -1.49515077E-01    7.67042547E-02
   1.35751308E+00   -1.48337229E-01    8.68440982E-02
   1.37206235E+00   -1.47002749E-01    9.65016476E-02
   1.38676754E+00   -1.45515484E-01    1.05679933E-01
   1.40163034E+00   -1.43879411E-01    1.14382657E-01
   1.41665244E+00   -1.42098618E-01    1.22614156E-01
   1.43183553E+00   -1.40177315E-01    1.30379385E-01
   1.44718135E+00   -1.38119805E-01    1.37683874E-01
   1.46269164E+00   -1.35930488E-01    1.44533701E-01
   1.47836816E+00   -1.33613854E-01    1.50935466E-01
   1.49421270E+00   -1.31174467E-01    1.56896256E-01
   1.51022705E+00   -1.28616964E-01    1.62423621E-01
   1.52641304E+00   -1.25946046E-01    1.67525540E-01
   1.54277250E+00   -1.23166467E-01    1.72210391E-01
   1.55930730E+00   -1.20283028E-01    1.76486930E-01
   1.57601931E+00   -1.17300571E-01    1.80364248E-01
   1.59291043E+00   -1.14223968E-01    1.83851755E-01
   1.60998259E+00   -1.11058116E-01    1.86959147E-01
   1.62723771E+00   -1.07807930E-01    1.89696378E-01
   1.64467777E+00   -1.04478332E-01    1.92073628E-01
   1.66230475E+00   -1.01074246E-01    1.94101287E-01
   1.68012064E+00   -9.76005940E-02    1.95789918E-01
   1.69812748E+00   -9.40622830E-02    1.97150232E-01
   1.71632731E+00   -9.04642031E-02    1.98193070E-01
   1.73472219E+00   -8.68112187E-02    1.98929367E-01
   1.75331423E+00   -8.31081633E-02    1.99370140E-01
   1.77210552E+00   -7.93598319E-02    1.99526453E-01
   1.79109822E+00   -7.55709773E-02    1.99409405E-01
   1.81029446E+00   -7.17463008E-02    1.99030096E-01
   1.82969645E+00   -6.78904517E-02    1.98399621E-01
   1.84930638E+00   -6.40080170E-02    1.97529035E-01
   1.86912648E+00   -6.01035203E-02    1.96429347E-01
   1.88915900E+00   -5.61814127E-02    1.95111486E-01
   1.90940623E+00   -5.22460739E-02    1.93586304E-01
   1.92987045E+00   -4.83018026E-02    1.91864541E-01
   1.95055400E+00   -4.43528153E-02    1.89956818E-01
   1.97145923E+00   -4.04032410E-02    1.87873623E-01
   1.99258852E+00   -3.64571224E-02    1.85625304E-01
   2.01394426E+00   -3.25183948E-02    1.83222007E-01
   2.03552888E+00   -2.85909162E-02    1.80673767E-01
   2.05734483E+00   -2.46784304E-02    1.77990389E-01
   2.07939460E+00   -2.07845842E-02    1.75181500E-01
   2.10168069E+00   -1.69129181E-02    1.72256520E-01
   2.12420563E+00   -1.30668645E-02    1.69224651E-01
   2.14697199E+00   -9.24975036E-03    1.66094889E-01
   2.16998235E+00   -5.46478400E-03    1.62875973E-01
   2.19323932E+00   -1.71506991E-03    1.59576439E-01
   2.21674555E+00    1.99640382E-03    1.56204571E-01
   2.24050371E+00    5.66676560E-03    1.52768403E-01
   2.26451650E+00    9.29325760E-03    1.49275724E-01
   2.28878665E+00    1.28732377E-02    1.45734074E-01
   2.31331692E+00    1.64041837E-02    1.42150720E-01
   2.33811009E+00    1.98836852E-02    1.38532688E-01
   2.36316899E+00    2.33094498E-02    1.34886739E-01
   2.38849645E+00    2.66793026E-02    1.31219366E-01
   2.41409537E+00    2.99911836E-02    1.27536801E-01
   2.43996864E+00    3.32431475E-02    1.23845016E-01
   2.46611922E+00    3.64333644E-02    1.20149711E-01
   2.49255006E+00    3.95601163E-02    1.16456332E-01
   2.51926418E+00    4.26217980E-02    1.12770057E-01
   2.54626461E+00    4.56169144E-02    1.09095808E-01
   2.57355442E+00    4.85440794E-02    1.05438245E-01
   2.60113671E+00    5.14020141E-02    1.01801776E-01
   2.62901462E+00    5.41895451E-02    9.81905549E-02
   2.65719131E+00    5.69056019E-02    9.46084873E-02
   2.68566998E+00    5.95492155E-02    9.10592344E-02
   2.71445388E+00    6.21195155E-02    8.75462170E-02
   2.74354627E+00    6.46157277E-02    8.40726213E-02
   2.77295047E+00    6.70371723E-02    8.06414031E-02
   2.80266980E+00    6.93832603E-02    7.72552956E-02
   2.83270765E+00    7.16534919E-02    7.39168135E-02
   2.86306744E+00    7.38474530E-02    7.06282607E-02
   2.89375261E+00    7.59648128E-02    6.73917373E-02
   2.92476665E+00    7.80053211E-02    6.42091463E-02
   2.95611309E+00    7.99688053E-02    6.10822019E-02
   2.98779549E+00    8.18551678E-02    5.80124366E-02
   3.01981744E+00    8.36643832E-02    5.50012096E-02
   3.05218260E+00    8.53964955E-02    5.20497144E-02
   3.08489462E+00    8.70516156E-02    4.91589876E-02
   3.11795725E+00    8.86299183E-02    4.63299161E-02
   3.15137422E+00    9.01316402E-02    4.35632467E-02
   3.18514934E+00    9.15570769E-02    4.08595930E-02
   3.21928646E+00    9.29065805E-02    3.82194439E-02
   3.25378944E+00    9.41805576E-02    3.56431715E-02
   3.28866220E+00    9.53794666E-02    3.31310387E-02
   3.32390872E+00    9.65038160E-02    3.06832064E-02
   3.35953300E+00    9.75541619E-02    2.82997411E-02
   3.39553908E+00    9.85311064E-02    2.59806211E-02
   3.43193106E+00    9.94352954E-02    2.37257438E-02
   3.46871308E+00    1.00267417E-01    2.15349313E-02
   3.50588931E+00    1.01028200E-01    1.94079363E-02
   3.54346398E+00    1.01718413E-01    1.73444478E-02
   3.58144136E+00    1.02338859E-01    1.53440963E-02
   3.61982576E+00    1.02890379E-01    1.34064579E-02
   3.65862156E+00    1.03373849E-01    1.15310596E-02
   3.69783315E+00    1.03790178E-01    9.71738282E-03
   3.73746499E+00    1.04140305E-01    7.96486707E-03
   3.77752159E+00    1.04425203E-01    6.27291384E-03
   3.81800751E+00    1.04645871E-01    4.64088931E-03
   3.85892733E+00    1.04803338E-01    3.06812743E-03
   3.90028571E+00    1.04898662E-01    1.55393250E-03
   3.94208736E+00    1.04932926E-01    9.75814781E-05
   3.98433702E+00    1.04907238E-01   -1.30167374E-03
   4.02703949E+00    1.04822730E-01   -2.64460444E-03
   4.07019964E+00    1.04680559E-01   -3.93200328E-03
   4.11382235E+00    1.04481902E-01   -5.16468262E-03
   4.15791259E+00    1.04227961E-01   -6.34347297E-03
   4.20247538E+00    1.03919955E-01   -7.46922179E-03
   4.24751577E+00    1.03559124E-01   -8.54279203E-03
   4.29303888E+00    1.03146727E-01   -9.56506103E-03
   4.33904990E+00    1.02684039E-01   -1.05369194E-02
   4.38555404E+00    1.02172354E-01   -1.14592702E-02
   4.43255659E+00    1.01612980E-01   -1.23330274E-02
   4.48006289E+00    1.01007239E-01   -1.31591158E-02
   4.52807835E+00    1.00356469E-01   -1.39384695E-02
   4.57660842E+00    9.96620198E-02   -1.46720314E-02
   4.62565861E+00    9.89252515E-02   -1.53607522E-02
   4.67523451E+00    9.81475366E-02   -1.60055900E-02
   4.72534173E+00    9.73302566E-02   -1.66075090E-02
   4.77598599E+00    9.64748019E-02   -1.71674793E-02
   4.82717303E+00    9.55825702E-02   -1.76864762E-02
   4.87890867E+00    9.46549659E-02   -1.81654789E-02
   4.93119879E+00    9.36933989E-02   -1.86054706E-02
   4.98404934E+00    9.26992835E-02   -1.90074375E-02
   5.03746632E+00    9.16740368E-02   -1.93723679E-02
   5.09145579E+00    9.06190790E-02   -1.97012522E-02
   5.14602391E+00    8.95358305E-02   -1.99950817E-02
   5.20117686E+00    8.84257123E-02   -2.02548483E-02
   5.25692092E+00    8.72901438E-02   -2.04815439E-02
   5.31326242E+00    8.61305424E-02   -2.06761595E-02
   5.37020777E+00    8.49483218E-02   -2.08396851E-02
   5.42776343E+00    8.37448915E-02   -2.09731087E-02
   5.48593595E+00    8.25216548E-02   -2.10774159E-02
   5.54473194E+00    8.12800085E-02   -2.11535894E-02
   5.60415808E+00    8.00213412E-02   -2.12026082E-02
   5.66422113E+00    7.87470323E-02   -2.12254473E-02
   5.72492790E+00    7.74584508E-02   -2.12230770E-02
   5.78628531E+00    7.61569543E-02   -2.11964623E-02
   5.84830032E+00    7.48438876E-02   -2.11465626E-02
   5.91097998E+00    7.35205819E-02   -2.10743309E-02
   5.97433141E+00    7.21883531E-02   -2.09807132E-02
   6.03836182E+00    7.08485011E-02   -2.08666479E-02
   6.10307848E+00    6.95023086E-02   -2.07330659E-02
   6.16848875E+00    6.81510402E-02   -2.05808893E-02
   6.23460006E+00    6.67959406E-02   -2.04110309E-02
   6.30141992E+00    6.54382340E-02   -2.02243942E-02
   6.36895593E+00    6.40791231E-02   -2.00218722E-02
   6.43721576E+00    6.27197879E-02   -1.98043473E-02
   6.50620717E+00    6.13613846E-02   -1.95726905E-02
   6.57593801E+00    6.00050447E-02   -1.93277609E-02
   6.64641619E+00    5.86518739E-02   -1.90704053E-02
   6.71764972E+00    5.73029512E-02   -1.88014572E-02
   6.78964671E+00    5.59593281E-02   -1.85217368E-02
   6.86241533E+00    5.46220276E-02   -1.82320501E-02
   6.93596386E+00    5.32920433E-02   -1.79331884E-02
   7.01030064E+00    5.19703387E-02   -1.76259280E-02
   7.08543414E+00    5.06578464E-02   -1.73110292E-02
   7.16137289E+00    4.93554672E-02   -1.69892363E-02
   7.23812552E+00    4.80640697E-02   -1.66612764E-02
   7.31570075E+00    4.67844897E-02   -1.63278600E-02
   7.39410740E+00    4.55175294E-02   -1.59896794E-02
   7.47335438E+00    4.42639568E-02   -1.56474088E-02
   7.55345070E+00    4.30245057E-02   -1.53017036E-02
   7.63440546E+00    4.17998748E-02   -1.49532005E-02
   7.71622785E+00    4.05907277E-02   -1.46025163E-02
   7.79892719E+00    3.93976925E-02   -1.42502479E-02
   7.88251286E+00    3.82213615E-02   -1.38969724E-02
   7.96699436E+00    3.70622912E-02   -1.35432462E-02
   8.05238131E+00    3.59210023E-02   -1.31896048E-02
   8.13868340E+00    3.47979792E-02   -1.28365624E-02
   8.22591044E+00    3.36936706E-02   -1.24846129E-02
   8.31407234E+00    3.26084691E-02   -1.21344524E-02
   8.40317912E+00    3.15427722E-02   -1.17860794E-02
   8.49324091E+00    3.04969220E-02   -1.14401459E-02
   8.58426795E+00    2.94712252E-02   -1.10970623E-02
   8.67627058E+00    2.84659538E-02   -1.07572130E-02
   8.76925926E+00    2.74813457E-02   -1.04209613E-02
   8.86324454E+00    2.65176048E-02   -1.00886485E-02
   8.95823713E+00    2.55749019E-02   -9.76059457E-03
   9.05424780E+00    2.46533754E-02   -9.43709789E-03
   9.15128748E+00    2.37531315E-02   -9.11843568E-03
   9.24936719E+00    2.28742455E-02   -8.80486412E-03
   9.34849808E+00    2.20167619E-02   -8.49661871E-03
   9.44869141E+00    2.11806959E-02   -8.19391454E-03
   9.54995857E+00    2.03660338E-02   -7.89694666E-03
   9.65231107E+00    1.95727343E-02   -7.60589046E-03
   9.75576054E+00    1.88007291E-02   -7.32090214E-03
   9.86031874E+00    1.80499237E-02   -7.04211913E-03
   9.96599756E+00    1.73201992E-02   -6.76966058E-03
   1.00728090E+01    1.66114126E-02   -6.50362793E-03
   1.01807652E+01    1.59233980E-02   -6.24410542E-03
   1.02898784E+01    1.52559679E-02   -5.99116071E-03
   1.04001611E+01    1.46089142E-02   -5.74484541E-03
   1.05116257E+01    1.39820092E-02   -5.50519575E-03
   1.06242849E+01    1.33750068E-02   -5.27223323E-03
   1.07381516E+01    1.27876437E-02   -5.04596519E-03
   1.08532387E+01    1.22196403E-02   -4.82638555E-03
   1.09695592E+01    1.16707021E-02   -4.61347545E-03
   1.10871264E+01    1.11405205E-02   -4.40720392E-03
   1.12059536E+01    1.06287743E-02   -4.20752855E-03
   1.13260544E+01    1.01351303E-02   -4.01439621E-03
   1.14474423E+01    9.65924495E-03   -3.82774367E-03
   1.15701313E+01    9.20076492E-03   -3.64749833E-03
   1.16941352E+01    8.75932842E-03   -3.47357885E-03
   1.18194681E+01    8.33456613E-03   -3.30589583E-03
   1.19461442E+01    7.92610224E-03   -3.14435245E-03
   1.20741781E+01    7.53355537E-03   -2.98884512E-03
   1.22035841E+01    7.15653960E-03   -2.83926411E-03
   1.23343771E+01    6.79466529E-03   -2.69549413E-03
   1.24665718E+01    6.44754004E-03   -2.55741494E-03
   1.26001834E+01    6.11476944E-03   -2.42490193E-03
   1.27352269E+01    5.79595817E-03   -2.29782671E-03
   1.28717178E+01    5.49071030E-03   -2.17605755E-03
   1.30096715E+01    5.19863052E-03   -2.05946000E-03
   1.31491038E+01    4.91932459E-03   -1.94789732E-03
   1.32900304E+01    4.65240003E-03   -1.84123096E-03
   1.34324675E+01    4.39746694E-03   -1.73932108E-03
   1.35764311E+01    4.15413837E-03   -1.64202686E-03
   1.37219377E+01    3.92203101E-03   -1.54920697E-03
   1.38690037E+01    3.70076579E-03   -1.46072000E-03
   1.40176460E+01    3.48996820E-03   -1.37642469E-03
   1.41678813E+01    3.28926891E-03   -1.29618041E-03
   1.43197268E+01    3.09830409E-03   -1.21984735E-03
   1.44731997E+01    2.91671587E-03   -1.14728692E-03
   1.46283174E+01    2.74415265E-03   -1.07836192E-03
   1.47850977E+01    2.58026944E-03   -1.01293687E-03
   1.49435582E+01    2.42472815E-03   -9.50878179E-04
   1.51037171E+01    2.27719782E-03   -8.92054388E-04
   1.52655925E+01    2.13735492E-03   -8.36336340E-04
   1.54292028E+01    2.00488343E-03   -7.83597353E-04
   1.55945666E+01    1.87947512E-03   -7.33713370E-04
   1.57617027E+01    1.76082962E-03   -6.86563089E-04
   1.59306301E+01    1.64865458E-03   -6.42028074E-04
   1.61013680E+01    1.54266569E-03   -5.99992862E-04
   1.62739358E+01    1.44258683E-03   -5.60345039E-04
   1.64483531E+01    1.34815004E-03   -5.22975301E-04
   1.66246397E+01    1.25909559E-03   -4.87777531E-04
   1.68028157E+01    1.17517193E-03   -4.54648809E-04
   1.69829013E+01    1.09613570E-03   -4.23489456E-04
   1.71649170E+01    1.02175169E-03   -3.94203056E-04
   1.73488835E+01    9.51792771E-04   -3.66696444E-04
   1.75348217E+01    8.86039835E-04   -3.40879717E-04
   1.77227526E+01    8.24281714E-04   -3.16666216E-04
   1.79126977E+01    7.66315031E-04   -2.93972483E-04
   1.81046786E+01    7.11944143E-04   -2.72718254E-04
   1.82987171E+01    6.60981078E-04   -2.52826444E-04
   1.84948351E+01    6.13245186E-04   -2.34223013E-04
   1.86930551E+01    5.68563232E-04   -2.16837017E-04
   1.88933995E+01    5.26769125E-04   -2.00600493E-04
   1.90958912E+01    4.87703775E-04   -1.85448414E-04
   1.93005530E+01    4.51214965E-04   -1.71318632E-04
   1.95074084E+01    4.17157125E-04   -1.58151790E-04
   1.97164807E+01    3.85391223E-04   -1.45891273E-04
   1.99277938E+01    3.55784527E-04   -1.34483115E-04
   2.01413716E+01    3.28210469E-04   -1.23875935E-04
   2.03572385E+01    3.02548443E-04   -1.14020857E-04
   2.05754189E+01    2.78683629E-04   -1.04871429E-04
   2.07959377E+01    2.56506800E-04   -9.63835445E-05
   2.10188200E+01    2.35914151E-04   -8.85153646E-05
   2.12440910E+01    2.16807098E-04   -8.12272337E-05
   2.14717764E+01    1.99092097E-04   -7.44815993E-05
   2.17019020E+01    1.82680483E-04   -6.82429412E-05
   2.19344940E+01    1.67488250E-04   -6.24776777E-05
   2.21695788E+01    1.53435910E-04   -5.71541011E-05
   2.24071831E+01    1.40448227E-04   -5.22422667E-05
   2.26473341E+01    1.28454351E-04   -4.77140379E-05
   2.28900588E+01    1.17387068E-04   -4.35427869E-05
   2.31353850E+01    1.07183197E-04   -3.97035228E-05
   2.33833404E+01    9.77831424E-05   -3.61727956E-05
   2.36339534E+01    8.91308028E-05   -3.29283447E-05
   2.38872523E+01    8.11733565E-05   -2.99500920E-05
   2.41432660E+01    7.38613845E-05   -2.72150696E-05
   2.44020235E+01    6.71492617E-05   -2.47057795E-05
   2.46635543E+01    6.09932736E-05   -2.24088092E-05
   2.49278881E+01    5.53522307E-05   -2.03074831E-05
   2.51950549E+01    5.01876211E-05   -1.83869161E-05
   2.54650850E+01    4.54634181E-05   -1.66330565E-05
   2.57380092E+01    4.11459617E-05   -1.50328529E-05
   2.60138586E+01    3.72038278E-05   -1.35741431E-05
   2.62926643E+01    3.36077073E-05   -1.22456160E-05
   2.65744582E+01    3.03302868E-05   -1.10367575E-05
   2.68592723E+01    2.73461381E-05   -9.93780410E-06
   2.71471388E+01    2.46316087E-05   -8.93969699E-06
   2.74380906E+01    2.21647178E-05   -8.03403851E-06
   2.77321607E+01    1.99250598E-05   -7.21305165E-06
   2.80293825E+01    1.78937079E-05   -6.46954024E-06
   2.83297898E+01    1.60531244E-05   -5.79685197E-06
   2.86334168E+01    1.43870745E-05   -5.18884309E-06
   2.89402979E+01    1.28805451E-05   -4.63984495E-06
   2.92504680E+01    1.15196665E-05   -4.14463253E-06
   2.95639624E+01    1.02916381E-05   -3.69839413E-06
   2.98808167E+01    9.18465863E-06   -3.29670329E-06
   3.02010669E+01    8.18785933E-06   -2.93549208E-06
   3.05247494E+01    7.29124031E-06   -2.61102562E-06
   3.08519011E+01    6.48561262E-06   -2.31987900E-06
   3.11825590E+01    5.76253897E-06   -2.05891387E-06
   3.15167607E+01    5.11428251E-06   -1.82525818E-06
   3.18545443E+01    4.53375651E-06   -1.61628642E-06
   3.21959481E+01    4.01447621E-06   -1.42960074E-06
   3.25410110E+01    3.55051500E-06   -1.26301386E-06
   3.28897720E+01    3.13646205E-06   -1.11453261E-06
   3.32422710E+01    2.76738365E-06   -9.82342950E-07
   3.35985479E+01    2.43878618E-06   -8.64795635E-07
   3.39586432E+01    2.14658152E-06   -7.60392951E-07
   3.43225979E+01    1.88705514E-06   -6.67776448E-07
   3.46904533E+01    1.65683594E-06   -5.85715412E-07
   3.50622512E+01    1.45286835E-06   -5.13096228E-07
   3.54380339E+01    1.27238607E-06   -4.48912399E-07
   3.58178440E+01    1.11288793E-06   -3.92255408E-07
   3.62017248E+01    9.72115225E-07   -3.42306141E-07
   3.65897199E+01    8.48031006E-07   -2.98327087E-07
   3.69818734E+01    7.38800483E-07   -2.59654984E-07
   3.73782298E+01    6.42773254E-07   -2.25694151E-07
   3.77788342E+01    5.58466687E-07   -1.95910279E-07
   3.81837321E+01    4.84550654E-07   -1.69824741E-07
   3.85929695E+01    4.19833485E-07   -1.47009367E-07
   3.90065930E+01    3.63248974E-07   -1.27081631E-07
   3.94246495E+01    3.13844488E-07   -1.09700240E-07
   3.98471866E+01    2.70770173E-07   -9.45611579E-08
   4.02742522E+01    2.33268717E-07   -8.13938323E-08
   4.07058949E+01    2.00666428E-07   -6.99579152E-08
   4.11421639E+01    1.72364851E-07   -6.00401893E-08
   4.15831085E+01    1.47832883E-07   -5.14516858E-08
   4.20287791E+01    1.26600389E-07   -4.40253477E-08
   4.24792261E+01    1.08251576E-07   -3.76136188E-08
   4.29345009E+01    9.24188018E-08   -3.20861969E-08
   4.33946551E+01    7.87782815E-08   -2.73284675E-08
   4.38597410E+01    6.70448463E-08   -2.32396105E-08
   4.43298116E+01    5.69677828E-08   -1.97310951E-08
   4.48049201E+01    4.83271737E-08   -1.67253583E-08
   4.52851207E+01    4.09301756E-08   -1.41544658E-08
   4.57704679E+01    3.46081251E-08   -1.19590704E-08
   4.62610168E+01    2.92137837E-08   -1.00874234E-08
   4.67568232E+01    2.46186499E-08   -8.49441205E-09
   4.72579435E+01    2.07109332E-08   -7.14083391E-09
   4.77644345E+01    1.73934670E-08   -5.99265234E-09
   4.82763539E+01    1.45819530E-08   -5.02037004E-09
   4.87937599E+01    1.22033720E-08   -4.19846373E-09
   4.93167112E+01    1.01946098E-08   -3.50489537E-09
   4.98452673E+01    8.50117821E-09   -2.92065859E-09
   5.03794882E+01    7.07616710E-09   -2.42940706E-09
   5.09194347E+01    5.87919579E-09   -2.01708374E-09
   5.14651681E+01    4.87562772E-09   -1.67164314E-09
   5.20167505E+01    4.03577482E-09   -1.38277073E-09
   5.25742445E+01    3.33425151E-09   -1.14165526E-09
   5.31377135E+01    2.74938824E-09   -9.40782437E-10
   5.37072215E+01    2.26272048E-09   -7.73755284E-10
   5.42828332E+01    1.85854909E-09   -6.35139916E-10
   5.48646141E+01    1.52354752E-09   -5.20327818E-10
   5.54526304E+01    1.24642772E-09   -4.25418912E-10
   5.60469487E+01    1.01765269E-09   -3.47121012E-10
   5.66476367E+01    8.29164077E-10   -2.82654766E-10
   5.72547626E+01    6.74195811E-10   -2.29688548E-10
   5.78683954E+01    5.47043427E-10   -1.86258197E-10
   5.84886049E+01    4.42932848E-10   -1.50721285E-10
   5.91154615E+01    3.57872341E-10   -1.21705659E-10
   5.97490366E+01    2.88521686E-10   -9.80640402E-11
   6.03894020E+01    2.32103671E-10   -7.88432952E-11
   6.10366306E+01    1.86305548E-10   -6.32503125E-11
   6.16907959E+01    1.49211140E-10   -5.06284868E-11
   6.23519723E+01    1.19233570E-10   -4.04344665E-11
   6.30202349E+01    9.50615336E-11   -3.22195941E-11
   6.36956597E+01    7.56155007E-11   -2.56147870E-11
   6.43783234E+01    6.00076457E-11   -2.03167270E-11
   6.50683036E+01    4.75094430E-11   -1.60766984E-11
   6.57656787E+01    3.75249103E-11   -1.26913803E-11
   6.64705281E+01    2.95676155E-11   -9.99494152E-12
   6.71829316E+01    2.32410914E-11   -7.85231430E-12
   6.79029705E+01    1.82234618E-11   -6.15391748E-12
   6.86307264E+01    1.42535874E-11   -4.81090715E-12
   6.93662821E+01    1.11207070E-11   -3.75162663E-12
   7.01097212E+01    8.65425423E-12   -2.91812264E-12
   7.08611281E+01    6.71782478E-12   -2.26407963E-12
   7.16205884E+01    5.20108883E-12   -1.75205870E-12
   7.23881882E+01    4.01625018E-12   -1.35228662E-12
   7.31640148E+01    3.09315397E-12   -1.04098728E-12
   7.39481564E+01    2.37584401E-12   -7.99208128E-13
   7.47407021E+01    1.81994373E-12   -6.11927821E-13
   7.55417420E+01    1.39032115E-12   -4.67261333E-13
   7.63513671E+01    1.05918108E-12   -3.55811134E-13
   7.71696694E+01    8.04660480E-13   -2.70189656E-13
   7.79967420E+01    6.09576214E-13   -2.04593993E-13
   7.88326787E+01    4.60474803E-13   -1.54483338E-13
   7.96775747E+01    3.46836579E-13   -1.16309071E-13
   8.05315260E+01    2.60489232E-13   -8.73159326E-14
   8.13946295E+01    1.95054130E-13   -6.53545423E-14
   8.22669835E+01    1.45631875E-13   -4.87748738E-14
   8.31486869E+01    1.08400747E-13   -3.62904966E-14
   8.40398401E+01    8.04422637E-14   -2.69195490E-14
   8.49405443E+01    5.95127787E-14   -1.99075842E-14
   8.58509019E+01    4.38918274E-14   -1.46763721E-14
   8.67710163E+01    3.22694861E-14   -1.07858828E-14
   8.77009921E+01    2.36486894E-14   -7.90134646E-15
   8.86409350E+01    1.72770942E-14   -5.77028383E-15
   8.95909518E+01    1.25805313E-14   -4.20009939E-15
   9.05511506E+01    9.12959675E-15   -3.04682720E-15
   9.15216403E+01    6.60460304E-15   -2.20333647E-15
   9.25025313E+01    4.76182311E-15   -1.58798681E-15
   9.34939351E+01    3.42099702E-15   -1.14042625E-15
   9.44959644E+01    2.44990815E-15   -8.16408412E-16
   9.55087330E+01    1.74830823E-15   -5.82398640E-16
   9.65323561E+01    1.24270520E-15   -4.13824212E-16
   9.75669499E+01    8.80996286E-16   -2.93272165E-16
   9.86126320E+01    6.21980947E-16   -2.06977527E-16
   9.96695214E+01    4.37357423E-16   -1.45489944E-16
   1.00737738E+02    3.06542258E-16   -1.01938761E-16
   1.01817403E+02    2.14233513E-16   -7.12184379E-17
   1.02908640E+02    1.49018264E-16   -4.95221971E-17
   1.04011572E+02    1.03272537E-16   -3.43085575E-17
   1.05126325E+02    7.12516558E-17   -2.36630134E-17
   1.06253026E+02    4.90885726E-17   -1.62974266E-17
   1.07391802E+02    3.35909486E-17   -1.11486141E-17
   1.08542782E+02    2.29540870E-17   -7.61594434E-18
   1.09706099E+02    1.55295729E-17   -5.15089447E-18
   1.10881884E+02    1.04043699E-17   -3.44976257E-18
   1.12070270E+02    7.02358990E-18    0.00000000E+00
   1.13271392E+02    4.79660066E-18    0.00000000E+00
   1.14485388E+02    3.22735742E-18    0.00000000E+00
   1.15712395E+02    2.14267409E-18    0.00000000E+00
   1.16952553E+02    1.41532151E-18    0.00000000E+00
   1.18206002E+02    9.20241430E-19    0.00000000E+00
   1.19472885E+02    5.92400374E-19    0.00000000E+00
   1.20753346E+02    3.88576197E-19    0.00000000E+00
   1.22047530E+02    2.62581395E-19    0.00000000E+00
   1.23355585E+02    1.74398976E-19    0.00000000E+00
   1.24677659E+02    1.12622675E-19    0.00000000E+00
   1.26013902E+02    7.16189224E-20    0.00000000E+00
   1.27364467E+02    4.53548340E-20    0.00000000E+00
   1.28729507E+02    2.78437622E-20    0.00000000E+00
   1.30109176E+02    1.63068273E-20    0.00000000E+00
   1.31503633E+02    0.00000000E+00    0.00000000E+00
   1.32913034E+02    0.00000000E+00    0.00000000E+00
   1.34337541E+02    0.00000000E+00    0.00000000E+00
   1.35777315E+02    0.00000000E+00    0.00000000E+00
   1.37232520E+02    0.00000000E+00    0.00000000E+00
   1.38703321E+02    0.00000000E+00    0.00000000E+00
   1.40189886E+02    0.00000000E+00    0.00000000E+00
   1.41692383E+02    0.00000000E+00    0.00000000E+00
   1.43210984E+02    0.00000000E+00    0.00000000E+00
   1.44745860E+02    0.00000000E+00    0.00000000E+00
   1.46297186E+02    0.00000000E+00    0.00000000E+00
   1.47865138E+02    0.00000000E+00    0.00000000E+00
   1.49449896E+02    0.00000000E+00    0.00000000E+00
   1.51051638E+02    0.00000000E+00    0.00000000E+00
   1.52670547E+02    0.00000000E+00    0.00000000E+00
   1.54306806E+02    0.00000000E+00    0.00000000E+00
   1.55960603E+02    0.00000000E+00    0.00000000E+00
   1.57632124E+02    0.00000000E+00    0.00000000E+00
   1.59321560E+02    0.00000000E+00    0.00000000E+00
   1.61029102E+02    0.00000000E+00    0.00000000E+00
   1.62754946E+02    0.00000000E+00    0.00000000E+00
   1.64499286E+02    0.00000000E+00    0.00000000E+00
   1.66262321E+02    0.00000000E+00    0.00000000E+00
   1.68044252E+02    0.00000000E+00    0.00000000E+00
   1.69845280E+02    0.00000000E+00    0.00000000E+00
   1.71665612E+02    0.00000000E+00    0.00000000E+00
   1.73505453E+02    0.00000000E+00    0.00000000E+00
   1.75365012E+02    0.00000000E+00    0.00000000E+00
   1.77244502E+02    0.00000000E+00    0.00000000E+00
   1.79144135E+02    0.00000000E+00    0.00000000E+00
   1.81064128E+02    0.00000000E+00    0.00000000E+00
   1.83004698E+02    0.00000000E+00    0.00000000E+00
   1.84966066E+02    0.00000000E+00    0.00000000E+00
   1.86948456E+02    0.00000000E+00    0.00000000E+00
   1.88952092E+02    0.00000000E+00    0.00000000E+00
   1.90977202E+02    0.00000000E+00    0.00000000E+00
   1.93024017E+02    0.00000000E+00    0.00000000E+00
   1.95092768E+02    0.00000000E+00    0.00000000E+00
   1.97183692E+02    0.00000000E+00    0.00000000E+00
   1.99297025E+02    0.00000000E+00    0.00000000E+00
   2.01433008E+02    0.00000000E+00    0.00000000E+00
   2.03591884E+02    0.00000000E+00    0.00000000E+00
   2.05773897E+02    0.00000000E+00    0.00000000E+00
   2.07979297E+02    0.00000000E+00    0.00000000E+00
   2.10208332E+02    0.00000000E+00    0.00000000E+00
   2.12461258E+02    0.00000000E+00    0.00000000E+00
   2.14738330E+02    0.00000000E+00    0.00000000E+00
   2.17039807E+02    0.00000000E+00    0.00000000E+00
   2.19365949E+02    0.00000000E+00    0.00000000E+00
   2.21717023E+02    0.00000000E+00    0.00000000E+00
   2.24093294E+02    0.00000000E+00    0.00000000E+00
   2.26495033E+02    0.00000000E+00    0.00000000E+00
