# Peaks:     0.128239      0.643058  
   5.29150249E-05   -3.39369443E-02   -4.68837539E+02
   5.37109223E-05   -3.43071671E-02   -4.66989284E+02
   5.45187908E-05   -3.46827115E-02   -4.65173205E+02
   5.53388104E-05   -3.50633930E-02   -4.63384265E+02
   5.61711641E-05   -3.54490047E-02   -4.61617275E+02
   5.70160372E-05   -3.58393156E-02   -4.59866887E+02
   5.78736181E-05   -3.62340691E-02   -4.58127582E+02
   5.87440979E-05   -3.66329860E-02   -4.56393749E+02
   5.96276706E-05   -3.70359460E-02   -4.54662672E+02
   6.05245332E-05   -3.74430626E-02   -4.52935565E+02
   6.14348855E-05   -3.78544748E-02   -4.51213969E+02
   6.23589305E-05   -3.82703320E-02   -4.49499493E+02
   6.32968741E-05   -3.86907948E-02   -4.47793818E+02
   6.42489254E-05   -3.91160347E-02   -4.46098680E+02
   6.52152965E-05   -3.95461714E-02   -4.44414943E+02
   6.61962028E-05   -3.99812410E-02   -4.42742182E+02
   6.71918630E-05   -4.04212720E-02   -4.41079870E+02
   6.82024989E-05   -4.08662923E-02   -4.39427479E+02
   6.92283359E-05   -4.13163286E-02   -4.37784477E+02
   7.02696026E-05   -4.17714071E-02   -4.36150336E+02
   7.13265310E-05   -4.22315699E-02   -4.34524769E+02
   7.23993566E-05   -4.26968814E-02   -4.32907815E+02
   7.34883188E-05   -4.31674101E-02   -4.31299547E+02
   7.45936600E-05   -4.36432275E-02   -4.29700058E+02
   7.57156267E-05   -4.41244078E-02   -4.28109460E+02
   7.68544690E-05   -4.46110282E-02   -4.26527881E+02
   7.80104407E-05   -4.51031593E-02   -4.24955351E+02
   7.91837994E-05   -4.56008626E-02   -4.23391781E+02
   8.03748066E-05   -4.61042005E-02   -4.21837086E+02
   8.15837279E-05   -4.66132375E-02   -4.20291193E+02
   8.28108325E-05   -4.71280399E-02   -4.18754041E+02
   8.40563941E-05   -4.76486760E-02   -4.17225583E+02
   8.53206903E-05   -4.81752149E-02   -4.15705772E+02
   8.66040028E-05   -4.87077254E-02   -4.14194562E+02
   8.79066177E-05   -4.92462785E-02   -4.12691916E+02
   8.92288252E-05   -4.97909475E-02   -4.11197814E+02
   9.05709202E-05   -5.03418082E-02   -4.09712248E+02
   9.19332016E-05   -5.08989390E-02   -4.08235227E+02
   9.33159732E-05   -5.14624171E-02   -4.06766735E+02
   9.47195431E-05   -5.20323164E-02   -4.05306719E+02
   9.61442242E-05   -5.26087124E-02   -4.03855132E+02
   9.75903340E-05   -5.31916833E-02   -4.02411944E+02
   9.90581948E-05   -5.37813096E-02   -4.00977134E+02
   1.00548134E-04   -5.43776745E-02   -3.99550698E+02
   1.02060483E-04   -5.49808613E-02   -3.98132621E+02
   1.03595579E-04   -5.55909500E-02   -3.96722853E+02
   1.05153765E-04   -5.62080229E-02   -3.95321355E+02
   1.06735388E-04   -5.68321647E-02   -3.93928099E+02
   1.08340800E-04   -5.74634629E-02   -3.92543073E+02
   1.09970359E-04   -5.81020079E-02   -3.91166276E+02
   1.11624428E-04   -5.87478903E-02   -3.89797700E+02
   1.13303377E-04   -5.94011970E-02   -3.88437298E+02
   1.15007578E-04   -6.00620170E-02   -3.87085030E+02
   1.16737412E-04   -6.07304418E-02   -3.85740869E+02
   1.18493265E-04   -6.14065661E-02   -3.84404801E+02
   1.20275528E-04   -6.20904876E-02   -3.83076827E+02
   1.22084598E-04   -6.27823044E-02   -3.81756940E+02
   1.23920878E-04   -6.34821113E-02   -3.80445096E+02
   1.25784778E-04   -6.41900045E-02   -3.79141255E+02
   1.27676713E-04   -6.49060833E-02   -3.77845391E+02
   1.29597104E-04   -6.56304502E-02   -3.76557491E+02
   1.31546380E-04   -6.63632111E-02   -3.75277556E+02
   1.33524975E-04   -6.71044729E-02   -3.74005583E+02
   1.35533331E-04   -6.78543382E-02   -3.72741528E+02
   1.37571894E-04   -6.86129116E-02   -3.71485353E+02
   1.39641119E-04   -6.93803008E-02   -3.70237030E+02
   1.41741468E-04   -7.01566171E-02   -3.68996547E+02
   1.43873408E-04   -7.09419752E-02   -3.67763906E+02
   1.46037415E-04   -7.17364910E-02   -3.66539104E+02
   1.48233970E-04   -7.25402763E-02   -3.65322098E+02
   1.50463564E-04   -7.33534446E-02   -3.64112850E+02
   1.52726694E-04   -7.41761131E-02   -3.62911332E+02
   1.55023863E-04   -7.50084024E-02   -3.61717533E+02
   1.57355584E-04   -7.58504373E-02   -3.60531455E+02
   1.59722377E-04   -7.67023434E-02   -3.59353094E+02
   1.62124769E-04   -7.75642423E-02   -3.58182407E+02
   1.64563295E-04   -7.84362576E-02   -3.57019356E+02
   1.67038499E-04   -7.93185165E-02   -3.55863915E+02
   1.69550933E-04   -8.02111503E-02   -3.54716071E+02
   1.72101157E-04   -8.11142947E-02   -3.53575827E+02
   1.74689738E-04   -8.20280859E-02   -3.52443178E+02
   1.77317255E-04   -8.29526561E-02   -3.51318080E+02
   1.79984292E-04   -8.38881399E-02   -3.50200494E+02
   1.82691444E-04   -8.48346758E-02   -3.49090395E+02
   1.85439315E-04   -8.57924068E-02   -3.47987771E+02
   1.88228516E-04   -8.67614805E-02   -3.46892624E+02
   1.91059670E-04   -8.77420446E-02   -3.45804947E+02
   1.93933408E-04   -8.87342428E-02   -3.44724694E+02
   1.96850369E-04   -8.97382219E-02   -3.43651827E+02
   1.99811205E-04   -9.07541329E-02   -3.42586319E+02
   2.02816574E-04   -9.17821316E-02   -3.41528160E+02
   2.05867148E-04   -9.28223786E-02   -3.40477354E+02
   2.08963605E-04   -9.38750342E-02   -3.39433887E+02
   2.12106637E-04   -9.49402547E-02   -3.38397712E+02
   2.15296943E-04   -9.60182001E-02   -3.37368791E+02
   2.18535234E-04   -9.71090354E-02   -3.36347098E+02
   2.21822233E-04   -9.82129303E-02   -3.35332623E+02
   2.25158671E-04   -9.93300599E-02   -3.34325369E+02
   2.28545293E-04   -1.00460598E-01   -3.33325318E+02
   2.31982854E-04   -1.01604714E-01   -3.32332421E+02
   2.35472119E-04   -1.02762584E-01   -3.31346639E+02
   2.39013866E-04   -1.03934387E-01   -3.30367946E+02
   2.42608885E-04   -1.05120309E-01   -3.29396334E+02
   2.46257976E-04   -1.06320540E-01   -3.28431805E+02
   2.49961954E-04   -1.07535269E-01   -3.27474334E+02
   2.53721644E-04   -1.08764680E-01   -3.26523871E+02
   2.57537883E-04   -1.10008966E-01   -3.25580377E+02
   2.61411522E-04   -1.11268323E-01   -3.24643825E+02
   2.65343425E-04   -1.12542952E-01   -3.23714208E+02
   2.69334468E-04   -1.13833062E-01   -3.22791526E+02
   2.73385540E-04   -1.15138856E-01   -3.21875749E+02
   2.77497545E-04   -1.16460538E-01   -3.20966823E+02
   2.81671399E-04   -1.17798316E-01   -3.20064710E+02
   2.85908031E-04   -1.19152405E-01   -3.19169385E+02
   2.90208387E-04   -1.20523025E-01   -3.18280840E+02
   2.94573425E-04   -1.21910403E-01   -3.17399073E+02
   2.99004118E-04   -1.23314760E-01   -3.16524043E+02
   3.03501453E-04   -1.24736317E-01   -3.15655697E+02
   3.08066433E-04   -1.26175303E-01   -3.14793997E+02
   3.12700074E-04   -1.27631952E-01   -3.13938919E+02
   3.17403411E-04   -1.29106506E-01   -3.13090458E+02
   3.22177490E-04   -1.30599211E-01   -3.12248606E+02
   3.27023377E-04   -1.32110306E-01   -3.11413310E+02
   3.31942151E-04   -1.33640033E-01   -3.10584518E+02
   3.36934908E-04   -1.35188643E-01   -3.09762192E+02
   3.42002762E-04   -1.36756392E-01   -3.08946312E+02
   3.47146842E-04   -1.38343544E-01   -3.08136873E+02
   3.52368294E-04   -1.39950366E-01   -3.07333857E+02
   3.57668282E-04   -1.41577117E-01   -3.06537204E+02
   3.63047987E-04   -1.43224063E-01   -3.05746863E+02
   3.68508609E-04   -1.44891479E-01   -3.04962797E+02
   3.74051364E-04   -1.46579644E-01   -3.04184987E+02
   3.79677488E-04   -1.48288847E-01   -3.03413430E+02
   3.85388235E-04   -1.50019376E-01   -3.02648093E+02
   3.91184877E-04   -1.51771514E-01   -3.01888912E+02
   3.97068708E-04   -1.53545553E-01   -3.01135836E+02
   4.03041037E-04   -1.55341791E-01   -3.00388830E+02
   4.09103196E-04   -1.57160536E-01   -2.99647876E+02
   4.15256536E-04   -1.59002102E-01   -2.98912969E+02
   4.21502429E-04   -1.60866801E-01   -2.98184062E+02
   4.27842267E-04   -1.62754942E-01   -2.97461090E+02
   4.34277462E-04   -1.64666844E-01   -2.96744003E+02
   4.40809450E-04   -1.66602835E-01   -2.96032768E+02
   4.47439686E-04   -1.68563251E-01   -2.95327372E+02
   4.54169647E-04   -1.70548434E-01   -2.94627801E+02
   4.61000834E-04   -1.72558718E-01   -2.93933991E+02
   4.67934769E-04   -1.74594445E-01   -2.93245876E+02
   4.74972998E-04   -1.76655962E-01   -2.92563408E+02
   4.82117089E-04   -1.78743628E-01   -2.91886556E+02
   4.89368635E-04   -1.80857810E-01   -2.91215310E+02
   4.96729251E-04   -1.82998880E-01   -2.90549647E+02
   5.04200579E-04   -1.85167201E-01   -2.89889493E+02
   5.11784284E-04   -1.87363146E-01   -2.89234783E+02
   5.19482055E-04   -1.89587096E-01   -2.88585469E+02
   5.27295609E-04   -1.91839442E-01   -2.87941523E+02
   5.35226687E-04   -1.94120586E-01   -2.87302936E+02
   5.43277057E-04   -1.96430928E-01   -2.86669666E+02
   5.51448512E-04   -1.98770866E-01   -2.86041634E+02
   5.59742875E-04   -2.01140805E-01   -2.85418776E+02
   5.68161994E-04   -2.03541163E-01   -2.84801047E+02
   5.76707745E-04   -2.05972368E-01   -2.84188423E+02
   5.85382033E-04   -2.08434857E-01   -2.83580893E+02
   5.94186792E-04   -2.10929063E-01   -2.82978396E+02
   6.03123983E-04   -2.13455419E-01   -2.82380850E+02
   6.12195599E-04   -2.16014368E-01   -2.81788192E+02
   6.21403662E-04   -2.18606368E-01   -2.81200379E+02
   6.30750224E-04   -2.21231884E-01   -2.80617388E+02
   6.40237367E-04   -2.23891391E-01   -2.80039205E+02
   6.49867208E-04   -2.26585359E-01   -2.79465754E+02
   6.59641891E-04   -2.29314260E-01   -2.78896952E+02
   6.69563595E-04   -2.32078580E-01   -2.78332739E+02
   6.79634533E-04   -2.34878815E-01   -2.77773076E+02
   6.89856948E-04   -2.37715475E-01   -2.77217943E+02
   7.00233118E-04   -2.40589075E-01   -2.76667308E+02
   7.10765357E-04   -2.43500120E-01   -2.76121083E+02
   7.21456012E-04   -2.46449128E-01   -2.75579186E+02
   7.32307466E-04   -2.49436629E-01   -2.75041561E+02
   7.43322137E-04   -2.52463165E-01   -2.74508171E+02
   7.54502480E-04   -2.55529290E-01   -2.73979001E+02
   7.65850987E-04   -2.58635559E-01   -2.73454002E+02
   7.77370188E-04   -2.61782525E-01   -2.72933078E+02
   7.89062649E-04   -2.64970750E-01   -2.72416150E+02
   8.00930978E-04   -2.68200812E-01   -2.71903161E+02
   8.12977818E-04   -2.71473300E-01   -2.71394079E+02
   8.25205855E-04   -2.74788818E-01   -2.70888890E+02
   8.37617815E-04   -2.78147966E-01   -2.70387526E+02
   8.50216464E-04   -2.81551342E-01   -2.69889887E+02
   8.63004610E-04   -2.84999561E-01   -2.69395895E+02
   8.75985102E-04   -2.88493249E-01   -2.68905494E+02
   8.89160835E-04   -2.92033049E-01   -2.68418652E+02
   9.02534745E-04   -2.95619614E-01   -2.67935354E+02
   9.16109813E-04   -2.99253594E-01   -2.67455521E+02
   9.29889063E-04   -3.02935640E-01   -2.66979054E+02
   9.43875568E-04   -3.06666420E-01   -2.66505874E+02
   9.58072445E-04   -3.10446614E-01   -2.66035925E+02
   9.72482857E-04   -3.14276920E-01   -2.65569179E+02
   9.87110018E-04   -3.18158045E-01   -2.65105614E+02
   1.00195719E-03   -3.22090691E-01   -2.64645136E+02
   1.01702767E-03   -3.26075565E-01   -2.64187645E+02
   1.03232483E-03   -3.30113392E-01   -2.63733063E+02
   1.04785208E-03   -3.34204911E-01   -2.63281338E+02
   1.06361287E-03   -3.38350877E-01   -2.62832443E+02
   1.07961072E-03   -3.42552057E-01   -2.62386353E+02
   1.09584920E-03   -3.46809208E-01   -2.61942964E+02
   1.11233192E-03   -3.51123098E-01   -2.61502172E+02
   1.12906255E-03   -3.55494511E-01   -2.61063901E+02
   1.14604483E-03   -3.59924248E-01   -2.60628096E+02
   1.16328255E-03   -3.64413126E-01   -2.60194733E+02
   1.18077954E-03   -3.68961974E-01   -2.59763785E+02
   1.19853970E-03   -3.73571612E-01   -2.59335145E+02
   1.21656699E-03   -3.78242869E-01   -2.58908706E+02
   1.23486543E-03   -3.82976594E-01   -2.58484383E+02
   1.25343910E-03   -3.87773651E-01   -2.58062121E+02
   1.27229213E-03   -3.92634922E-01   -2.57641891E+02
   1.29142874E-03   -3.97561303E-01   -2.57223672E+02
   1.31085318E-03   -4.02553683E-01   -2.56807362E+02
   1.33056978E-03   -4.07612957E-01   -2.56392848E+02
   1.35058295E-03   -4.12740040E-01   -2.55980043E+02
   1.37089713E-03   -4.17935864E-01   -2.55568886E+02
   1.39151686E-03   -4.23201381E-01   -2.55159345E+02
   1.41244673E-03   -4.28537556E-01   -2.54751401E+02
   1.43369140E-03   -4.33945348E-01   -2.54344953E+02
   1.45525562E-03   -4.39425723E-01   -2.53939884E+02
   1.47714419E-03   -4.44979667E-01   -2.53536100E+02
   1.49936199E-03   -4.50608182E-01   -2.53133535E+02
   1.52191396E-03   -4.56312291E-01   -2.52732153E+02
   1.54480514E-03   -4.62093035E-01   -2.52331940E+02
   1.56804063E-03   -4.67951453E-01   -2.51932816E+02
   1.59162560E-03   -4.73888582E-01   -2.51534655E+02
   1.61556531E-03   -4.79905480E-01   -2.51137351E+02
   1.63986511E-03   -4.86003223E-01   -2.50740827E+02
   1.66453039E-03   -4.92182907E-01   -2.50345033E+02
   1.68956667E-03   -4.98445649E-01   -2.49949952E+02
   1.71497953E-03   -5.04792576E-01   -2.49555555E+02
   1.74077461E-03   -5.11224807E-01   -2.49161718E+02
   1.76695769E-03   -5.17743471E-01   -2.48768314E+02
   1.79353458E-03   -5.24349718E-01   -2.48375243E+02
   1.82051122E-03   -5.31044717E-01   -2.47982432E+02
   1.84789361E-03   -5.37829659E-01   -2.47589836E+02
   1.87568787E-03   -5.44705756E-01   -2.47197443E+02
   1.90390017E-03   -5.51674229E-01   -2.46805220E+02
   1.93253683E-03   -5.58736290E-01   -2.46413039E+02
   1.96160420E-03   -5.65893163E-01   -2.46020772E+02
   1.99110878E-03   -5.73146093E-01   -2.45628321E+02
   2.02105714E-03   -5.80496347E-01   -2.45235612E+02
   2.05145596E-03   -5.87945213E-01   -2.44842602E+02
   2.08231200E-03   -5.95494000E-01   -2.44449279E+02
   2.11363216E-03   -6.03144026E-01   -2.44055607E+02
   2.14542340E-03   -6.10896597E-01   -2.43661447E+02
   2.17769281E-03   -6.18753036E-01   -2.43266667E+02
   2.21044759E-03   -6.26714685E-01   -2.42871159E+02
   2.24369504E-03   -6.34782906E-01   -2.42474845E+02
   2.27744256E-03   -6.42959086E-01   -2.42077670E+02
   2.31169768E-03   -6.51244631E-01   -2.41679616E+02
   2.34646803E-03   -6.59640968E-01   -2.41280674E+02
   2.38176137E-03   -6.68149511E-01   -2.40880736E+02
   2.41758555E-03   -6.76771680E-01   -2.40479663E+02
   2.45394857E-03   -6.85508916E-01   -2.40077342E+02
   2.49085852E-03   -6.94362683E-01   -2.39673685E+02
   2.52832364E-03   -7.03334463E-01   -2.39268632E+02
   2.56635228E-03   -7.12425765E-01   -2.38862152E+02
   2.60495290E-03   -7.21638111E-01   -2.38454227E+02
   2.64413412E-03   -7.30973017E-01   -2.38044742E+02
   2.68390467E-03   -7.40432003E-01   -2.37633564E+02
   2.72427340E-03   -7.50016615E-01   -2.37220585E+02
   2.76524933E-03   -7.59728417E-01   -2.36805721E+02
   2.80684157E-03   -7.69568995E-01   -2.36388919E+02
   2.84905941E-03   -7.79539959E-01   -2.35970153E+02
   2.89191224E-03   -7.89642928E-01   -2.35549380E+02
   2.93540963E-03   -7.99879509E-01   -2.35126469E+02
   2.97956127E-03   -8.10251329E-01   -2.34701298E+02
   3.02437699E-03   -8.20760033E-01   -2.34273769E+02
   3.06986678E-03   -8.31407288E-01   -2.33843811E+02
   3.11604079E-03   -8.42194782E-01   -2.33411381E+02
   3.16290931E-03   -8.53124223E-01   -2.32976449E+02
   3.21048277E-03   -8.64197308E-01   -2.32538907E+02
   3.25877180E-03   -8.75415743E-01   -2.32098630E+02
   3.30778714E-03   -8.86781255E-01   -2.31655516E+02
   3.35753972E-03   -8.98295590E-01   -2.31209488E+02
   3.40804063E-03   -9.09960515E-01   -2.30760496E+02
   3.45930113E-03   -9.21777818E-01   -2.30308511E+02
   3.51133264E-03   -9.33749277E-01   -2.29853436E+02
   3.56414676E-03   -9.45876674E-01   -2.29395137E+02
   3.61775526E-03   -9.58161808E-01   -2.28933502E+02
   3.67217008E-03   -9.70606499E-01   -2.28468447E+02
   3.72740336E-03   -9.83212584E-01   -2.27999908E+02
   3.78346741E-03   -9.95981923E-01   -2.27527855E+02
   3.84037472E-03   -1.00891638E+00   -2.27052229E+02
   3.89813798E-03   -1.02201780E+00   -2.26572904E+02
   3.95677006E-03   -1.03528806E+00   -2.26089763E+02
   4.01628402E-03   -1.04872904E+00   -2.25602712E+02
   4.07669314E-03   -1.06234264E+00   -2.25111682E+02
   4.13801087E-03   -1.07613078E+00   -2.24616631E+02
   4.20025088E-03   -1.09009538E+00   -2.24117491E+02
   4.26342705E-03   -1.10423836E+00   -2.23614137E+02
   4.32755346E-03   -1.11856163E+00   -2.23106456E+02
   4.39264439E-03   -1.13306714E+00   -2.22594358E+02
   4.45871436E-03   -1.14775685E+00   -2.22077776E+02
   4.52577810E-03   -1.16263272E+00   -2.21556668E+02
   4.59385054E-03   -1.17769672E+00   -2.21030958E+02
   4.66294686E-03   -1.19295081E+00   -2.20500518E+02
   4.73308246E-03   -1.20839695E+00   -2.19965241E+02
   4.80427297E-03   -1.22403713E+00   -2.19425037E+02
   4.87653427E-03   -1.23987334E+00   -2.18879843E+02
   4.94988245E-03   -1.25590758E+00   -2.18329614E+02
   5.02433386E-03   -1.27214184E+00   -2.17774255E+02
   5.09990510E-03   -1.28857811E+00   -2.17213643E+02
   5.17661302E-03   -1.30521838E+00   -2.16647674E+02
   5.25447469E-03   -1.32206466E+00   -2.16076268E+02
   5.33350749E-03   -1.33911895E+00   -2.15499366E+02
   5.41372903E-03   -1.35638326E+00   -2.14916915E+02
   5.49515718E-03   -1.37385959E+00   -2.14328799E+02
   5.57781010E-03   -1.39154992E+00   -2.13734902E+02
   5.66170620E-03   -1.40945626E+00   -2.13135127E+02
   5.74686419E-03   -1.42758059E+00   -2.12529397E+02
   5.83330304E-03   -1.44592492E+00   -2.11917658E+02
   5.92104203E-03   -1.46449124E+00   -2.11299844E+02
   6.01010070E-03   -1.48328152E+00   -2.10675835E+02
   6.10049891E-03   -1.50229772E+00   -2.10045520E+02
   6.19225680E-03   -1.52154181E+00   -2.09408808E+02
   6.28539482E-03   -1.54101575E+00   -2.08765628E+02
   6.37993374E-03   -1.56072149E+00   -2.08115928E+02
   6.47589462E-03   -1.58066097E+00   -2.07459622E+02
   6.57329885E-03   -1.60083610E+00   -2.06796588E+02
   6.67216815E-03   -1.62124879E+00   -2.06126721E+02
   6.77252454E-03   -1.64190092E+00   -2.05449934E+02
   6.87439040E-03   -1.66279439E+00   -2.04766161E+02
   6.97778843E-03   -1.68393107E+00   -2.04075352E+02
   7.08274167E-03   -1.70531279E+00   -2.03377412E+02
   7.18927352E-03   -1.72694138E+00   -2.02672223E+02
   7.29740772E-03   -1.74881861E+00   -2.01959684E+02
   7.40716837E-03   -1.77094628E+00   -2.01239711E+02
   7.51857994E-03   -1.79332615E+00   -2.00512241E+02
   7.63166725E-03   -1.81595995E+00   -1.99777218E+02
   7.74645552E-03   -1.83884938E+00   -1.99034541E+02
   7.86297032E-03   -1.86199610E+00   -1.98284100E+02
   7.98123762E-03   -1.88540174E+00   -1.97525800E+02
   8.10128379E-03   -1.90906792E+00   -1.96759565E+02
   8.22313558E-03   -1.93299621E+00   -1.95985336E+02
   8.34682015E-03   -1.95718816E+00   -1.95203047E+02
   8.47236506E-03   -1.98164526E+00   -1.94412588E+02
   8.59979830E-03   -2.00636895E+00   -1.93613860E+02
   8.72914827E-03   -2.03136065E+00   -1.92806780E+02
   8.86044380E-03   -2.05662173E+00   -1.91991282E+02
   8.99371415E-03   -2.08215354E+00   -1.91167315E+02
   9.12898903E-03   -2.10795733E+00   -1.90334789E+02
   9.26629858E-03   -2.13403432E+00   -1.89493600E+02
   9.40567341E-03   -2.16038567E+00   -1.88643657E+02
   9.54714458E-03   -2.18701250E+00   -1.87784884E+02
   9.69074363E-03   -2.21391587E+00   -1.86917225E+02
   9.83650256E-03   -2.24109680E+00   -1.86040629E+02
   9.98445386E-03   -2.26855619E+00   -1.85155008E+02
   1.01346305E-02   -2.29629491E+00   -1.84260267E+02
   1.02870659E-02   -2.32431375E+00   -1.83356324E+02
   1.04417942E-02   -2.35261343E+00   -1.82443111E+02
   1.05988497E-02   -2.38119462E+00   -1.81520579E+02
   1.07582675E-02   -2.41005790E+00   -1.80588670E+02
   1.09200831E-02   -2.43920374E+00   -1.79647295E+02
   1.10843326E-02   -2.46863256E+00   -1.78696371E+02
   1.12510526E-02   -2.49834466E+00   -1.77735834E+02
   1.14202802E-02   -2.52834030E+00   -1.76765630E+02
   1.15920531E-02   -2.55861963E+00   -1.75785720E+02
   1.17664097E-02   -2.58918270E+00   -1.74796030E+02
   1.19433889E-02   -2.62002943E+00   -1.73796480E+02
   1.21230299E-02   -2.65115965E+00   -1.72787002E+02
   1.23053730E-02   -2.68257311E+00   -1.71767543E+02
   1.24904587E-02   -2.71426946E+00   -1.70738066E+02
   1.26783283E-02   -2.74624823E+00   -1.69698535E+02
   1.28690236E-02   -2.77850879E+00   -1.68648884E+02
   1.30625872E-02   -2.81105041E+00   -1.67589045E+02
   1.32590622E-02   -2.84387223E+00   -1.66518966E+02
   1.34584923E-02   -2.87697329E+00   -1.65438607E+02
   1.36609222E-02   -2.91035251E+00   -1.64347945E+02
   1.38663967E-02   -2.94400863E+00   -1.63246941E+02
   1.40749618E-02   -2.97794025E+00   -1.62135541E+02
   1.42866640E-02   -3.01214582E+00   -1.61013696E+02
   1.45015504E-02   -3.04662368E+00   -1.59881372E+02
   1.47196689E-02   -3.08137200E+00   -1.58738552E+02
   1.49410681E-02   -3.11638881E+00   -1.57585221E+02
   1.51657974E-02   -3.15167194E+00   -1.56421343E+02
   1.53939069E-02   -3.18721905E+00   -1.55246879E+02
   1.56254474E-02   -3.22302763E+00   -1.54061801E+02
   1.58604705E-02   -3.25909503E+00   -1.52866098E+02
   1.60990285E-02   -3.29541843E+00   -1.51659770E+02
   1.63411748E-02   -3.33199480E+00   -1.50442816E+02
   1.65869632E-02   -3.36882089E+00   -1.49215213E+02
   1.68364484E-02   -3.40589327E+00   -1.47976945E+02
   1.70896863E-02   -3.44320829E+00   -1.46728006E+02
   1.73467330E-02   -3.48076216E+00   -1.45468403E+02
   1.76076460E-02   -3.51855086E+00   -1.44198159E+02
   1.78724835E-02   -3.55657015E+00   -1.42917285E+02
   1.81413043E-02   -3.59481553E+00   -1.41625780E+02
   1.84141685E-02   -3.63328227E+00   -1.40323654E+02
   1.86911369E-02   -3.67196546E+00   -1.39010929E+02
   1.89722712E-02   -3.71085996E+00   -1.37687641E+02
   1.92576340E-02   -3.74996038E+00   -1.36353828E+02
   1.95472890E-02   -3.78926104E+00   -1.35009510E+02
   1.98413007E-02   -3.82875600E+00   -1.33654721E+02
   2.01397346E-02   -3.86843912E+00   -1.32289500E+02
   2.04426573E-02   -3.90830398E+00   -1.30913906E+02
   2.07501363E-02   -3.94834395E+00   -1.29527997E+02
   2.10622400E-02   -3.98855200E+00   -1.28131824E+02
   2.13790382E-02   -4.02892087E+00   -1.26725438E+02
   2.17006013E-02   -4.06944301E+00   -1.25308907E+02
   2.20270010E-02   -4.11011065E+00   -1.23882309E+02
   2.23583102E-02   -4.15091571E+00   -1.22445728E+02
   2.26946026E-02   -4.19184974E+00   -1.20999242E+02
   2.30359532E-02   -4.23290399E+00   -1.19542935E+02
   2.33824380E-02   -4.27406946E+00   -1.18076902E+02
   2.37341344E-02   -4.31533684E+00   -1.16601249E+02
   2.40911206E-02   -4.35669642E+00   -1.15116075E+02
   2.44534763E-02   -4.39813819E+00   -1.13621490E+02
   2.48212822E-02   -4.43965186E+00   -1.12117614E+02
   2.51946202E-02   -4.48122679E+00   -1.10604575E+02
   2.55735737E-02   -4.52285195E+00   -1.09082498E+02
   2.59582270E-02   -4.56451598E+00   -1.07551518E+02
   2.63486659E-02   -4.60620722E+00   -1.06011781E+02
   2.67449774E-02   -4.64791363E+00   -1.04463437E+02
   2.71472499E-02   -4.68962276E+00   -1.02906640E+02
   2.75555729E-02   -4.73132185E+00   -1.01341551E+02
   2.79700376E-02   -4.77299781E+00   -9.97683450E+01
   2.83907363E-02   -4.81463707E+00   -9.81871955E+01
   2.88177626E-02   -4.85622576E+00   -9.65982853E+01
   2.92512120E-02   -4.89774964E+00   -9.50018082E+01
   2.96911808E-02   -4.93919405E+00   -9.33979616E+01
   3.01377673E-02   -4.98054394E+00   -9.17869498E+01
   3.05910708E-02   -5.02178392E+00   -9.01689874E+01
   3.10511926E-02   -5.06289819E+00   -8.85442954E+01
   3.15182350E-02   -5.10387051E+00   -8.69131004E+01
   3.19923022E-02   -5.14468430E+00   -8.52756396E+01
   3.24735000E-02   -5.18532260E+00   -8.36321570E+01
   3.29619354E-02   -5.22576794E+00   -8.19829030E+01
   3.34577174E-02   -5.26600258E+00   -8.03281379E+01
   3.39609565E-02   -5.30600833E+00   -7.86681293E+01
   3.44717648E-02   -5.34576657E+00   -7.70031521E+01
   3.49902563E-02   -5.38525832E+00   -7.53334904E+01
   3.55165464E-02   -5.42446415E+00   -7.36594353E+01
   3.60507524E-02   -5.46336429E+00   -7.19812869E+01
   3.65929935E-02   -5.50193852E+00   -7.02993533E+01
   3.71433904E-02   -5.54016625E+00   -6.86139504E+01
   3.77020659E-02   -5.57802648E+00   -6.69254029E+01
   3.82691444E-02   -5.61549779E+00   -6.52340434E+01
   3.88447524E-02   -5.65255844E+00   -6.35402129E+01
   3.94290181E-02   -5.68918622E+00   -6.18442608E+01
   4.00220718E-02   -5.72535860E+00   -6.01465444E+01
   4.06240457E-02   -5.76105263E+00   -5.84474295E+01
   4.12350739E-02   -5.79624498E+00   -5.67472903E+01
   4.18552926E-02   -5.83091200E+00   -5.50465086E+01
   4.24848400E-02   -5.86502961E+00   -5.33454752E+01
   4.31238564E-02   -5.89857344E+00   -5.16445881E+01
   4.37724844E-02   -5.93151870E+00   -4.99442540E+01
   4.44308684E-02   -5.96384032E+00   -4.82448872E+01
   4.50991551E-02   -5.99551287E+00   -4.65469102E+01
   4.57774937E-02   -6.02651061E+00   -4.48507529E+01
   4.64660351E-02   -6.05680746E+00   -4.31568532E+01
   4.71649329E-02   -6.08637705E+00   -4.14656564E+01
   4.78743429E-02   -6.11519277E+00   -3.97776152E+01
   4.85944231E-02   -6.14322762E+00   -3.80931902E+01
   4.93253341E-02   -6.17045448E+00   -3.64128480E+01
   5.00672387E-02   -6.19684587E+00   -3.47370629E+01
   5.08203024E-02   -6.22237410E+00   -3.30663163E+01
   5.15846930E-02   -6.24701129E+00   -3.14010954E+01
   5.23605808E-02   -6.27072934E+00   -2.97418943E+01
   5.31481387E-02   -6.29349994E+00   -2.80892134E+01
   5.39475424E-02   -6.31529469E+00   -2.64435580E+01
   5.47589699E-02   -6.33608490E+00   -2.48054411E+01
   5.55826021E-02   -6.35584194E+00   -2.31753784E+01
   5.64186226E-02   -6.37453694E+00   -2.15538928E+01
   5.72672178E-02   -6.39214097E+00   -1.99415114E+01
   5.81285767E-02   -6.40862508E+00   -1.83387654E+01
   5.90028913E-02   -6.42396022E+00   -1.67461908E+01
   5.98903566E-02   -6.43811740E+00   -1.51643269E+01
   6.07911702E-02   -6.45106760E+00   -1.35937167E+01
   6.17055331E-02   -6.46278183E+00   -1.20349062E+01
   6.26336489E-02   -6.47323121E+00   -1.04884441E+01
   6.35757245E-02   -6.48238692E+00   -8.95488150E+00
   6.45319700E-02   -6.49022029E+00   -7.43477121E+00
   6.55025984E-02   -6.49670278E+00   -5.92866761E+00
   6.64878260E-02   -6.50180607E+00   -4.43712599E+00
   6.74878725E-02   -6.50550203E+00   -2.96070261E+00
   6.85029608E-02   -6.50776281E+00   -1.49995287E+00
   6.95333170E-02   -6.50856084E+00   -5.54325375E-02
   7.05791709E-02   -6.50786888E+00    1.37230382E+00
   7.16407555E-02   -6.50566001E+00    2.78270247E+00
   7.27183075E-02   -6.50190775E+00    4.17521235E+00
   7.38120669E-02   -6.49658605E+00    5.54928454E+00
   7.49222777E-02   -6.48966931E+00    6.90437281E+00
   7.60491872E-02   -6.48113244E+00    8.23993397E+00
   7.71930466E-02   -6.47095093E+00    9.55543023E+00
   7.83541108E-02   -6.45910085E+00    1.08503270E+01
   7.95326387E-02   -6.44555888E+00    1.21240951E+01
   8.07288928E-02   -6.43030241E+00    1.33762113E+01
   8.19431399E-02   -6.41330952E+00    1.46061583E+01
   8.31756505E-02   -6.39455909E+00    1.58134257E+01
   8.44266993E-02   -6.37403077E+00    1.69975103E+01
   8.56965653E-02   -6.35170506E+00    1.81579164E+01
   8.69855313E-02   -6.32756338E+00    1.92941577E+01
   8.82938848E-02   -6.30158812E+00    2.04057569E+01
   8.96219172E-02   -6.27376256E+00    2.14922450E+01
   9.09699247E-02   -6.24407110E+00    2.25531646E+01
   9.23382076E-02   -6.21249924E+00    2.35880697E+01
   9.37270709E-02   -6.17903350E+00    2.45965241E+01
   9.51368241E-02   -6.14366166E+00    2.55781047E+01
   9.65677816E-02   -6.10637273E+00    2.65324019E+01
   9.80202621E-02   -6.06715696E+00    2.74590183E+01
   9.94945895E-02   -6.02600585E+00    2.83575702E+01
   1.00991092E-01   -5.98291244E+00    2.92276914E+01
   1.02510104E-01   -5.93787096E+00    3.00690269E+01
   1.04051963E-01   -5.89087726E+00    3.08812413E+01
   1.05617014E-01   -5.84192877E+00    3.16640172E+01
   1.07205604E-01   -5.79102392E+00    3.24170442E+01
   1.08818089E-01   -5.73816359E+00    3.31400464E+01
   1.10454827E-01   -5.68334949E+00    3.38327515E+01
   1.12116183E-01   -5.62658571E+00    3.44949195E+01
   1.13802528E-01   -5.56787722E+00    3.51263153E+01
   1.15514237E-01   -5.50723186E+00    3.57267452E+01
   1.17251692E-01   -5.44465798E+00    3.62960124E+01
   1.19015280E-01   -5.38016631E+00    3.68339528E+01
   1.20805394E-01   -5.31377016E+00    3.73404386E+01
   1.22622434E-01   -5.24548394E+00    3.78153492E+01
   1.24466804E-01   -5.17532390E+00    3.82585867E+01
   1.26338915E-01   -5.10330826E+00    3.86700773E+01
   1.28239184E-01   -5.02945802E+00    3.90497873E+01
   1.30168036E-01   -4.95379532E+00    3.93976915E+01
   1.32125899E-01   -4.87634456E+00    3.97137944E+01
   1.34113211E-01   -4.79713267E+00    3.99981362E+01
   1.36130414E-01   -4.71618752E+00    4.02507613E+01
   1.38177958E-01   -4.63353986E+00    4.04717569E+01
   1.40256299E-01   -4.54922291E+00    4.06612438E+01
   1.42365901E-01   -4.46327136E+00    4.08193579E+01
   1.44507233E-01   -4.37572177E+00    4.09462585E+01
   1.46680773E-01   -4.28661327E+00    4.10421408E+01
   1.48887006E-01   -4.19598714E+00    4.11072288E+01
   1.51126422E-01   -4.10388657E+00    4.11417706E+01
   1.53399522E-01   -4.01035658E+00    4.11460368E+01
   1.55706811E-01   -3.91544478E+00    4.11203356E+01
   1.58048805E-01   -3.81920051E+00    4.10649961E+01
   1.60426024E-01   -3.72167502E+00    4.09803725E+01
   1.62838999E-01   -3.62292191E+00    4.08668524E+01
   1.65288268E-01   -3.52299656E+00    4.07248462E+01
   1.67774377E-01   -3.42195630E+00    4.05547904E+01
   1.70297879E-01   -3.31986048E+00    4.03571502E+01
   1.72859338E-01   -3.21677014E+00    4.01324122E+01
   1.75459323E-01   -3.11274823E+00    3.98810902E+01
   1.78098415E-01   -3.00785962E+00    3.96037246E+01
   1.80777202E-01   -2.90217084E+00    3.93008792E+01
   1.83496280E-01   -2.79574971E+00    3.89731331E+01
   1.86256256E-01   -2.68866629E+00    3.86211013E+01
   1.89057745E-01   -2.58099176E+00    3.82454115E+01
   1.91901372E-01   -2.47279903E+00    3.78467182E+01
   1.94787769E-01   -2.36416228E+00    3.74256940E+01
   1.97717581E-01   -2.25515683E+00    3.69830271E+01
   2.00691460E-01   -2.14585977E+00    3.65194353E+01
   2.03710070E-01   -2.03634883E+00    3.60356436E+01
   2.06774083E-01   -1.92670320E+00    3.55324025E+01
   2.09884181E-01   -1.81700286E+00    3.50104744E+01
   2.13041059E-01   -1.70732860E+00    3.44706355E+01
   2.16245420E-01   -1.59776274E+00    3.39136921E+01
   2.19497977E-01   -1.48838687E+00    3.33404337E+01
   2.22799457E-01   -1.37928386E+00    3.27516773E+01
   2.26150594E-01   -1.27053843E+00    3.21482800E+01
   2.29552135E-01   -1.16223302E+00    3.15310536E+01
   2.33004840E-01   -1.05445274E+00    3.09008711E+01
   2.36509477E-01   -9.47281242E-01    3.02585789E+01
   2.40066827E-01   -8.40803124E-01    2.96050523E+01
   2.43677683E-01   -7.35102594E-01    2.89411655E+01
   2.47342850E-01   -6.30262253E-01    2.82677670E+01
   2.51063146E-01   -5.26367293E-01    2.75857782E+01
   2.54839398E-01   -4.23500223E-01    2.68960706E+01
   2.58672450E-01   -3.21741936E-01    2.61994944E+01
   2.62563154E-01   -2.21175572E-01    2.54969743E+01
   2.66512379E-01   -1.21881881E-01    2.47893956E+01
   2.70521004E-01   -2.39390849E-02    2.40776048E+01
   2.74589923E-01    7.25732347E-02    2.33625123E+01
   2.78720043E-01    1.67578138E-01    2.26449855E+01
   2.82912284E-01    2.61001015E-01    2.19258633E+01
   2.87167581E-01    3.52766841E-01    2.12060353E+01
   2.91486882E-01    4.42803698E-01    2.04863397E+01
   2.95871150E-01    5.31041392E-01    1.97676116E+01
   3.00321362E-01    6.17411416E-01    1.90506837E+01
   3.04838510E-01    7.01847633E-01    1.83363696E+01
   3.09423600E-01    7.84286236E-01    1.76254632E+01
   3.14077655E-01    8.64665752E-01    1.69187484E+01
   3.18801711E-01    9.42927087E-01    1.62169961E+01
   3.23596823E-01    1.01901400E+00    1.55209520E+01
   3.28464058E-01    1.09287295E+00    1.48313429E+01
   3.33404501E-01    1.16445324E+00    1.41488771E+01
   3.38419254E-01    1.23370717E+00    1.34742390E+01
   3.43509434E-01    1.30059010E+00    1.28080908E+01
   3.48676175E-01    1.36506058E+00    1.21510701E+01
   3.53920630E-01    1.42708039E+00    1.15037889E+01
   3.59243967E-01    1.48661464E+00    1.08668343E+01
   3.64647372E-01    1.54363187E+00    1.02407657E+01
   3.70132050E-01    1.59810406E+00    9.62611527E+00
   3.75699224E-01    1.65000675E+00    9.02338747E+00
   3.81350133E-01    1.69931906E+00    8.43305781E+00
   3.87086039E-01    1.74602371E+00    7.85557300E+00
   3.92908218E-01    1.79010715E+00    7.29135035E+00
   3.98817969E-01    1.83155947E+00    6.74077758E+00
   4.04816609E-01    1.87037455E+00    6.20421257E+00
   4.10905474E-01    1.90654997E+00    5.68198321E+00
   4.17085923E-01    1.94008708E+00    5.17438731E+00
   4.23359332E-01    1.97099099E+00    4.68169251E+00
   4.29727099E-01    1.99927056E+00    4.20413628E+00
   4.36190645E-01    2.02493839E+00    3.74192590E+00
   4.42751408E-01    2.04801080E+00    3.29523855E+00
   4.49410853E-01    2.06850779E+00    2.86422138E+00
   4.56170463E-01    2.08645300E+00    2.44899158E+00
   4.63031744E-01    2.10187367E+00    2.04963661E+00
   4.69996226E-01    2.11480058E+00    1.66621436E+00
   4.77065462E-01    2.12526797E+00    1.29875338E+00
   4.84241025E-01    2.13331347E+00    9.47253260E-01
   4.91524517E-01    2.13897803E+00    6.11684888E-01
   4.98917561E-01    2.14230579E+00    2.91990939E-01
   5.06421803E-01    2.14334400E+00   -1.19136778E-02
   5.14038917E-01    2.14214288E+00   -3.00141216E-01
   5.21770601E-01    2.13875552E+00   -5.72830515E-01
   5.29618577E-01    2.13323775E+00   -8.30146233E-01
   5.37584595E-01    2.12564797E+00   -1.07227812E+00
   5.45670430E-01    2.11604701E+00   -1.29944012E+00
   5.53877884E-01    2.10449800E+00   -1.51186940E+00
   5.62208787E-01    2.09106619E+00   -1.70982549E+00
   5.70664996E-01    2.07581874E+00   -1.89358892E+00
   5.79248395E-01    2.05882465E+00   -2.06346046E+00
   5.87960897E-01    2.04015443E+00   -2.21975943E+00
   5.96804445E-01    2.01988009E+00   -2.36282287E+00
   6.05781008E-01    1.99807482E+00   -2.49300407E+00
   6.14892589E-01    1.97481285E+00   -2.61067102E+00
   6.24141217E-01    1.95016929E+00   -2.71620533E+00
   6.33528954E-01    1.92421988E+00   -2.81000048E+00
   6.43057893E-01    1.89704086E+00   -2.89246077E+00
   6.52730157E-01    1.86870878E+00   -2.96399961E+00
   6.62547902E-01    1.83930017E+00   -3.02503747E+00
   6.72513316E-01    1.80889166E+00   -3.07600220E+00
   6.82628620E-01    1.77755950E+00   -3.11732547E+00
   6.92896069E-01    1.74537956E+00   -3.14944288E+00
   7.03317951E-01    1.71242701E+00   -3.17279129E+00
   7.13896590E-01    1.67877643E+00   -3.18780915E+00
   7.24634342E-01    1.64450131E+00   -3.19493342E+00
   7.35533601E-01    1.60967415E+00   -3.19459946E+00
   7.46596796E-01    1.57436622E+00   -3.18723929E+00
   7.57826393E-01    1.53864739E+00   -3.17328043E+00
   7.69224896E-01    1.50258612E+00   -3.15314541E+00
   7.80794843E-01    1.46624921E+00   -3.12724984E+00
   7.92538815E-01    1.42970178E+00   -3.09600210E+00
   8.04459429E-01    1.39300711E+00   -3.05980217E+00
   8.16559341E-01    1.35622659E+00   -3.01904089E+00
   8.28841248E-01    1.31941959E+00   -2.97409919E+00
   8.41307888E-01    1.28264344E+00   -2.92534749E+00
   8.53962039E-01    1.24595331E+00   -2.87314503E+00
   8.66806522E-01    1.20940217E+00   -2.81783932E+00
   8.79844200E-01    1.17304078E+00   -2.75976594E+00
   8.93077978E-01    1.13691757E+00   -2.69924759E+00
   9.06510805E-01    1.10107867E+00   -2.63659465E+00
   9.20145677E-01    1.06556787E+00   -2.57210408E+00
   9.33985631E-01    1.03042660E+00   -2.50605981E+00
   9.48033753E-01    9.95693905E-01   -2.43873238E+00
   9.62293173E-01    9.61406475E-01   -2.37037888E+00
   9.76767070E-01    9.27598632E-01   -2.30124314E+00
   9.91458669E-01    8.94302335E-01   -2.23155552E+00
   1.00637125E+00    8.61547213E-01   -2.16153321E+00
   1.02150812E+00    8.29360579E-01   -2.09138024E+00
   1.03687267E+00    7.97767463E-01   -2.02128776E+00
   1.05246832E+00    7.66790649E-01   -1.95143419E+00
   1.06829855E+00    7.36450706E-01   -1.88198547E+00
   1.08436688E+00    7.06766043E-01   -1.81309541E+00
   1.10067689E+00    6.77752947E-01   -1.74490595E+00
   1.11723222E+00    6.49425639E-01   -1.67754730E+00
   1.13403657E+00    6.21796307E-01   -1.61114034E+00
   1.15109366E+00    5.94875233E-01   -1.54579028E+00
   1.16840732E+00    5.68670787E-01   -1.48159649E+00
   1.18598139E+00    5.43189506E-01   -1.41864684E+00
   1.20381979E+00    5.18436168E-01   -1.35701950E+00
   1.22192650E+00    4.94413852E-01   -1.29678338E+00
   1.24030555E+00    4.71124015E-01   -1.23799853E+00
   1.25896105E+00    4.48566542E-01   -1.18071665E+00
   1.27789714E+00    4.26739886E-01   -1.12498112E+00
   1.29711805E+00    4.05641014E-01   -1.07082814E+00
   1.31662806E+00    3.85265602E-01   -1.01828640E+00
   1.33643153E+00    3.65608049E-01   -9.67377906E-01
   1.35653285E+00    3.46661565E-01   -9.18118215E-01
   1.37693653E+00    3.28418234E-01   -8.70516908E-01
   1.39764710E+00    3.10869099E-01   -8.24577935E-01
   1.41866917E+00    2.94004231E-01   -7.80300008E-01
   1.44000744E+00    2.77812795E-01   -7.37676967E-01
   1.46166666E+00    2.62283133E-01   -6.96698143E-01
   1.48365166E+00    2.47402821E-01   -6.57348712E-01
   1.50596733E+00    2.33158747E-01   -6.19610029E-01
   1.52861866E+00    2.19537175E-01   -5.83459968E-01
   1.55161068E+00    2.06523819E-01   -5.48873245E-01
   1.57494853E+00    1.94103890E-01   -5.15821705E-01
   1.59863740E+00    1.82262179E-01   -4.84274650E-01
   1.62268258E+00    1.70983107E-01   -4.54199099E-01
   1.64708943E+00    1.60250790E-01   -4.25560090E-01
   1.67186338E+00    1.50049087E-01   -3.98320906E-01
   1.69700995E+00    1.40361667E-01   -3.72443356E-01
   1.72253476E+00    1.31172059E-01   -3.47888008E-01
   1.74844349E+00    1.22463691E-01   -3.24614392E-01
   1.77474191E+00    1.14219957E-01   -3.02581248E-01
   1.80143588E+00    1.06424250E-01   -2.81746699E-01
   1.82853136E+00    9.90600097E-02   -2.62068455E-01
   1.85603439E+00    9.21107629E-02   -2.43503987E-01
   1.88395109E+00    8.55601624E-02   -2.26010687E-01
   1.91228769E+00    7.93920243E-02   -2.09546033E-01
   1.94105050E+00    7.35903597E-02   -1.94067719E-01
   1.97024593E+00    6.81394057E-02   -1.79533790E-01
   1.99988049E+00    6.30236557E-02   -1.65902761E-01
   2.02996078E+00    5.82278887E-02   -1.53133739E-01
   2.06049352E+00    5.37371826E-02   -1.41186488E-01
   2.09148550E+00    4.95369388E-02   -1.30021530E-01
   2.12294363E+00    4.56129345E-02   -1.19600309E-01
   2.15487493E+00    4.19512652E-02   -1.09885060E-01
   2.18728650E+00    3.85384398E-02   -1.00839086E-01
   2.22018558E+00    3.53613402E-02   -9.24266671E-02
   2.25357949E+00    3.24072576E-02   -8.46131733E-02
   2.28747569E+00    2.96638905E-02   -7.73650697E-02
   2.32188172E+00    2.71193564E-02   -7.06499596E-02
   2.35680525E+00    2.47621919E-02   -6.44365933E-02
   2.39225407E+00    2.25813630E-02   -5.86949019E-02
   2.42823607E+00    2.05662568E-02   -5.33959798E-02
   2.46475929E+00    1.87066968E-02   -4.85121306E-02
   2.50183185E+00    1.69929157E-02   -4.40167953E-02
   2.53946202E+00    1.54156015E-02   -3.98846793E-02
   2.57765818E+00    1.39658234E-02   -3.60915506E-02
   2.61642886E+00    1.26350880E-02   -3.26143946E-02
   2.65578269E+00    1.14153037E-02   -2.94313148E-02
   2.69572844E+00    1.02987862E-02   -2.65215475E-02
   2.73627502E+00    9.27823617E-03   -2.38653990E-02
   2.77743146E+00    8.34674337E-03   -2.14442560E-02
   2.81920694E+00    7.49777084E-03   -1.92405393E-02
   2.86161076E+00    6.72515039E-03   -1.72376900E-02
   2.90465238E+00    6.02306331E-03   -1.54201147E-02
   2.94834139E+00    5.38603494E-03   -1.37731682E-02
   2.99268754E+00    4.80892497E-03   -1.22831249E-02
   3.03770069E+00    4.28690941E-03   -1.09371276E-02
   3.08339089E+00    3.81547279E-03   -9.72316379E-03
   3.12976831E+00    3.39039528E-03   -8.63002852E-03
   3.17684331E+00    3.00773899E-03   -7.64728537E-03
   3.22462636E+00    2.66383712E-03   -6.76523481E-03
   3.27312811E+00    2.35527784E-03   -5.97486900E-03
   3.32235938E+00    2.07890098E-03   -5.26786047E-03
   3.37233115E+00    1.83177114E-03   -4.63648874E-03
   3.42305454E+00    1.61117820E-03   -4.07363946E-03
   3.47454086E+00    1.41462046E-03   -3.57275789E-03
   3.52680159E+00    1.23979209E-03   -3.12781390E-03
   3.57984838E+00    1.08457347E-03   -2.73327471E-03
   3.63369305E+00    9.47018598E-04   -2.38407030E-03
   3.68834760E+00    8.25345391E-04   -2.07556626E-03
   3.74382421E+00    7.17923407E-04   -1.80353036E-03
   3.80013524E+00    6.23267402E-04   -1.56411434E-03
   3.85729325E+00    5.40021825E-04   -1.35381224E-03
   3.91531098E+00    4.66956201E-04   -1.16944735E-03
   3.97420136E+00    4.02955018E-04   -1.00814481E-03
   4.03397751E+00    3.47007780E-04   -8.67304981E-04
   4.09465275E+00    2.98202268E-04   -7.44585093E-04
   4.15624061E+00    2.55715939E-04   -6.37876277E-04
   4.21875482E+00    2.18810007E-04   -5.45287609E-04
   4.28220931E+00    1.86820259E-04   -4.65121827E-04
   4.34661822E+00    1.59153030E-04   -3.95864438E-04
   4.41199591E+00    1.35277405E-04   -3.36163202E-04
   4.47835695E+00    1.14720369E-04   -2.84815263E-04
   4.54571613E+00    9.70612702E-05   -2.40752593E-04
   4.61408846E+00    8.19269120E-05   -2.03029101E-04
   4.68348918E+00    6.89869877E-05   -1.70808697E-04
   4.75393376E+00    5.79498378E-05   -1.43354211E-04
   4.82543790E+00    4.85585856E-05   -1.20017336E-04
   4.89801753E+00    4.05875514E-05   -1.00229316E-04
   4.97168885E+00    3.38388771E-05   -8.34922151E-05
   5.04646825E+00    2.81397471E-05   -6.93717235E-05
   5.12237242E+00    2.33392898E-05   -5.74891930E-05
   5.19941826E+00    1.93064155E-05   -4.75160651E-05
   5.27762295E+00    1.59274325E-05   -3.91677606E-05
   5.35700393E+00    1.31039607E-05   -3.21983428E-05
   5.43757887E+00    1.07510754E-05   -2.63957802E-05
   5.51936575E+00    8.79592229E-06   -2.15784058E-05
   5.60238279E+00    7.17576084E-06   -1.75899597E-05
   5.68664849E+00    5.83706994E-06   -1.42973053E-05
   5.77218164E+00    4.73416423E-06   -1.15869309E-05
   5.85900129E+00    3.82819734E-06   -9.36242892E-06
   5.94712681E+00    3.08623378E-06   -7.54215392E-06
   6.03657782E+00    2.48043170E-06   -6.05716424E-06
   6.12737427E+00    1.98733005E-06   -4.84942950E-06
   6.21953639E+00    1.58721851E-06   -3.87024924E-06
   6.31308473E+00    1.26359337E-06   -3.07888897E-06
   6.40804014E+00    1.00267708E-06   -2.44137834E-06
   6.50442377E+00    7.93006952E-07   -1.92948348E-06
   6.60225711E+00    6.25077998E-07   -1.51981613E-06
   6.70156197E+00    4.91030613E-07   -1.19305581E-06
   6.80236048E+00    3.84401008E-07   -9.33328826E-07
   6.90467510E+00    2.99870108E-07   -7.27585051E-07
   7.00852864E+00    2.33096767E-07   -5.65183831E-07
   7.11394425E+00    1.80538309E-07   -4.37449698E-07
   7.22094542E+00    1.39318665E-07   -3.37346073E-07
   7.32955600E+00    1.07110638E-07   -2.59184396E-07
   7.43980019E+00    8.20381802E-08   -1.98382976E-07
   7.55170257E+00    6.25939911E-08   -1.51263918E-07
   7.66528809E+00    4.75734296E-08   -1.14890388E-07
   7.78058204E+00    3.60145986E-08   -8.69193448E-08
   7.89761014E+00    2.71554610E-08   -6.54961574E-08
   8.01639847E+00    2.03924476E-08   -4.91530912E-08
   8.13697349E+00    1.52507358E-08   -3.67364496E-08
   8.25936209E+00    1.13578410E-08   -2.73419271E-08
   8.38359154E+00    8.42279699E-09   -2.02636949E-08
   8.50968954E+00    6.21934976E-09   -1.49533418E-08
   8.63768418E+00    4.57230967E-09   -1.09865643E-08
   8.76760399E+00    3.34657751E-09   -8.03641099E-09
   8.89947793E+00    2.43842859E-09   -5.85205311E-09
   9.03333539E+00    1.76862813E-09   -4.24202970E-09
   9.16920622E+00    1.27687145E-09   -3.06073178E-09
   9.30712068E+00    9.17526200E-10   -2.19805978E-09
   9.44710951E+00    6.56166676E-10   -1.57101413E-09
   9.58920393E+00    4.66991239E-10   -1.11743315E-09
   9.73343560E+00    3.30724015E-10   -7.90910646E-10
   9.87983666E+00    2.33056131E-10   -5.57022989E-10
   1.00284397E+01    1.63399990E-10   -3.90317012E-10
   1.01792780E+01    1.13977122E-10   -2.72105965E-10
   1.03323850E+01    7.90890783E-11   -1.88709520E-10
   1.04877949E+01    5.45902988E-11   -1.30182231E-10
   1.06455423E+01    3.74792317E-11   -8.93280712E-11
   1.08056624E+01    2.55913400E-11   -6.09611795E-11
   1.09681908E+01    1.73780431E-11   -4.13738917E-11
   1.11331639E+01    1.17345355E-11   -2.79227784E-11
   1.13006184E+01    7.87884024E-12   -1.87380489E-11
   1.14705915E+01    5.25951863E-12   -1.25020009E-11
   1.16431212E+01    3.49046602E-12   -8.29259642E-12
   1.18182459E+01    2.30272213E-12   -5.46794854E-12
   1.19960047E+01    1.50999107E-12   -3.58372925E-12
   1.21764372E+01    9.84056928E-13   -2.33432337E-12
   1.23595835E+01    6.37370426E-13   -1.51117594E-12
   1.25454846E+01    4.10223079E-13   -9.72137575E-13
   1.27341818E+01    2.62325936E-13   -6.21348875E-13
   1.29257173E+01    1.66679606E-13   -3.94607966E-13
   1.31201336E+01    1.05190392E-13   -2.48914640E-13
   1.33174741E+01    6.59567118E-14   -1.56000891E-13
   1.35177829E+01    4.10605993E-14   -9.70708097E-14
   1.37211045E+01    2.54026042E-14   -6.00261417E-14
   1.39274843E+01    1.55999748E-14   -3.68456669E-14
   1.41369682E+01    9.50622103E-15   -2.24425359E-14
   1.43496030E+01    5.75723304E-15   -1.35857574E-14
   1.45654361E+01    3.46024636E-15   -8.16177112E-15
   1.47845155E+01    2.06250269E-15   -4.86272915E-15
   1.50068901E+01    1.22013885E-15   -2.87545496E-15
   1.52326094E+01    7.16542894E-16   -1.68792113E-15
   1.54617238E+01    4.17230615E-16   -9.82435001E-16
   1.56942843E+01    2.38748114E-16   -5.61914917E-16
   1.59303428E+01    1.38954579E-16   -3.26921771E-16
   1.61699518E+01    7.94517197E-17   -1.86857366E-16
   1.64131648E+01    4.46818786E-17   -1.05040330E-16
   1.66600360E+01    2.46822420E-17   -5.79980083E-17
   1.69106204E+01    1.34072637E-17   -3.14893162E-17
   1.71649738E+01    7.60901055E-18   -1.78663068E-17
   1.74231530E+01    4.24900435E-18   -9.97469255E-18
   1.76852154E+01    2.26962592E-18   -5.32612070E-18
   1.79512196E+01    1.20736703E-18   -2.83187471E-18
   1.82212247E+01    6.08874320E-19    0.00000000E+00
   1.84952910E+01    2.89193407E-19    0.00000000E+00
   1.87734795E+01    1.53794855E-19    0.00000000E+00
   1.90558523E+01    1.00142512E-19    0.00000000E+00
   1.93424723E+01    6.39302584E-20    0.00000000E+00
   1.96334033E+01    3.79471781E-20    0.00000000E+00
   1.99287103E+01    1.85289120E-20    0.00000000E+00
   2.02284589E+01    0.00000000E+00    0.00000000E+00
   2.05327161E+01    0.00000000E+00    0.00000000E+00
   2.08415497E+01    0.00000000E+00    0.00000000E+00
   2.11550284E+01    0.00000000E+00    0.00000000E+00
   2.14732222E+01    0.00000000E+00    0.00000000E+00
   2.17962019E+01    0.00000000E+00    0.00000000E+00
   2.21240396E+01    0.00000000E+00    0.00000000E+00
   2.24568083E+01    0.00000000E+00    0.00000000E+00
   2.27945822E+01    0.00000000E+00    0.00000000E+00
   2.31374366E+01    0.00000000E+00    0.00000000E+00
   2.34854479E+01    0.00000000E+00    0.00000000E+00
   2.38386936E+01    0.00000000E+00    0.00000000E+00
   2.41972525E+01    0.00000000E+00    0.00000000E+00
   2.45612045E+01    0.00000000E+00    0.00000000E+00
   2.49306308E+01    0.00000000E+00    0.00000000E+00
   2.53056135E+01    0.00000000E+00    0.00000000E+00
   2.56862365E+01    0.00000000E+00    0.00000000E+00
   2.60725843E+01    0.00000000E+00    0.00000000E+00
   2.64647433E+01    0.00000000E+00    0.00000000E+00
   2.68628008E+01    0.00000000E+00    0.00000000E+00
   2.72668454E+01    0.00000000E+00    0.00000000E+00
   2.76769673E+01    0.00000000E+00    0.00000000E+00
   2.80932579E+01    0.00000000E+00    0.00000000E+00
   2.85158099E+01    0.00000000E+00    0.00000000E+00
   2.89447175E+01    0.00000000E+00    0.00000000E+00
   2.93800763E+01    0.00000000E+00    0.00000000E+00
   2.98219835E+01    0.00000000E+00    0.00000000E+00
   3.02705373E+01    0.00000000E+00    0.00000000E+00
   3.07258379E+01    0.00000000E+00    0.00000000E+00
   3.11879866E+01    0.00000000E+00    0.00000000E+00
   3.16570866E+01    0.00000000E+00    0.00000000E+00
   3.21332423E+01    0.00000000E+00    0.00000000E+00
   3.26165599E+01    0.00000000E+00    0.00000000E+00
   3.31071471E+01    0.00000000E+00    0.00000000E+00
   3.36051133E+01    0.00000000E+00    0.00000000E+00
   3.41105694E+01    0.00000000E+00    0.00000000E+00
   3.46236280E+01    0.00000000E+00    0.00000000E+00
   3.51444037E+01    0.00000000E+00    0.00000000E+00
   3.56730123E+01    0.00000000E+00    0.00000000E+00
   3.62095717E+01    0.00000000E+00    0.00000000E+00
   3.67542016E+01    0.00000000E+00    0.00000000E+00
   3.73070233E+01    0.00000000E+00    0.00000000E+00
   3.78681599E+01    0.00000000E+00    0.00000000E+00
   3.84377367E+01    0.00000000E+00    0.00000000E+00
   3.90158805E+01    0.00000000E+00    0.00000000E+00
   3.96027202E+01    0.00000000E+00    0.00000000E+00
   4.01983866E+01    0.00000000E+00    0.00000000E+00
   4.08030124E+01    0.00000000E+00    0.00000000E+00
   4.14167324E+01    0.00000000E+00    0.00000000E+00
   4.20396834E+01    0.00000000E+00    0.00000000E+00
   4.26720043E+01    0.00000000E+00    0.00000000E+00
   4.33138359E+01    0.00000000E+00    0.00000000E+00
   4.39653213E+01    0.00000000E+00    0.00000000E+00
   4.46266058E+01    0.00000000E+00    0.00000000E+00
   4.52978366E+01    0.00000000E+00    0.00000000E+00
   4.59791635E+01    0.00000000E+00    0.00000000E+00
   4.66707383E+01    0.00000000E+00    0.00000000E+00
   4.73727150E+01    0.00000000E+00    0.00000000E+00
   4.80852503E+01    0.00000000E+00    0.00000000E+00
   4.88085028E+01    0.00000000E+00    0.00000000E+00
   4.95426337E+01    0.00000000E+00    0.00000000E+00
   5.02878068E+01    0.00000000E+00    0.00000000E+00
   5.10441881E+01    0.00000000E+00    0.00000000E+00
   5.18119461E+01    0.00000000E+00    0.00000000E+00
   5.25912520E+01    0.00000000E+00    0.00000000E+00
   5.33822795E+01    0.00000000E+00    0.00000000E+00
   5.41852049E+01    0.00000000E+00    0.00000000E+00
   5.50002071E+01    0.00000000E+00    0.00000000E+00
   5.58274678E+01    0.00000000E+00    0.00000000E+00
   5.66671713E+01    0.00000000E+00    0.00000000E+00
   5.75195049E+01    0.00000000E+00    0.00000000E+00
   5.83846585E+01    0.00000000E+00    0.00000000E+00
   5.92628249E+01    0.00000000E+00    0.00000000E+00
   6.01541998E+01    0.00000000E+00    0.00000000E+00
   6.10589819E+01    0.00000000E+00    0.00000000E+00
   6.19773729E+01    0.00000000E+00    0.00000000E+00
   6.29095775E+01    0.00000000E+00    0.00000000E+00
   6.38558034E+01    0.00000000E+00    0.00000000E+00
   6.48162615E+01    0.00000000E+00    0.00000000E+00
   6.57911660E+01    0.00000000E+00    0.00000000E+00
   6.67807340E+01    0.00000000E+00    0.00000000E+00
   6.77851861E+01    0.00000000E+00    0.00000000E+00
   6.88047463E+01    0.00000000E+00    0.00000000E+00
   6.98396417E+01    0.00000000E+00    0.00000000E+00
   7.08901030E+01    0.00000000E+00    0.00000000E+00
   7.19563644E+01    0.00000000E+00    0.00000000E+00
   7.30386634E+01    0.00000000E+00    0.00000000E+00
   7.41372414E+01    0.00000000E+00    0.00000000E+00
   7.52523431E+01    0.00000000E+00    0.00000000E+00
   7.63842171E+01    0.00000000E+00    0.00000000E+00
   7.75331157E+01    0.00000000E+00    0.00000000E+00
   7.86992949E+01    0.00000000E+00    0.00000000E+00
   7.98830147E+01    0.00000000E+00    0.00000000E+00
   8.10845389E+01    0.00000000E+00    0.00000000E+00
   8.23041352E+01    0.00000000E+00    0.00000000E+00
   8.35420756E+01    0.00000000E+00    0.00000000E+00
   8.47986358E+01    0.00000000E+00    0.00000000E+00
   8.60740961E+01    0.00000000E+00    0.00000000E+00
   8.73687406E+01    0.00000000E+00    0.00000000E+00
   8.86828579E+01    0.00000000E+00    0.00000000E+00
   9.00167410E+01    0.00000000E+00    0.00000000E+00
   9.13706870E+01    0.00000000E+00    0.00000000E+00
   9.27449978E+01    0.00000000E+00    0.00000000E+00
   9.41399796E+01    0.00000000E+00    0.00000000E+00
   9.55559435E+01    0.00000000E+00    0.00000000E+00
   9.69932049E+01    0.00000000E+00    0.00000000E+00
   9.84520842E+01    0.00000000E+00    0.00000000E+00
   9.99329066E+01    0.00000000E+00    0.00000000E+00
   1.01436002E+02    0.00000000E+00    0.00000000E+00
   1.02961706E+02    0.00000000E+00    0.00000000E+00
   1.04510358E+02    0.00000000E+00    0.00000000E+00
   1.06082303E+02    0.00000000E+00    0.00000000E+00
   1.07677892E+02    0.00000000E+00    0.00000000E+00
   1.09297480E+02    0.00000000E+00    0.00000000E+00
   1.10941428E+02    0.00000000E+00    0.00000000E+00
   1.12610104E+02    0.00000000E+00    0.00000000E+00
   1.14303878E+02    0.00000000E+00    0.00000000E+00
   1.16023128E+02    0.00000000E+00    0.00000000E+00
   1.17768237E+02    0.00000000E+00    0.00000000E+00
   1.19539594E+02    0.00000000E+00    0.00000000E+00
   1.21337595E+02    0.00000000E+00    0.00000000E+00
   1.23162639E+02    0.00000000E+00    0.00000000E+00
   1.25015134E+02    0.00000000E+00    0.00000000E+00
   1.26895493E+02    0.00000000E+00    0.00000000E+00
   1.28804134E+02    0.00000000E+00    0.00000000E+00
   1.30741483E+02    0.00000000E+00    0.00000000E+00
   1.32707972E+02    0.00000000E+00    0.00000000E+00
   1.34704039E+02    0.00000000E+00    0.00000000E+00
   1.36730128E+02    0.00000000E+00    0.00000000E+00
   1.38786693E+02    0.00000000E+00    0.00000000E+00
   1.40874190E+02    0.00000000E+00    0.00000000E+00
   1.42993085E+02    0.00000000E+00    0.00000000E+00
   1.45143851E+02    0.00000000E+00    0.00000000E+00
   1.47326966E+02    0.00000000E+00    0.00000000E+00
   1.49542918E+02    0.00000000E+00    0.00000000E+00
   1.51792200E+02    0.00000000E+00    0.00000000E+00
   1.54075314E+02    0.00000000E+00    0.00000000E+00
   1.56392768E+02    0.00000000E+00    0.00000000E+00
   1.58745079E+02    0.00000000E+00    0.00000000E+00
