# Radial wavefunction and first derivative.
# Energy units: hartree
# Length units: bohr
#
# State: 4f
# Nodes: 
# Peaks:     0.564009  
   7.99999980E-05    7.19506181E-09    2.32890489E-04
   8.07496611E-05    7.37628743E-09    2.36534666E-04
   8.15063492E-05    7.55961000E-09    2.40161796E-04
   8.22701281E-05    7.74546545E-09    2.43784409E-04
   8.30410642E-05    7.93431322E-09    2.47415290E-04
   8.38192245E-05    8.12663720E-09    2.51067476E-04
   8.46046769E-05    8.32294666E-09    2.54754272E-04
   8.53974895E-05    8.52377724E-09    2.58489251E-04
   8.61977314E-05    8.72969195E-09    2.62286264E-04
   8.70054722E-05    8.94126511E-09    2.66158958E-04
   8.78207822E-05    9.15878637E-09    2.70112417E-04
   8.86437323E-05    9.38228183E-09    2.74144121E-04
   8.94743941E-05    9.61176506E-09    2.78251238E-04
   9.03128398E-05    9.84724563E-09    2.82430876E-04
   9.11591424E-05    1.00887289E-08    2.86680086E-04
   9.20133756E-05    1.03362160E-08    2.90995851E-04
   9.28756136E-05    1.05897031E-08    2.95375092E-04
   9.37459314E-05    1.08491946E-08    2.99815002E-04
   9.46244049E-05    1.11148129E-08    3.04315934E-04
   9.55111103E-05    1.13867509E-08    3.08880025E-04
   9.64061248E-05    1.16652088E-08    3.13509472E-04
   9.73095263E-05    1.19503928E-08    3.18206514E-04
   9.82213934E-05    1.22425162E-08    3.22973434E-04
   9.91418055E-05    1.25417989E-08    3.27812562E-04
   1.00070842E-04    1.28484672E-08    3.32726250E-04
   1.01008585E-04    1.31627254E-08    3.37716174E-04
   1.01955116E-04    1.34847483E-08    3.42783171E-04
   1.02910515E-04    1.38147125E-08    3.47928041E-04
   1.03874868E-04    1.41527986E-08    3.53151600E-04
   1.04848258E-04    1.44991914E-08    3.58454674E-04
   1.05830769E-04    1.48540797E-08    3.63838106E-04
   1.06822487E-04    1.52176573E-08    3.69302767E-04
   1.07823498E-04    1.55901324E-08    3.74849778E-04
   1.08833889E-04    1.59717276E-08    3.80480484E-04
   1.09853749E-04    1.63626714E-08    3.86196262E-04
   1.10883165E-04    1.67631980E-08    3.91998516E-04
   1.11922228E-04    1.71735479E-08    3.97888676E-04
   1.12971027E-04    1.75939678E-08    4.03868196E-04
   1.14029655E-04    1.80247103E-08    4.09938558E-04
   1.15098203E-04    1.84660315E-08    4.16101188E-04
   1.16176764E-04    1.89181905E-08    4.22357469E-04
   1.17265432E-04    1.93814530E-08    4.28708807E-04
   1.18364302E-04    1.98560912E-08    4.35156631E-04
   1.19473469E-04    2.03423843E-08    4.41702399E-04
   1.20593030E-04    2.08406183E-08    4.48347596E-04
   1.21723082E-04    2.13510864E-08    4.55093732E-04
   1.22863723E-04    2.18740899E-08    4.61942351E-04
   1.24015053E-04    2.24099377E-08    4.68895027E-04
   1.25177172E-04    2.29589465E-08    4.75953366E-04
   1.26350181E-04    2.35214414E-08    4.83118999E-04
   1.27534182E-04    2.40977552E-08    4.90393593E-04
   1.28729278E-04    2.46882295E-08    4.97778841E-04
   1.29935573E-04    2.52932143E-08    5.05276469E-04
   1.31153172E-04    2.59130677E-08    5.12888213E-04
   1.32382181E-04    2.65481561E-08    5.20615821E-04
   1.33622706E-04    2.71988550E-08    5.28461071E-04
   1.34874857E-04    2.78655495E-08    5.36425778E-04
   1.36138741E-04    2.85486344E-08    5.44511787E-04
   1.37414468E-04    2.92485145E-08    5.52720981E-04
   1.38702150E-04    2.99656046E-08    5.61055272E-04
   1.40001899E-04    3.07003295E-08    5.69516594E-04
   1.41313827E-04    3.14531244E-08    5.78106899E-04
   1.42638049E-04    3.22244353E-08    5.86828177E-04
   1.43974681E-04    3.30147194E-08    5.95682455E-04
   1.45323837E-04    3.38244457E-08    6.04671799E-04
   1.46685636E-04    3.46540950E-08    6.13798312E-04
   1.48060196E-04    3.55041599E-08    6.23064134E-04
   1.49447637E-04    3.63751448E-08    6.32471418E-04
   1.50848080E-04    3.72675662E-08    6.42022344E-04
   1.52261645E-04    3.81819538E-08    6.51719136E-04
   1.53688457E-04    3.91188507E-08    6.61564055E-04
   1.55128639E-04    4.00788134E-08    6.71559408E-04
   1.56582317E-04    4.10624130E-08    6.81707545E-04
   1.58049617E-04    4.20702345E-08    6.92010851E-04
   1.59530667E-04    4.31028766E-08    7.02471727E-04
   1.61025595E-04    4.41609528E-08    7.13092611E-04
   1.62534532E-04    4.52450923E-08    7.23875985E-04
   1.64057609E-04    4.63559400E-08    7.34824379E-04
   1.65594959E-04    4.74941574E-08    7.45940371E-04
   1.67146714E-04    4.86604225E-08    7.57226586E-04
   1.68713011E-04    4.98554299E-08    7.68685684E-04
   1.70293985E-04    5.10798908E-08    7.80320343E-04
   1.71889774E-04    5.23345340E-08    7.92133288E-04
   1.73500517E-04    5.36201070E-08    8.04127296E-04
   1.75126354E-04    5.49373760E-08    8.16305194E-04
   1.76767426E-04    5.62871268E-08    8.28669865E-04
   1.78423877E-04    5.76701651E-08    8.41224244E-04
   1.80095849E-04    5.90873156E-08    8.53971292E-04
   1.81783490E-04    6.05394232E-08    8.66914002E-04
   1.83486944E-04    6.20273540E-08    8.80055421E-04
   1.85206362E-04    6.35519962E-08    8.93398655E-04
   1.86941892E-04    6.51142605E-08    9.06946869E-04
   1.88693685E-04    6.67150806E-08    9.20703287E-04
   1.90461894E-04    6.83554137E-08    9.34671188E-04
   1.92246672E-04    7.00362395E-08    9.48853868E-04
   1.94048175E-04    7.17585619E-08    9.63254675E-04
   1.95866560E-04    7.35234107E-08    9.77877019E-04
   1.97701984E-04    7.53318412E-08    9.92724378E-04
   1.99554608E-04    7.71849361E-08    1.00780029E-03
   2.01424592E-04    7.90838053E-08    1.02310837E-03
   2.03312100E-04    8.10295859E-08    1.03865227E-03
   2.05217295E-04    8.30234421E-08    1.05443566E-03
   2.07140343E-04    8.50665675E-08    1.07046231E-03
   2.09081412E-04    8.71601863E-08    1.08673601E-03
   2.11040669E-04    8.93055533E-08    1.10326068E-03
   2.13018287E-04    9.15039557E-08    1.12004027E-03
   2.15014437E-04    9.37567128E-08    1.13707883E-03
   2.17029292E-04    9.60651756E-08    1.15438041E-03
   2.19063028E-04    9.84307284E-08    1.17194913E-03
   2.21115821E-04    1.00854791E-07    1.18978920E-03
   2.23187851E-04    1.03338818E-07    1.20790489E-03
   2.25279298E-04    1.05884302E-07    1.22630057E-03
   2.27390343E-04    1.08492775E-07    1.24498068E-03
   2.29521170E-04    1.11165804E-07    1.26394971E-03
   2.31671964E-04    1.13904996E-07    1.28321221E-03
   2.33842914E-04    1.16711996E-07    1.30277279E-03
   2.36034206E-04    1.19588493E-07    1.32263615E-03
   2.38246033E-04    1.22536219E-07    1.34280711E-03
   2.40478587E-04    1.25556949E-07    1.36329054E-03
   2.42732061E-04    1.28652503E-07    1.38409141E-03
   2.45006652E-04    1.31824746E-07    1.40521474E-03
   2.47302558E-04    1.35075587E-07    1.42666559E-03
   2.49619978E-04    1.38406985E-07    1.44844916E-03
   2.51959115E-04    1.41820951E-07    1.47057072E-03
   2.54320170E-04    1.45319542E-07    1.49303565E-03
   2.56703351E-04    1.48904874E-07    1.51584943E-03
   2.59108864E-04    1.52579108E-07    1.53901760E-03
   2.61536919E-04    1.56344463E-07    1.56254576E-03
   2.63987727E-04    1.60203212E-07    1.58643959E-03
   2.66461500E-04    1.64157686E-07    1.61070493E-03
   2.68958455E-04    1.68210276E-07    1.63534768E-03
   2.71478808E-04    1.72363434E-07    1.66037389E-03
   2.74022779E-04    1.76619674E-07    1.68578967E-03
   2.76590589E-04    1.80981568E-07    1.71160121E-03
   2.79182461E-04    1.85451757E-07    1.73781477E-03
   2.81798621E-04    1.90032946E-07    1.76443676E-03
   2.84439297E-04    1.94727910E-07    1.79147370E-03
   2.87104717E-04    1.99539497E-07    1.81893224E-03
   2.89795115E-04    2.04470625E-07    1.84681915E-03
   2.92510724E-04    2.09524282E-07    1.87514124E-03
   2.95251781E-04    2.14703533E-07    1.90390541E-03
   2.98018523E-04    2.20011519E-07    1.93311872E-03
   3.00811192E-04    2.25451464E-07    1.96278838E-03
   3.03630031E-04    2.31026672E-07    1.99292170E-03
   3.06475284E-04    2.36740533E-07    2.02352614E-03
   3.09347199E-04    2.42596519E-07    2.05460924E-03
   3.12246027E-04    2.48598188E-07    2.08617861E-03
   3.15172019E-04    2.54749190E-07    2.11824203E-03
   3.18125429E-04    2.61053266E-07    2.15080743E-03
   3.21106516E-04    2.67514256E-07    2.18388289E-03
   3.24115538E-04    2.74136097E-07    2.21747663E-03
   3.27152756E-04    2.80922822E-07    2.25159699E-03
   3.30218436E-04    2.87878565E-07    2.28625236E-03
   3.33312843E-04    2.95007565E-07    2.32145132E-03
   3.36436248E-04    3.02314169E-07    2.35720262E-03
   3.39588921E-04    3.09802837E-07    2.39351515E-03
   3.42771138E-04    3.17478143E-07    2.43039801E-03
   3.45983174E-04    3.25344775E-07    2.46786038E-03
   3.49225309E-04    3.33407534E-07    2.50591155E-03
   3.52497826E-04    3.41671347E-07    2.54456098E-03
   3.55801009E-04    3.50141264E-07    2.58381831E-03
   3.59135146E-04    3.58822469E-07    2.62369337E-03
   3.62500526E-04    3.67720275E-07    2.66419617E-03
   3.65897442E-04    3.76840131E-07    2.70533688E-03
   3.69326190E-04    3.86187619E-07    2.74712575E-03
   3.72787068E-04    3.95768462E-07    2.78957322E-03
   3.76280377E-04    4.05588533E-07    2.83268992E-03
   3.79806422E-04    4.15653853E-07    2.87648671E-03
   3.83365508E-04    4.25970599E-07    2.92097463E-03
   3.86957945E-04    4.36545106E-07    2.96616492E-03
   3.90584047E-04    4.47383863E-07    3.01206891E-03
   3.94244128E-04    4.58493524E-07    3.05869812E-03
   3.97938507E-04    4.69880913E-07    3.10606429E-03
   4.01667505E-04    4.81553032E-07    3.15417939E-03
   4.05431446E-04    4.93517063E-07    3.20305563E-03
   4.09230659E-04    5.05780370E-07    3.25270543E-03
   4.13065474E-04    5.18350499E-07    3.30314129E-03
   4.16936223E-04    5.31235187E-07    3.35437595E-03
   4.20843245E-04    5.44442369E-07    3.40642236E-03
   4.24786879E-04    5.57980188E-07    3.45929375E-03
   4.28767467E-04    5.71856994E-07    3.51300360E-03
   4.32785357E-04    5.86081352E-07    3.56756563E-03
   4.36840898E-04    6.00662038E-07    3.62299367E-03
   4.40934442E-04    6.15608051E-07    3.67930177E-03
   4.45066346E-04    6.30928622E-07    3.73650427E-03
   4.49236969E-04    6.46633219E-07    3.79461577E-03
   4.53446674E-04    6.62731556E-07    3.85365116E-03
   4.57695828E-04    6.79233597E-07    3.91362559E-03
   4.61984799E-04    6.96149551E-07    3.97455436E-03
   4.66313961E-04    7.13489884E-07    4.03645299E-03
   4.70683691E-04    7.31265337E-07    4.09933732E-03
   4.75094369E-04    7.49486927E-07    4.16322349E-03
   4.79546379E-04    7.68165955E-07    4.22812797E-03
   4.84040107E-04    7.87314013E-07    4.29406750E-03
   4.88575945E-04    8.06942980E-07    4.36105897E-03
   4.93154288E-04    8.27065037E-07    4.42911956E-03
   4.97775533E-04    8.47692681E-07    4.49826678E-03
   5.02440083E-04    8.68838732E-07    4.56851845E-03
   5.07148343E-04    8.90516344E-07    4.63989279E-03
   5.11900723E-04    9.12739006E-07    4.71240830E-03
   5.16697637E-04    9.35520544E-07    4.78608367E-03
   5.21539502E-04    9.58875137E-07    4.86093787E-03
   5.26426739E-04    9.82817329E-07    4.93699027E-03
   5.31359774E-04    1.00736204E-06    5.01426060E-03
   5.36339034E-04    1.03252459E-06    5.09276898E-03
   5.41364955E-04    1.05832068E-06    5.17253586E-03
   5.46437972E-04    1.08476640E-06    5.25358191E-03
   5.51558527E-04    1.11187826E-06    5.33592812E-03
   5.56727066E-04    1.13967319E-06    5.41959589E-03
   5.61944039E-04    1.16816857E-06    5.50460706E-03
   5.67209898E-04    1.19738222E-06    5.59098389E-03
   5.72525103E-04    1.22733244E-06    5.67874899E-03
   5.77890115E-04    1.25803796E-06    5.76792519E-03
   5.83305402E-04    1.28951800E-06    5.85853573E-03
   5.88771434E-04    1.32179228E-06    5.95060431E-03
   5.94288687E-04    1.35488105E-06    6.04415506E-03
   5.99857642E-04    1.38880506E-06    6.13921262E-03
   6.05478782E-04    1.42358561E-06    6.23580197E-03
   6.11152596E-04    1.45924453E-06    6.33394839E-03
   6.16879578E-04    1.49580420E-06    6.43367757E-03
   6.22660227E-04    1.53328759E-06    6.53501574E-03
   6.28495045E-04    1.57171829E-06    6.63798962E-03
   6.34384540E-04    1.61112048E-06    6.74262645E-03
   6.40329224E-04    1.65151896E-06    6.84895387E-03
   6.46329615E-04    1.69293917E-06    6.95699983E-03
   6.52386234E-04    1.73540718E-06    7.06679278E-03
   6.58499608E-04    1.77894977E-06    7.17836175E-03
   6.64670269E-04    1.82359440E-06    7.29173632E-03
   6.70898755E-04    1.86936927E-06    7.40694665E-03
   6.77185606E-04    1.91630326E-06    7.52402326E-03
   6.83531370E-04    1.96442600E-06    7.64299707E-03
   6.89936599E-04    2.01376791E-06    7.76389961E-03
   6.96401849E-04    2.06436018E-06    7.88676301E-03
   7.02927685E-04    2.11623483E-06    8.01162002E-03
   7.09514672E-04    2.16942469E-06    8.13850402E-03
   7.16163385E-04    2.22396346E-06    8.26744874E-03
   7.22874402E-04    2.27988565E-06    8.39848842E-03
   7.29648306E-04    2.33722673E-06    8.53165796E-03
   7.36485686E-04    2.39602306E-06    8.66699295E-03
   7.43387139E-04    2.45631195E-06    8.80452965E-03
   7.50353263E-04    2.51813170E-06    8.94430497E-03
   7.57384666E-04    2.58152156E-06    9.08635624E-03
   7.64481959E-04    2.64652181E-06    9.23072137E-03
   7.71645758E-04    2.71317377E-06    9.37743901E-03
   7.78876688E-04    2.78151985E-06    9.52654857E-03
   7.86175378E-04    2.85160356E-06    9.67809023E-03
   7.93542462E-04    2.92346955E-06    9.83210478E-03
   8.00978582E-04    2.99716359E-06    9.98863351E-03
   8.08484384E-04    3.07273264E-06    1.01477184E-02
   8.16060521E-04    3.15022490E-06    1.03094023E-02
   8.23707653E-04    3.22968983E-06    1.04737289E-02
   8.31426444E-04    3.31117818E-06    1.06407426E-02
   8.39217566E-04    3.39474202E-06    1.08104885E-02
   8.47081697E-04    3.48043473E-06    1.09830124E-02
   8.55019522E-04    3.56831110E-06    1.11583608E-02
   8.63031730E-04    3.65842733E-06    1.13365811E-02
   8.71119019E-04    3.75084114E-06    1.15177216E-02
   8.79282092E-04    3.84561174E-06    1.17018317E-02
   8.87521660E-04    3.94279983E-06    1.18889611E-02
   8.95838439E-04    4.04246771E-06    1.20791605E-02
   9.04233152E-04    4.14467929E-06    1.22724815E-02
   9.12706531E-04    4.24950017E-06    1.24689765E-02
   9.21259312E-04    4.35699769E-06    1.26686993E-02
   9.29892239E-04    4.46724091E-06    1.28717042E-02
   9.38606064E-04    4.58030068E-06    1.30780464E-02
   9.47401544E-04    4.69624967E-06    1.32877819E-02
   9.56279445E-04    4.81516248E-06    1.35009680E-02
   9.65240538E-04    4.93711567E-06    1.37176627E-02
   9.74285605E-04    5.06218780E-06    1.39379255E-02
   9.83415430E-04    5.19045950E-06    1.41618167E-02
   9.92630809E-04    5.32201343E-06    1.43893972E-02
   1.00193254E-03    5.45693442E-06    1.46207292E-02
   1.01132144E-03    5.59530954E-06    1.48558759E-02
   1.02079832E-03    5.73722815E-06    1.50949019E-02
   1.03036401E-03    5.88278198E-06    1.53378729E-02
   1.04001933E-03    6.03206511E-06    1.55848555E-02
   1.04976514E-03    6.18517401E-06    1.58359173E-02
   1.05960227E-03    6.34220775E-06    1.60911271E-02
   1.06953158E-03    6.50326795E-06    1.63505551E-02
   1.07955393E-03    6.66845897E-06    1.66142726E-02
   1.08967020E-03    6.83788789E-06    1.68823525E-02
   1.09988127E-03    7.01166451E-06    1.71548685E-02
   1.11018803E-03    7.18990151E-06    1.74318953E-02
   1.12059137E-03    7.37271453E-06    1.77135093E-02
   1.13109220E-03    7.56022228E-06    1.79997882E-02
   1.14169142E-03    7.75254658E-06    1.82908110E-02
   1.15238997E-03    7.94981246E-06    1.85866583E-02
   1.16318878E-03    8.15214814E-06    1.88874116E-02
   1.17408877E-03    8.35968520E-06    1.91931538E-02
   1.18509091E-03    8.57255870E-06    1.95039694E-02
   1.19619615E-03    8.79090727E-06    1.98199445E-02
   1.20740545E-03    9.01487323E-06    2.01411668E-02
   1.21871980E-03    9.24460253E-06    2.04677252E-02
   1.23014016E-03    9.48024493E-06    2.07997099E-02
   1.24166755E-03    9.72195412E-06    2.11372128E-02
   1.25330295E-03    9.96988786E-06    2.14803276E-02
   1.26504739E-03    1.02242081E-05    2.18291495E-02
   1.27690189E-03    1.04850811E-05    2.21837757E-02
   1.28886746E-03    1.07526773E-05    2.25443045E-02
   1.30094517E-03    1.10271715E-05    2.29108357E-02
   1.31313605E-03    1.13087435E-05    2.32834712E-02
   1.32544118E-03    1.15975774E-05    2.36623147E-02
   1.33786161E-03    1.18938626E-05    2.40474717E-02
   1.35039843E-03    1.21977931E-05    2.44390496E-02
   1.36305273E-03    1.25095681E-05    2.48371572E-02
   1.37582561E-03    1.28293919E-05    2.52419051E-02
   1.38871818E-03    1.31574744E-05    2.56534061E-02
   1.40173157E-03    1.34940309E-05    2.60717750E-02
   1.41486690E-03    1.38392826E-05    2.64971288E-02
   1.42812532E-03    1.41934561E-05    2.69295860E-02
   1.44150798E-03    1.45567842E-05    2.73692671E-02
   1.45501605E-03    1.49295057E-05    2.78162945E-02
   1.46865070E-03    1.53118658E-05    2.82707931E-02
   1.48241311E-03    1.57041161E-05    2.87328903E-02
   1.49630450E-03    1.61065150E-05    2.92027151E-02
   1.51032605E-03    1.65193274E-05    2.96803988E-02
   1.52447900E-03    1.69428253E-05    3.01660746E-02
   1.53876457E-03    1.73772877E-05    3.06598783E-02
   1.55318401E-03    1.78230013E-05    3.11619482E-02
   1.56773857E-03    1.82802601E-05    3.16724249E-02
   1.58242952E-03    1.87493661E-05    3.21914514E-02
   1.59725813E-03    1.92306287E-05    3.27191726E-02
   1.61222570E-03    1.97243658E-05    3.32557362E-02
   1.62733353E-03    2.02309037E-05    3.38012925E-02
   1.64258293E-03    2.07505774E-05    3.43559943E-02
   1.65797523E-03    2.12837306E-05    3.49199976E-02
   1.67351177E-03    2.18307159E-05    3.54934600E-02
   1.68919390E-03    2.23918953E-05    3.60765420E-02
   1.70502298E-03    2.29676403E-05    3.66694071E-02
   1.72100039E-03    2.35583322E-05    3.72722215E-02
   1.73712752E-03    2.41643626E-05    3.78851546E-02
   1.75340578E-03    2.47861333E-05    3.85083783E-02
   1.76983657E-03    2.54240564E-05    3.91420671E-02
   1.78642134E-03    2.60785550E-05    3.97863986E-02
   1.80316152E-03    2.67500633E-05    4.04415537E-02
   1.82005857E-03    2.74390272E-05    4.11077162E-02
   1.83711395E-03    2.81459045E-05    4.17850734E-02
   1.85432916E-03    2.88711646E-05    4.24738152E-02
   1.87170569E-03    2.96152892E-05    4.31741347E-02
   1.88924505E-03    3.03787730E-05    4.38862281E-02
   1.90694877E-03    3.11621237E-05    4.46102956E-02
   1.92481838E-03    3.19658627E-05    4.53465407E-02
   1.94285545E-03    3.27905248E-05    4.60951700E-02
   1.96106154E-03    3.36366587E-05    4.68563933E-02
   1.97943824E-03    3.45048277E-05    4.76304242E-02
   1.99798714E-03    3.53956100E-05    4.84174798E-02
   2.01670986E-03    3.63095993E-05    4.92177813E-02
   2.03560802E-03    3.72474051E-05    5.00315535E-02
   2.05468327E-03    3.82096524E-05    5.08590246E-02
   2.07393728E-03    3.91969826E-05    5.17004266E-02
   2.09337171E-03    4.02100544E-05    5.25559953E-02
   2.11298826E-03    4.12495437E-05    5.34259711E-02
   2.13278862E-03    4.23161448E-05    5.43105981E-02
   2.15277454E-03    4.34105699E-05    5.52101246E-02
   2.17294774E-03    4.45335495E-05    5.61248025E-02
   2.19330997E-03    4.56858336E-05    5.70548882E-02
   2.21386302E-03    4.68681922E-05    5.80006424E-02
   2.23460866E-03    4.80814159E-05    5.89623304E-02
   2.25554871E-03    4.93263160E-05    5.99402220E-02
   2.27668498E-03    5.06037249E-05    6.09345911E-02
   2.29801932E-03    5.19144966E-05    6.19457159E-02
   2.31955358E-03    5.32595080E-05    6.29738796E-02
   2.34128962E-03    5.46396595E-05    6.40193701E-02
   2.36322936E-03    5.60558752E-05    6.50824806E-02
   2.38537468E-03    5.75091035E-05    6.61635084E-02
   2.40772753E-03    5.90003169E-05    6.72627558E-02
   2.43028984E-03    6.05305140E-05    6.83805300E-02
   2.45306357E-03    6.21007202E-05    6.95171437E-02
   2.47605071E-03    6.37119881E-05    7.06729147E-02
   2.49925326E-03    6.53653980E-05    7.18481664E-02
   2.52267324E-03    6.70620577E-05    7.30432267E-02
   2.54631268E-03    6.88031044E-05    7.42584291E-02
   2.57017364E-03    7.05897056E-05    7.54941128E-02
   2.59425820E-03    7.24230601E-05    7.67506226E-02
   2.61856845E-03    7.43043983E-05    7.80283094E-02
   2.64310650E-03    7.62349823E-05    7.93275293E-02
   2.66787450E-03    7.82161070E-05    8.06486439E-02
   2.69287459E-03    8.02491018E-05    8.19920211E-02
   2.71810895E-03    8.23353315E-05    8.33580351E-02
   2.74357978E-03    8.44761975E-05    8.47470662E-02
   2.76928929E-03    8.66731378E-05    8.61595009E-02
   2.79523971E-03    8.89276268E-05    8.75957315E-02
   2.82143332E-03    9.12411779E-05    8.90561568E-02
   2.84787238E-03    9.36153454E-05    9.05411825E-02
   2.87455919E-03    9.60517248E-05    9.20512208E-02
   2.90149608E-03    9.85519538E-05    9.35866909E-02
   2.92868539E-03    1.01117712E-04    9.51480182E-02
   2.95612948E-03    1.03750722E-04    9.67356349E-02
   2.98383075E-03    1.06452753E-04    9.83499807E-02
   3.01179160E-03    1.09225623E-04    9.99915021E-02
   3.04001447E-03    1.12071195E-04    1.01660653E-01
   3.06850180E-03    1.14991382E-04    1.03357896E-01
   3.09725609E-03    1.17988147E-04    1.05083698E-01
   3.12627983E-03    1.21063503E-04    1.06838535E-01
   3.15557554E-03    1.24219518E-04    1.08622892E-01
   3.18514577E-03    1.27458314E-04    1.10437260E-01
   3.21499310E-03    1.30782071E-04    1.12282139E-01
   3.24512013E-03    1.34193022E-04    1.14158036E-01
   3.27552947E-03    1.37693459E-04    1.16065467E-01
   3.30622376E-03    1.41285735E-04    1.18004955E-01
   3.33720569E-03    1.44972267E-04    1.19977033E-01
   3.36847794E-03    1.48755535E-04    1.21982242E-01
   3.40004324E-03    1.52638082E-04    1.24021131E-01
   3.43190433E-03    1.56622517E-04    1.26094258E-01
   3.46406399E-03    1.60711518E-04    1.28202189E-01
   3.49652500E-03    1.64907834E-04    1.30345502E-01
   3.52929020E-03    1.69214289E-04    1.32524780E-01
   3.56236244E-03    1.73633778E-04    1.34740618E-01
   3.59574459E-03    1.78169270E-04    1.36993619E-01
   3.62943956E-03    1.82823812E-04    1.39284398E-01
   3.66345027E-03    1.87600533E-04    1.41613575E-01
   3.69777969E-03    1.92502644E-04    1.43981785E-01
   3.73243081E-03    1.97533442E-04    1.46389669E-01
   3.76740663E-03    2.02696306E-04    1.48837881E-01
   3.80271021E-03    2.07994701E-04    1.51327082E-01
   3.83834461E-03    2.13432187E-04    1.53857946E-01
   3.87431293E-03    2.19012418E-04    1.56431156E-01
   3.91061830E-03    2.24739145E-04    1.59047407E-01
   3.94726388E-03    2.30616212E-04    1.61707404E-01
   3.98425286E-03    2.36647562E-04    1.64411862E-01
   4.02158846E-03    2.42837244E-04    1.67161508E-01
   4.05927392E-03    2.49189412E-04    1.69957081E-01
   4.09731252E-03    2.55708334E-04    1.72799331E-01
   4.13570757E-03    2.62398384E-04    1.75689017E-01
   4.17446242E-03    2.69264048E-04    1.78626914E-01
   4.21358043E-03    2.76309927E-04    1.81613805E-01
   4.25306500E-03    2.83540747E-04    1.84650488E-01
   4.29291958E-03    2.90961360E-04    1.87737770E-01
   4.33314763E-03    2.98576743E-04    1.90876474E-01
   4.37375264E-03    3.06391995E-04    1.94067433E-01
   4.41473816E-03    3.14412350E-04    1.97311494E-01
   4.45610774E-03    3.22643179E-04    2.00609514E-01
   4.49786499E-03    3.31089996E-04    2.03962367E-01
   4.54001354E-03    3.39758463E-04    2.07370938E-01
   4.58255705E-03    3.48654378E-04    2.10836125E-01
   4.62549923E-03    3.57783689E-04    2.14358840E-01
   4.66884381E-03    3.67152501E-04    2.17940009E-01
   4.71259456E-03    3.76767080E-04    2.21580572E-01
   4.75675530E-03    3.86633861E-04    2.25281482E-01
   4.80132985E-03    3.96759438E-04    2.29043706E-01
   4.84632210E-03    4.07150569E-04    2.32868228E-01
   4.89173597E-03    4.17814190E-04    2.36756044E-01
   4.93757540E-03    4.28757422E-04    2.40708164E-01
   4.98384438E-03    4.39987573E-04    2.44725617E-01
   5.03054694E-03    4.51512140E-04    2.48809442E-01
   5.07768713E-03    4.63338802E-04    2.52960697E-01
   5.12526907E-03    4.75475437E-04    2.57180454E-01
   5.17329689E-03    4.87930132E-04    2.61469801E-01
   5.22177477E-03    5.00711187E-04    2.65829841E-01
   5.27070692E-03    5.13827120E-04    2.70261693E-01
   5.32009761E-03    5.27286656E-04    2.74766495E-01
   5.36995113E-03    5.41098739E-04    2.79345398E-01
   5.42027181E-03    5.55272551E-04    2.83999571E-01
   5.47106404E-03    5.69817514E-04    2.88730200E-01
   5.52233223E-03    5.84743302E-04    2.93538487E-01
   5.57408084E-03    6.00059826E-04    2.98425651E-01
   5.62631438E-03    6.15777239E-04    3.03392932E-01
   5.67903739E-03    6.31905961E-04    3.08441582E-01
   5.73225446E-03    6.48456688E-04    3.13572875E-01
   5.78597021E-03    6.65440396E-04    3.18788101E-01
   5.84018932E-03    6.82868340E-04    3.24088567E-01
   5.89491650E-03    7.00752044E-04    3.29475602E-01
   5.95015653E-03    7.19103329E-04    3.34950550E-01
   6.00591419E-03    7.37934329E-04    3.40514777E-01
   6.06219435E-03    7.57257494E-04    3.46169665E-01
   6.11900190E-03    7.77085599E-04    3.51916615E-01
   6.17634178E-03    7.97431723E-04    3.57757048E-01
   6.23421898E-03    8.18309269E-04    3.63692408E-01
   6.29263853E-03    8.39731997E-04    3.69724155E-01
   6.35160553E-03    8.61714026E-04    3.75853768E-01
   6.41112509E-03    8.84269843E-04    3.82082749E-01
   6.47120239E-03    9.07414286E-04    3.88412617E-01
   6.53184267E-03    9.31162552E-04    3.94844916E-01
   6.59305119E-03    9.55530236E-04    4.01381207E-01
   6.65483329E-03    9.80533340E-04    4.08023075E-01
   6.71719433E-03    1.00618829E-03    4.14772122E-01
   6.78013975E-03    1.03251190E-03    4.21629973E-01
   6.84367501E-03    1.05952141E-03    4.28598277E-01
   6.90780565E-03    1.08723447E-03    4.35678702E-01
   6.97253725E-03    1.11566922E-03    4.42872939E-01
   7.03787543E-03    1.14484426E-03    4.50182699E-01
   7.10382588E-03    1.17477867E-03    4.57609717E-01
   7.17039434E-03    1.20549194E-03    4.65155750E-01
   7.23758660E-03    1.23700410E-03    4.72822579E-01
   7.30540850E-03    1.26933568E-03    4.80612008E-01
   7.37386594E-03    1.30250772E-03    4.88525859E-01
   7.44296489E-03    1.33654184E-03    4.96565981E-01
   7.51271135E-03    1.37146013E-03    5.04734247E-01
   7.58311139E-03    1.40728523E-03    5.13032553E-01
   7.65417113E-03    1.44404038E-03    5.21462819E-01
   7.72589676E-03    1.48174941E-03    5.30026987E-01
   7.79829451E-03    1.52043678E-03    5.38727021E-01
   7.87137069E-03    1.56012750E-03    5.47564914E-01
   7.94513165E-03    1.60084718E-03    5.56542683E-01
   8.01958381E-03    1.64262210E-03    5.65662369E-01
   8.09473364E-03    1.68547922E-03    5.74926036E-01
   8.17058769E-03    1.72944618E-03    5.84335771E-01
   8.24715255E-03    1.77455131E-03    5.93893686E-01
   8.32443488E-03    1.82082357E-03    6.03601924E-01
   8.40244141E-03    1.86829266E-03    6.13462652E-01
   8.48117892E-03    1.91698904E-03    6.23478058E-01
   8.56065427E-03    1.96694396E-03    6.33650355E-01
   8.64087436E-03    2.01818945E-03    6.43981783E-01
   8.72184618E-03    2.07075824E-03    6.54474611E-01
   8.80357676E-03    2.12468388E-03    6.65131133E-01
   8.88607323E-03    2.18000077E-03    6.75953670E-01
   8.96934275E-03    2.23674420E-03    6.86944563E-01
   9.05339258E-03    2.29495037E-03    6.98106180E-01
   9.13823002E-03    2.35465628E-03    7.09440917E-01
   9.22386245E-03    2.41589978E-03    7.20951203E-01
   9.31029733E-03    2.47871972E-03    7.32639487E-01
   9.39754216E-03    2.54315592E-03    7.44508246E-01
   9.48560456E-03    2.60924921E-03    7.56559977E-01
   9.57449216E-03    2.67704140E-03    7.68797208E-01
   9.66421271E-03    2.74657521E-03    7.81222499E-01
   9.75477402E-03    2.81789442E-03    7.93838436E-01
   9.84618396E-03    2.89104396E-03    8.06647628E-01
   9.93845048E-03    2.96606988E-03    8.19652705E-01
   1.00315816E-02    3.04301935E-03    8.32856326E-01
   1.01255854E-02    3.12194055E-03    8.46261186E-01
   1.02204702E-02    3.20288283E-03    8.59870005E-01
   1.03162441E-02    3.28589681E-03    8.73685525E-01
   1.04129154E-02    3.37103438E-03    8.87710512E-01
   1.05104927E-02    3.45834872E-03    9.01947756E-01
   1.06089843E-02    3.54789413E-03    9.16400083E-01
   1.07083988E-02    3.63972620E-03    9.31070349E-01
   1.08087450E-02    3.73390191E-03    9.45961429E-01
   1.09100315E-02    3.83047969E-03    9.61076223E-01
   1.10122671E-02    3.92951943E-03    9.76417651E-01
   1.11154607E-02    4.03108229E-03    9.91988669E-01
   1.12196214E-02    4.13523082E-03    1.00779227E+00
   1.13247581E-02    4.24202912E-03    1.02383145E+00
   1.14308800E-02    4.35154293E-03    1.04010925E+00
   1.15379964E-02    4.46383961E-03    1.05662871E+00
   1.16461165E-02    4.57898802E-03    1.07339293E+00
   1.17552498E-02    4.69705848E-03    1.09040500E+00
   1.18654058E-02    4.81812305E-03    1.10766808E+00
   1.19765940E-02    4.94225559E-03    1.12518531E+00
   1.20888242E-02    5.06953180E-03    1.14295988E+00
   1.22021060E-02    5.20002913E-03    1.16099498E+00
   1.23164494E-02    5.33382658E-03    1.17929385E+00
   1.24318642E-02    5.47100508E-03    1.19785975E+00
   1.25483606E-02    5.61164754E-03    1.21669597E+00
   1.26659486E-02    5.75583895E-03    1.23580578E+00
   1.27846386E-02    5.90366632E-03    1.25519252E+00
   1.29044407E-02    6.05521834E-03    1.27485952E+00
   1.30253656E-02    6.21058577E-03    1.29481017E+00
   1.31474235E-02    6.36986161E-03    1.31504786E+00
   1.32706253E-02    6.53314116E-03    1.33557599E+00
   1.33949815E-02    6.70052202E-03    1.35639798E+00
   1.35205030E-02    6.87210379E-03    1.37751728E+00
   1.36472008E-02    7.04798814E-03    1.39893737E+00
   1.37750859E-02    7.22827926E-03    1.42066175E+00
   1.39041693E-02    7.41308384E-03    1.44269392E+00
   1.40344624E-02    7.60251122E-03    1.46503740E+00
   1.41659764E-02    7.79667308E-03    1.48769571E+00
   1.42987228E-02    7.99568330E-03    1.51067244E+00
   1.44327131E-02    8.19965845E-03    1.53397117E+00
   1.45679590E-02    8.40871797E-03    1.55759548E+00
   1.47044723E-02    8.62298416E-03    1.58154896E+00
   1.48422648E-02    8.84258199E-03    1.60583523E+00
   1.49813485E-02    9.06763880E-03    1.63045793E+00
   1.51217356E-02    9.29828491E-03    1.65542073E+00
   1.52634382E-02    9.53465382E-03    1.68072726E+00
   1.54064687E-02    9.77688222E-03    1.70638119E+00
   1.55508395E-02    1.00251099E-02    1.73238616E+00
   1.56965631E-02    1.02794791E-02    1.75874589E+00
   1.58436523E-02    1.05401352E-02    1.78546409E+00
   1.59921198E-02    1.08072273E-02    1.81254444E+00
   1.61419786E-02    1.10809079E-02    1.83999065E+00
   1.62932417E-02    1.13613330E-02    1.86780639E+00
   1.64459223E-02    1.16486616E-02    1.89599539E+00
   1.66000335E-02    1.19430557E-02    1.92456140E+00
   1.67555890E-02    1.22446815E-02    1.95350812E+00
   1.69126021E-02    1.25537087E-02    1.98283927E+00
   1.70710865E-02    1.28703114E-02    2.01255854E+00
   1.72310561E-02    1.31946668E-02    2.04266963E+00
   1.73925247E-02    1.35269555E-02    2.07317628E+00
   1.75555064E-02    1.38673622E-02    2.10408221E+00
   1.77200153E-02    1.42160759E-02    2.13539112E+00
   1.78860659E-02    1.45732902E-02    2.16710666E+00
   1.80536724E-02    1.49392026E-02    2.19923248E+00
   1.82228496E-02    1.53140138E-02    2.23177230E+00
   1.83936121E-02    1.56979291E-02    2.26472979E+00
   1.85659747E-02    1.60911587E-02    2.29810859E+00
   1.87399526E-02    1.64939172E-02    2.33191230E+00
   1.89155607E-02    1.69064244E-02    2.36614449E+00
   1.90928145E-02    1.73289035E-02    2.40080878E+00
   1.92717292E-02    1.77615820E-02    2.43590877E+00
   1.94523206E-02    1.82046930E-02    2.47144801E+00
   1.96346042E-02    1.86584748E-02    2.50743000E+00
   1.98185959E-02    1.91231710E-02    2.54385818E+00
   2.00043118E-02    1.95990293E-02    2.58073603E+00
   2.01917680E-02    2.00863019E-02    2.61806703E+00
   2.03809808E-02    2.05852468E-02    2.65585459E+00
   2.05719667E-02    2.10961276E-02    2.69410208E+00
   2.07647423E-02    2.16192139E-02    2.73281276E+00
   2.09593243E-02    2.21547807E-02    2.77198990E+00
   2.11557297E-02    2.27031069E-02    2.81163680E+00
   2.13539756E-02    2.32644775E-02    2.85175669E+00
   2.15540793E-02    2.38391838E-02    2.89235274E+00
   2.17560580E-02    2.44275235E-02    2.93342800E+00
   2.19599294E-02    2.50298007E-02    2.97498548E+00
   2.21657113E-02    2.56463238E-02    3.01702821E+00
   2.23734215E-02    2.62774071E-02    3.05955921E+00
   2.25830782E-02    2.69233718E-02    3.10258136E+00
   2.27946994E-02    2.75845461E-02    3.14609745E+00
   2.30083038E-02    2.82612655E-02    3.19011017E+00
   2.32239098E-02    2.89538703E-02    3.23462223E+00
   2.34415361E-02    2.96627067E-02    3.27963631E+00
   2.36612018E-02    3.03881280E-02    3.32515500E+00
   2.38829260E-02    3.11304952E-02    3.37118076E+00
   2.41067279E-02    3.18901771E-02    3.41771590E+00
   2.43326269E-02    3.26675493E-02    3.46476267E+00
   2.45606429E-02    3.34629923E-02    3.51232338E+00
   2.47907955E-02    3.42768940E-02    3.56040022E+00
   2.50231048E-02    3.51096506E-02    3.60899524E+00
   2.52575911E-02    3.59616666E-02    3.65811033E+00
   2.54942747E-02    3.68333547E-02    3.70774724E+00
   2.57331761E-02    3.77251329E-02    3.75790777E+00
   2.59743163E-02    3.86374261E-02    3.80859365E+00
   2.62177162E-02    3.95706682E-02    3.85980643E+00
   2.64633969E-02    4.05253018E-02    3.91154749E+00
   2.67113798E-02    4.15017790E-02    3.96381802E+00
   2.69616865E-02    4.25005581E-02    4.01661920E+00
   2.72143388E-02    4.35221038E-02    4.06995218E+00
   2.74693587E-02    4.45668899E-02    4.12381795E+00
   2.77267683E-02    4.56353997E-02    4.17821729E+00
   2.79865900E-02    4.67281263E-02    4.23315078E+00
   2.82488464E-02    4.78455716E-02    4.28861883E+00
   2.85135604E-02    4.89882426E-02    4.34462194E+00
   2.87807550E-02    5.01566555E-02    4.40116041E+00
   2.90504534E-02    5.13513366E-02    4.45823435E+00
   2.93226791E-02    5.25728225E-02    4.51584361E+00
   2.95974558E-02    5.38216599E-02    4.57398780E+00
   2.98748073E-02    5.50984016E-02    4.63266660E+00
   3.01547578E-02    5.64036084E-02    4.69187955E+00
   3.04373317E-02    5.77378520E-02    4.75162593E+00
   3.07225536E-02    5.91017153E-02    4.81190477E+00
   3.10104482E-02    6.04957914E-02    4.87271482E+00
   3.13010406E-02    6.19206800E-02    4.93405485E+00
   3.15943560E-02    6.33769897E-02    4.99592350E+00
   3.18904201E-02    6.48653400E-02    5.05831912E+00
   3.21892585E-02    6.63863622E-02    5.12123976E+00
   3.24908973E-02    6.79406980E-02    5.18468320E+00
   3.27953627E-02    6.95289952E-02    5.24864727E+00
   3.31026811E-02    7.11519118E-02    5.31312960E+00
   3.34128794E-02    7.28101175E-02    5.37812745E+00
   3.37259844E-02    7.45042940E-02    5.44363778E+00
   3.40420235E-02    7.62351337E-02    5.50965726E+00
   3.43610242E-02    7.80033345E-02    5.57618264E+00
   3.46830141E-02    7.98096045E-02    5.64321048E+00
   3.50080214E-02    8.16546640E-02    5.71073694E+00
   3.53360742E-02    8.35392456E-02    5.77875781E+00
   3.56672011E-02    8.54640945E-02    5.84726849E+00
   3.60014309E-02    8.74299635E-02    5.91626431E+00
   3.63387928E-02    8.94376115E-02    5.98574065E+00
   3.66793160E-02    9.14878100E-02    6.05569251E+00
   3.70230301E-02    9.35813427E-02    6.12611444E+00
   3.73699651E-02    9.57190066E-02    6.19700060E+00
   3.77201512E-02    9.79016095E-02    6.26834479E+00
   3.80736188E-02    1.00129964E-01    6.34014098E+00
   3.84303987E-02    1.02404894E-01    6.41238284E+00
   3.87905219E-02    1.04727234E-01    6.48506360E+00
   3.91540197E-02    1.07097834E-01    6.55817600E+00
   3.95209238E-02    1.09517555E-01    6.63171238E+00
   3.98912661E-02    1.11987263E-01    6.70566515E+00
   4.02650787E-02    1.14507833E-01    6.78002651E+00
   4.06423943E-02    1.17080155E-01    6.85478818E+00
   4.10232457E-02    1.19705130E-01    6.92994137E+00
   4.14076659E-02    1.22383670E-01    7.00547684E+00
   4.17956884E-02    1.25116694E-01    7.08138545E+00
   4.21873470E-02    1.27905128E-01    7.15765784E+00
   4.25826758E-02    1.30749912E-01    7.23428411E+00
   4.29817091E-02    1.33652000E-01    7.31125381E+00
   4.33844816E-02    1.36612354E-01    7.38855597E+00
   4.37910285E-02    1.39631944E-01    7.46617972E+00
   4.42013850E-02    1.42711747E-01    7.54411407E+00
   4.46155869E-02    1.45852749E-01    7.62234750E+00
   4.50336702E-02    1.49055952E-01    7.70086790E+00
   4.54556712E-02    1.52322366E-01    7.77966254E+00
   4.58816268E-02    1.55653014E-01    7.85871846E+00
   4.63115738E-02    1.59048916E-01    7.93802290E+00
   4.67455499E-02    1.62511106E-01    8.01756268E+00
   4.71835926E-02    1.66040628E-01    8.09732397E+00
   4.76257401E-02    1.69638535E-01    8.17729235E+00
   4.80720309E-02    1.73305895E-01    8.25745281E+00
   4.85225038E-02    1.77043773E-01    8.33779052E+00
   4.89771980E-02    1.80853244E-01    8.41829053E+00
   4.94361530E-02    1.84735390E-01    8.49893726E+00
   4.98994088E-02    1.88691303E-01    8.57971449E+00
   5.03670057E-02    1.92722087E-01    8.66060532E+00
   5.08389843E-02    1.96828849E-01    8.74159268E+00
   5.13153857E-02    2.01012696E-01    8.82265975E+00
   5.17962514E-02    2.05274745E-01    8.90378912E+00
   5.22816232E-02    2.09616119E-01    8.98496272E+00
   5.27715433E-02    2.14037952E-01    9.06616178E+00
   5.32660543E-02    2.18541380E-01    9.14736710E+00
   5.37651993E-02    2.23127541E-01    9.22855981E+00
   5.42690217E-02    2.27797575E-01    9.30972062E+00
   5.47775653E-02    2.32552630E-01    9.39082951E+00
   5.52908743E-02    2.37393861E-01    9.47186577E+00
   5.58089935E-02    2.42322423E-01    9.55280814E+00
   5.63319678E-02    2.47339474E-01    9.63363575E+00
   5.68598429E-02    2.52446169E-01    9.71432754E+00
   5.73926645E-02    2.57643668E-01    9.79486171E+00
   5.79304791E-02    2.62933135E-01    9.87521577E+00
   5.84733334E-02    2.68315735E-01    9.95536650E+00
   5.90212747E-02    2.73792633E-01    1.00352905E+01
   5.95743507E-02    2.79364991E-01    1.01149646E+01
   6.01326094E-02    2.85033969E-01    1.01943653E+01
   6.06960995E-02    2.90800728E-01    1.02734681E+01
   6.12648698E-02    2.96666428E-01    1.03522482E+01
   6.18389701E-02    3.02632223E-01    1.04306807E+01
   6.24184500E-02    3.08699264E-01    1.05087406E+01
   6.30033602E-02    3.14868701E-01    1.05864022E+01
   6.35937515E-02    3.21141677E-01    1.06636391E+01
   6.41896751E-02    3.27519330E-01    1.07404248E+01
   6.47911831E-02    3.34002791E-01    1.08167328E+01
   6.53983276E-02    3.40593185E-01    1.08925362E+01
   6.60111616E-02    3.47291629E-01    1.09678072E+01
   6.66297383E-02    3.54099232E-01    1.10425184E+01
   6.72541116E-02    3.61017094E-01    1.11166419E+01
   6.78843357E-02    3.68046302E-01    1.11901489E+01
   6.85204656E-02    3.75187935E-01    1.12630111E+01
   6.91625565E-02    3.82443060E-01    1.13351995E+01
   6.98106642E-02    3.89812731E-01    1.14066850E+01
   7.04648453E-02    3.97297987E-01    1.14774380E+01
   7.11251565E-02    4.04899856E-01    1.15474288E+01
   7.17916554E-02    4.12619346E-01    1.16166277E+01
   7.24643999E-02    4.20457450E-01    1.16850041E+01
   7.31434486E-02    4.28415147E-01    1.17525278E+01
   7.38288605E-02    4.36493395E-01    1.18191683E+01
   7.45206952E-02    4.44693130E-01    1.18848944E+01
   7.52190130E-02    4.53015273E-01    1.19496754E+01
   7.59238745E-02    4.61460720E-01    1.20134801E+01
   7.66353412E-02    4.70030345E-01    1.20762769E+01
   7.73534748E-02    4.78724998E-01    1.21380345E+01
   7.80783380E-02    4.87545508E-01    1.21987214E+01
   7.88099937E-02    4.96492671E-01    1.22583056E+01
   7.95485056E-02    5.05567262E-01    1.23167554E+01
   8.02939379E-02    5.14770028E-01    1.23740390E+01
   8.10463555E-02    5.24101680E-01    1.24301241E+01
   8.18058238E-02    5.33562907E-01    1.24849790E+01
   8.25724090E-02    5.43154364E-01    1.25385716E+01
   8.33461777E-02    5.52876666E-01    1.25908696E+01
   8.41271972E-02    5.62730404E-01    1.26418411E+01
   8.49155355E-02    5.72716129E-01    1.26914541E+01
   8.57112611E-02    5.82834348E-01    1.27396764E+01
   8.65144433E-02    5.93085547E-01    1.27864762E+01
   8.73251520E-02    6.03470168E-01    1.28318219E+01
   8.81434576E-02    6.13988598E-01    1.28756814E+01
   8.89694314E-02    6.24641186E-01    1.29180231E+01
   8.98031453E-02    6.35428258E-01    1.29588155E+01
   9.06446717E-02    6.46350087E-01    1.29980275E+01
   9.14940838E-02    6.57406881E-01    1.30356278E+01
   9.23514556E-02    6.68598813E-01    1.30715853E+01
   9.32168617E-02    6.79926024E-01    1.31058696E+01
   9.40903773E-02    6.91388586E-01    1.31384500E+01
   9.49720785E-02    7.02986513E-01    1.31692963E+01
   9.58620418E-02    7.14719792E-01    1.31983787E+01
   9.67603449E-02    7.26588354E-01    1.32256677E+01
   9.76670657E-02    7.38592052E-01    1.32511338E+01
   9.85822833E-02    7.50730686E-01    1.32747482E+01
   9.95060771E-02    7.63004018E-01    1.32964823E+01
   1.00438528E-01    7.75411735E-01    1.33163081E+01
   1.01379716E-01    7.87953471E-01    1.33341978E+01
   1.02329724E-01    8.00628803E-01    1.33501242E+01
   1.03288634E-01    8.13437224E-01    1.33640605E+01
   1.04256530E-01    8.26378189E-01    1.33759804E+01
   1.05233496E-01    8.39451068E-01    1.33858581E+01
   1.06219617E-01    8.52655169E-01    1.33936685E+01
   1.07214979E-01    8.65989741E-01    1.33993868E+01
   1.08219668E-01    8.79453945E-01    1.34029889E+01
   1.09233772E-01    8.93046892E-01    1.34044514E+01
   1.10257379E-01    9.06767607E-01    1.34037514E+01
   1.11290577E-01    9.20615042E-01    1.34008667E+01
   1.12333458E-01    9.34588080E-01    1.33957759E+01
   1.13386111E-01    9.48685523E-01    1.33884582E+01
   1.14448628E-01    9.62906106E-01    1.33788934E+01
   1.15521103E-01    9.77248469E-01    1.33670624E+01
   1.16603626E-01    9.91711191E-01    1.33529464E+01
   1.17696295E-01    1.00629275E+00    1.33365279E+01
   1.18799202E-01    1.02099157E+00    1.33177900E+01
   1.19912444E-01    1.03580597E+00    1.32967165E+01
   1.21036118E-01    1.05073419E+00    1.32732924E+01
   1.22170322E-01    1.06577439E+00    1.32475034E+01
   1.23315155E-01    1.08092463E+00    1.32193361E+01
   1.24470715E-01    1.09618293E+00    1.31887783E+01
   1.25637104E-01    1.11154715E+00    1.31558185E+01
   1.26814423E-01    1.12701513E+00    1.31204462E+01
   1.28002774E-01    1.14258457E+00    1.30826522E+01
   1.29202261E-01    1.15825313E+00    1.30424282E+01
   1.30412989E-01    1.17401833E+00    1.29997668E+01
   1.31635061E-01    1.18987764E+00    1.29546619E+01
   1.32868586E-01    1.20582841E+00    1.29071086E+01
   1.34113669E-01    1.22186791E+00    1.28571028E+01
   1.35370420E-01    1.23799333E+00    1.28046418E+01
   1.36638948E-01    1.25420175E+00    1.27497241E+01
   1.37919363E-01    1.27049015E+00    1.26923492E+01
   1.39211776E-01    1.28685545E+00    1.26325179E+01
   1.40516301E-01    1.30329446E+00    1.25702322E+01
   1.41833049E-01    1.31980388E+00    1.25054956E+01
   1.43162137E-01    1.33638034E+00    1.24383122E+01
   1.44503679E-01    1.35302035E+00    1.23686882E+01
   1.45857793E-01    1.36972037E+00    1.22966302E+01
   1.47224596E-01    1.38647674E+00    1.22221468E+01
   1.48604206E-01    1.40328569E+00    1.21452474E+01
   1.49996745E-01    1.42014340E+00    1.20659427E+01
   1.51402333E-01    1.43704591E+00    1.19842453E+01
   1.52821093E-01    1.45398922E+00    1.19001682E+01
   1.54253147E-01    1.47096919E+00    1.18137263E+01
   1.55698621E-01    1.48798164E+00    1.17249355E+01
   1.57157640E-01    1.50502224E+00    1.16338131E+01
   1.58630331E-01    1.52208663E+00    1.15403778E+01
   1.60116822E-01    1.53917033E+00    1.14446491E+01
   1.61617243E-01    1.55626877E+00    1.13466484E+01
   1.63131725E-01    1.57337730E+00    1.12463980E+01
   1.64660398E-01    1.59049120E+00    1.11439215E+01
   1.66203396E-01    1.60760565E+00    1.10392435E+01
   1.67760853E-01    1.62471574E+00    1.09323905E+01
   1.69332904E-01    1.64181649E+00    1.08233897E+01
   1.70919687E-01    1.65890284E+00    1.07122693E+01
   1.72521340E-01    1.67596965E+00    1.05990592E+01
   1.74138001E-01    1.69301169E+00    1.04837903E+01
   1.75769812E-01    1.71002367E+00    1.03664948E+01
   1.77416914E-01    1.72700023E+00    1.02472056E+01
   1.79079450E-01    1.74393590E+00    1.01259572E+01
   1.80757566E-01    1.76082519E+00    1.00027850E+01
   1.82451407E-01    1.77766250E+00    9.87772572E+00
   1.84161121E-01    1.79444219E+00    9.75081688E+00
   1.85886856E-01    1.81115853E+00    9.62209733E+00
   1.87628763E-01    1.82780574E+00    9.49160702E+00
   1.89386993E-01    1.84437801E+00    9.35938609E+00
   1.91161698E-01    1.86086941E+00    9.22547717E+00
   1.92953034E-01    1.87727398E+00    9.08992305E+00
   1.94761157E-01    1.89358572E+00    8.95276749E+00
   1.96586222E-01    1.90979857E+00    8.81405550E+00
   1.98428391E-01    1.92590641E+00    8.67383295E+00
   2.00287821E-01    1.94190309E+00    8.53214679E+00
   2.02164676E-01    1.95778241E+00    8.38904460E+00
   2.04059119E-01    1.97353813E+00    8.24457534E+00
   2.05971314E-01    1.98916397E+00    8.09878868E+00
   2.07901428E-01    2.00465362E+00    7.95173516E+00
   2.09849629E-01    2.02000073E+00    7.80346634E+00
   2.11816085E-01    2.03519895E+00    7.65403460E+00
   2.13800969E-01    2.05024186E+00    7.50349325E+00
   2.15804453E-01    2.06512306E+00    7.35189637E+00
   2.17826712E-01    2.07983612E+00    7.19929904E+00
   2.19867920E-01    2.09437460E+00    7.04575709E+00
   2.21928256E-01    2.10873204E+00    6.89132718E+00
   2.24007899E-01    2.12290198E+00    6.73606680E+00
   2.26107030E-01    2.13687798E+00    6.58003427E+00
   2.28225831E-01    2.15065357E+00    6.42328866E+00
   2.30364488E-01    2.16422232E+00    6.26588973E+00
   2.32523185E-01    2.17757778E+00    6.10789814E+00
   2.34702111E-01    2.19071356E+00    5.94937518E+00
   2.36901455E-01    2.20362325E+00    5.79038280E+00
   2.39121408E-01    2.21630050E+00    5.63098372E+00
   2.41362165E-01    2.22873897E+00    5.47124130E+00
   2.43623919E-01    2.24093237E+00    5.31121941E+00
   2.45906867E-01    2.25287445E+00    5.15098260E+00
   2.48211209E-01    2.26455902E+00    4.99059600E+00
   2.50537144E-01    2.27597992E+00    4.83012521E+00
   2.52884875E-01    2.28713107E+00    4.66963617E+00
   2.55254606E-01    2.29800643E+00    4.50919559E+00
   2.57646543E-01    2.30860008E+00    4.34887013E+00
   2.60060895E-01    2.31890611E+00    4.18872715E+00
   2.62497871E-01    2.32891875E+00    4.02883409E+00
   2.64957683E-01    2.33863229E+00    3.86925857E+00
   2.67440546E-01    2.34804111E+00    3.71006852E+00
   2.69946675E-01    2.35713970E+00    3.55133188E+00
   2.72476289E-01    2.36592266E+00    3.39311661E+00
   2.75029607E-01    2.37438468E+00    3.23549058E+00
   2.77606851E-01    2.38252060E+00    3.07852152E+00
   2.80208247E-01    2.39032534E+00    2.92227707E+00
   2.82834019E-01    2.39779399E+00    2.76682451E+00
   2.85484397E-01    2.40492174E+00    2.61223068E+00
   2.88159612E-01    2.41170393E+00    2.45856207E+00
   2.90859895E-01    2.41813606E+00    2.30588467E+00
   2.93585482E-01    2.42421375E+00    2.15426372E+00
   2.96336609E-01    2.42993280E+00    2.00376382E+00
   2.99113517E-01    2.43528914E+00    1.85444875E+00
   3.01916447E-01    2.44027890E+00    1.70638144E+00
   3.04745643E-01    2.44489835E+00    1.55962385E+00
   3.07601350E-01    2.44914393E+00    1.41423690E+00
   3.10483818E-01    2.45301227E+00    1.27028040E+00
   3.13393296E-01    2.45650018E+00    1.12781301E+00
   3.16330039E-01    2.45960465E+00    9.86892104E-01
   3.19294301E-01    2.46232284E+00    8.47573787E-01
   3.22286341E-01    2.46465213E+00    7.09912799E-01
   3.25306419E-01    2.46659008E+00    5.73962481E-01
   3.28354797E-01    2.46813443E+00    4.39774739E-01
   3.31431740E-01    2.46928315E+00    3.07400009E-01
   3.34537518E-01    2.47003440E+00    1.76887231E-01
   3.37672398E-01    2.47038652E+00    4.82838366E-02
   3.40836655E-01    2.47033809E+00   -7.83642704E-02
   3.44030564E-01    2.46988790E+00   -2.03012715E-01
   3.47254402E-01    2.46903493E+00   -3.25618657E-01
   3.50508450E-01    2.46777838E+00   -4.46140784E-01
   3.53792991E-01    2.46611768E+00   -5.64539319E-01
   3.57108311E-01    2.46405247E+00   -6.80775990E-01
   3.60454698E-01    2.46158261E+00   -7.94814054E-01
   3.63832443E-01    2.45870818E+00   -9.06618264E-01
   3.67241840E-01    2.45542949E+00   -1.01615488E+00
   3.70683186E-01    2.45174708E+00   -1.12339167E+00
   3.74156781E-01    2.44766171E+00   -1.22829789E+00
   3.77662925E-01    2.44317438E+00   -1.33084433E+00
   3.81201925E-01    2.43828630E+00   -1.43100327E+00
   3.84774088E-01    2.43299895E+00   -1.52874855E+00
   3.88379725E-01    2.42731402E+00   -1.62405555E+00
   3.92019150E-01    2.42123342E+00   -1.71690126E+00
   3.95692679E-01    2.41475934E+00   -1.80726427E+00
   3.99400632E-01    2.40789417E+00   -1.89512481E+00
   4.03143331E-01    2.40064055E+00   -1.98046482E+00
   4.06921102E-01    2.39300136E+00   -2.06326797E+00
   4.10734275E-01    2.38497970E+00   -2.14351971E+00
   4.14583179E-01    2.37657894E+00   -2.22120733E+00
   4.18468151E-01    2.36780264E+00   -2.29631995E+00
   4.22389528E-01    2.35865463E+00   -2.36884868E+00
   4.26347651E-01    2.34913895E+00   -2.43878653E+00
   4.30342866E-01    2.33925988E+00   -2.50612858E+00
   4.34375518E-01    2.32902192E+00   -2.57087192E+00
   4.38445960E-01    2.31842978E+00   -2.63301575E+00
   4.42554545E-01    2.30748841E+00   -2.69256138E+00
   4.46701630E-01    2.29620295E+00   -2.74951230E+00
   4.50887577E-01    2.28457878E+00   -2.80387413E+00
   4.55112750E-01    2.27262146E+00   -2.85565471E+00
   4.59377516E-01    2.26033676E+00   -2.90486404E+00
   4.63682246E-01    2.24773062E+00   -2.95151436E+00
   4.68027315E-01    2.23480920E+00   -2.99562007E+00
   4.72413100E-01    2.22157881E+00   -3.03719777E+00
   4.76839984E-01    2.20804596E+00   -3.07626620E+00
   4.81308351E-01    2.19421730E+00   -3.11284624E+00
   4.85818591E-01    2.18009964E+00   -3.14696089E+00
   4.90371095E-01    2.16569996E+00   -3.17863519E+00
   4.94966259E-01    2.15102535E+00   -3.20789620E+00
   4.99604484E-01    2.13608307E+00   -3.23477293E+00
   5.04286172E-01    2.12088046E+00   -3.25929630E+00
   5.09011732E-01    2.10542501E+00   -3.28149905E+00
   5.13781574E-01    2.08972431E+00   -3.30141569E+00
   5.18596113E-01    2.07378602E+00   -3.31908242E+00
   5.23455768E-01    2.05761793E+00   -3.33453709E+00
   5.28360962E-01    2.04122787E+00   -3.34781892E+00
   5.33312122E-01    2.02462377E+00   -3.35896877E+00
   5.38309678E-01    2.00781360E+00   -3.36802873E+00
   5.43354064E-01    1.99080540E+00   -3.37504218E+00
   5.48445721E-01    1.97360722E+00   -3.38005355E+00
   5.53585091E-01    1.95622718E+00   -3.38310853E+00
   5.58772620E-01    1.93867342E+00   -3.38425362E+00
   5.64008761E-01    1.92095407E+00   -3.38353625E+00
   5.69293968E-01    1.90307729E+00   -3.38100460E+00
   5.74628702E-01    1.88505124E+00   -3.37670751E+00
   5.80013427E-01    1.86688405E+00   -3.37069444E+00
   5.85448611E-01    1.84858386E+00   -3.36301530E+00
   5.90934727E-01    1.83015879E+00   -3.35372042E+00
   5.96472252E-01    1.81161688E+00   -3.34286028E+00
   6.02061668E-01    1.79296618E+00   -3.33048580E+00
   6.07703461E-01    1.77421469E+00   -3.31664785E+00
   6.13398123E-01    1.75537034E+00   -3.30139738E+00
   6.19146147E-01    1.73644100E+00   -3.28478532E+00
   6.24948036E-01    1.71743450E+00   -3.26686243E+00
   6.30804292E-01    1.69835857E+00   -3.24767926E+00
   6.36715427E-01    1.67922088E+00   -3.22728616E+00
   6.42681953E-01    1.66002903E+00   -3.20573309E+00
   6.48704391E-01    1.64079051E+00   -3.18306962E+00
   6.54783263E-01    1.62151273E+00   -3.15934486E+00
   6.60919099E-01    1.60220301E+00   -3.13460739E+00
   6.67112433E-01    1.58286857E+00   -3.10890525E+00
   6.73363804E-01    1.56351652E+00   -3.08228585E+00
   6.79673754E-01    1.54415387E+00   -3.05479595E+00
   6.86042834E-01    1.52478751E+00   -3.02648161E+00
   6.92471597E-01    1.50542423E+00   -2.99738811E+00
   6.98960603E-01    1.48607071E+00   -2.96756005E+00
   7.05510416E-01    1.46673348E+00   -2.93704118E+00
   7.12121606E-01    1.44741898E+00   -2.90587444E+00
   7.18794748E-01    1.42813352E+00   -2.87410192E+00
   7.25530422E-01    1.40888328E+00   -2.84176485E+00
   7.32329215E-01    1.38967430E+00   -2.80890357E+00
   7.39191718E-01    1.37051252E+00   -2.77555757E+00
   7.46118528E-01    1.35140373E+00   -2.74176540E+00
   7.53110248E-01    1.33235360E+00   -2.70756471E+00
   7.60167486E-01    1.31336765E+00   -2.67299223E+00
   7.67290856E-01    1.29445127E+00   -2.63808376E+00
   7.74480977E-01    1.27560974E+00   -2.60287419E+00
   7.81738475E-01    1.25684817E+00   -2.56739748E+00
   7.89063982E-01    1.23817155E+00   -2.53168666E+00
   7.96458135E-01    1.21958473E+00   -2.49577386E+00
   8.03921577E-01    1.20109244E+00   -2.45969025E+00
   8.11454957E-01    1.18269923E+00   -2.42346612E+00
   8.19058930E-01    1.16440956E+00   -2.38713083E+00
   8.26734159E-01    1.14622772E+00   -2.35071282E+00
   8.34481311E-01    1.12815786E+00   -2.31423968E+00
   8.42301060E-01    1.11020402E+00   -2.27773806E+00
   8.50194086E-01    1.09237007E+00   -2.24123375E+00
   8.58161076E-01    1.07465975E+00   -2.20475161E+00
   8.66202723E-01    1.05707669E+00   -2.16831570E+00
   8.74319727E-01    1.03962434E+00   -2.13194918E+00
   8.82512793E-01    1.02230604E+00   -2.09567434E+00
   8.90782635E-01    1.00512499E+00   -2.05951265E+00
   8.99129972E-01    9.88084247E-01   -2.02348470E+00
   9.07555530E-01    9.71186740E-01   -1.98761029E+00
   9.16060042E-01    9.54435263E-01   -1.95190837E+00
   9.24644248E-01    9.37832477E-01   -1.91639708E+00
   9.33308895E-01    9.21380912E-01   -1.88109376E+00
   9.42054736E-01    9.05082969E-01   -1.84601495E+00
   9.50882533E-01    8.88940920E-01   -1.81117640E+00
   9.59793053E-01    8.72956908E-01   -1.77659309E+00
   9.68787072E-01    8.57132952E-01   -1.74227924E+00
   9.77865372E-01    8.41470949E-01   -1.70824830E+00
   9.87028743E-01    8.25972672E-01   -1.67451301E+00
   9.96277982E-01    8.10639773E-01   -1.64108535E+00
   1.00561389E+00    7.95473789E-01   -1.60797660E+00
   1.01503729E+00    7.80476137E-01   -1.57519735E+00
   1.02454899E+00    7.65648122E-01   -1.54275749E+00
   1.03414982E+00    7.50990938E-01   -1.51066625E+00
   1.04384062E+00    7.36505667E-01   -1.47893221E+00
   1.05362224E+00    7.22193286E-01   -1.44756329E+00
   1.06349551E+00    7.08054665E-01   -1.41656683E+00
   1.07346130E+00    6.94090571E-01   -1.38594953E+00
   1.08352048E+00    6.80301671E-01   -1.35571753E+00
   1.09367392E+00    6.66688535E-01   -1.32587639E+00
   1.10392251E+00    6.53251634E-01   -1.29643114E+00
   1.11426714E+00    6.39991349E-01   -1.26738626E+00
   1.12470870E+00    6.26907967E-01   -1.23874574E+00
   1.13524811E+00    6.14001688E-01   -1.21051307E+00
   1.14588628E+00    6.01272625E-01   -1.18269126E+00
   1.15662414E+00    5.88720806E-01   -1.15528288E+00
   1.16746262E+00    5.76346178E-01   -1.12829006E+00
   1.17840267E+00    5.64148608E-01   -1.10171450E+00
   1.18944523E+00    5.52127885E-01   -1.07555753E+00
   1.20059127E+00    5.40283725E-01   -1.04982006E+00
   1.21184176E+00    5.28615769E-01   -1.02450267E+00
   1.22319768E+00    5.17123586E-01   -9.99605553E-01
   1.23466000E+00    5.05806680E-01   -9.75128606E-01
   1.24622974E+00    4.94664485E-01   -9.51071383E-01
   1.25790790E+00    4.83696372E-01   -9.27433147E-01
   1.26969549E+00    4.72901648E-01   -9.04212867E-01
   1.28159354E+00    4.62279561E-01   -8.81409240E-01
   1.29360308E+00    4.51829300E-01   -8.59020701E-01
   1.30572517E+00    4.41549996E-01   -8.37045437E-01
   1.31796084E+00    4.31440728E-01   -8.15481398E-01
   1.33031118E+00    4.21500520E-01   -7.94326311E-01
   1.34277724E+00    4.11728344E-01   -7.73577692E-01
   1.35536013E+00    4.02123125E-01   -7.53232851E-01
   1.36806092E+00    3.92683741E-01   -7.33288912E-01
   1.38088073E+00    3.83409022E-01   -7.13742813E-01
   1.39382068E+00    3.74297757E-01   -6.94591326E-01
   1.40688188E+00    3.65348690E-01   -6.75831057E-01
   1.42006547E+00    3.56560529E-01   -6.57458463E-01
   1.43337260E+00    3.47931938E-01   -6.39469853E-01
   1.44680444E+00    3.39461550E-01   -6.21861405E-01
   1.46036214E+00    3.31147959E-01   -6.04629167E-01
   1.47404688E+00    3.22989726E-01   -5.87769070E-01
   1.48785987E+00    3.14985383E-01   -5.71276932E-01
   1.50180229E+00    3.07133428E-01   -5.55148467E-01
   1.51587536E+00    2.99432335E-01   -5.39379293E-01
   1.53008031E+00    2.91880547E-01   -5.23964939E-01
   1.54441837E+00    2.84476484E-01   -5.08900850E-01
   1.55889079E+00    2.77218543E-01   -4.94182398E-01
   1.57349883E+00    2.70105097E-01   -4.79804882E-01
   1.58824376E+00    2.63134499E-01   -4.65763540E-01
   1.60312686E+00    2.56305085E-01   -4.52053555E-01
   1.61814942E+00    2.49615170E-01   -4.38670056E-01
   1.63331276E+00    2.43063056E-01   -4.25608131E-01
   1.64861819E+00    2.36647029E-01   -4.12862828E-01
   1.66406704E+00    2.30365362E-01   -4.00429160E-01
   1.67966067E+00    2.24216315E-01   -3.88302115E-01
   1.69540041E+00    2.18198140E-01   -3.76476658E-01
   1.71128765E+00    2.12309077E-01   -3.64947738E-01
   1.72732377E+00    2.06547361E-01   -3.53710290E-01
   1.74351016E+00    2.00911219E-01   -3.42759243E-01
   1.75984823E+00    1.95398872E-01   -3.32089524E-01
   1.77633939E+00    1.90008537E-01   -3.21696063E-01
   1.79298510E+00    1.84738430E-01   -3.11573795E-01
   1.80978678E+00    1.79586762E-01   -3.01717668E-01
   1.82674591E+00    1.74551746E-01   -2.92122642E-01
   1.84386397E+00    1.69631594E-01   -2.82783699E-01
   1.86114243E+00    1.64824519E-01   -2.73695843E-01
   1.87858280E+00    1.60128737E-01   -2.64854103E-01
   1.89618661E+00    1.55542466E-01   -2.56253540E-01
   1.91395537E+00    1.51063930E-01   -2.47889245E-01
   1.93189065E+00    1.46691357E-01   -2.39756347E-01
   1.94999399E+00    1.42422981E-01   -2.31850014E-01
   1.96826697E+00    1.38257043E-01   -2.24165454E-01
   1.98671119E+00    1.34191790E-01   -2.16697921E-01
   2.00532824E+00    1.30225480E-01   -2.09442713E-01
   2.02411975E+00    1.26356376E-01   -2.02395179E-01
   2.04308735E+00    1.22582755E-01   -1.95550716E-01
   2.06223269E+00    1.18902901E-01   -1.88904778E-01
   2.08155744E+00    1.15315110E-01   -1.82452867E-01
   2.10106328E+00    1.11817690E-01   -1.76190545E-01
   2.12075190E+00    1.08408959E-01   -1.70113431E-01
   2.14062502E+00    1.05087250E-01   -1.64217199E-01
   2.16068437E+00    1.01850907E-01   -1.58497586E-01
   2.18093169E+00    9.86982884E-02   -1.52950387E-01
   2.20136874E+00    9.56277666E-02   -1.47571459E-01
   2.22199730E+00    9.26377278E-02   -1.42356719E-01
   2.24281917E+00    8.97265740E-02   -1.37302151E-01
   2.26383616E+00    8.68927209E-02   -1.32403795E-01
   2.28505009E+00    8.41346009E-02   -1.27657761E-01
   2.30646282E+00    8.14506615E-02   -1.23060216E-01
   2.32807619E+00    7.88393671E-02   -1.18607396E-01
   2.34989211E+00    7.62991975E-02   -1.14295597E-01
   2.37191245E+00    7.38286504E-02   -1.10121180E-01
   2.39413914E+00    7.14262394E-02   -1.06080568E-01
   2.41657412E+00    6.90904945E-02   -1.02170245E-01
   2.43921933E+00    6.68199724E-02   -9.83867788E-02
   2.46207674E+00    6.46132314E-02   -9.47267631E-02
   2.48514834E+00    6.24688598E-02   -9.11868824E-02
   2.50843614E+00    6.03854604E-02   -8.77638735E-02
   2.53194217E+00    5.83616552E-02   -8.44545381E-02
   2.55566847E+00    5.63960839E-02   -8.12557366E-02
   2.57961710E+00    5.44874059E-02   -7.81643933E-02
   2.60379015E+00    5.26342990E-02   -7.51774911E-02
   2.62818972E+00    5.08354601E-02   -7.22920736E-02
   2.65281793E+00    4.90896055E-02   -6.95052450E-02
   2.67767693E+00    4.73954709E-02   -6.68141682E-02
   2.70276888E+00    4.57518112E-02   -6.42160648E-02
   2.72809596E+00    4.41574012E-02   -6.17082151E-02
   2.75366037E+00    4.26110350E-02   -5.92879574E-02
   2.77946434E+00    4.11115266E-02   -5.69526872E-02
   2.80551012E+00    3.96577099E-02   -5.46998575E-02
   2.83179997E+00    3.82484382E-02   -5.25269769E-02
   2.85833617E+00    3.68825852E-02   -5.04316109E-02
   2.88512104E+00    3.55590442E-02   -4.84113804E-02
   2.91215690E+00    3.42767282E-02   -4.64639610E-02
   2.93944611E+00    3.30345703E-02   -4.45870827E-02
   2.96699104E+00    3.18315236E-02   -4.27785307E-02
   2.99479409E+00    3.06665602E-02   -4.10361417E-02
   3.02285767E+00    2.95386730E-02   -3.93578076E-02
   3.05118424E+00    2.84468738E-02   -3.77414710E-02
   3.07977624E+00    2.73901940E-02   -3.61851268E-02
   3.10863618E+00    2.63676850E-02   -3.46868220E-02
   3.13776656E+00    2.53784170E-02   -3.32446527E-02
   3.16716991E+00    2.44214795E-02   -3.18567661E-02
   3.19684879E+00    2.34959814E-02   -3.05213583E-02
   3.22680579E+00    2.26010501E-02   -2.92366744E-02
   3.25704351E+00    2.17358322E-02   -2.80010072E-02
   3.28756458E+00    2.08994923E-02   -2.68126964E-02
   3.31837165E+00    2.00912138E-02   -2.56701289E-02
   3.34946742E+00    1.93101979E-02   -2.45717492E-02
   3.38085457E+00    1.85556642E-02   -2.35160289E-02
   3.41253585E+00    1.78268477E-02   -2.25015863E-02
   3.44451400E+00    1.71230119E-02   -2.15266048E-02
   3.47679182E+00    1.64437288E-02   -2.05800654E-02
   3.50937211E+00    1.57879710E-02   -1.96813903E-02
   3.54225769E+00    1.51550557E-02   -1.88177593E-02
   3.57545145E+00    1.45443023E-02   -1.79884916E-02
   3.60895625E+00    1.39550496E-02   -1.71924046E-02
   3.64277502E+00    1.33866528E-02   -1.64283007E-02
   3.67691070E+00    1.28384826E-02   -1.56950218E-02
   3.71136626E+00    1.23099255E-02   -1.49914466E-02
   3.74614469E+00    1.18003830E-02   -1.43164929E-02
   3.78124902E+00    1.13092718E-02   -1.36691116E-02
   3.81668231E+00    1.08360232E-02   -1.30482882E-02
   3.85244764E+00    1.03800829E-02   -1.24530410E-02
   3.88854812E+00    9.94091069E-03   -1.18824204E-02
   3.92498688E+00    9.51798046E-03   -1.13355080E-02
   3.96176711E+00    9.11077959E-03   -1.08114160E-02
   3.99889200E+00    8.71880889E-03   -1.03092861E-02
   4.03636477E+00    8.34158218E-03   -9.82828874E-03
   4.07418870E+00    7.97862626E-03   -9.36762245E-03
   4.11236706E+00    7.62948026E-03   -8.92651260E-03
   4.15090319E+00    7.29369581E-03   -8.50421124E-03
   4.18980043E+00    6.97083661E-03   -8.09999603E-03
   4.22906217E+00    6.66047795E-03   -7.71316915E-03
   4.26869182E+00    6.36220702E-03   -7.34305745E-03
   4.30869284E+00    6.07562188E-03   -6.98901046E-03
   4.34906869E+00    5.80033196E-03   -6.65040088E-03
   4.38982290E+00    5.53595743E-03   -6.32662329E-03
   4.43095901E+00    5.28212896E-03   -6.01709341E-03
   4.47248059E+00    5.03848762E-03   -5.72124772E-03
   4.51439127E+00    4.80468462E-03   -5.43854270E-03
   4.55669468E+00    4.58038101E-03   -5.16845419E-03
   4.59939451E+00    4.36524748E-03   -4.91047664E-03
   4.64249447E+00    4.15896421E-03   -4.66412280E-03
   4.68599831E+00    3.96122055E-03   -4.42892291E-03
   4.72990981E+00    3.77171493E-03   -4.20442425E-03
   4.77423280E+00    3.59015452E-03   -3.99019054E-03
   4.81897113E+00    3.41625512E-03   -3.78580138E-03
   4.86412870E+00    3.24974088E-03   -3.59085177E-03
   4.90970942E+00    3.09034422E-03   -3.40495166E-03
   4.95571728E+00    2.93780546E-03   -3.22772525E-03
   5.00215626E+00    2.79187288E-03   -3.05881092E-03
   5.04903042E+00    2.65230223E-03   -2.89786023E-03
   5.09634382E+00    2.51885678E-03   -2.74453789E-03
   5.14410059E+00    2.39130702E-03   -2.59852114E-03
   5.19230487E+00    2.26943060E-03   -2.45949944E-03
   5.24096087E+00    2.15301196E-03   -2.32717387E-03
   5.29007281E+00    2.04184243E-03   -2.20125702E-03
   5.33964497E+00    1.93571970E-03   -2.08147216E-03
   5.38968166E+00    1.83444817E-03   -1.96755359E-03
   5.44018724E+00    1.73783817E-03   -1.85924534E-03
   5.49116609E+00    1.64570631E-03   -1.75630161E-03
   5.54262265E+00    1.55787510E-03   -1.65848605E-03
   5.59456140E+00    1.47417282E-03   -1.56557154E-03
   5.64698686E+00    1.39443337E-03   -1.47733977E-03
   5.69990359E+00    1.31849625E-03   -1.39358117E-03
   5.75331618E+00    1.24620613E-03   -1.31409421E-03
   5.80722930E+00    1.17741303E-03   -1.23868551E-03
   5.86164763E+00    1.11197201E-03   -1.16716938E-03
   5.91657589E+00    1.04974304E-03   -1.09936750E-03
   5.97201888E+00    9.90590924E-04   -1.03510878E-03
   6.02798141E+00    9.34385143E-04   -9.74229011E-04
   6.08446836E+00    8.80999685E-04   -9.16570623E-04
   6.14148464E+00    8.30313137E-04   -8.61982679E-04
   6.19903520E+00    7.82208157E-04   -8.10320144E-04
   6.25712505E+00    7.36571744E-04   -7.61444155E-04
   6.31575925E+00    6.93294935E-04   -7.15221560E-04
   6.37494291E+00    6.52272749E-04   -6.71524795E-04
   6.43468116E+00    6.13403995E-04   -6.30231569E-04
   6.49497920E+00    5.76591318E-04   -5.91224868E-04
   6.55584229E+00    5.41740909E-04   -5.54392540E-04
   6.61727570E+00    5.08762536E-04   -5.19627273E-04
   6.67928480E+00    4.77569257E-04   -4.86826205E-04
   6.74187498E+00    4.48077922E-04   -4.55891471E-04
   6.80505167E+00    4.20207930E-04   -4.26728659E-04
   6.86882038E+00    3.93882253E-04   -3.99248004E-04
   6.93318665E+00    3.69026832E-04   -3.73363615E-04
   6.99815608E+00    3.45570482E-04   -3.48993328E-04
   7.06373433E+00    3.23444923E-04   -3.26058700E-04
   7.12992710E+00    3.02584621E-04   -3.04484792E-04
   7.19674015E+00    2.82926752E-04   -2.84200086E-04
   7.26417929E+00    2.64411034E-04   -2.65136264E-04
   7.33225039E+00    2.46979755E-04   -2.47228209E-04
   7.40095936E+00    2.30577598E-04   -2.30413768E-04
   7.47031220E+00    2.15151612E-04   -2.14633702E-04
   7.54031492E+00    2.00651107E-04   -1.99831534E-04
   7.61097363E+00    1.87027627E-04   -1.85953495E-04
   7.68229446E+00    1.74234800E-04   -1.72948330E-04
   7.75428363E+00    1.62228330E-04   -1.60767275E-04
   7.82694739E+00    1.50965888E-04   -1.49363908E-04
   7.90029207E+00    1.40407096E-04   -1.38694110E-04
   7.97432404E+00    1.30513364E-04   -1.28715875E-04
   8.04904976E+00    1.21247923E-04   -1.19389321E-04
   8.12447571E+00    1.12575710E-04   -1.10676552E-04
   8.20060846E+00    1.04463305E-04   -1.02541574E-04
   8.27745464E+00    9.68788903E-05   -9.49502359E-05
   8.35502093E+00    8.97921718E-05   -8.78701287E-05
   8.43331407E+00    8.31743296E-05   -8.12705228E-05
   8.51234089E+00    7.69979780E-05   -7.51223122E-05
   8.59210824E+00    7.12370597E-05   -6.93978890E-05
   8.67262308E+00    6.58668601E-05   -6.40711500E-05
   8.75389241E+00    6.08638956E-05   -5.91173670E-05
   8.83592330E+00    5.62058946E-05   -5.45131581E-05
   8.91872287E+00    5.18717449E-05   -5.02364238E-05
   9.00229835E+00    4.78414377E-05   -4.62662793E-05
   9.08665700E+00    4.40960278E-05   -4.25830062E-05
   9.17180615E+00    4.06175790E-05   -3.91679880E-05
   9.25775322E+00    3.73891334E-05   -3.60036712E-05
   9.34450567E+00    3.43946577E-05   -3.30735044E-05
   9.43207107E+00    3.16190101E-05   -3.03618974E-05
   9.52045703E+00    2.90478907E-05   -2.78541648E-05
   9.60967123E+00    2.66678125E-05   -2.55364914E-05
   9.69972144E+00    2.44660594E-05   -2.33958846E-05
   9.79061549E+00    2.24306483E-05   -2.14201306E-05
   9.88236129E+00    2.05502995E-05   -1.95977605E-05
   9.97496682E+00    1.88143957E-05   -1.79180049E-05
   1.00684401E+01    1.72129613E-05   -1.63707693E-05
   1.01627894E+01    1.57366137E-05   -1.49465809E-05
   1.02580227E+01    1.43765479E-05   -1.36365707E-05
   1.03541485E+01    1.31245018E-05   -1.24324354E-05
   1.04511751E+01    1.19727294E-05   -1.13264076E-05
   1.05491108E+01    1.09139712E-05   -1.03112238E-05
   1.06479643E+01    9.94143000E-06   -9.38009789E-06
   1.07477442E+01    9.04874690E-06   -8.52669497E-06
   1.08484590E+01    8.22997961E-06   -7.74510773E-06
   1.09501176E+01    7.47957850E-06   -7.02983081E-06
   1.10527289E+01    6.79235253E-06   -6.37572511E-06
   1.11563017E+01    6.16346920E-06   -5.77801642E-06
   1.12608450E+01    5.58842176E-06   -5.23226136E-06
   1.13663680E+01    5.06301321E-06   -4.73433023E-06
   1.14728799E+01    4.58333823E-06   -4.28038797E-06
   1.15803898E+01    4.14576380E-06   -3.86687392E-06
   1.16889072E+01    3.74691620E-06   -3.49048801E-06
   1.17984415E+01    3.38366249E-06   -3.14817159E-06
   1.19090022E+01    3.05309699E-06   -2.83709332E-06
   1.20205990E+01    2.75252645E-06   -2.55463378E-06
   1.21332415E+01    2.47945652E-06   -2.29837161E-06
   1.22469396E+01    2.23157997E-06   -2.06607121E-06
   1.23617031E+01    2.00676053E-06   -1.85566643E-06
   1.24775420E+01    1.80303350E-06   -1.66526065E-06
   1.25944664E+01    1.61857386E-06   -1.49309512E-06
   1.27124865E+01    1.45170746E-06   -1.33755952E-06
   1.28316125E+01    1.30088781E-06   -1.19716888E-06
   1.29518549E+01    1.16469282E-06   -1.07056016E-06
   1.30732240E+01    1.04181379E-06   -9.56481180E-07
   1.31957304E+01    9.31049926E-07   -8.53785033E-07
   1.33193848E+01    8.31296633E-07   -7.61418481E-07
   1.34441980E+01    7.41541974E-07   -6.78418319E-07
   1.35701807E+01    6.60858854E-07   -6.03903603E-07
   1.36973441E+01    5.88397726E-07   -5.37068433E-07
   1.38256990E+01    5.23382667E-07   -4.77177999E-07
   1.39552567E+01    4.65103459E-07   -4.23560825E-07
   1.40860285E+01    4.12912764E-07   -3.75605908E-07
   1.42180257E+01    3.66219423E-07   -3.32756183E-07
   1.43512598E+01    3.24485339E-07   -2.94505419E-07
   1.44857425E+01    2.87220920E-07   -2.60393767E-07
   1.46214853E+01    2.53980057E-07   -2.30002883E-07
   1.47585002E+01    2.24358282E-07   -2.02954091E-07
   1.48967990E+01    1.97988326E-07   -1.78904084E-07
   1.50363937E+01    1.74537141E-07   -1.57542034E-07
   1.51772966E+01    1.53703213E-07   -1.38586983E-07
   1.53195199E+01    1.35213703E-07   -1.21785090E-07
   1.54630759E+01    1.18822026E-07   -1.06907295E-07
   1.56079771E+01    1.04305528E-07   -9.37470819E-08
   1.57542362E+01    9.14635001E-08   -8.21185758E-08
   1.59018658E+01    8.01149958E-08   -7.18544547E-08
   1.60508789E+01    7.00972954E-08   -6.28044782E-08
   1.62012883E+01    6.12640153E-08   -5.48336892E-08
   1.63531071E+01    5.34837719E-08   -4.78211391E-08
   1.65063487E+01    4.66387209E-08   -4.16585027E-08
   1.66610262E+01    4.06232492E-08   -3.62488387E-08
   1.68171532E+01    3.53428148E-08   -3.15054932E-08
   1.69747432E+01    3.07129790E-08   -2.73511841E-08
   1.71338099E+01    2.66582850E-08   -2.37169473E-08
   1.72943672E+01    2.31114285E-08   -2.05413568E-08
   1.74564291E+01    2.00125095E-08   -1.77698205E-08
   1.76200097E+01    1.73081576E-08   -1.53537646E-08
   1.77851231E+01    1.49510018E-08   -1.32501352E-08
   1.79517837E+01    1.28989789E-08   -1.14207542E-08
   1.81200061E+01    1.11147645E-08   -9.83179034E-09
   1.82898049E+01    9.56533308E-09   -8.45334893E-09
   1.84611948E+01    8.22147669E-09   -7.25902626E-09
   1.86341908E+01    7.05738526E-09   -6.22552073E-09
   1.88088078E+01    6.05031677E-09   -5.33232752E-09
   1.89850612E+01    5.18019672E-09   -4.56136999E-09
   1.91629662E+01    4.42938204E-09   -3.89678146E-09
   1.93425384E+01    3.78236569E-09   -3.32463373E-09
   1.95237932E+01    3.22553919E-09   -2.83271926E-09
   1.97067466E+01    2.74696491E-09   -2.41034252E-09
   1.98914144E+01    2.33620576E-09   -2.04816395E-09
   2.00778126E+01    1.98413144E-09   -1.73802324E-09
   2.02659576E+01    1.68277290E-09   -1.47280653E-09
   2.04558656E+01    1.42518315E-09   -1.24631973E-09
   2.06475532E+01    1.20531187E-09   -1.05317456E-09
   2.08410371E+01    1.01790540E-09   -8.88697700E-10
   2.10363341E+01    8.58393407E-10   -7.48828315E-10
   2.12334612E+01    7.22825192E-10   -6.30060190E-10
   2.14324355E+01    6.07769759E-10   -5.29351701E-10
   2.16332743E+01    5.10270384E-10   -4.44084643E-10
   2.18359952E+01    4.27768426E-10   -3.71995781E-10
   2.20406157E+01    3.58062925E-10   -3.11140404E-10
   2.22471537E+01    2.99257356E-10   -2.59844589E-10
   2.24556271E+01    2.49723845E-10   -2.16673065E-10
   2.26660540E+01    2.08064067E-10   -1.80394258E-10
   2.28784528E+01    1.73081121E-10   -1.49955071E-10
   2.30928420E+01    1.43751018E-10   -1.24455575E-10
   2.33092402E+01    1.19199284E-10   -1.03127723E-10
   2.35276662E+01    9.86802315E-11   -8.53182233E-11
   2.37481390E+01    8.15592573E-11   -7.04672907E-11
   2.39706778E+01    6.72976316E-11   -5.81036624E-11
   2.41953020E+01    5.54375082E-11   -4.78302866E-11
   2.44220311E+01    4.55908805E-11   -3.93075213E-11
   2.46508848E+01    3.74296174E-11   -3.22489179E-11
   2.48818831E+01    3.06767397E-11   -2.64128005E-11
   2.51150459E+01    2.50987407E-11   -2.15956410E-11
   2.53503938E+01    2.04991383E-11   -1.76263359E-11
   2.55879470E+01    1.67129920E-11   -1.43613827E-11
   2.58277262E+01    1.36019897E-11   -1.16805536E-11
   2.60697524E+01    1.10501181E-11   -9.48309370E-12
   2.63140466E+01    8.96080036E-12   -7.68520254E-12
   2.65606300E+01    7.25319306E-12   -6.21679133E-12
   2.68095241E+01    5.86018019E-12   -5.01972269E-12
   2.70607505E+01    4.72586207E-12   -4.04561528E-12
   2.73143311E+01    3.80393765E-12   -3.25442885E-12
   2.75702879E+01    3.05604539E-12   -2.61301598E-12
   2.78286433E+01    2.45045708E-12   -2.09398308E-12
   2.80894197E+01    1.96109978E-12   -1.67483720E-12
   2.83526397E+01    1.56638914E-12   -1.33697195E-12
   2.86183264E+01    1.24865438E-12   -1.06516647E-12
   2.88865027E+01    9.93386016E-13   -8.46932378E-13
   2.91571920E+01    7.88713146E-13   -6.72059977E-13
   2.94304179E+01    6.24938003E-13   -5.32214768E-13
   2.97062042E+01    4.94155067E-13   -4.20607500E-13
   2.99845748E+01    3.89932631E-13   -3.31718599E-13
   3.02655539E+01    3.07048783E-13   -2.61069886E-13
   3.05491661E+01    2.41272610E-13   -2.05035576E-13
   3.08354359E+01    1.89183249E-13   -1.60686094E-13
   3.11243883E+01    1.48020324E-13   -1.25659100E-13
   3.14160484E+01    1.15562317E-13   -9.80546885E-14
   3.17104416E+01    9.00239138E-14   -7.63470137E-14
   3.20075934E+01    6.99743688E-14   -5.93140659E-14
   3.23075299E+01    5.42686527E-14   -4.59784940E-14
   3.26102769E+01    4.19935191E-14   -3.55612832E-14
   3.29158610E+01    3.24200425E-14   -2.74410345E-14
   3.32243086E+01    2.49729255E-14   -2.11276226E-14
   3.35356466E+01    1.91913119E-14   -1.62286507E-14
   3.38499021E+01    1.47133771E-14   -1.24362343E-14
   3.41671024E+01    1.12538148E-14   -9.50774268E-15
   3.44872751E+01    8.58700250E-15   -7.25141183E-15
   3.48104482E+01    6.53682658E-15   -5.51764453E-15
   3.51366495E+01    4.96372573E-15   -4.18795783E-15
   3.54659077E+01    3.75960462E-15   -3.17063596E-15
   3.57982513E+01    2.84115431E-15   -2.39503319E-15
   3.61337091E+01    2.14133928E-15   -1.80433133E-15
   3.64723105E+01    1.60989466E-15   -1.35595289E-15
   3.68140849E+01    1.20734047E-15   -1.01647219E-15
   3.71590619E+01    9.02896861E-16   -7.59842957E-16
   3.75072717E+01    6.73715628E-16   -5.66741940E-16
   3.78587445E+01    5.01285504E-16   -4.21520079E-16
   3.82135108E+01    3.71913803E-16   -3.12608864E-16
   3.85716016E+01    2.75295563E-16   -2.31305976E-16
   3.89330479E+01    2.03223171E-16   -1.70683513E-16
   3.92978813E+01    1.49607406E-16   -1.25604085E-16
   3.96661335E+01    1.09759180E-16   -9.21137153E-17
   4.00378365E+01    8.03436032E-17   -6.74016254E-17
   4.04130227E+01    5.86983298E-17   -4.92248951E-17
   4.07917246E+01    4.27092278E-17   -3.58029950E-17
   4.11739753E+01    3.10130565E-17   -2.59886842E-17
   4.15598079E+01    2.24179821E-17   -1.87791788E-17
   4.19492562E+01    1.61892110E-17   -1.35566356E-17
   4.23423538E+01    1.16490048E-17   -9.75130539E-18
   4.27391351E+01    8.33423387E-18   -6.97400678E-18
   4.31396346E+01    5.96803683E-18   -4.99228559E-18
   4.35438870E+01    4.26492957E-18   -3.56646009E-18
   4.39519276E+01    3.01280803E-18    0.00000000E+00
   4.43637919E+01    2.12108496E-18    0.00000000E+00
   4.47795157E+01    1.50440021E-18    0.00000000E+00
   4.51991351E+01    1.07242887E-18    0.00000000E+00
   4.56226867E+01    7.54957633E-19    0.00000000E+00
   4.60502073E+01    5.26851439E-19    0.00000000E+00
   4.64817341E+01    3.67039349E-19    0.00000000E+00
   4.69173047E+01    2.53685855E-19    0.00000000E+00
   4.73569568E+01    1.72900239E-19    0.00000000E+00
   4.78007289E+01    1.17989387E-19    0.00000000E+00
   4.82486595E+01    8.21121180E-20    0.00000000E+00
   4.87007876E+01    5.80296633E-20    0.00000000E+00
   4.91571524E+01    4.02356585E-20    0.00000000E+00
   4.96177937E+01    2.73323752E-20    0.00000000E+00
   5.00827517E+01    1.83789306E-20    0.00000000E+00
   5.05520666E+01    1.23763443E-20    0.00000000E+00
   5.10257794E+01    0.00000000E+00    0.00000000E+00
   5.15039312E+01    0.00000000E+00    0.00000000E+00
   5.19865637E+01    0.00000000E+00    0.00000000E+00
   5.24737189E+01    0.00000000E+00    0.00000000E+00
   5.29654391E+01    0.00000000E+00    0.00000000E+00
   5.34617671E+01    0.00000000E+00    0.00000000E+00
   5.39627461E+01    0.00000000E+00    0.00000000E+00
   5.44684196E+01    0.00000000E+00    0.00000000E+00
   5.49788317E+01    0.00000000E+00    0.00000000E+00
   5.54940268E+01    0.00000000E+00    0.00000000E+00
   5.60140496E+01    0.00000000E+00    0.00000000E+00
   5.65389455E+01    0.00000000E+00    0.00000000E+00
   5.70687601E+01    0.00000000E+00    0.00000000E+00
   5.76035394E+01    0.00000000E+00    0.00000000E+00
   5.81433301E+01    0.00000000E+00    0.00000000E+00
   5.86881790E+01    0.00000000E+00    0.00000000E+00
   5.92381336E+01    0.00000000E+00    0.00000000E+00
   5.97932417E+01    0.00000000E+00    0.00000000E+00
   6.03535516E+01    0.00000000E+00    0.00000000E+00
   6.09191120E+01    0.00000000E+00    0.00000000E+00
   6.14899722E+01    0.00000000E+00    0.00000000E+00
   6.20661818E+01    0.00000000E+00    0.00000000E+00
   6.26477910E+01    0.00000000E+00    0.00000000E+00
   6.32348502E+01    0.00000000E+00    0.00000000E+00
   6.38274107E+01    0.00000000E+00    0.00000000E+00
   6.44255240E+01    0.00000000E+00    0.00000000E+00
   6.50292420E+01    0.00000000E+00    0.00000000E+00
   6.56386174E+01    0.00000000E+00    0.00000000E+00
   6.62537031E+01    0.00000000E+00    0.00000000E+00
   6.68745526E+01    0.00000000E+00    0.00000000E+00
   6.75012199E+01    0.00000000E+00    0.00000000E+00
   6.81337597E+01    0.00000000E+00    0.00000000E+00
   6.87722268E+01    0.00000000E+00    0.00000000E+00
   6.94166769E+01    0.00000000E+00    0.00000000E+00
   7.00671660E+01    0.00000000E+00    0.00000000E+00
   7.07237507E+01    0.00000000E+00    0.00000000E+00
   7.13864881E+01    0.00000000E+00    0.00000000E+00
   7.20554358E+01    0.00000000E+00    0.00000000E+00
   7.27306522E+01    0.00000000E+00    0.00000000E+00
   7.34121958E+01    0.00000000E+00    0.00000000E+00
   7.41001261E+01    0.00000000E+00    0.00000000E+00
   7.47945028E+01    0.00000000E+00    0.00000000E+00
   7.54953863E+01    0.00000000E+00    0.00000000E+00
   7.62028377E+01    0.00000000E+00    0.00000000E+00
   7.69169185E+01    0.00000000E+00    0.00000000E+00
   7.76376908E+01    0.00000000E+00    0.00000000E+00
   7.83652172E+01    0.00000000E+00    0.00000000E+00
   7.90995612E+01    0.00000000E+00    0.00000000E+00
   7.98407866E+01    0.00000000E+00    0.00000000E+00
   8.05889578E+01    0.00000000E+00    0.00000000E+00
   8.13441400E+01    0.00000000E+00    0.00000000E+00
   8.21063988E+01    0.00000000E+00    0.00000000E+00
   8.28758006E+01    0.00000000E+00    0.00000000E+00
   8.36524123E+01    0.00000000E+00    0.00000000E+00
   8.44363015E+01    0.00000000E+00    0.00000000E+00
   8.52275363E+01    0.00000000E+00    0.00000000E+00
   8.60261856E+01    0.00000000E+00    0.00000000E+00
   8.68323189E+01    0.00000000E+00    0.00000000E+00
   8.76460063E+01    0.00000000E+00    0.00000000E+00
   8.84673186E+01    0.00000000E+00    0.00000000E+00
   8.92963273E+01    0.00000000E+00    0.00000000E+00
   9.01331044E+01    0.00000000E+00    0.00000000E+00
   9.09777227E+01    0.00000000E+00    0.00000000E+00
   9.18302559E+01    0.00000000E+00    0.00000000E+00
   9.26907779E+01    0.00000000E+00    0.00000000E+00
   9.35593637E+01    0.00000000E+00    0.00000000E+00
   9.44360888E+01    0.00000000E+00    0.00000000E+00
   9.53210295E+01    0.00000000E+00    0.00000000E+00
   9.62142628E+01    0.00000000E+00    0.00000000E+00
   9.71158665E+01    0.00000000E+00    0.00000000E+00
   9.80259188E+01    0.00000000E+00    0.00000000E+00
   9.89444991E+01    0.00000000E+00    0.00000000E+00
   9.98716872E+01    0.00000000E+00    0.00000000E+00
   1.00807564E+02    0.00000000E+00    0.00000000E+00
   1.01752210E+02    0.00000000E+00    0.00000000E+00
   1.02705709E+02    0.00000000E+00    0.00000000E+00
   1.03668142E+02    0.00000000E+00    0.00000000E+00
   1.04639595E+02    0.00000000E+00    0.00000000E+00
   1.05620150E+02    0.00000000E+00    0.00000000E+00
   1.06609895E+02    0.00000000E+00    0.00000000E+00
   1.07608914E+02    0.00000000E+00    0.00000000E+00
   1.08617294E+02    0.00000000E+00    0.00000000E+00
   1.09635124E+02    0.00000000E+00    0.00000000E+00
   1.10662492E+02    0.00000000E+00    0.00000000E+00
   1.11699487E+02    0.00000000E+00    0.00000000E+00
   1.12746199E+02    0.00000000E+00    0.00000000E+00
   1.13802720E+02    0.00000000E+00    0.00000000E+00
   1.14869141E+02    0.00000000E+00    0.00000000E+00
   1.15945556E+02    0.00000000E+00    0.00000000E+00
   1.17032057E+02    0.00000000E+00    0.00000000E+00
   1.18128740E+02    0.00000000E+00    0.00000000E+00
   1.19235700E+02    0.00000000E+00    0.00000000E+00
   1.20353032E+02    0.00000000E+00    0.00000000E+00
   1.21480835E+02    0.00000000E+00    0.00000000E+00
   1.22619207E+02    0.00000000E+00    0.00000000E+00
   1.23768245E+02    0.00000000E+00    0.00000000E+00
   1.24928052E+02    0.00000000E+00    0.00000000E+00
   1.26098726E+02    0.00000000E+00    0.00000000E+00
   1.27280371E+02    0.00000000E+00    0.00000000E+00
   1.28473088E+02    0.00000000E+00    0.00000000E+00
   1.29676983E+02    0.00000000E+00    0.00000000E+00
   1.30892158E+02    0.00000000E+00    0.00000000E+00
   1.32118721E+02    0.00000000E+00    0.00000000E+00
   1.33356778E+02    0.00000000E+00    0.00000000E+00
   1.34606436E+02    0.00000000E+00    0.00000000E+00
   1.35867805E+02    0.00000000E+00    0.00000000E+00
   1.37140994E+02    0.00000000E+00    0.00000000E+00
   1.38426113E+02    0.00000000E+00    0.00000000E+00
   1.39723275E+02    0.00000000E+00    0.00000000E+00
   1.41032592E+02    0.00000000E+00    0.00000000E+00
   1.42354179E+02    0.00000000E+00    0.00000000E+00
   1.43688150E+02    0.00000000E+00    0.00000000E+00
   1.45034622E+02    0.00000000E+00    0.00000000E+00
   1.46393711E+02    0.00000000E+00    0.00000000E+00
   1.47765535E+02    0.00000000E+00    0.00000000E+00
   1.49150215E+02    0.00000000E+00    0.00000000E+00
   1.50547870E+02    0.00000000E+00    0.00000000E+00
   1.51958623E+02    0.00000000E+00    0.00000000E+00
   1.53382595E+02    0.00000000E+00    0.00000000E+00
   1.54819911E+02    0.00000000E+00    0.00000000E+00
   1.56270696E+02    0.00000000E+00    0.00000000E+00
   1.57735076E+02    0.00000000E+00    0.00000000E+00
   1.59213178E+02    0.00000000E+00    0.00000000E+00
   1.60705131E+02    0.00000000E+00    0.00000000E+00
   1.62211065E+02    0.00000000E+00    0.00000000E+00
   1.63731111E+02    0.00000000E+00    0.00000000E+00
   1.65265401E+02    0.00000000E+00    0.00000000E+00
   1.66814068E+02    0.00000000E+00    0.00000000E+00
   1.68377248E+02    0.00000000E+00    0.00000000E+00
   1.69955076E+02    0.00000000E+00    0.00000000E+00
   1.71547689E+02    0.00000000E+00    0.00000000E+00
   1.73155226E+02    0.00000000E+00    0.00000000E+00
   1.74777828E+02    0.00000000E+00    0.00000000E+00
   1.76415634E+02    0.00000000E+00    0.00000000E+00
   1.78068788E+02    0.00000000E+00    0.00000000E+00
   1.79737433E+02    0.00000000E+00    0.00000000E+00
   1.81421714E+02    0.00000000E+00    0.00000000E+00
   1.83121779E+02    0.00000000E+00    0.00000000E+00
   1.84837775E+02    0.00000000E+00    0.00000000E+00
   1.86569851E+02    0.00000000E+00    0.00000000E+00
   1.88318158E+02    0.00000000E+00    0.00000000E+00
   1.90082848E+02    0.00000000E+00    0.00000000E+00
   1.91864074E+02    0.00000000E+00    0.00000000E+00
   1.93661992E+02    0.00000000E+00    0.00000000E+00
   1.95476758E+02    0.00000000E+00    0.00000000E+00
   1.97308529E+02    0.00000000E+00    0.00000000E+00
   1.99157466E+02    0.00000000E+00    0.00000000E+00
   2.01023729E+02    0.00000000E+00    0.00000000E+00
   2.02907480E+02    0.00000000E+00    0.00000000E+00
   2.04808883E+02    0.00000000E+00    0.00000000E+00
   2.06728104E+02    0.00000000E+00    0.00000000E+00
   2.08665310E+02    0.00000000E+00    0.00000000E+00
   2.10620668E+02    0.00000000E+00    0.00000000E+00
   2.12594350E+02    0.00000000E+00    0.00000000E+00
   2.14586527E+02    0.00000000E+00    0.00000000E+00
   2.16597373E+02    0.00000000E+00    0.00000000E+00
   2.18627061E+02    0.00000000E+00    0.00000000E+00
   2.20675769E+02    0.00000000E+00    0.00000000E+00
   2.22743676E+02    0.00000000E+00    0.00000000E+00
   2.24830960E+02    0.00000000E+00    0.00000000E+00
   2.26937803E+02    0.00000000E+00    0.00000000E+00
   2.29064390E+02    0.00000000E+00    0.00000000E+00
   2.31210904E+02    0.00000000E+00    0.00000000E+00
   2.33377533E+02    0.00000000E+00    0.00000000E+00
   2.35564465E+02    0.00000000E+00    0.00000000E+00
   2.37771890E+02    0.00000000E+00    0.00000000E+00
   2.40000000E+02    0.00000000E+00    0.00000000E+00
