# Radial wavefunction and first derivative.
# Energy units: hartree
# Length units: bohr
#
# State: 5d
# Nodes:     0.258854      0.792761  
# Peaks:     0.137919      0.481308      1.968267  
   7.99999980E-05    3.16088090E-05    6.38456671E-01
   8.07496611E-05    3.20948307E-05    6.42246231E-01
   8.15063492E-05    3.25857865E-05    6.46015145E-01
   8.22701281E-05    3.30821188E-05    6.49770485E-01
   8.30410642E-05    3.35842931E-05    6.53519462E-01
   8.38192245E-05    3.40927979E-05    6.57269426E-01
   8.46046769E-05    3.46081467E-05    6.61027872E-01
   8.53974895E-05    3.51308778E-05    6.64802445E-01
   8.61977314E-05    3.56615563E-05    6.68600939E-01
   8.70054722E-05    3.62007741E-05    6.72431301E-01
   8.78207822E-05    3.67489976E-05    6.76299104E-01
   8.86437323E-05    3.73063079E-05    6.80203389E-01
   8.94743941E-05    3.78727182E-05    6.84142105E-01
   9.03128398E-05    3.84482365E-05    6.88113151E-01
   9.11591424E-05    3.90328649E-05    6.92114381E-01
   9.20133756E-05    3.96265998E-05    6.96143598E-01
   9.28756136E-05    4.02294312E-05    7.00198553E-01
   9.37459314E-05    4.08413426E-05    7.04276949E-01
   9.46244049E-05    4.14623419E-05    7.08376911E-01
   9.55111103E-05    4.20925699E-05    7.12498653E-01
   9.64061248E-05    4.27322088E-05    7.16642976E-01
   9.73095263E-05    4.33814452E-05    7.20810695E-01
   9.82213934E-05    4.40404701E-05    7.25002634E-01
   9.91418055E-05    4.47094792E-05    7.29219630E-01
   1.00070842E-04    4.53886730E-05    7.33462532E-01
   1.01008585E-04    4.60782567E-05    7.37732200E-01
   1.01955116E-04    4.67784259E-05    7.42029297E-01
   1.02910515E-04    4.74893407E-05    7.46353942E-01
   1.03874868E-04    4.82111567E-05    7.50706156E-01
   1.04848258E-04    4.89440315E-05    7.55085956E-01
   1.05830769E-04    4.96881243E-05    7.59493355E-01
   1.06822487E-04    5.04435962E-05    7.63928359E-01
   1.07823498E-04    5.12106103E-05    7.68390969E-01
   1.08833889E-04    5.19893313E-05    7.72881180E-01
   1.09853749E-04    5.27799261E-05    7.77398982E-01
   1.10883165E-04    5.35825711E-05    7.81944472E-01
   1.11922228E-04    5.43974554E-05    7.86517879E-01
   1.12971027E-04    5.52247715E-05    7.91119446E-01
   1.14029655E-04    5.60647149E-05    7.95749411E-01
   1.15098203E-04    5.69174842E-05    8.00408012E-01
   1.16176764E-04    5.77832809E-05    8.05095486E-01
   1.17265432E-04    5.86623096E-05    8.09812069E-01
   1.18364302E-04    5.95547782E-05    8.14557994E-01
   1.19473469E-04    6.04608961E-05    8.19333482E-01
   1.20593030E-04    6.13808739E-05    8.24138730E-01
   1.21723082E-04    6.23149249E-05    8.28973932E-01
   1.22863723E-04    6.32632654E-05    8.33839279E-01
   1.24015053E-04    6.42261150E-05    8.38734960E-01
   1.25177172E-04    6.52036963E-05    8.43661160E-01
   1.26350181E-04    6.61962350E-05    8.48618064E-01
   1.27534182E-04    6.72039602E-05    8.53605850E-01
   1.28729278E-04    6.82271050E-05    8.58624710E-01
   1.29935573E-04    6.92659083E-05    8.63674866E-01
   1.31153172E-04    7.03206129E-05    8.68756546E-01
   1.32382181E-04    7.13914653E-05    8.73869973E-01
   1.33622706E-04    7.24787155E-05    8.79015372E-01
   1.34874857E-04    7.35826171E-05    8.84192961E-01
   1.36138741E-04    7.47034275E-05    8.89402958E-01
   1.37414468E-04    7.58414079E-05    8.94645580E-01
   1.38702150E-04    7.69968235E-05    8.99921044E-01
   1.40001899E-04    7.81699446E-05    9.05229587E-01
   1.41313827E-04    7.93610457E-05    9.10571447E-01
   1.42638049E-04    8.05704055E-05    9.15946859E-01
   1.43974681E-04    8.17983064E-05    9.21356057E-01
   1.45323837E-04    8.30450353E-05    9.26799272E-01
   1.46685636E-04    8.43108830E-05    9.32276732E-01
   1.48060196E-04    8.55961447E-05    9.37788661E-01
   1.49447637E-04    8.69011204E-05    9.43335292E-01
   1.50848080E-04    8.82261164E-05    9.48916880E-01
   1.52261645E-04    8.95714436E-05    9.54533680E-01
   1.53688457E-04    9.09374177E-05    9.60185947E-01
   1.55128639E-04    9.23243588E-05    9.65873930E-01
   1.56582317E-04    9.37325919E-05    9.71597879E-01
   1.58049617E-04    9.51624466E-05    9.77358039E-01
   1.59530667E-04    9.66142574E-05    9.83154653E-01
   1.61025595E-04    9.80883643E-05    9.88987972E-01
   1.62534532E-04    9.95851144E-05    9.94858270E-01
   1.64057609E-04    1.01104860E-04    1.00076582E+00
   1.65594959E-04    1.02647958E-04    1.00671089E+00
   1.67146714E-04    1.04214773E-04    1.01269376E+00
   1.68713011E-04    1.05805671E-04    1.01871469E+00
   1.70293985E-04    1.07421026E-04    1.02477393E+00
   1.71889774E-04    1.09061218E-04    1.03087176E+00
   1.73500517E-04    1.10726631E-04    1.03700844E+00
   1.75126354E-04    1.12417659E-04    1.04318426E+00
   1.76767426E-04    1.14134701E-04    1.04939951E+00
   1.78423877E-04    1.15878162E-04    1.05565448E+00
   1.80095849E-04    1.17648453E-04    1.06194947E+00
   1.81783490E-04    1.19445992E-04    1.06828476E+00
   1.83486944E-04    1.21271202E-04    1.07466062E+00
   1.85206362E-04    1.23124512E-04    1.08107734E+00
   1.86941892E-04    1.25006359E-04    1.08753521E+00
   1.88693685E-04    1.26917190E-04    1.09403454E+00
   1.90461894E-04    1.28857456E-04    1.10057565E+00
   1.92246672E-04    1.30827617E-04    1.10715883E+00
   1.94048175E-04    1.32828139E-04    1.11378441E+00
   1.95866560E-04    1.34859495E-04    1.12045269E+00
   1.97701984E-04    1.36922165E-04    1.12716396E+00
   1.99554608E-04    1.39016635E-04    1.13391853E+00
   2.01424592E-04    1.41143403E-04    1.14071670E+00
   2.03312100E-04    1.43302973E-04    1.14755882E+00
   2.05217295E-04    1.45495858E-04    1.15444522E+00
   2.07140343E-04    1.47722579E-04    1.16137623E+00
   2.09081412E-04    1.49983665E-04    1.16835218E+00
   2.11040669E-04    1.52279652E-04    1.17537339E+00
   2.13018287E-04    1.54611084E-04    1.18244019E+00
   2.15014437E-04    1.56978513E-04    1.18955290E+00
   2.17029292E-04    1.59382504E-04    1.19671185E+00
   2.19063028E-04    1.61823628E-04    1.20391741E+00
   2.21115821E-04    1.64302469E-04    1.21116993E+00
   2.23187851E-04    1.66819616E-04    1.21846977E+00
   2.25279298E-04    1.69375669E-04    1.22581728E+00
   2.27390343E-04    1.71971236E-04    1.23321280E+00
   2.29521170E-04    1.74606935E-04    1.24065668E+00
   2.31671964E-04    1.77283393E-04    1.24814926E+00
   2.33842914E-04    1.80001250E-04    1.25569092E+00
   2.36034206E-04    1.82761155E-04    1.26328204E+00
   2.38246033E-04    1.85563770E-04    1.27092300E+00
   2.40478587E-04    1.88409764E-04    1.27861417E+00
   2.42732061E-04    1.91299817E-04    1.28635594E+00
   2.45006652E-04    1.94234620E-04    1.29414867E+00
   2.47302558E-04    1.97214873E-04    1.30199272E+00
   2.49619978E-04    2.00241289E-04    1.30988847E+00
   2.51959115E-04    2.03314594E-04    1.31783634E+00
   2.54320170E-04    2.06435527E-04    1.32583671E+00
   2.56703351E-04    2.09604836E-04    1.33389001E+00
   2.59108864E-04    2.12823282E-04    1.34199664E+00
   2.61536919E-04    2.16091637E-04    1.35015698E+00
   2.63987727E-04    2.19410685E-04    1.35837144E+00
   2.66461500E-04    2.22781220E-04    1.36664041E+00
   2.68958455E-04    2.26204054E-04    1.37496430E+00
   2.71478808E-04    2.29680011E-04    1.38334354E+00
   2.74022779E-04    2.33209930E-04    1.39177858E+00
   2.76590589E-04    2.36794660E-04    1.40026984E+00
   2.79182461E-04    2.40435065E-04    1.40881776E+00
   2.81798621E-04    2.44132022E-04    1.41742275E+00
   2.84439297E-04    2.47886419E-04    1.42608523E+00
   2.87104717E-04    2.51699162E-04    1.43480562E+00
   2.89795115E-04    2.55571171E-04    1.44358440E+00
   2.92510724E-04    2.59503385E-04    1.45242201E+00
   2.95251781E-04    2.63496754E-04    1.46131893E+00
   2.98018523E-04    2.67552245E-04    1.47027561E+00
   3.00811192E-04    2.71670837E-04    1.47929251E+00
   3.03630031E-04    2.75853526E-04    1.48837008E+00
   3.06475284E-04    2.80101322E-04    1.49750875E+00
   3.09347199E-04    2.84415255E-04    1.50670900E+00
   3.12246027E-04    2.88796372E-04    1.51597134E+00
   3.15172019E-04    2.93245739E-04    1.52529625E+00
   3.18125429E-04    2.97764435E-04    1.53468422E+00
   3.21106516E-04    3.02353558E-04    1.54413575E+00
   3.24115538E-04    3.07014222E-04    1.55365132E+00
   3.27152756E-04    3.11747557E-04    1.56323139E+00
   3.30218436E-04    3.16554713E-04    1.57287646E+00
   3.33312843E-04    3.21436861E-04    1.58258705E+00
   3.36436248E-04    3.26395193E-04    1.59236368E+00
   3.39588921E-04    3.31430918E-04    1.60220689E+00
   3.42771138E-04    3.36545264E-04    1.61211719E+00
   3.45983174E-04    3.41739478E-04    1.62209510E+00
   3.49225309E-04    3.47014825E-04    1.63214112E+00
   3.52497826E-04    3.52372590E-04    1.64225578E+00
   3.55801009E-04    3.57814084E-04    1.65243961E+00
   3.59135146E-04    3.63340641E-04    1.66269318E+00
   3.62500526E-04    3.68953613E-04    1.67301705E+00
   3.65897442E-04    3.74654376E-04    1.68341177E+00
   3.69326190E-04    3.80444325E-04    1.69387791E+00
   3.72787068E-04    3.86324877E-04    1.70441599E+00
   3.76280377E-04    3.92297470E-04    1.71502657E+00
   3.79806422E-04    3.98363569E-04    1.72571020E+00
   3.83365508E-04    4.04524667E-04    1.73646749E+00
   3.86957945E-04    4.10782280E-04    1.74729903E+00
   3.90584047E-04    4.17137947E-04    1.75820543E+00
   3.94244128E-04    4.23593230E-04    1.76918727E+00
   3.97938507E-04    4.30149717E-04    1.78024513E+00
   4.01667505E-04    4.36809018E-04    1.79137958E+00
   4.05431446E-04    4.43572772E-04    1.80259122E+00
   4.09230659E-04    4.50442649E-04    1.81388068E+00
   4.13065474E-04    4.57420348E-04    1.82524859E+00
   4.16936223E-04    4.64507591E-04    1.83669560E+00
   4.20843245E-04    4.71706130E-04    1.84822233E+00
   4.24786879E-04    4.79017743E-04    1.85982940E+00
   4.28767467E-04    4.86444234E-04    1.87151743E+00
   4.32785357E-04    4.93987437E-04    1.88328703E+00
   4.36840898E-04    5.01649222E-04    1.89513886E+00
   4.40934442E-04    5.09431490E-04    1.90707361E+00
   4.45066346E-04    5.17336173E-04    1.91909195E+00
   4.49236969E-04    5.25365232E-04    1.93119456E+00
   4.53446674E-04    5.33520659E-04    1.94338209E+00
   4.57695828E-04    5.41804478E-04    1.95565521E+00
   4.61984799E-04    5.50218742E-04    1.96801455E+00
   4.66313961E-04    5.58765543E-04    1.98046082E+00
   4.70683691E-04    5.67447013E-04    1.99299474E+00
   4.75094369E-04    5.76265316E-04    2.00561703E+00
   4.79546379E-04    5.85222651E-04    2.01832840E+00
   4.84040107E-04    5.94321248E-04    2.03112955E+00
   4.88575945E-04    6.03563377E-04    2.04402120E+00
   4.93154288E-04    6.12951338E-04    2.05700402E+00
   4.97775533E-04    6.22487475E-04    2.07007874E+00
   5.02440083E-04    6.32174177E-04    2.08324613E+00
   5.07148343E-04    6.42013869E-04    2.09650695E+00
   5.11900723E-04    6.52009015E-04    2.10986197E+00
   5.16697637E-04    6.62162118E-04    2.12331193E+00
   5.21539502E-04    6.72475719E-04    2.13685757E+00
   5.26426739E-04    6.82952399E-04    2.15049964E+00
   5.31359774E-04    6.93594784E-04    2.16423888E+00
   5.36339034E-04    7.04405549E-04    2.17807611E+00
   5.41364955E-04    7.15387416E-04    2.19201214E+00
   5.46437972E-04    7.26543146E-04    2.20604778E+00
   5.51558527E-04    7.37875547E-04    2.22018383E+00
   5.56727066E-04    7.49387467E-04    2.23442107E+00
   5.61944039E-04    7.61081801E-04    2.24876030E+00
   5.67209898E-04    7.72961492E-04    2.26320229E+00
   5.72525103E-04    7.85029540E-04    2.27774791E+00
   5.77890115E-04    7.97288994E-04    2.29239801E+00
   5.83305402E-04    8.09742954E-04    2.30715345E+00
   5.88771434E-04    8.22394565E-04    2.32201509E+00
   5.94288687E-04    8.35247025E-04    2.33698375E+00
   5.99857642E-04    8.48303580E-04    2.35206027E+00
   6.05478782E-04    8.61567531E-04    2.36724548E+00
   6.11152596E-04    8.75042240E-04    2.38254028E+00
   6.16879578E-04    8.88731131E-04    2.39794559E+00
   6.22660227E-04    9.02637676E-04    2.41346232E+00
   6.28495045E-04    9.16765407E-04    2.42909136E+00
   6.34384540E-04    9.31117909E-04    2.44483359E+00
   6.40329224E-04    9.45698825E-04    2.46068990E+00
   6.46329615E-04    9.60511855E-04    2.47666116E+00
   6.52386234E-04    9.75560774E-04    2.49274833E+00
   6.58499608E-04    9.90849419E-04    2.50895236E+00
   6.64670269E-04    1.00638169E-03    2.52527423E+00
   6.70898755E-04    1.02216155E-03    2.54171489E+00
   6.77185606E-04    1.03819301E-03    2.55827527E+00
   6.83531370E-04    1.05448018E-03    2.57495630E+00
   6.89936599E-04    1.07102719E-03    2.59175891E+00
   6.96401849E-04    1.08783828E-03    2.60868408E+00
   7.02927685E-04    1.10491777E-03    2.62573284E+00
   7.09514672E-04    1.12227001E-03    2.64290621E+00
   7.16163385E-04    1.13989947E-03    2.66020519E+00
   7.22874402E-04    1.15781065E-03    2.67763079E+00
   7.29648306E-04    1.17600815E-03    2.69518399E+00
   7.36485686E-04    1.19449661E-03    2.71286575E+00
   7.43387139E-04    1.21328080E-03    2.73067711E+00
   7.50353263E-04    1.23236555E-03    2.74861915E+00
   7.57384666E-04    1.25175576E-03    2.76669296E+00
   7.64481959E-04    1.27145642E-03    2.78489959E+00
   7.71645758E-04    1.29147261E-03    2.80324009E+00
   7.78876688E-04    1.31180947E-03    2.82171551E+00
   7.86175378E-04    1.33247224E-03    2.84032685E+00
   7.93542462E-04    1.35346624E-03    2.85907522E+00
   8.00978582E-04    1.37479690E-03    2.87796175E+00
   8.08484384E-04    1.39646973E-03    2.89698758E+00
   8.16060521E-04    1.41849034E-03    2.91615383E+00
   8.23707653E-04    1.44086441E-03    2.93546160E+00
   8.31426444E-04    1.46359773E-03    2.95491198E+00
   8.39217566E-04    1.48669616E-03    2.97450605E+00
   8.47081697E-04    1.51016570E-03    2.99424495E+00
   8.55019522E-04    1.53401242E-03    3.01412988E+00
   8.63031730E-04    1.55824253E-03    3.03416204E+00
   8.71119019E-04    1.58286231E-03    3.05434261E+00
   8.79282092E-04    1.60787815E-03    3.07467276E+00
   8.87521660E-04    1.63329654E-03    3.09515363E+00
   8.95838439E-04    1.65912408E-03    3.11578636E+00
   9.04233152E-04    1.68536748E-03    3.13657212E+00
   9.12706531E-04    1.71203358E-03    3.15751217E+00
   9.21259312E-04    1.73912933E-03    3.17860778E+00
   9.29892239E-04    1.76666178E-03    3.19986019E+00
   9.38606064E-04    1.79463813E-03    3.22127061E+00
   9.47401544E-04    1.82306565E-03    3.24284026E+00
   9.56279445E-04    1.85195175E-03    3.26457032E+00
   9.65240538E-04    1.88130398E-03    3.28646204E+00
   9.74285605E-04    1.91113001E-03    3.30851674E+00
   9.83415430E-04    1.94143765E-03    3.33073574E+00
   9.92630809E-04    1.97223482E-03    3.35312034E+00
   1.00193254E-03    2.00352959E-03    3.37567181E+00
   1.01132144E-03    2.03533013E-03    3.39839142E+00
   1.02079832E-03    2.06764477E-03    3.42128040E+00
   1.03036401E-03    2.10048198E-03    3.44434007E+00
   1.04001933E-03    2.13385038E-03    3.46757181E+00
   1.04976514E-03    2.16775873E-03    3.49097700E+00
   1.05960227E-03    2.20221594E-03    3.51455701E+00
   1.06953158E-03    2.23723106E-03    3.53831316E+00
   1.07955393E-03    2.27281328E-03    3.56224678E+00
   1.08967020E-03    2.30897195E-03    3.58635917E+00
   1.09988127E-03    2.34571657E-03    3.61065168E+00
   1.11018803E-03    2.38305683E-03    3.63512575E+00
   1.12059137E-03    2.42100257E-03    3.65978283E+00
   1.13109220E-03    2.45956378E-03    3.68462434E+00
   1.14169142E-03    2.49875064E-03    3.70965167E+00
   1.15238997E-03    2.53857347E-03    3.73486619E+00
   1.16318878E-03    2.57904276E-03    3.76026926E+00
   1.17408877E-03    2.62016920E-03    3.78586230E+00
   1.18509091E-03    2.66196366E-03    3.81164683E+00
   1.19619615E-03    2.70443719E-03    3.83762435E+00
   1.20740545E-03    2.74760102E-03    3.86379633E+00
   1.21871980E-03    2.79146656E-03    3.89016422E+00
   1.23014016E-03    2.83604542E-03    3.91672944E+00
   1.24166755E-03    2.88134938E-03    3.94349339E+00
   1.25330295E-03    2.92739043E-03    3.97045758E+00
   1.26504739E-03    2.97418079E-03    3.99762357E+00
   1.27690189E-03    3.02173286E-03    4.02499291E+00
   1.28886746E-03    3.07005926E-03    4.05256713E+00
   1.30094517E-03    3.11917281E-03    4.08034772E+00
   1.31313605E-03    3.16908652E-03    4.10833615E+00
   1.32544118E-03    3.21981363E-03    4.13653389E+00
   1.33786161E-03    3.27136762E-03    4.16494254E+00
   1.35039843E-03    3.32376221E-03    4.19356370E+00
   1.36305273E-03    3.37701132E-03    4.22239900E+00
   1.37582561E-03    3.43112913E-03    4.25144998E+00
   1.38871818E-03    3.48613001E-03    4.28071819E+00
   1.40173157E-03    3.54202858E-03    4.31020515E+00
   1.41486690E-03    3.59883972E-03    4.33991239E+00
   1.42812532E-03    3.65657855E-03    4.36984157E+00
   1.44150798E-03    3.71526049E-03    4.39999435E+00
   1.45501605E-03    3.77490116E-03    4.43037237E+00
   1.46865070E-03    3.83551645E-03    4.46097723E+00
   1.48241311E-03    3.89712253E-03    4.49181050E+00
   1.49630450E-03    3.95973580E-03    4.52287373E+00
   1.51032605E-03    4.02337297E-03    4.55416860E+00
   1.52447900E-03    4.08805104E-03    4.58569683E+00
   1.53876457E-03    4.15378730E-03    4.61746012E+00
   1.55318401E-03    4.22059928E-03    4.64946013E+00
   1.56773857E-03    4.28850484E-03    4.68169850E+00
   1.58242952E-03    4.35752209E-03    4.71417683E+00
   1.59725813E-03    4.42766947E-03    4.74689671E+00
   1.61222570E-03    4.49896573E-03    4.77985990E+00
   1.62733353E-03    4.57142996E-03    4.81306814E+00
   1.64258293E-03    4.64508153E-03    4.84652318E+00
   1.65797523E-03    4.71994015E-03    4.88022670E+00
   1.67351177E-03    4.79602584E-03    4.91418036E+00
   1.68919390E-03    4.87335893E-03    4.94838579E+00
   1.70502298E-03    4.95196012E-03    4.98284467E+00
   1.72100039E-03    5.03185046E-03    5.01755880E+00
   1.73712752E-03    5.11305136E-03    5.05253001E+00
   1.75340578E-03    5.19558458E-03    5.08776006E+00
   1.76983657E-03    5.27947223E-03    5.12325070E+00
   1.78642134E-03    5.36473676E-03    5.15900362E+00
   1.80316152E-03    5.45140100E-03    5.19502048E+00
   1.82005857E-03    5.53948814E-03    5.23130294E+00
   1.83711395E-03    5.62902180E-03    5.26785276E+00
   1.85432916E-03    5.72002599E-03    5.30467183E+00
   1.87170569E-03    5.81252512E-03    5.34176195E+00
   1.88924505E-03    5.90654400E-03    5.37912491E+00
   1.90694877E-03    6.00210781E-03    5.41676246E+00
   1.92481838E-03    6.09924217E-03    5.45467629E+00
   1.94285545E-03    6.19797308E-03    5.49286809E+00
   1.96106154E-03    6.29832704E-03    5.53133967E+00
   1.97943824E-03    6.40033096E-03    5.57009290E+00
   1.99798714E-03    6.50401222E-03    5.60912961E+00
   2.01670986E-03    6.60939862E-03    5.64845159E+00
   2.03560802E-03    6.71651841E-03    5.68806059E+00
   2.05468327E-03    6.82540029E-03    5.72795832E+00
   2.07393728E-03    6.93607343E-03    5.76814648E+00
   2.09337171E-03    7.04856753E-03    5.80862694E+00
   2.11298826E-03    7.16291278E-03    5.84940159E+00
   2.13278862E-03    7.27913984E-03    5.89047226E+00
   2.15277454E-03    7.39727988E-03    5.93184076E+00
   2.17294774E-03    7.51736455E-03    5.97350883E+00
   2.19330997E-03    7.63942603E-03    6.01547818E+00
   2.21386302E-03    7.76349699E-03    6.05775050E+00
   2.23460866E-03    7.88961070E-03    6.10032766E+00
   2.25554871E-03    8.01780100E-03    6.14321154E+00
   2.27668498E-03    8.14810223E-03    6.18640398E+00
   2.29801932E-03    8.28054929E-03    6.22990674E+00
   2.31955358E-03    8.41517766E-03    6.27372158E+00
   2.34128962E-03    8.55202335E-03    6.31785018E+00
   2.36322936E-03    8.69112298E-03    6.36229427E+00
   2.38537468E-03    8.83251383E-03    6.40705573E+00
   2.40772753E-03    8.97623377E-03    6.45213642E+00
   2.43028984E-03    9.12232125E-03    6.49753816E+00
   2.45306357E-03    9.27081536E-03    6.54326270E+00
   2.47605071E-03    9.42175579E-03    6.58931174E+00
   2.49925326E-03    9.57518286E-03    6.63568693E+00
   2.52267324E-03    9.73113757E-03    6.68238998E+00
   2.54631268E-03    9.88966163E-03    6.72942273E+00
   2.57017364E-03    1.00507974E-02    6.77678702E+00
   2.59425820E-03    1.02145880E-02    6.82448459E+00
   2.61856845E-03    1.03810770E-02    6.87251716E+00
   2.64310650E-03    1.05503089E-02    6.92088637E+00
   2.66787450E-03    1.07223288E-02    6.96959385E+00
   2.69287459E-03    1.08971825E-02    7.01864134E+00
   2.71810895E-03    1.10749168E-02    7.06803064E+00
   2.74357978E-03    1.12555791E-02    7.11776351E+00
   2.76928929E-03    1.14392173E-02    7.16784162E+00
   2.79523971E-03    1.16258804E-02    7.21826661E+00
   2.82143332E-03    1.18156181E-02    7.26904004E+00
   2.84787238E-03    1.20084808E-02    7.32016347E+00
   2.87455919E-03    1.22045197E-02    7.37163866E+00
   2.90149608E-03    1.24037871E-02    7.42346729E+00
   2.92868539E-03    1.26063358E-02    7.47565102E+00
   2.95612948E-03    1.28122195E-02    7.52819143E+00
   2.98383075E-03    1.30214930E-02    7.58109005E+00
   3.01179160E-03    1.32342116E-02    7.63434835E+00
   3.04001447E-03    1.34504317E-02    7.68796792E+00
   3.06850180E-03    1.36702107E-02    7.74195041E+00
   3.09725609E-03    1.38936066E-02    7.79629741E+00
   3.12627983E-03    1.41206787E-02    7.85101044E+00
   3.15557554E-03    1.43514868E-02    7.90609096E+00
   3.18514577E-03    1.45860920E-02    7.96154034E+00
   3.21499310E-03    1.48245561E-02    8.01735998E+00
   3.24512013E-03    1.50669421E-02    8.07355139E+00
   3.27552947E-03    1.53133138E-02    8.13011610E+00
   3.30622376E-03    1.55637363E-02    8.18705557E+00
   3.33720569E-03    1.58182754E-02    8.24437116E+00
   3.36847794E-03    1.60769980E-02    8.30206418E+00
   3.40004324E-03    1.63399721E-02    8.36013587E+00
   3.43190433E-03    1.66072667E-02    8.41858750E+00
   3.46406399E-03    1.68789520E-02    8.47742048E+00
   3.49652500E-03    1.71550992E-02    8.53663615E+00
   3.52929020E-03    1.74357807E-02    8.59623579E+00
   3.56236244E-03    1.77210699E-02    8.65622061E+00
   3.59574459E-03    1.80110414E-02    8.71659172E+00
   3.62943956E-03    1.83057708E-02    8.77735018E+00
   3.66345027E-03    1.86053350E-02    8.83849716E+00
   3.69777969E-03    1.89098122E-02    8.90003387E+00
   3.73243081E-03    1.92192818E-02    8.96196145E+00
   3.76740663E-03    1.95338242E-02    9.02428098E+00
   3.80271021E-03    1.98535212E-02    9.08699345E+00
   3.83834461E-03    2.01784558E-02    9.15009976E+00
   3.87431293E-03    2.05087121E-02    9.21360076E+00
   3.91061830E-03    2.08443757E-02    9.27749746E+00
   3.94726388E-03    2.11855336E-02    9.34179082E+00
   3.98425286E-03    2.15322740E-02    9.40648174E+00
   4.02158846E-03    2.18846864E-02    9.47157101E+00
   4.05927392E-03    2.22428616E-02    9.53705935E+00
   4.09731252E-03    2.26068918E-02    9.60294740E+00
   4.13570757E-03    2.29768707E-02    9.66923589E+00
   4.17446242E-03    2.33528933E-02    9.73592559E+00
   4.21358043E-03    2.37350563E-02    9.80301717E+00
   4.25306500E-03    2.41234576E-02    9.87051123E+00
   4.29291958E-03    2.45181966E-02    9.93840824E+00
   4.33314763E-03    2.49193739E-02    1.00067086E+01
   4.37375264E-03    2.53270921E-02    1.00754127E+01
   4.41473816E-03    2.57414551E-02    1.01445210E+01
   4.45610774E-03    2.61625683E-02    1.02140339E+01
   4.49786499E-03    2.65905389E-02    1.02839518E+01
   4.54001354E-03    2.70254755E-02    1.03542748E+01
   4.58255705E-03    2.74674883E-02    1.04250033E+01
   4.62549923E-03    2.79166889E-02    1.04961372E+01
   4.66884381E-03    2.83731908E-02    1.05676765E+01
   4.71259456E-03    2.88371093E-02    1.06396214E+01
   4.75675530E-03    2.93085612E-02    1.07119721E+01
   4.80132985E-03    2.97876652E-02    1.07847284E+01
   4.84632210E-03    3.02745415E-02    1.08578901E+01
   4.89173597E-03    3.07693119E-02    1.09314571E+01
   4.93757540E-03    3.12721001E-02    1.10054290E+01
   4.98384438E-03    3.17830318E-02    1.10798054E+01
   5.03054694E-03    3.23022343E-02    1.11545862E+01
   5.07768713E-03    3.28298369E-02    1.12297708E+01
   5.12526907E-03    3.33659708E-02    1.13053589E+01
   5.17329689E-03    3.39107687E-02    1.13813497E+01
   5.22177477E-03    3.44643655E-02    1.14577428E+01
   5.27070692E-03    3.50268976E-02    1.15345371E+01
   5.32009761E-03    3.55985038E-02    1.16117320E+01
   5.36995113E-03    3.61793249E-02    1.16893267E+01
   5.42027181E-03    3.67695036E-02    1.17673204E+01
   5.47106404E-03    3.73691844E-02    1.18457120E+01
   5.52233223E-03    3.79785138E-02    1.19245003E+01
   5.57408084E-03    3.85976405E-02    1.20036842E+01
   5.62631438E-03    3.92267151E-02    1.20832624E+01
   5.67903739E-03    3.98658906E-02    1.21632337E+01
   5.73225446E-03    4.05153221E-02    1.22435966E+01
   5.78597021E-03    4.11751667E-02    1.23243498E+01
   5.84018932E-03    4.18455835E-02    1.24054917E+01
   5.89491650E-03    4.25267340E-02    1.24870204E+01
   5.95015653E-03    4.32187814E-02    1.25689342E+01
   6.00591419E-03    4.39218917E-02    1.26512313E+01
   6.06219435E-03    4.46362333E-02    1.27339098E+01
   6.11900190E-03    4.53619765E-02    1.28169677E+01
   6.17634178E-03    4.60992941E-02    1.29004029E+01
   6.23421898E-03    4.68483608E-02    1.29842131E+01
   6.29263853E-03    4.76093539E-02    1.30683960E+01
   6.35160553E-03    4.83824527E-02    1.31529490E+01
   6.41112509E-03    4.91678395E-02    1.32378698E+01
   6.47120239E-03    4.99656990E-02    1.33231557E+01
   6.53184267E-03    5.07762180E-02    1.34088040E+01
   6.59305119E-03    5.15995858E-02    1.34948118E+01
   6.65483329E-03    5.24359940E-02    1.35811763E+01
   6.71719433E-03    5.32856366E-02    1.36678941E+01
   6.78013975E-03    5.41487102E-02    1.37549622E+01
   6.84367501E-03    5.50254145E-02    1.38423773E+01
   6.90780565E-03    5.59159515E-02    1.39301360E+01
   6.97253725E-03    5.68205256E-02    1.40182349E+01
   7.03787543E-03    5.77393437E-02    1.41066702E+01
   7.10382588E-03    5.86726151E-02    1.41954381E+01
   7.17039434E-03    5.96205518E-02    1.42845347E+01
   7.23758660E-03    6.05833687E-02    1.43739559E+01
   7.30540850E-03    6.15612837E-02    1.44636976E+01
   7.37386594E-03    6.25545171E-02    1.45537556E+01
   7.44296489E-03    6.35632918E-02    1.46441255E+01
   7.51271135E-03    6.45878334E-02    1.47348026E+01
   7.58311139E-03    6.56283697E-02    1.48257823E+01
   7.65417113E-03    6.66851319E-02    1.49170596E+01
   7.72589676E-03    6.77583543E-02    1.50086297E+01
   7.79829451E-03    6.88482738E-02    1.51004875E+01
   7.87137069E-03    6.99551301E-02    1.51926276E+01
   7.94513165E-03    7.10791654E-02    1.52850448E+01
   8.01958381E-03    7.22206245E-02    1.53777334E+01
   8.09473364E-03    7.33797550E-02    1.54706876E+01
   8.17058769E-03    7.45568080E-02    1.55639017E+01
   8.24715255E-03    7.57520376E-02    1.56573695E+01
   8.32443488E-03    7.69657009E-02    1.57510851E+01
   8.40244141E-03    7.81980576E-02    1.58450419E+01
   8.48117892E-03    7.94493697E-02    1.59392336E+01
   8.56065427E-03    8.07199025E-02    1.60336535E+01
   8.64087436E-03    8.20099236E-02    1.61282946E+01
   8.72184618E-03    8.33197051E-02    1.62231501E+01
   8.80357676E-03    8.46495217E-02    1.63182127E+01
   8.88607323E-03    8.59996508E-02    1.64134752E+01
   8.96934275E-03    8.73703728E-02    1.65089301E+01
   9.05339258E-03    8.87619704E-02    1.66045696E+01
   9.13823002E-03    9.01747293E-02    1.67003859E+01
   9.22386245E-03    9.16089382E-02    1.67963709E+01
   9.31029733E-03    9.30648900E-02    1.68925164E+01
   9.39754216E-03    9.45428806E-02    1.69888139E+01
   9.48560456E-03    9.60432084E-02    1.70852550E+01
   9.57449216E-03    9.75661745E-02    1.71818308E+01
   9.66421271E-03    9.91120826E-02    1.72785324E+01
   9.75477402E-03    1.00681239E-01    1.73753504E+01
   9.84618396E-03    1.02273954E-01    1.74722757E+01
   9.93845048E-03    1.03890542E-01    1.75692985E+01
   1.00315816E-02    1.05531319E-01    1.76664092E+01
   1.01255854E-02    1.07196604E-01    1.77635978E+01
   1.02204702E-02    1.08886720E-01    1.78608541E+01
   1.03162441E-02    1.10601990E-01    1.79581677E+01
   1.04129154E-02    1.12342743E-01    1.80555281E+01
   1.05104927E-02    1.14109309E-01    1.81529244E+01
   1.06089843E-02    1.15902024E-01    1.82503456E+01
   1.07083988E-02    1.17721225E-01    1.83477806E+01
   1.08087450E-02    1.19567252E-01    1.84452178E+01
   1.09100315E-02    1.21440446E-01    1.85426457E+01
   1.10122671E-02    1.23341152E-01    1.86400523E+01
   1.11154607E-02    1.25269718E-01    1.87374256E+01
   1.12196214E-02    1.27226496E-01    1.88347533E+01
   1.13247581E-02    1.29211841E-01    1.89320227E+01
   1.14308800E-02    1.31226110E-01    1.90292211E+01
   1.15379964E-02    1.33269663E-01    1.91263355E+01
   1.16461165E-02    1.35342861E-01    1.92233527E+01
   1.17552498E-02    1.37446066E-01    1.93202593E+01
   1.18654058E-02    1.39579647E-01    1.94170415E+01
   1.19765940E-02    1.41743975E-01    1.95136854E+01
   1.20888242E-02    1.43939423E-01    1.96101769E+01
   1.22021060E-02    1.46166367E-01    1.97065014E+01
   1.23164494E-02    1.48425183E-01    1.98026444E+01
   1.24318642E-02    1.50716249E-01    1.98985910E+01
   1.25483606E-02    1.53039948E-01    1.99943261E+01
   1.26659486E-02    1.55396665E-01    2.00898344E+01
   1.27846386E-02    1.57786790E-01    2.01851000E+01
   1.29044407E-02    1.60210711E-01    2.02801071E+01
   1.30253656E-02    1.62668821E-01    2.03748397E+01
   1.31474235E-02    1.65161511E-01    2.04692813E+01
   1.32706253E-02    1.67689175E-01    2.05634155E+01
   1.33949815E-02    1.70252208E-01    2.06572254E+01
   1.35205030E-02    1.72851013E-01    2.07506938E+01
   1.36472008E-02    1.75485992E-01    2.08438032E+01
   1.37750859E-02    1.78157546E-01    2.09365361E+01
   1.39041693E-02    1.80866080E-01    2.10288747E+01
   1.40344624E-02    1.83611999E-01    2.11208007E+01
   1.41659764E-02    1.86395710E-01    2.12122959E+01
   1.42987228E-02    1.89217623E-01    2.13033414E+01
   1.44327131E-02    1.92078149E-01    2.13939185E+01
   1.45679590E-02    1.94977696E-01    2.14840080E+01
   1.47044723E-02    1.97916674E-01    2.15735906E+01
   1.48422648E-02    2.00895500E-01    2.16626465E+01
   1.49813485E-02    2.03914591E-01    2.17511557E+01
   1.51217356E-02    2.06974361E-01    2.18390978E+01
   1.52634382E-02    2.10075228E-01    2.19264526E+01
   1.54064687E-02    2.13217604E-01    2.20131992E+01
   1.55508395E-02    2.16401903E-01    2.20993170E+01
   1.56965631E-02    2.19628539E-01    2.21847849E+01
   1.58436523E-02    2.22897932E-01    2.22695811E+01
   1.59921198E-02    2.26210501E-01    2.23536838E+01
   1.61419786E-02    2.29566666E-01    2.24370711E+01
   1.62932417E-02    2.32966840E-01    2.25197206E+01
   1.64459223E-02    2.36411437E-01    2.26016101E+01
   1.66000335E-02    2.39900868E-01    2.26827169E+01
   1.67555890E-02    2.43435549E-01    2.27630181E+01
   1.69126021E-02    2.47015899E-01    2.28424901E+01
   1.70710865E-02    2.50642330E-01    2.29211094E+01
   1.72310561E-02    2.54315253E-01    2.29988524E+01
   1.73925247E-02    2.58035074E-01    2.30756951E+01
   1.75555064E-02    2.61802198E-01    2.31516136E+01
   1.77200153E-02    2.65617032E-01    2.32265833E+01
   1.78860659E-02    2.69479983E-01    2.33005794E+01
   1.80536724E-02    2.73391455E-01    2.33735769E+01
   1.82228496E-02    2.77351847E-01    2.34455505E+01
   1.83936121E-02    2.81361550E-01    2.35164753E+01
   1.85659747E-02    2.85420956E-01    2.35863256E+01
   1.87399526E-02    2.89530459E-01    2.36550755E+01
   1.89155607E-02    2.93690447E-01    2.37226988E+01
   1.90928145E-02    2.97901304E-01    2.37891693E+01
   1.92717292E-02    3.02163404E-01    2.38544607E+01
   1.94523206E-02    3.06477119E-01    2.39185466E+01
   1.96346042E-02    3.10842824E-01    2.39813999E+01
   1.98185959E-02    3.15260893E-01    2.40429931E+01
   2.00043118E-02    3.19731689E-01    2.41032988E+01
   2.01917680E-02    3.24255568E-01    2.41622896E+01
   2.03809808E-02    3.28832876E-01    2.42199381E+01
   2.05719667E-02    3.33463951E-01    2.42762168E+01
   2.07647423E-02    3.38149125E-01    2.43310980E+01
   2.09593243E-02    3.42888741E-01    2.43845532E+01
   2.11557297E-02    3.47683132E-01    2.44365534E+01
   2.13539756E-02    3.52532621E-01    2.44870702E+01
   2.15540793E-02    3.57437517E-01    2.45360749E+01
   2.17560580E-02    3.62398120E-01    2.45835389E+01
   2.19599294E-02    3.67414718E-01    2.46294339E+01
   2.21657113E-02    3.72487599E-01    2.46737306E+01
   2.23734215E-02    3.77617050E-01    2.47163995E+01
   2.25830782E-02    3.82803344E-01    2.47574112E+01
   2.27946994E-02    3.88046738E-01    2.47967363E+01
   2.30083038E-02    3.93347478E-01    2.48343458E+01
   2.32239098E-02    3.98705810E-01    2.48702096E+01
   2.34415361E-02    4.04121971E-01    2.49042977E+01
   2.36612018E-02    4.09596181E-01    2.49365805E+01
   2.38829260E-02    4.15128642E-01    2.49670283E+01
   2.41067279E-02    4.20719548E-01    2.49956113E+01
   2.43326269E-02    4.26369089E-01    2.50222993E+01
   2.45606429E-02    4.32077438E-01    2.50470623E+01
   2.47907955E-02    4.37844751E-01    2.50698705E+01
   2.50231048E-02    4.43671163E-01    2.50906941E+01
   2.52575911E-02    4.49556817E-01    2.51095028E+01
   2.54942747E-02    4.55501841E-01    2.51262658E+01
   2.57331761E-02    4.61506345E-01    2.51409527E+01
   2.59743163E-02    4.67570416E-01    2.51535336E+01
   2.62177162E-02    4.73694116E-01    2.51639788E+01
   2.64633969E-02    4.79877488E-01    2.51722593E+01
   2.67113798E-02    4.86120576E-01    2.51783447E+01
   2.69616865E-02    4.92423413E-01    2.51822047E+01
   2.72143388E-02    4.98786008E-01    2.51838094E+01
   2.74693587E-02    5.05208344E-01    2.51831292E+01
   2.77267683E-02    5.11690381E-01    2.51801350E+01
   2.79865900E-02    5.18232077E-01    2.51747969E+01
   2.82488464E-02    5.24833370E-01    2.51670852E+01
   2.85135604E-02    5.31494169E-01    2.51569706E+01
   2.87807550E-02    5.38214355E-01    2.51444247E+01
   2.90504534E-02    5.44993790E-01    2.51294189E+01
   2.93226791E-02    5.51832332E-01    2.51119238E+01
   2.95974558E-02    5.58729811E-01    2.50919108E+01
   2.98748073E-02    5.65686021E-01    2.50693519E+01
   3.01547578E-02    5.72700729E-01    2.50442197E+01
   3.04373317E-02    5.79773700E-01    2.50164859E+01
   3.07225536E-02    5.86904674E-01    2.49861226E+01
   3.10104482E-02    5.94093357E-01    2.49531023E+01
   3.13010406E-02    6.01339414E-01    2.49173989E+01
   3.15943560E-02    6.08642490E-01    2.48789863E+01
   3.18904201E-02    6.16002224E-01    2.48378374E+01
   3.21892585E-02    6.23418226E-01    2.47939259E+01
   3.24908973E-02    6.30890060E-01    2.47472266E+01
   3.27953627E-02    6.38417253E-01    2.46977151E+01
   3.31026811E-02    6.45999324E-01    2.46453664E+01
   3.34128794E-02    6.53635771E-01    2.45901554E+01
   3.37259844E-02    6.61326048E-01    2.45320582E+01
   3.40420235E-02    6.69069564E-01    2.44710522E+01
   3.43610242E-02    6.76865706E-01    2.44071147E+01
   3.46830141E-02    6.84713845E-01    2.43402226E+01
   3.50080214E-02    6.92613308E-01    2.42703539E+01
   3.53360742E-02    7.00563372E-01    2.41974883E+01
   3.56672011E-02    7.08563289E-01    2.41216051E+01
   3.60014309E-02    7.16612309E-01    2.40426832E+01
   3.63387928E-02    7.24709633E-01    2.39607023E+01
   3.66793160E-02    7.32854412E-01    2.38756435E+01
   3.70230301E-02    7.41045741E-01    2.37874898E+01
   3.73699651E-02    7.49282683E-01    2.36962244E+01
   3.77201512E-02    7.57564304E-01    2.36018293E+01
   3.80736188E-02    7.65889617E-01    2.35042879E+01
   3.84303987E-02    7.74257581E-01    2.34035851E+01
   3.87905219E-02    7.82667106E-01    2.32997072E+01
   3.91540197E-02    7.91117096E-01    2.31926393E+01
   3.95209238E-02    7.99606413E-01    2.30823678E+01
   3.98912661E-02    8.08133855E-01    2.29688807E+01
   4.02650787E-02    8.16698163E-01    2.28521677E+01
   4.06423943E-02    8.25298073E-01    2.27322178E+01
   4.10232457E-02    8.33932279E-01    2.26090206E+01
   4.14076659E-02    8.42599411E-01    2.24825678E+01
   4.17956884E-02    8.51298040E-01    2.23528528E+01
   4.21873470E-02    8.60026732E-01    2.22198679E+01
   4.25826758E-02    8.68784018E-01    2.20836060E+01
   4.29817091E-02    8.77568356E-01    2.19440624E+01
   4.33844816E-02    8.86378134E-01    2.18012346E+01
   4.37910285E-02    8.95211705E-01    2.16551209E+01
   4.42013850E-02    9.04067423E-01    2.15057178E+01
   4.46155869E-02    9.12943582E-01    2.13530240E+01
   4.50336702E-02    9.21838399E-01    2.11970405E+01
   4.54556712E-02    9.30750024E-01    2.10377707E+01
   4.58816268E-02    9.39676603E-01    2.08752167E+01
   4.63115738E-02    9.48616250E-01    2.07093810E+01
   4.67455499E-02    9.57567008E-01    2.05402687E+01
   4.71835926E-02    9.66526838E-01    2.03678874E+01
   4.76257401E-02    9.75493660E-01    2.01922459E+01
   4.80720309E-02    9.84465400E-01    2.00133510E+01
   4.85225038E-02    9.93439916E-01    1.98312121E+01
   4.89771980E-02    1.00241499E+00    1.96458414E+01
   4.94361530E-02    1.01138832E+00    1.94572530E+01
   4.98994088E-02    1.02035763E+00    1.92654601E+01
   5.03670057E-02    1.02932057E+00    1.90704771E+01
   5.08389843E-02    1.03827472E+00    1.88723219E+01
   5.13153857E-02    1.04721761E+00    1.86710126E+01
   5.17962514E-02    1.05614675E+00    1.84665674E+01
   5.22816232E-02    1.06505959E+00    1.82590078E+01
   5.27715433E-02    1.07395348E+00    1.80483571E+01
   5.32660543E-02    1.08282579E+00    1.78346379E+01
   5.37651993E-02    1.09167381E+00    1.76178751E+01
   5.42690217E-02    1.10049476E+00    1.73980966E+01
   5.47775653E-02    1.10928584E+00    1.71753299E+01
   5.52908743E-02    1.11804420E+00    1.69496039E+01
   5.58089935E-02    1.12676692E+00    1.67209508E+01
   5.63319678E-02    1.13545102E+00    1.64894030E+01
   5.68598429E-02    1.14409353E+00    1.62549937E+01
   5.73926645E-02    1.15269137E+00    1.60177594E+01
   5.79304791E-02    1.16124143E+00    1.57777375E+01
   5.84733334E-02    1.16974058E+00    1.55349660E+01
   5.90212747E-02    1.17818559E+00    1.52894860E+01
   5.95743507E-02    1.18657323E+00    1.50413387E+01
   6.01326094E-02    1.19490020E+00    1.47905676E+01
   6.06960995E-02    1.20316317E+00    1.45372182E+01
   6.12648698E-02    1.21135875E+00    1.42813364E+01
   6.18389701E-02    1.21948350E+00    1.40229709E+01
   6.24184500E-02    1.22753397E+00    1.37621711E+01
   6.30033602E-02    1.23550663E+00    1.34989885E+01
   6.35937515E-02    1.24339792E+00    1.32334761E+01
   6.41896751E-02    1.25120426E+00    1.29656878E+01
   6.47911831E-02    1.25892200E+00    1.26956806E+01
   6.53983276E-02    1.26654747E+00    1.24235114E+01
   6.60111616E-02    1.27407696E+00    1.21492398E+01
   6.66297383E-02    1.28150670E+00    1.18729267E+01
   6.72541116E-02    1.28883293E+00    1.15946338E+01
   6.78843357E-02    1.29605181E+00    1.13144260E+01
   6.85204656E-02    1.30315950E+00    1.10323683E+01
   6.91625565E-02    1.31015211E+00    1.07485274E+01
   6.98106642E-02    1.31702572E+00    1.04629729E+01
   7.04648453E-02    1.32377641E+00    1.01757738E+01
   7.11251565E-02    1.33040018E+00    9.88700228E+00
   7.17916554E-02    1.33689305E+00    9.59673173E+00
   7.24643999E-02    1.34325101E+00    9.30503591E+00
   7.31434486E-02    1.34947000E+00    9.01199193E+00
   7.38288605E-02    1.35554598E+00    8.71767655E+00
   7.45206952E-02    1.36147486E+00    8.42216890E+00
   7.52190130E-02    1.36725254E+00    8.12554980E+00
   7.59238745E-02    1.37287493E+00    7.82790020E+00
   7.66353412E-02    1.37833788E+00    7.52930416E+00
   7.73534748E-02    1.38363729E+00    7.22984536E+00
   7.80783380E-02    1.38876900E+00    6.92961001E+00
   7.88099937E-02    1.39372886E+00    6.62868515E+00
   7.95485056E-02    1.39851275E+00    6.32715884E+00
   8.02939379E-02    1.40311650E+00    6.02512122E+00
   8.10463555E-02    1.40753596E+00    5.72266214E+00
   8.18058238E-02    1.41176700E+00    5.41987443E+00
   8.25724090E-02    1.41580548E+00    5.11685047E+00
   8.33461777E-02    1.41964728E+00    4.81368461E+00
   8.41271972E-02    1.42328827E+00    4.51047214E+00
   8.49155355E-02    1.42672436E+00    4.20730881E+00
   8.57112611E-02    1.42995146E+00    3.90429244E+00
   8.65144433E-02    1.43296552E+00    3.60152007E+00
   8.73251520E-02    1.43576249E+00    3.29909148E+00
   8.81434576E-02    1.43833837E+00    2.99710597E+00
   8.89694314E-02    1.44068918E+00    2.69566395E+00
   8.98031453E-02    1.44281096E+00    2.39486711E+00
   9.06446717E-02    1.44469980E+00    2.09481658E+00
   9.14940838E-02    1.44635183E+00    1.79561589E+00
   9.23514556E-02    1.44776321E+00    1.49736701E+00
   9.32168617E-02    1.44893017E+00    1.20017364E+00
   9.40903773E-02    1.44984896E+00    9.04140440E-01
   9.49720785E-02    1.45051589E+00    6.09371471E-01
   9.58620418E-02    1.45092734E+00    3.15971140E-01
   9.67603449E-02    1.45107974E+00    2.40445023E-02
   9.76670657E-02    1.45096958E+00   -2.66303146E-01
   9.85822833E-02    1.45059342E+00   -5.54966791E-01
   9.95060771E-02    1.44994790E+00   -8.41841025E-01
   1.00438528E-01    1.44902970E+00   -1.12682056E+00
   1.01379716E-01    1.44783561E+00   -1.40980030E+00
   1.02329724E-01    1.44636249E+00   -1.69067511E+00
   1.03288634E-01    1.44460729E+00   -1.96934012E+00
   1.04256530E-01    1.44256704E+00   -2.24569096E+00
   1.05233496E-01    1.44023885E+00   -2.51962331E+00
   1.06219617E-01    1.43761996E+00   -2.79103344E+00
   1.07214979E-01    1.43470767E+00   -3.05981827E+00
   1.08219668E-01    1.43149941E+00   -3.32587497E+00
   1.09233772E-01    1.42799271E+00   -3.58910171E+00
   1.10257379E-01    1.42418520E+00   -3.84939716E+00
   1.11290577E-01    1.42007464E+00   -4.10666082E+00
   1.12333458E-01    1.41565888E+00   -4.36079329E+00
   1.13386111E-01    1.41093593E+00   -4.61169577E+00
   1.14448628E-01    1.40590389E+00   -4.85927072E+00
   1.15521103E-01    1.40056101E+00   -5.10342172E+00
   1.16603626E-01    1.39490567E+00   -5.34405340E+00
   1.17696295E-01    1.38893637E+00   -5.58107172E+00
   1.18799202E-01    1.38265176E+00   -5.81438378E+00
   1.19912444E-01    1.37605063E+00   -6.04389844E+00
   1.21036118E-01    1.36913192E+00   -6.26952587E+00
   1.22170322E-01    1.36189473E+00   -6.49117744E+00
   1.23315155E-01    1.35433828E+00   -6.70876654E+00
   1.24470715E-01    1.34646198E+00   -6.92220822E+00
   1.25637104E-01    1.33826538E+00   -7.13141912E+00
   1.26814423E-01    1.32974819E+00   -7.33631779E+00
   1.28002774E-01    1.32091032E+00   -7.53682458E+00
   1.29202261E-01    1.31175179E+00   -7.73286205E+00
   1.30412989E-01    1.30227283E+00   -7.92435470E+00
   1.31635061E-01    1.29247386E+00   -8.11122884E+00
   1.32868586E-01    1.28235543E+00   -8.29341351E+00
   1.34113669E-01    1.27191831E+00   -8.47083948E+00
   1.35370420E-01    1.26116344E+00   -8.64344019E+00
   1.36638948E-01    1.25009194E+00   -8.81115125E+00
   1.37919363E-01    1.23870511E+00   -8.97391091E+00
   1.39211776E-01    1.22700448E+00   -9.13165975E+00
   1.40516301E-01    1.21499170E+00   -9.28434108E+00
   1.41833049E-01    1.20266870E+00   -9.43190074E+00
   1.43162137E-01    1.19003753E+00   -9.57428737E+00
   1.44503679E-01    1.17710049E+00   -9.71145234E+00
   1.45857793E-01    1.16386003E+00   -9.84334979E+00
   1.47224596E-01    1.15031887E+00   -9.96993686E+00
   1.48604206E-01    1.13647986E+00   -1.00911735E+01
   1.49996745E-01    1.12234609E+00   -1.02070228E+01
   1.51402333E-01    1.10792086E+00   -1.03174507E+01
   1.52821093E-01    1.09320765E+00   -1.04224264E+01
   1.54253147E-01    1.07821016E+00   -1.05219221E+01
   1.55698621E-01    1.06293230E+00   -1.06159134E+01
   1.57157640E-01    1.04737818E+00   -1.07043789E+01
   1.58630331E-01    1.03155208E+00   -1.07873005E+01
   1.60116822E-01    1.01545859E+00   -1.08646634E+01
   1.61617243E-01    9.99102365E-01   -1.09364562E+01
   1.63131725E-01    9.82488400E-01   -1.10026709E+01
   1.64660398E-01    9.65621772E-01   -1.10633024E+01
   1.66203396E-01    9.48507869E-01   -1.11183497E+01
   1.67760853E-01    9.31152210E-01   -1.11678148E+01
   1.69332904E-01    9.13560560E-01   -1.12117033E+01
   1.70919687E-01    8.95738819E-01   -1.12500238E+01
   1.72521340E-01    8.77693174E-01   -1.12827890E+01
   1.74138001E-01    8.59429941E-01   -1.13100145E+01
   1.75769812E-01    8.40955651E-01   -1.13317197E+01
   1.77416914E-01    8.22277042E-01   -1.13479273E+01
   1.79079450E-01    8.03400998E-01   -1.13586632E+01
   1.80757566E-01    7.84334637E-01   -1.13639571E+01
   1.82451407E-01    7.65085228E-01   -1.13638417E+01
   1.84161121E-01    7.45660280E-01   -1.13583540E+01
   1.85886856E-01    7.26067410E-01   -1.13475333E+01
   1.87628763E-01    7.06314299E-01   -1.13314209E+01
   1.89386993E-01    6.86409068E-01   -1.13100649E+01
   1.91161698E-01    6.66359866E-01   -1.12835146E+01
   1.92953034E-01    6.46174989E-01   -1.12518229E+01
   1.94761157E-01    6.25862851E-01   -1.12150448E+01
   1.96586222E-01    6.05432093E-01   -1.11732396E+01
   1.98428391E-01    5.84891497E-01   -1.11264698E+01
   2.00287821E-01    5.64249960E-01   -1.10748003E+01
   2.02164676E-01    5.43516520E-01   -1.10182991E+01
   2.04059119E-01    5.22700355E-01   -1.09570373E+01
   2.05971314E-01    5.01810774E-01   -1.08910889E+01
   2.07901428E-01    4.80857194E-01   -1.08205305E+01
   2.09849629E-01    4.59849159E-01   -1.07454417E+01
   2.11816085E-01    4.38796322E-01   -1.06659045E+01
   2.13800969E-01    4.17708434E-01   -1.05820039E+01
   2.15804453E-01    3.96595296E-01   -1.04938265E+01
   2.17826712E-01    3.75466929E-01   -1.04014632E+01
   2.19867920E-01    3.54333265E-01   -1.03050050E+01
   2.21928256E-01    3.33204489E-01   -1.02045478E+01
   2.24007899E-01    3.12090670E-01   -1.01001868E+01
   2.26107030E-01    2.91002109E-01   -9.99202228E+00
   2.28225831E-01    2.69949042E-01   -9.88015454E+00
   2.30364488E-01    2.48941838E-01   -9.76468742E+00
   2.32523185E-01    2.27990832E-01   -9.64572544E+00
   2.34702111E-01    2.07106373E-01   -9.52337470E+00
   2.36901455E-01    1.86299005E-01   -9.39774605E+00
   2.39121408E-01    1.65579029E-01   -9.26894750E+00
   2.41362165E-01    1.44956973E-01   -9.13709263E+00
   2.43623919E-01    1.24443243E-01   -9.00229434E+00
   2.45906867E-01    1.04048304E-01   -8.86466829E+00
   2.48211209E-01    8.37825979E-02   -8.72433133E+00
   2.50537144E-01    6.36563155E-02   -8.58139740E+00
   2.52884875E-01    4.36799296E-02   -8.43598758E+00
   2.55254606E-01    2.38638171E-02   -8.28822308E+00
   2.57646543E-01    4.21812158E-03   -8.13822269E+00
   2.60060895E-01   -1.52467725E-02   -7.98611203E+00
   2.62497871E-01   -3.45208468E-02   -7.83201156E+00
   2.64957683E-01   -5.35943748E-02   -7.67603822E+00
   2.67440546E-01   -7.24573816E-02   -7.51831643E+00
   2.69946675E-01   -9.10996524E-02   -7.35897799E+00
   2.72476289E-01   -1.09511426E-01   -7.19814781E+00
   2.75029607E-01   -1.27683430E-01   -7.03594334E+00
   2.77606851E-01   -1.45606218E-01   -6.87248869E+00
   2.80208247E-01   -1.63270171E-01   -6.70791464E+00
   2.82834019E-01   -1.80666085E-01   -6.54234595E+00
   2.85484397E-01   -1.97785068E-01   -6.37590365E+00
   2.88159612E-01   -2.14618139E-01   -6.20871432E+00
   2.90859895E-01   -2.31156627E-01   -6.04090078E+00
   2.93585482E-01   -2.47392004E-01   -5.87258627E+00
   2.96336609E-01   -2.63315900E-01   -5.70389411E+00
   2.99113517E-01   -2.78920195E-01   -5.53494562E+00
   3.01916447E-01   -2.94196942E-01   -5.36586203E+00
   3.04745643E-01   -3.09138428E-01   -5.19676315E+00
   3.07601350E-01   -3.23737150E-01   -5.02776784E+00
   3.10483818E-01   -3.37985831E-01   -4.85899408E+00
   3.13393296E-01   -3.51877466E-01   -4.69055733E+00
   3.16330039E-01   -3.65405254E-01   -4.52257296E+00
   3.19294301E-01   -3.78562671E-01   -4.35515390E+00
   3.22286341E-01   -3.91343444E-01   -4.18841182E+00
   3.25306419E-01   -4.03741573E-01   -4.02245626E+00
   3.28354797E-01   -4.15751322E-01   -3.85739531E+00
   3.31431740E-01   -4.27367245E-01   -3.69333453E+00
   3.34537518E-01   -4.38584176E-01   -3.53037768E+00
   3.37672398E-01   -4.49397232E-01   -3.36862664E+00
   3.40836655E-01   -4.59801835E-01   -3.20818069E+00
   3.44030564E-01   -4.69793704E-01   -3.04913687E+00
   3.47254402E-01   -4.79368865E-01   -2.89158978E+00
   3.50508450E-01   -4.88523652E-01   -2.73563163E+00
   3.53792991E-01   -4.97254712E-01   -2.58135209E+00
   3.57108311E-01   -5.05559011E-01   -2.42883820E+00
   3.60454698E-01   -5.13433834E-01   -2.27817443E+00
   3.63832443E-01   -5.20876792E-01   -2.12944236E+00
   3.67241840E-01   -5.27885820E-01   -1.98272101E+00
   3.70683186E-01   -5.34459185E-01   -1.83808655E+00
   3.74156781E-01   -5.40595483E-01   -1.69561225E+00
   3.77662925E-01   -5.46293642E-01   -1.55536839E+00
   3.81201925E-01   -5.51552929E-01   -1.41742262E+00
   3.84774088E-01   -5.56372942E-01   -1.28183933E+00
   3.88379725E-01   -5.60753617E-01   -1.14868003E+00
   3.92019150E-01   -5.64695226E-01   -1.01800315E+00
   3.95692679E-01   -5.68198378E-01   -8.89864081E-01
   3.99400632E-01   -5.71264017E-01   -7.64315046E-01
   4.03143331E-01   -5.73893423E-01   -6.41405202E-01
   4.06921102E-01   -5.76088211E-01   -5.21180527E-01
   4.10734275E-01   -5.77850321E-01   -4.03683740E-01
   4.14583179E-01   -5.79182033E-01   -2.88954483E-01
   4.18468151E-01   -5.80085949E-01   -1.77029081E-01
   4.22389528E-01   -5.80564993E-01   -6.79406546E-02
   4.26347651E-01   -5.80622414E-01    3.82809250E-02
   4.30342866E-01   -5.80261776E-01    1.41609045E-01
   4.34375518E-01   -5.79486956E-01    2.42020350E-01
   4.38445960E-01   -5.78302137E-01    3.39494740E-01
   4.42554545E-01   -5.76711806E-01    4.34015367E-01
   4.46701630E-01   -5.74720744E-01    5.25568620E-01
   4.50887577E-01   -5.72334027E-01    6.14144106E-01
   4.55112750E-01   -5.69557012E-01    6.99734634E-01
   4.59377516E-01   -5.66395333E-01    7.82336186E-01
   4.63682246E-01   -5.62854895E-01    8.61947884E-01
   4.68027315E-01   -5.58941865E-01    9.38571949E-01
   4.72413100E-01   -5.54662660E-01    1.01221366E+00
   4.76839984E-01   -5.50023951E-01    1.08288130E+00
   4.81308351E-01   -5.45032638E-01    1.15058611E+00
   4.85818591E-01   -5.39695855E-01    1.21534224E+00
   4.90371095E-01   -5.34020949E-01    1.27716663E+00
   4.94966259E-01   -5.28015481E-01    1.33607900E+00
   4.99604484E-01   -5.21687210E-01    1.39210177E+00
   5.04286172E-01   -5.15044082E-01    1.44525993E+00
   5.09011732E-01   -5.08094226E-01    1.49558101E+00
   5.13781574E-01   -5.00845940E-01    1.54309499E+00
   5.18596113E-01   -4.93307673E-01    1.58783414E+00
   5.23455768E-01   -4.85488036E-01    1.62983304E+00
   5.28360962E-01   -4.77395766E-01    1.66912840E+00
   5.33312122E-01   -4.69039731E-01    1.70575897E+00
   5.38309678E-01   -4.60428915E-01    1.73976546E+00
   5.43354064E-01   -4.51572406E-01    1.77119043E+00
   5.48445721E-01   -4.42479388E-01    1.80007818E+00
   5.53585091E-01   -4.33159128E-01    1.82647466E+00
   5.58772620E-01   -4.23620968E-01    1.85042735E+00
   5.64008761E-01   -4.13874307E-01    1.87198511E+00
   5.69293968E-01   -4.03928604E-01    1.89119820E+00
   5.74628702E-01   -3.93793356E-01    1.90811803E+00
   5.80013427E-01   -3.83478089E-01    1.92279712E+00
   5.85448611E-01   -3.72992355E-01    1.93528902E+00
   5.90934727E-01   -3.62345712E-01    1.94564815E+00
   5.96472252E-01   -3.51547726E-01    1.95392974E+00
   6.02061668E-01   -3.40607949E-01    1.96018970E+00
   6.07703461E-01   -3.29535919E-01    1.96448455E+00
   6.13398123E-01   -3.18341146E-01    1.96687130E+00
   6.19146147E-01   -3.07033106E-01    1.96740738E+00
   6.24948036E-01   -2.95621227E-01    1.96615051E+00
   6.30804292E-01   -2.84114887E-01    1.96315866E+00
   6.36715427E-01   -2.72523401E-01    1.95848991E+00
   6.42681953E-01   -2.60856015E-01    1.95220243E+00
   6.48704391E-01   -2.49121898E-01    1.94435434E+00
   6.54783263E-01   -2.37330136E-01    1.93500368E+00
   6.60919099E-01   -2.25489717E-01    1.92420829E+00
   6.67112433E-01   -2.13609534E-01    1.91202578E+00
   6.73363804E-01   -2.01698378E-01    1.89851347E+00
   6.79673754E-01   -1.89764914E-01    1.88372824E+00
   6.86042834E-01   -1.77817708E-01    1.86772663E+00
   6.92471597E-01   -1.65865185E-01    1.85056460E+00
   6.98960603E-01   -1.53915630E-01    1.83229747E+00
   7.05510416E-01   -1.41977230E-01    1.81298026E+00
   7.12121606E-01   -1.30057998E-01    1.79266709E+00
   7.18794748E-01   -1.18165790E-01    1.77141126E+00
   7.25530422E-01   -1.06308366E-01    1.74926583E+00
   7.32329215E-01   -9.44932490E-02    1.72628235E+00
   7.39191718E-01   -8.27278855E-02    1.70251230E+00
   7.46118528E-01   -7.10195111E-02    1.67800587E+00
   7.53110248E-01   -5.93751792E-02    1.65281224E+00
   7.60167486E-01   -4.78018305E-02    1.62698020E+00
   7.67290856E-01   -3.63061626E-02    1.60055693E+00
   7.74480977E-01   -2.48947528E-02    1.57358923E+00
   7.81738475E-01   -1.35739834E-02    1.54612270E+00
   7.89063982E-01   -2.35000819E-03    1.51820149E+00
   7.96458135E-01    8.77113562E-03    1.48986941E+00
   8.03921577E-01    1.97836361E-02    1.46116878E+00
   8.11454957E-01    3.06818596E-02    1.43214098E+00
   8.19058930E-01    4.14603603E-02    1.40282633E+00
   8.26734159E-01    5.21139031E-02    1.37326381E+00
   8.34481311E-01    6.26374065E-02    1.34349176E+00
   8.42301060E-01    7.30260036E-02    1.31354712E+00
   8.50194086E-01    8.32750467E-02    1.28346545E+00
   8.58161076E-01    9.33800410E-02    1.25328164E+00
   8.66202723E-01    1.03336694E-01    1.22302934E+00
   8.74319727E-01    1.13140926E-01    1.19274087E+00
   8.82512793E-01    1.22788834E-01    1.16244761E+00
   8.90782635E-01    1.32276712E-01    1.13217976E+00
   8.99129972E-01    1.41601054E-01    1.10196632E+00
   9.07555530E-01    1.50758535E-01    1.07183528E+00
   9.16060042E-01    1.59746026E-01    1.04181345E+00
   9.24644248E-01    1.68560585E-01    1.01192658E+00
   9.33308895E-01    1.77199459E-01    9.82199269E-01
   9.42054736E-01    1.85660081E-01    9.52655078E-01
   9.50882533E-01    1.93940068E-01    9.23316472E-01
   9.59793053E-01    2.02037220E-01    8.94204865E-01
   9.68787072E-01    2.09949519E-01    8.65340615E-01
   9.77865372E-01    2.17675121E-01    8.36743066E-01
   9.87028743E-01    2.25212363E-01    8.08430537E-01
   9.96277982E-01    2.32559753E-01    7.80420358E-01
   1.00561389E+00    2.39715971E-01    7.52728877E-01
   1.01503729E+00    2.46679865E-01    7.25371477E-01
   1.02454899E+00    2.53450450E-01    6.98362622E-01
   1.03414982E+00    2.60026904E-01    6.71715843E-01
   1.04384062E+00    2.66408564E-01    6.45443775E-01
   1.05362224E+00    2.72594926E-01    6.19558176E-01
   1.06349551E+00    2.78585640E-01    5.94069951E-01
   1.07346130E+00    2.84380506E-01    5.68989169E-01
   1.08352048E+00    2.89979475E-01    5.44325085E-01
   1.09367392E+00    2.95382640E-01    5.20086165E-01
   1.10392251E+00    3.00590237E-01    4.96280105E-01
   1.11426714E+00    3.05602642E-01    4.72913851E-01
   1.12470870E+00    3.10420363E-01    4.49993625E-01
   1.13524811E+00    3.15044044E-01    4.27524942E-01
   1.14588628E+00    3.19474453E-01    4.05512633E-01
   1.15662414E+00    3.23712487E-01    3.83960867E-01
   1.16746262E+00    3.27759163E-01    3.62873169E-01
   1.17840267E+00    3.31615614E-01    3.42252442E-01
   1.18944523E+00    3.35283091E-01    3.22100989E-01
   1.20059127E+00    3.38762954E-01    3.02420530E-01
   1.21184176E+00    3.42056670E-01    2.83212224E-01
   1.22319768E+00    3.45165811E-01    2.64476688E-01
   1.23466000E+00    3.48092049E-01    2.46214017E-01
   1.24622974E+00    3.50837152E-01    2.28423801E-01
   1.25790790E+00    3.53402980E-01    2.11105149E-01
   1.26969549E+00    3.55791485E-01    1.94256703E-01
   1.28159354E+00    3.58004700E-01    1.77876658E-01
   1.29360308E+00    3.60044745E-01    1.61962783E-01
   1.30572517E+00    3.61913813E-01    1.46512436E-01
   1.31796084E+00    3.63614176E-01    1.31522583E-01
   1.33031118E+00    3.65148174E-01    1.16989819E-01
   1.34277724E+00    3.66518214E-01    1.02910383E-01
   1.35536013E+00    3.67726767E-01    8.92801746E-02
   1.36806092E+00    3.68776365E-01    7.60947755E-02
   1.38088073E+00    3.69669595E-01    6.33494629E-02
   1.39382068E+00    3.70409097E-01    5.10392298E-02
   1.40688188E+00    3.70997558E-01    3.91587989E-02
   1.42006547E+00    3.71437715E-01    2.77026420E-02
   1.43337260E+00    3.71732343E-01    1.66649945E-02
   1.44680444E+00    3.71884258E-01    6.03987273E-03
   1.46036214E+00    3.71896310E-01   -4.17891062E-03
   1.47404688E+00    3.71771382E-01   -1.39977304E-02
   1.48785987E+00    3.71512385E-01   -2.34231350E-02
   1.50180229E+00    3.71122255E-01   -3.24618287E-02
   1.51587536E+00    3.70603953E-01   -4.11206604E-02
   1.53008031E+00    3.69960457E-01   -4.94066059E-02
   1.54441837E+00    3.69194761E-01   -5.73267578E-02
   1.55889079E+00    3.68309874E-01   -6.48883077E-02
   1.57349883E+00    3.67308815E-01   -7.20985373E-02
   1.58824376E+00    3.66194609E-01   -7.89647995E-02
   1.60312686E+00    3.64970289E-01   -8.54945148E-02
   1.61814942E+00    3.63638887E-01   -9.16951523E-02
   1.63331276E+00    3.62203439E-01   -9.75742223E-02
   1.64861819E+00    3.60666974E-01   -1.03139263E-01
   1.66406704E+00    3.59032518E-01   -1.08397830E-01
   1.67966067E+00    3.57303090E-01   -1.13357487E-01
   1.69540041E+00    3.55481698E-01   -1.18025800E-01
   1.71128765E+00    3.53571340E-01   -1.22410320E-01
   1.72732377E+00    3.51574999E-01   -1.26518583E-01
   1.74351016E+00    3.49495640E-01   -1.30358096E-01
   1.75984823E+00    3.47336214E-01   -1.33936329E-01
   1.77633939E+00    3.45099649E-01   -1.37260716E-01
   1.79298510E+00    3.42788855E-01   -1.40338636E-01
   1.80978678E+00    3.40406714E-01   -1.43177418E-01
   1.82674591E+00    3.37956087E-01   -1.45784325E-01
   1.84386397E+00    3.35439807E-01   -1.48166558E-01
   1.86114243E+00    3.32860678E-01   -1.50331245E-01
   1.87858280E+00    3.30221477E-01   -1.52285437E-01
   1.89618661E+00    3.27524947E-01   -1.54036104E-01
   1.91395537E+00    3.24773801E-01   -1.55590133E-01
   1.93189065E+00    3.21970719E-01   -1.56954322E-01
   1.94999399E+00    3.19118342E-01   -1.58135377E-01
   1.96826697E+00    3.16219281E-01   -1.59139910E-01
   1.98671119E+00    3.13276106E-01   -1.59974434E-01
   2.00532824E+00    3.10291350E-01   -1.60645367E-01
   2.02411975E+00    3.07267506E-01   -1.61159019E-01
   2.04308735E+00    3.04207028E-01   -1.61521598E-01
   2.06223269E+00    3.01112329E-01   -1.61739208E-01
   2.08155744E+00    2.97985780E-01   -1.61817845E-01
   2.10106328E+00    2.94829707E-01   -1.61763390E-01
   2.12075190E+00    2.91646397E-01   -1.61581624E-01
   2.14062502E+00    2.88438088E-01   -1.61278210E-01
   2.16068437E+00    2.85206978E-01   -1.60858699E-01
   2.18093169E+00    2.81955213E-01   -1.60328530E-01
   2.20136874E+00    2.78684900E-01   -1.59693028E-01
   2.22199730E+00    2.75398094E-01   -1.58957400E-01
   2.24281917E+00    2.72096804E-01   -1.58126742E-01
   2.26383616E+00    2.68782994E-01   -1.57206030E-01
   2.28505009E+00    2.65458575E-01   -1.56200124E-01
   2.30646282E+00    2.62125415E-01   -1.55113767E-01
   2.32807619E+00    2.58785329E-01   -1.53951584E-01
   2.34989211E+00    2.55440085E-01   -1.52718082E-01
   2.37191245E+00    2.52091401E-01   -1.51417650E-01
   2.39413914E+00    2.48740948E-01   -1.50054555E-01
   2.41657412E+00    2.45390344E-01   -1.48632949E-01
   2.43921933E+00    2.42041159E-01   -1.47156861E-01
   2.46207674E+00    2.38694917E-01   -1.45630203E-01
   2.48514834E+00    2.35353087E-01   -1.44056765E-01
   2.50843614E+00    2.32017094E-01   -1.42440219E-01
   2.53194217E+00    2.28688311E-01   -1.40784119E-01
   2.55566847E+00    2.25368063E-01   -1.39091890E-01
   2.57961710E+00    2.22057628E-01   -1.37366853E-01
   2.60379015E+00    2.18758237E-01   -1.35612197E-01
   2.62818972E+00    2.15471070E-01   -1.33831000E-01
   2.65281793E+00    2.12197265E-01   -1.32026219E-01
   2.67767693E+00    2.08937911E-01   -1.30200694E-01
   2.70276888E+00    2.05694052E-01   -1.28357152E-01
   2.72809596E+00    2.02466688E-01   -1.26498201E-01
   2.75366037E+00    1.99256775E-01   -1.24626339E-01
   2.77946434E+00    1.96065224E-01   -1.22743949E-01
   2.80551012E+00    1.92892907E-01   -1.20853304E-01
   2.83179997E+00    1.89740653E-01   -1.18956570E-01
   2.85833617E+00    1.86609249E-01   -1.17055804E-01
   2.88512104E+00    1.83499446E-01   -1.15152959E-01
   2.91215690E+00    1.80411953E-01   -1.13249886E-01
   2.93944611E+00    1.77347445E-01   -1.11348334E-01
   2.96699104E+00    1.74306558E-01   -1.09449956E-01
   2.99479409E+00    1.71289894E-01   -1.07556310E-01
   3.02285767E+00    1.68298020E-01   -1.05668862E-01
   3.05118424E+00    1.65331470E-01   -1.03788983E-01
   3.07977624E+00    1.62390747E-01   -1.01917966E-01
   3.10863618E+00    1.59476322E-01   -1.00057017E-01
   3.13776656E+00    1.56588636E-01   -9.82072607E-02
   3.16716991E+00    1.53728101E-01   -9.63697451E-02
   3.19684879E+00    1.50895102E-01   -9.45454440E-02
   3.22680579E+00    1.48089997E-01   -9.27352601E-02
   3.25704351E+00    1.45313117E-01   -9.09400281E-02
   3.28756458E+00    1.42564769E-01   -8.91605177E-02
   3.31837165E+00    1.39845237E-01   -8.73974369E-02
   3.34946742E+00    1.37154781E-01   -8.56514347E-02
   3.38085457E+00    1.34493639E-01   -8.39231041E-02
   3.41253585E+00    1.31862028E-01   -8.22129851E-02
   3.44451400E+00    1.29260145E-01   -8.05215676E-02
   3.47679182E+00    1.26688168E-01   -7.88492939E-02
   3.50937211E+00    1.24146254E-01   -7.71965618E-02
   3.54225769E+00    1.21634544E-01   -7.55637260E-02
   3.57545145E+00    1.19153163E-01   -7.39511016E-02
   3.60895625E+00    1.16702217E-01   -7.23589660E-02
   3.64277502E+00    1.14281798E-01   -7.07875614E-02
   3.67691070E+00    1.11891980E-01   -6.92370969E-02
   3.71136626E+00    1.09532826E-01   -6.77077502E-02
   3.74614469E+00    1.07204384E-01   -6.61996701E-02
   3.78124902E+00    1.04906687E-01   -6.47129780E-02
   3.81668231E+00    1.02639755E-01   -6.32477697E-02
   3.85244764E+00    1.00403599E-01   -6.18041173E-02
   3.88854812E+00    9.81982141E-02   -6.03820703E-02
   3.92498688E+00    9.60235860E-02   -5.89816576E-02
   3.96176711E+00    9.38796887E-02   -5.76028886E-02
   3.99889200E+00    9.17664858E-02   -5.62457545E-02
   4.03636477E+00    8.96839305E-02   -5.49102296E-02
   4.07418870E+00    8.76319661E-02   -5.35962727E-02
   4.11236706E+00    8.56105264E-02   -5.23038277E-02
   4.15090319E+00    8.36195360E-02   -5.10328251E-02
   4.18980043E+00    8.16589106E-02   -4.97831827E-02
   4.22906217E+00    7.97285572E-02   -4.85548066E-02
   4.26869182E+00    7.78283748E-02   -4.73475919E-02
   4.30869284E+00    7.59582539E-02   -4.61614237E-02
   4.34906869E+00    7.41180776E-02   -4.49961778E-02
   4.38982290E+00    7.23077213E-02   -4.38517212E-02
   4.43095901E+00    7.05270532E-02   -4.27279131E-02
   4.47248059E+00    6.87759344E-02   -4.16246049E-02
   4.51439127E+00    6.70542190E-02   -4.05416417E-02
   4.55669468E+00    6.53617547E-02   -3.94788619E-02
   4.59939451E+00    6.36983825E-02   -3.84360983E-02
   4.64249447E+00    6.20639374E-02   -3.74131784E-02
   4.68599831E+00    6.04582481E-02   -3.64099246E-02
   4.72990981E+00    5.88811374E-02   -3.54261549E-02
   4.77423280E+00    5.73324226E-02   -3.44616835E-02
   4.81897113E+00    5.58119151E-02   -3.35163204E-02
   4.86412870E+00    5.43194211E-02   -3.25898725E-02
   4.90970942E+00    5.28547413E-02   -3.16821436E-02
   4.95571728E+00    5.14176715E-02   -3.07929345E-02
   5.00215626E+00    5.00080025E-02   -2.99220437E-02
   5.04903042E+00    4.86255201E-02   -2.90692673E-02
   5.09634382E+00    4.72700052E-02   -2.82343996E-02
   5.14410059E+00    4.59412346E-02   -2.74172327E-02
   5.19230487E+00    4.46389802E-02   -2.66175575E-02
   5.24096087E+00    4.33630097E-02   -2.58351634E-02
   5.29007281E+00    4.21130866E-02   -2.50698386E-02
   5.33964497E+00    4.08889701E-02   -2.43213701E-02
   5.38968166E+00    3.96904158E-02   -2.35895441E-02
   5.44018724E+00    3.85171749E-02   -2.28741463E-02
   5.49116609E+00    3.73689951E-02   -2.21749615E-02
   5.54262265E+00    3.62456205E-02   -2.14917741E-02
   5.59456140E+00    3.51467915E-02   -2.08243682E-02
   5.64698686E+00    3.40722450E-02   -2.01725275E-02
   5.69990359E+00    3.30217149E-02   -1.95360359E-02
   5.75331618E+00    3.19949313E-02   -1.89146769E-02
   5.80722930E+00    3.09916217E-02   -1.83082341E-02
   5.86164763E+00    3.00115103E-02   -1.77164913E-02
   5.91657589E+00    2.90543184E-02   -1.71392325E-02
   5.97201888E+00    2.81197648E-02   -1.65762431E-02
   6.02798141E+00    2.72075651E-02   -1.60273489E-02
   6.08446836E+00    2.63174331E-02   -1.54922016E-02
   6.14148464E+00    2.54490746E-02   -1.49707484E-02
   6.19903520E+00    2.46022030E-02   -1.44627401E-02
   6.25712505E+00    2.37765245E-02   -1.39678529E-02
   6.31575925E+00    2.29717433E-02   -1.34859555E-02
   6.37494291E+00    2.21875616E-02   -1.30168269E-02
   6.43468116E+00    2.14236797E-02   -1.25602544E-02
   6.49497920E+00    2.06797963E-02   -1.21160267E-02
   6.55584229E+00    1.99556083E-02   -1.16839328E-02
   6.61727570E+00    1.92508112E-02   -1.12637625E-02
   6.67928480E+00    1.85650991E-02   -1.08553067E-02
   6.74187498E+00    1.78981649E-02   -1.04583565E-02
   6.80505167E+00    1.72497005E-02   -1.00727043E-02
   6.86882038E+00    1.66193968E-02   -9.69814307E-03
   6.93318665E+00    1.60069437E-02   -9.33446659E-03
   6.99815608E+00    1.54120308E-02   -8.98146968E-03
   7.06373433E+00    1.48343469E-02   -8.63894796E-03
   7.12992710E+00    1.42735805E-02   -8.30669804E-03
   7.19674015E+00    1.37294198E-02   -7.98451752E-03
   7.26417929E+00    1.32015531E-02   -7.67220500E-03
   7.33225039E+00    1.26896687E-02   -7.36956010E-03
   7.40095936E+00    1.21934550E-02   -7.07638357E-03
   7.47031220E+00    1.17126009E-02   -6.79247727E-03
   7.54031492E+00    1.12467958E-02   -6.51764421E-03
   7.61097363E+00    1.07957299E-02   -6.25168862E-03
   7.68229446E+00    1.03590940E-02   -5.99441601E-03
   7.75428363E+00    9.93658007E-03   -5.74563314E-03
   7.82694739E+00    9.52788128E-03   -5.50514815E-03
   7.90029207E+00    9.13269205E-03   -5.27277057E-03
   7.97432404E+00    8.75070789E-03   -5.04831116E-03
   8.04904976E+00    8.38162722E-03   -4.83158292E-03
   8.12447571E+00    8.02514852E-03   -4.62239939E-03
   8.20060846E+00    7.68097326E-03   -4.42057634E-03
   8.27745464E+00    7.34880475E-03   -4.22593105E-03
   8.35502093E+00    7.02834852E-03   -4.03828253E-03
   8.43331407E+00    6.71931250E-03   -3.85745158E-03
   8.51234089E+00    6.42140706E-03   -3.68326075E-03
   8.59210824E+00    6.13434546E-03   -3.51553467E-03
   8.67262308E+00    5.85784344E-03   -3.35409969E-03
   8.75389241E+00    5.59161988E-03   -3.19878430E-03
   8.83592330E+00    5.33539669E-03   -3.04941903E-03
   8.91872287E+00    5.08889893E-03   -2.90583654E-03
   9.00229835E+00    4.85185501E-03   -2.76787165E-03
   9.08665700E+00    4.62399676E-03   -2.63536141E-03
   9.17180615E+00    4.40505957E-03   -2.50814520E-03
   9.25775322E+00    4.19478246E-03   -2.38606469E-03
   9.34450567E+00    3.99290820E-03   -2.26896397E-03
   9.43207107E+00    3.79918345E-03   -2.15668957E-03
   9.52045703E+00    3.61335879E-03   -2.04909049E-03
   9.60967123E+00    3.43518881E-03   -1.94601826E-03
   9.69972144E+00    3.26443229E-03   -1.84732704E-03
   9.79061549E+00    3.10085213E-03   -1.75287353E-03
   9.88236129E+00    2.94421549E-03   -1.66251711E-03
   9.97496682E+00    2.79429389E-03   -1.57611988E-03
   1.00684401E+01    2.65086320E-03   -1.49354659E-03
   1.01627894E+01    2.51370374E-03   -1.41466480E-03
   1.02580227E+01    2.38260027E-03   -1.33934480E-03
   1.03541485E+01    2.25734211E-03   -1.26745967E-03
   1.04511751E+01    2.13772308E-03   -1.19888533E-03
   1.05491108E+01    2.02354159E-03   -1.13350049E-03
   1.06479643E+01    1.91460069E-03   -1.07118673E-03
   1.07477442E+01    1.81070794E-03   -1.01182843E-03
   1.08484590E+01    1.71167559E-03   -9.55312858E-04
   1.09501176E+01    1.61732047E-03   -9.01530104E-04
   1.10527289E+01    1.52746406E-03   -8.50373117E-04
   1.11563017E+01    1.44193244E-03   -8.01737693E-04
   1.12608450E+01    1.36055624E-03   -7.55522436E-04
   1.13663680E+01    1.28317072E-03   -7.11628796E-04
   1.14728799E+01    1.20961567E-03   -6.69961007E-04
   1.15803898E+01    1.13973540E-03   -6.30426105E-04
   1.16889072E+01    1.07337871E-03   -5.92933873E-04
   1.17984415E+01    1.01039887E-03   -5.57396849E-04
   1.19090022E+01    9.50653514E-04   -5.23730270E-04
   1.20205990E+01    8.94004690E-04   -4.91852068E-04
   1.21332415E+01    8.40318730E-04   -4.61682816E-04
   1.22469396E+01    7.89466228E-04   -4.33145705E-04
   1.23617031E+01    7.41321981E-04   -4.06166506E-04
   1.24775420E+01    6.95764937E-04   -3.80673534E-04
   1.25944664E+01    6.52678104E-04   -3.56597596E-04
   1.27124865E+01    6.11948500E-04   -3.33871950E-04
   1.28316125E+01    5.73467112E-04   -3.12432287E-04
   1.29518549E+01    5.37128763E-04   -2.92216641E-04
   1.30732240E+01    5.02832083E-04   -2.73165371E-04
   1.31957304E+01    4.70479435E-04   -2.55221113E-04
   1.33193848E+01    4.39976816E-04   -2.38328717E-04
   1.34441980E+01    4.11233779E-04   -2.22435200E-04
   1.35701807E+01    3.84163375E-04   -2.07489702E-04
   1.36973441E+01    3.58682051E-04   -1.93443426E-04
   1.38256990E+01    3.34709539E-04   -1.80249567E-04
   1.39552567E+01    3.12168939E-04   -1.67863358E-04
   1.40860285E+01    2.90986321E-04   -1.56241828E-04
   1.42180257E+01    2.71090937E-04   -1.45343927E-04
   1.43512598E+01    2.52415010E-04   -1.35130394E-04
   1.44857425E+01    2.34893637E-04   -1.25563701E-04
   1.46214853E+01    2.18464759E-04   -1.16608023E-04
   1.47585002E+01    2.03069028E-04   -1.08229164E-04
   1.48967990E+01    1.88649758E-04   -1.00394522E-04
   1.50363937E+01    1.75152817E-04   -9.30730191E-05
   1.51772966E+01    1.62526563E-04   -8.62350621E-05
   1.53195199E+01    1.50721743E-04   -7.98524821E-05
   1.54630759E+01    1.39691444E-04   -7.38984984E-05
   1.56079771E+01    1.29390967E-04   -6.83476450E-05
   1.57542362E+01    1.19777788E-04   -6.31757405E-05
   1.59018658E+01    1.10811459E-04   -5.83598309E-05
   1.60508789E+01    1.02453537E-04   -5.38781437E-05
   1.62012883E+01    9.46675086E-05   -4.97100408E-05
   1.63531071E+01    8.74187236E-05   -4.58359768E-05
   1.65063487E+01    8.06743047E-05   -4.22374447E-05
   1.66610262E+01    7.44030904E-05   -3.88969396E-05
   1.68171532E+01    6.85755626E-05   -3.57979143E-05
   1.69747432E+01    6.31637804E-05   -3.29247384E-05
   1.71338099E+01    5.81413064E-05   -3.02626542E-05
   1.72943672E+01    5.34831512E-05   -2.77977414E-05
   1.74564291E+01    4.91657061E-05   -2.55168770E-05
   1.76200097E+01    4.51666795E-05   -2.34076966E-05
   1.77851231E+01    4.14650440E-05   -2.14585622E-05
   1.79517837E+01    3.80409746E-05   -1.96585245E-05
   1.81200061E+01    3.48757929E-05   -1.79972902E-05
   1.82898049E+01    3.19519135E-05   -1.64651889E-05
   1.84611948E+01    2.92527921E-05   -1.50531426E-05
   1.86341908E+01    2.67628738E-05   -1.37526348E-05
   1.88088078E+01    2.44675469E-05   -1.25556823E-05
   1.89850612E+01    2.23530910E-05   -1.14548057E-05
   1.91629662E+01    2.04066370E-05   -1.04430043E-05
   1.93425384E+01    1.86161181E-05   -9.51372855E-06
   1.95237932E+01    1.69702321E-05   -8.66085687E-06
   1.97067466E+01    1.54583982E-05   -7.87867083E-06
   1.98914144E+01    1.40707187E-05   -7.16183269E-06
   2.00778126E+01    1.27979439E-05   -6.50536488E-06
   2.02659576E+01    1.16314322E-05   -5.90462698E-06
   2.04558656E+01    1.05631192E-05   -5.35529781E-06
   2.06475532E+01    9.58548375E-06   -4.85335582E-06
   2.08410371E+01    8.69151799E-06   -4.39506175E-06
   2.10363341E+01    7.87469469E-06   -3.97694021E-06
   2.12334612E+01    7.12894222E-06   -3.59576513E-06
   2.14324355E+01    6.44861454E-06   -3.24854282E-06
   2.16332743E+01    5.82846716E-06   -2.93249825E-06
   2.18359952E+01    5.26363104E-06   -2.64506037E-06
   2.20406157E+01    4.74959148E-06   -2.38385012E-06
   2.22471537E+01    4.28216317E-06   -2.14666650E-06
   2.24556271E+01    3.85747123E-06   -1.93147585E-06
   2.26660540E+01    3.47193027E-06   -1.73640040E-06
   2.28784528E+01    3.12222555E-06   -1.55970706E-06
   2.30928420E+01    2.80529539E-06   -1.39980000E-06
   2.33092402E+01    2.51831432E-06   -1.25520348E-06
   2.35276662E+01    2.25867584E-06   -1.12457915E-06
   2.37481390E+01    2.02398317E-06   -1.00659761E-06
   2.39706778E+01    1.81204596E-06   -9.00131905E-07
   2.41953020E+01    1.62083171E-06   -8.04216339E-07
   2.44220311E+01    1.44846846E-06   -7.17870568E-07
   2.46508848E+01    1.29323880E-06   -6.40211754E-07
   2.48818831E+01    1.15356773E-06   -5.70428224E-07
   2.51150459E+01    1.02801200E-06   -5.07778517E-07
   2.53503938E+01    9.15250595E-07   -4.51585042E-07
   2.55879470E+01    8.14074846E-07   -4.01229032E-07
   2.58277262E+01    7.23382153E-07   -3.56147062E-07
   2.60697524E+01    6.42163456E-07   -3.15824424E-07
   2.63140466E+01    5.69500245E-07   -2.79793448E-07
   2.65606300E+01    5.04555004E-07   -2.47628448E-07
   2.68095241E+01    4.46565498E-07   -2.18942674E-07
   2.70607505E+01    3.94838745E-07   -1.93385115E-07
   2.73143311E+01    3.48744908E-07   -1.70637280E-07
   2.75702879E+01    3.07712600E-07   -1.50410717E-07
   2.78286433E+01    2.71223698E-07   -1.32444287E-07
   2.80894197E+01    2.38808876E-07   -1.16501829E-07
   2.83526397E+01    2.10043518E-07   -1.02370019E-07
   2.86183264E+01    1.84543971E-07   -8.98564136E-08
   2.88865027E+01    1.61963605E-07   -7.87874081E-08
   2.91571920E+01    1.41989932E-07   -6.90067358E-08
   2.94304179E+01    1.24341336E-07   -6.03737797E-08
   2.97062042E+01    1.08764418E-07   -5.27621979E-08
   2.99845748E+01    9.50313137E-08   -4.60585468E-08
   3.02655539E+01    8.29373595E-08   -4.01610780E-08
   3.05491661E+01    7.22991592E-08   -3.49787464E-08
   3.08354359E+01    6.29521080E-08   -3.04299485E-08
   3.11243883E+01    5.47490739E-08   -2.64418440E-08
   3.14160484E+01    4.75584407E-08   -2.29493619E-08
   3.17104416E+01    4.12627488E-08   -1.98945078E-08
   3.20075934E+01    3.57571780E-08   -1.72255960E-08
   3.23075299E+01    3.09483702E-08   -1.48966522E-08
   3.26102769E+01    2.67532430E-08   -1.28668149E-08
   3.29158610E+01    2.30980299E-08   -1.10998501E-08
   3.32243086E+01    1.99171496E-08   -9.56358396E-09
   3.35356466E+01    1.71525385E-08   -8.22956623E-09
   3.38499021E+01    1.47527447E-08   -7.07261634E-09
   3.41671024E+01    1.26723201E-08   -6.07051879E-09
   3.44872751E+01    1.08710546E-08   -5.20364118E-09
   3.48104482E+01    9.31354959E-09   -4.45472064E-09
   3.51366495E+01    7.96857329E-09   -3.80854349E-09
   3.54659077E+01    6.80866982E-09   -3.25175051E-09
   3.57982513E+01    5.80971539E-09   -2.77261681E-09
   3.61337091E+01    4.95054112E-09   -2.36086489E-09
   3.64723105E+01    4.21259814E-09   -2.00749901E-09
   3.68140849E+01    3.57965199E-09   -1.70465421E-09
   3.71590619E+01    3.03752824E-09   -1.44547077E-09
   3.75072717E+01    2.57384049E-09   -1.22396043E-09
   3.78587445E+01    2.17780584E-09   -1.03491552E-09
   3.82135108E+01    1.84003898E-09   -8.73807879E-10
   3.85716016E+01    1.55238641E-09   -7.36707561E-10
   3.89330479E+01    1.30776488E-09   -6.20203813E-10
   3.92978813E+01    1.10005074E-09   -5.21350821E-10
   3.96661335E+01    9.23935708E-10   -4.37597400E-10
   4.00378365E+01    7.74837302E-10   -3.66743280E-10
   4.04130227E+01    6.48801537E-10   -3.06891707E-10
   4.07917246E+01    5.42427312E-10   -2.56412652E-10
   4.11739753E+01    4.52784039E-10   -2.13902835E-10
   4.15598079E+01    3.77359635E-10   -1.78160453E-10
   4.19492562E+01    3.13998258E-10   -1.48155027E-10
   4.23423538E+01    2.60855608E-10   -1.23005761E-10
   4.27391351E+01    2.16355480E-10   -1.01960532E-10
   4.31396346E+01    1.79152516E-10   -8.43779147E-11
   4.35438870E+01    1.48101564E-10   -6.97123869E-11
   4.39519276E+01    1.22227626E-10   -5.74998624E-11
   4.43637919E+01    1.00704255E-10   -4.73472836E-11
   4.47795157E+01    8.28296989E-11   -3.89211610E-11
   4.51991351E+01    6.80107126E-11   -3.19397932E-11
   4.56226867E+01    5.57461614E-11   -2.61654017E-11
   4.60502073E+01    4.56132009E-11   -2.13975081E-11
   4.64817341E+01    3.72563342E-11   -1.74676925E-11
   4.69173047E+01    3.03761973E-11   -1.42342335E-11
   4.73569568E+01    2.47220574E-11   -1.15785197E-11
   4.78007289E+01    2.00836608E-11   -9.40116065E-12
   4.82486595E+01    1.62857521E-11   -7.61936985E-12
   4.87007876E+01    1.31814416E-11   -6.16380834E-12
   4.91571524E+01    1.06490166E-11   -4.97706280E-12
   4.96177937E+01    8.58681210E-12   -4.01120893E-12
   5.00827517E+01    6.91080741E-12   -3.22666714E-12
   5.05520666E+01    5.55117331E-12   -2.59056478E-12
   5.10257794E+01    4.45044199E-12   -2.07586662E-12
   5.15039312E+01    3.56095228E-12   -1.66016514E-12
   5.19865637E+01    2.84359113E-12   -1.32508374E-12
   5.24737189E+01    2.26622783E-12   -1.05553590E-12
   5.29654391E+01    1.80244174E-12   -8.39123892E-13
   5.34617671E+01    1.43064371E-12   -6.65723481E-13
   5.39627461E+01    1.13321963E-12   -5.27079564E-13
   5.44684196E+01    8.95762773E-13   -4.16444262E-13
   5.49788317E+01    7.06581494E-13   -3.28344687E-13
   5.54940268E+01    5.56176122E-13   -2.58336626E-13
   5.60140496E+01    4.36852428E-13   -2.02822594E-13
   5.65389455E+01    3.42389824E-13   -1.58895782E-13
   5.70687601E+01    2.67769740E-13   -1.24212397E-13
   5.76035394E+01    2.08952056E-13   -9.68866562E-14
   5.81433301E+01    1.62692875E-13   -7.54052644E-14
   5.86881790E+01    1.26391326E-13   -5.85555591E-14
   5.92381336E+01    9.79690792E-14   -4.53690353E-14
   5.97932417E+01    7.57631074E-14   -3.50711290E-14
   6.03535516E+01    5.84589317E-14   -2.70499410E-14
   6.09191120E+01    4.50011913E-14   -2.08144381E-14
   6.14899722E+01    3.45594351E-14   -1.59784368E-14
   6.20661818E+01    2.64782426E-14   -1.22373010E-14
   6.26477910E+01    2.02375577E-14   -9.34942928E-15
   6.32348502E+01    1.54319399E-14   -7.12656171E-15
   6.38274107E+01    1.17375327E-14   -5.41839065E-15
   6.44255240E+01    8.90620527E-15   -4.10981291E-15
   6.50292420E+01    6.74123293E-15   -3.10961268E-15
   6.56386174E+01    5.08913905E-15   -2.34666040E-15
   6.62537031E+01    3.83278585E-15   -1.76669474E-15
   6.68745526E+01    2.87921114E-15   -1.32667057E-15
   6.75012199E+01    2.15673765E-15   -9.93414579E-16
   6.81337597E+01    1.61206915E-15   -7.42272177E-16
   6.87722268E+01    1.20141406E-15   -5.52992626E-16
   6.94166769E+01    8.92964429E-16   -4.10874763E-16
   7.00671660E+01    6.61942339E-16   -3.04470790E-16
   7.07237507E+01    4.89564618E-16   -2.25106623E-16
   7.13864881E+01    3.60953366E-16   -1.65913847E-16
   7.20554358E+01    2.65349290E-16   -1.21928164E-16
   7.27306522E+01    1.94482817E-16   -8.93352301E-17
   7.34121958E+01    1.42350796E-16   -6.53674536E-17
   7.41001261E+01    1.03748062E-16   -4.76255836E-17
   7.47945028E+01    7.54638696E-17   -3.46306676E-17
   7.54953863E+01    5.46520333E-17   -2.50719678E-17
   7.62028377E+01    3.95106806E-17   -1.81200864E-17
   7.69169185E+01    2.84998519E-17   -1.30663901E-17
   7.76376908E+01    2.04259778E-17   -9.36176797E-18
   7.83652172E+01    1.46366714E-17   -6.70632338E-18
   7.90995612E+01    1.04853904E-17   -4.80288164E-18
   7.98407866E+01    7.42792411E-18   -3.40133225E-18
   8.05889578E+01    5.23338888E-18    0.00000000E+00
   8.13441400E+01    3.70862012E-18    0.00000000E+00
   8.21063988E+01    2.64867117E-18    0.00000000E+00
   8.28758006E+01    1.87193254E-18    0.00000000E+00
   8.36524123E+01    1.30903323E-18    0.00000000E+00
   8.44363015E+01    9.12926680E-19    0.00000000E+00
   8.52275363E+01    6.33887120E-19    0.00000000E+00
   8.60261856E+01    4.33573070E-19    0.00000000E+00
   8.68323189E+01    2.95512979E-19    0.00000000E+00
   8.76460063E+01    2.04531118E-19    0.00000000E+00
   8.84673186E+01    1.44531360E-19    0.00000000E+00
   8.92963273E+01    1.00905174E-19    0.00000000E+00
   9.01331044E+01    6.89048435E-20    0.00000000E+00
   9.09777227E+01    4.64340159E-20    0.00000000E+00
   9.18302559E+01    3.12662072E-20    0.00000000E+00
   9.26907779E+01    2.10398033E-20    0.00000000E+00
   9.35593637E+01    1.37330039E-20    0.00000000E+00
   9.44360888E+01    0.00000000E+00    0.00000000E+00
   9.53210295E+01    0.00000000E+00    0.00000000E+00
   9.62142628E+01    0.00000000E+00    0.00000000E+00
   9.71158665E+01    0.00000000E+00    0.00000000E+00
   9.80259188E+01    0.00000000E+00    0.00000000E+00
   9.89444991E+01    0.00000000E+00    0.00000000E+00
   9.98716872E+01    0.00000000E+00    0.00000000E+00
   1.00807564E+02    0.00000000E+00    0.00000000E+00
   1.01752210E+02    0.00000000E+00    0.00000000E+00
   1.02705709E+02    0.00000000E+00    0.00000000E+00
   1.03668142E+02    0.00000000E+00    0.00000000E+00
   1.04639595E+02    0.00000000E+00    0.00000000E+00
   1.05620150E+02    0.00000000E+00    0.00000000E+00
   1.06609895E+02    0.00000000E+00    0.00000000E+00
   1.07608914E+02    0.00000000E+00    0.00000000E+00
   1.08617294E+02    0.00000000E+00    0.00000000E+00
   1.09635124E+02    0.00000000E+00    0.00000000E+00
   1.10662492E+02    0.00000000E+00    0.00000000E+00
   1.11699487E+02    0.00000000E+00    0.00000000E+00
   1.12746199E+02    0.00000000E+00    0.00000000E+00
   1.13802720E+02    0.00000000E+00    0.00000000E+00
   1.14869141E+02    0.00000000E+00    0.00000000E+00
   1.15945556E+02    0.00000000E+00    0.00000000E+00
   1.17032057E+02    0.00000000E+00    0.00000000E+00
   1.18128740E+02    0.00000000E+00    0.00000000E+00
   1.19235700E+02    0.00000000E+00    0.00000000E+00
   1.20353032E+02    0.00000000E+00    0.00000000E+00
   1.21480835E+02    0.00000000E+00    0.00000000E+00
   1.22619207E+02    0.00000000E+00    0.00000000E+00
   1.23768245E+02    0.00000000E+00    0.00000000E+00
   1.24928052E+02    0.00000000E+00    0.00000000E+00
   1.26098726E+02    0.00000000E+00    0.00000000E+00
   1.27280371E+02    0.00000000E+00    0.00000000E+00
   1.28473088E+02    0.00000000E+00    0.00000000E+00
   1.29676983E+02    0.00000000E+00    0.00000000E+00
   1.30892158E+02    0.00000000E+00    0.00000000E+00
   1.32118721E+02    0.00000000E+00    0.00000000E+00
   1.33356778E+02    0.00000000E+00    0.00000000E+00
   1.34606436E+02    0.00000000E+00    0.00000000E+00
   1.35867805E+02    0.00000000E+00    0.00000000E+00
   1.37140994E+02    0.00000000E+00    0.00000000E+00
   1.38426113E+02    0.00000000E+00    0.00000000E+00
   1.39723275E+02    0.00000000E+00    0.00000000E+00
   1.41032592E+02    0.00000000E+00    0.00000000E+00
   1.42354179E+02    0.00000000E+00    0.00000000E+00
   1.43688150E+02    0.00000000E+00    0.00000000E+00
   1.45034622E+02    0.00000000E+00    0.00000000E+00
   1.46393711E+02    0.00000000E+00    0.00000000E+00
   1.47765535E+02    0.00000000E+00    0.00000000E+00
   1.49150215E+02    0.00000000E+00    0.00000000E+00
   1.50547870E+02    0.00000000E+00    0.00000000E+00
   1.51958623E+02    0.00000000E+00    0.00000000E+00
   1.53382595E+02    0.00000000E+00    0.00000000E+00
   1.54819911E+02    0.00000000E+00    0.00000000E+00
   1.56270696E+02    0.00000000E+00    0.00000000E+00
   1.57735076E+02    0.00000000E+00    0.00000000E+00
   1.59213178E+02    0.00000000E+00    0.00000000E+00
   1.60705131E+02    0.00000000E+00    0.00000000E+00
   1.62211065E+02    0.00000000E+00    0.00000000E+00
   1.63731111E+02    0.00000000E+00    0.00000000E+00
   1.65265401E+02    0.00000000E+00    0.00000000E+00
   1.66814068E+02    0.00000000E+00    0.00000000E+00
   1.68377248E+02    0.00000000E+00    0.00000000E+00
   1.69955076E+02    0.00000000E+00    0.00000000E+00
   1.71547689E+02    0.00000000E+00    0.00000000E+00
   1.73155226E+02    0.00000000E+00    0.00000000E+00
   1.74777828E+02    0.00000000E+00    0.00000000E+00
   1.76415634E+02    0.00000000E+00    0.00000000E+00
   1.78068788E+02    0.00000000E+00    0.00000000E+00
   1.79737433E+02    0.00000000E+00    0.00000000E+00
   1.81421714E+02    0.00000000E+00    0.00000000E+00
   1.83121779E+02    0.00000000E+00    0.00000000E+00
   1.84837775E+02    0.00000000E+00    0.00000000E+00
   1.86569851E+02    0.00000000E+00    0.00000000E+00
   1.88318158E+02    0.00000000E+00    0.00000000E+00
   1.90082848E+02    0.00000000E+00    0.00000000E+00
   1.91864074E+02    0.00000000E+00    0.00000000E+00
   1.93661992E+02    0.00000000E+00    0.00000000E+00
   1.95476758E+02    0.00000000E+00    0.00000000E+00
   1.97308529E+02    0.00000000E+00    0.00000000E+00
   1.99157466E+02    0.00000000E+00    0.00000000E+00
   2.01023729E+02    0.00000000E+00    0.00000000E+00
   2.02907480E+02    0.00000000E+00    0.00000000E+00
   2.04808883E+02    0.00000000E+00    0.00000000E+00
   2.06728104E+02    0.00000000E+00    0.00000000E+00
   2.08665310E+02    0.00000000E+00    0.00000000E+00
   2.10620668E+02    0.00000000E+00    0.00000000E+00
   2.12594350E+02    0.00000000E+00    0.00000000E+00
   2.14586527E+02    0.00000000E+00    0.00000000E+00
   2.16597373E+02    0.00000000E+00    0.00000000E+00
   2.18627061E+02    0.00000000E+00    0.00000000E+00
   2.20675769E+02    0.00000000E+00    0.00000000E+00
   2.22743676E+02    0.00000000E+00    0.00000000E+00
   2.24830960E+02    0.00000000E+00    0.00000000E+00
   2.26937803E+02    0.00000000E+00    0.00000000E+00
   2.29064390E+02    0.00000000E+00    0.00000000E+00
   2.31210904E+02    0.00000000E+00    0.00000000E+00
   2.33377533E+02    0.00000000E+00    0.00000000E+00
   2.35564465E+02    0.00000000E+00    0.00000000E+00
   2.37771890E+02    0.00000000E+00    0.00000000E+00
   2.40000000E+02    0.00000000E+00    0.00000000E+00
