# Peaks:     0.352413      2.280569    105.506619  
   3.60555118E-05    5.22806611E-06    1.08126539E-01
   3.69645045E-05    5.32561810E-06    1.07477931E-01
   3.78964138E-05    5.42546294E-06    1.06848564E-01
   3.88518173E-05    5.52747197E-06    1.06232616E-01
   3.98313074E-05    5.63148995E-06    1.05623945E-01
   4.08354914E-05    5.73737764E-06    1.05017345E-01
   4.18649918E-05    5.84517602E-06    1.04413030E-01
   4.29204468E-05    5.95498745E-06    1.03812828E-01
   4.40025108E-05    6.06692635E-06    1.03218698E-01
   4.51118547E-05    6.18108192E-06    1.02631757E-01
   4.62491661E-05    6.29748595E-06    1.02051563E-01
   4.74151502E-05    6.41616382E-06    1.01477519E-01
   4.86105299E-05    6.53714182E-06    1.00909063E-01
   4.98360461E-05    6.66046258E-06    1.00346050E-01
   5.10924588E-05    6.78618004E-06    9.97885891E-02
   5.23805468E-05    6.91435176E-06    9.92368236E-02
   5.37011086E-05    7.04503521E-06    9.86908565E-02
   5.50549631E-05    7.17828124E-06    9.81506224E-02
   5.64429494E-05    7.31414154E-06    9.76160474E-02
   5.78659282E-05    7.45267024E-06    9.70870802E-02
   5.93247816E-05    7.59392281E-06    9.65636795E-02
   6.08204140E-05    7.73795633E-06    9.60458167E-02
   6.23537527E-05    7.88483081E-06    9.55334892E-02
   6.39257483E-05    8.03460844E-06    9.50267044E-02
   6.55373754E-05    8.18734997E-06    9.45254238E-02
   6.71896330E-05    8.34311798E-06    9.40296156E-02
   6.88835456E-05    8.50197819E-06    9.35392724E-02
   7.06201633E-05    8.66399718E-06    9.30543769E-02
   7.24005627E-05    8.82924159E-06    9.25748914E-02
   7.42258476E-05    8.99778120E-06    9.21008006E-02
   7.60971496E-05    9.16968876E-06    9.16321067E-02
   7.80156289E-05    9.34503629E-06    9.11687776E-02
   7.99824748E-05    9.52389763E-06    9.07107832E-02
   8.19989067E-05    9.70635032E-06    9.02581189E-02
   8.40661748E-05    9.89247345E-06    8.98107752E-02
   8.61855605E-05    1.00823458E-05    8.93687136E-02
   8.83583779E-05    1.02760496E-05    8.89319160E-02
   9.05859741E-05    1.04736706E-05    8.85003848E-02
   9.28697300E-05    1.06752946E-05    8.80740910E-02
   9.52110615E-05    1.08810088E-05    8.76530023E-02
   9.76114201E-05    1.10909048E-05    8.72371128E-02
   1.00072294E-04    1.13050765E-05    8.68264153E-02
   1.02595209E-04    1.15236174E-05    8.64208701E-02
   1.05181729E-04    1.17466249E-05    8.60204567E-02
   1.07833457E-04    1.19742006E-05    8.56251765E-02
   1.10552038E-04    1.22064464E-05    8.52350005E-02
   1.13339156E-04    1.24434659E-05    8.48498937E-02
   1.16196541E-04    1.26853679E-05    8.44698485E-02
   1.19125963E-04    1.29322637E-05    8.40948565E-02
   1.22129238E-04    1.31842646E-05    8.37248751E-02
   1.25208229E-04    1.34414864E-05    8.33598819E-02
   1.28364844E-04    1.37040499E-05    8.29998765E-02
   1.31601040E-04    1.39720761E-05    8.26448260E-02
   1.34918823E-04    1.42456886E-05    8.22946930E-02
   1.38320251E-04    1.45250167E-05    8.19494685E-02
   1.41807432E-04    1.48101928E-05    8.16091395E-02
   1.45382528E-04    1.51013497E-05    8.12736597E-02
   1.49047756E-04    1.53986253E-05    8.09430047E-02
   1.52805387E-04    1.57021636E-05    8.06171717E-02
   1.56657752E-04    1.60121083E-05    8.02961210E-02
   1.60607238E-04    1.63286073E-05    7.99798127E-02
   1.64656295E-04    1.66518148E-05    7.96682368E-02
   1.68807432E-04    1.69818882E-05    7.93613732E-02
   1.73063223E-04    1.73189861E-05    7.90591706E-02
   1.77426306E-04    1.76632734E-05    7.87616035E-02
   1.81899387E-04    1.80149215E-05    7.84686656E-02
   1.86485238E-04    1.83741019E-05    7.81803079E-02
   1.91186703E-04    1.87409912E-05    7.78964886E-02
   1.96006696E-04    1.91157739E-05    7.76171973E-02
   2.00948205E-04    1.94986374E-05    7.73424033E-02
   2.06014295E-04    1.98897710E-05    7.70720508E-02
   2.11208105E-04    2.02893723E-05    7.68061144E-02
   2.16532856E-04    2.06976455E-05    7.65445816E-02
   2.21991849E-04    2.11147952E-05    7.62873935E-02
   2.27588468E-04    2.15410331E-05    7.60345075E-02
   2.33326183E-04    2.19765794E-05    7.57859124E-02
   2.39208551E-04    2.24216572E-05    7.55415646E-02
   2.45239219E-04    2.28764934E-05    7.53014047E-02
   2.51421926E-04    2.33413244E-05    7.50654084E-02
   2.57760504E-04    2.38163934E-05    7.48335543E-02
   2.64258884E-04    2.43019450E-05    7.46057744E-02
   2.70921094E-04    2.47982325E-05    7.43820263E-02
   2.77751265E-04    2.53055192E-05    7.41622970E-02
   2.84753630E-04    2.58240706E-05    7.39465290E-02
   2.91932532E-04    2.63541585E-05    7.37346609E-02
   2.99292420E-04    2.68960659E-05    7.35266702E-02
   3.06837858E-04    2.74500822E-05    7.33225239E-02
   3.14573523E-04    2.80164998E-05    7.31221470E-02
   3.22504212E-04    2.85956220E-05    7.29254980E-02
   3.30634840E-04    2.91877629E-05    7.27325610E-02
   3.38970449E-04    2.97932390E-05    7.25432654E-02
   3.47516206E-04    3.04123755E-05    7.23575489E-02
   3.56277410E-04    3.10455107E-05    7.21753907E-02
   3.65259492E-04    3.16929890E-05    7.19967460E-02
   3.74468021E-04    3.23551598E-05    7.18215346E-02
   3.83908705E-04    3.30323859E-05    7.16497161E-02
   3.93587397E-04    3.37250414E-05    7.14812708E-02
   4.03510098E-04    3.44335036E-05    7.13161182E-02
   4.13682960E-04    3.51581614E-05    7.11541946E-02
   4.24112288E-04    3.58994180E-05    7.09954803E-02
   4.34804550E-04    3.66576837E-05    7.08399216E-02
   4.45766374E-04    3.74333756E-05    7.06874339E-02
   4.57004555E-04    3.82269263E-05    7.05379769E-02
   4.68526061E-04    3.90387814E-05    7.03915290E-02
   4.80338035E-04    3.98693907E-05    7.02480023E-02
   4.92447799E-04    4.07192176E-05    7.01073304E-02
   5.04862862E-04    4.15887425E-05    6.99694941E-02
   5.17590920E-04    4.24784537E-05    6.98344373E-02
   5.30639864E-04    4.33888484E-05    6.97020696E-02
   5.44017785E-04    4.43204413E-05    6.95723476E-02
   5.57732974E-04    4.52737625E-05    6.94452526E-02
   5.71793937E-04    4.62493479E-05    6.93206944E-02
   5.86209389E-04    4.72477486E-05    6.91985996E-02
   6.00988268E-04    4.82695351E-05    6.90789464E-02
   6.16139736E-04    4.93152893E-05    6.89616881E-02
   6.31673187E-04    5.03856022E-05    6.88467269E-02
   6.47598250E-04    5.14810844E-05    6.87340098E-02
   6.63924799E-04    5.26023659E-05    6.86235248E-02
   6.80662955E-04    5.37500851E-05    6.85151909E-02
   6.97823096E-04    5.49248953E-05    6.84089207E-02
   7.15415859E-04    5.61274719E-05    6.83046804E-02
   7.33452152E-04    5.73585083E-05    6.82024496E-02
   7.51943157E-04    5.86187063E-05    6.81021277E-02
   7.70900337E-04    5.99087880E-05    6.80036416E-02
   7.90335445E-04    6.12294992E-05    6.79069734E-02
   8.10260530E-04    6.25816015E-05    6.78120834E-02
   8.30687945E-04    6.39658680E-05    6.77188660E-02
   8.51630354E-04    6.53830953E-05    6.76272588E-02
   8.73100740E-04    6.68341054E-05    6.75372537E-02
   8.95112415E-04    6.83197354E-05    6.74487972E-02
   9.17679024E-04    6.98408368E-05    6.73617840E-02
   9.40814558E-04    7.13982872E-05    6.72761574E-02
   9.64533360E-04    7.29929913E-05    6.71919146E-02
   9.88850135E-04    7.46258697E-05    6.71089986E-02
   1.01377996E-03    7.62978594E-05    6.70273015E-02
   1.03933829E-03    7.80099254E-05    6.69467644E-02
   1.06554096E-03    7.97630622E-05    6.68673857E-02
   1.09240423E-03    8.15582844E-05    6.67891296E-02
   1.11994475E-03    8.33966215E-05    6.67118798E-02
   1.14817959E-03    8.52791325E-05    6.66355609E-02
   1.17712625E-03    8.72069078E-05    6.65601545E-02
   1.20680269E-03    8.91810671E-05    6.64856744E-02
   1.23722730E-03    9.12027441E-05    6.64120216E-02
   1.26841894E-03    9.32730980E-05    6.63390861E-02
   1.30039695E-03    9.53933211E-05    6.62668090E-02
   1.33318116E-03    9.75646404E-05    6.61951895E-02
   1.36679188E-03    9.97883119E-05    6.61242308E-02
   1.40124997E-03    1.02065608E-04    6.60538237E-02
   1.43657677E-03    1.04397834E-04    6.59838771E-02
   1.47279419E-03    1.06786330E-04    6.59143521E-02
   1.50992469E-03    1.09232474E-04    6.58452564E-02
   1.54799129E-03    1.11737666E-04    6.57765230E-02
   1.58701757E-03    1.14303336E-04    6.57080544E-02
   1.62702775E-03    1.16930951E-04    6.56398016E-02
   1.66804662E-03    1.19622019E-04    6.55717640E-02
   1.71009961E-03    1.22378076E-04    6.55038854E-02
   1.75321280E-03    1.25200688E-04    6.54360721E-02
   1.79741291E-03    1.28091462E-04    6.53682770E-02
   1.84272735E-03    1.31052047E-04    6.53004970E-02
   1.88918420E-03    1.34084122E-04    6.52326681E-02
   1.93681228E-03    1.37189402E-04    6.51647041E-02
   1.98564110E-03    1.40369646E-04    6.50965654E-02
   2.03570094E-03    1.43626654E-04    6.50282456E-02
   2.08702284E-03    1.46962262E-04    6.49596685E-02
   2.13963861E-03    1.50378344E-04    6.48907584E-02
   2.19358087E-03    1.53876822E-04    6.48214862E-02
   2.24888306E-03    1.57459662E-04    6.47518340E-02
   2.30557948E-03    1.61128865E-04    6.46817162E-02
   2.36370526E-03    1.64886478E-04    6.46110700E-02
   2.42329645E-03    1.68734601E-04    6.45398774E-02
   2.48438999E-03    1.72675373E-04    6.44680989E-02
   2.54702375E-03    1.76710977E-04    6.43956492E-02
   2.61123657E-03    1.80843645E-04    6.43224795E-02
   2.67706825E-03    1.85075664E-04    6.42485763E-02
   2.74455961E-03    1.89409361E-04    6.41738746E-02
   2.81375248E-03    1.93847114E-04    6.40982995E-02
   2.88468978E-03    1.98391354E-04    6.40218166E-02
   2.95741547E-03    2.03044565E-04    6.39444019E-02
   3.03197464E-03    2.07809276E-04    6.38659745E-02
   3.10841351E-03    2.12688073E-04    6.37864734E-02
   3.18677948E-03    2.17683597E-04    6.37058758E-02
   3.26712113E-03    2.22798544E-04    6.36241334E-02
   3.34948826E-03    2.28035658E-04    6.35411660E-02
   3.43393195E-03    2.33397743E-04    6.34569269E-02
   3.52050454E-03    2.38887666E-04    6.33713934E-02
   3.60925970E-03    2.44508343E-04    6.32844923E-02
   3.70025247E-03    2.50262746E-04    6.31961546E-02
   3.79353924E-03    2.56153916E-04    6.31063466E-02
   3.88917787E-03    2.62184949E-04    6.30150277E-02
   3.98722762E-03    2.68358995E-04    6.29221165E-02
   4.08774931E-03    2.74679271E-04    6.28275565E-02
   4.19080524E-03    2.81149059E-04    6.27313193E-02
   4.29645930E-03    2.87771696E-04    6.26333389E-02
   4.40477700E-03    2.94550582E-04    6.25335401E-02
   4.51582549E-03    3.01489185E-04    6.24318787E-02
   4.62967361E-03    3.08591037E-04    6.23283150E-02
   4.74639195E-03    3.15859728E-04    6.22227677E-02
   4.86605286E-03    3.23298915E-04    6.21151726E-02
   4.98873054E-03    3.30912327E-04    6.20054928E-02
   5.11450104E-03    3.38703750E-04    6.18936656E-02
   5.24344232E-03    3.46677037E-04    6.17796108E-02
   5.37563434E-03    3.54836111E-04    6.16632742E-02
   5.51115903E-03    3.63184961E-04    6.15446135E-02
   5.65010043E-03    3.71727638E-04    6.14235478E-02
   5.79254467E-03    3.80468260E-04    6.13000047E-02
   5.93858006E-03    3.89411017E-04    6.11739376E-02
   6.08829714E-03    3.98560163E-04    6.10452850E-02
   6.24178872E-03    4.07920013E-04    6.09139623E-02
   6.39914997E-03    4.17494953E-04    6.07799057E-02
   6.56047844E-03    4.27289437E-04    6.06430671E-02
   6.72587415E-03    4.37307978E-04    6.05033653E-02
   6.89543963E-03    4.47555157E-04    6.03607203E-02
   7.06928002E-03    4.58035618E-04    6.02150747E-02
   7.24750309E-03    4.68754074E-04    6.00663672E-02
   7.43021932E-03    4.79715290E-04    5.99145092E-02
   7.61754200E-03    4.90924100E-04    5.97594266E-02
   7.80958725E-03    5.02385398E-04    5.96010631E-02
   8.00647415E-03    5.14104135E-04    5.94393386E-02
   8.20832474E-03    5.26085318E-04    5.92741662E-02
   8.41526417E-03    5.38334013E-04    5.91054778E-02
   8.62742074E-03    5.50855344E-04    5.89332086E-02
   8.84492597E-03    5.63654477E-04    5.87572668E-02
   9.06791471E-03    5.76736635E-04    5.85775701E-02
   9.29652519E-03    5.90107092E-04    5.83940532E-02
   9.53089916E-03    6.03771161E-04    5.82066358E-02
   9.77118192E-03    6.17734199E-04    5.80152252E-02
   1.00175224E-02    6.32001604E-04    5.78197440E-02
   1.02700734E-02    6.46578813E-04    5.76201229E-02
   1.05289914E-02    6.61471292E-04    5.74162677E-02
   1.07944370E-02    6.76684535E-04    5.72080886E-02
   1.10665747E-02    6.92224068E-04    5.69955112E-02
   1.13455732E-02    7.08095434E-04    5.67784569E-02
   1.16316056E-02    7.24304190E-04    5.65568283E-02
   1.19248491E-02    7.40855908E-04    5.63305388E-02
   1.22254855E-02    7.57756170E-04    5.60995135E-02
   1.25337013E-02    7.75010551E-04    5.58636609E-02
   1.28496875E-02    7.92624625E-04    5.56228863E-02
   1.31736399E-02    8.10603956E-04    5.53771080E-02
   1.35057595E-02    8.28954091E-04    5.51262454E-02
   1.38462522E-02    8.47680547E-04    5.48701998E-02
   1.41953290E-02    8.66788812E-04    5.46088802E-02
   1.45532063E-02    8.86284336E-04    5.43422078E-02
   1.49201060E-02    9.06172520E-04    5.40700950E-02
   1.52962557E-02    9.26458704E-04    5.37924450E-02
   1.56818884E-02    9.47148164E-04    5.35091717E-02
   1.60772432E-02    9.68246104E-04    5.32201954E-02
   1.64825653E-02    9.89757636E-04    5.29254211E-02
   1.68981060E-02    1.01168777E-03    5.26247572E-02
   1.73241228E-02    1.03404143E-03    5.23181237E-02
   1.77608799E-02    1.05682340E-03    5.20054384E-02
   1.82086481E-02    1.08003833E-03    5.16866081E-02
   1.86677049E-02    1.10369074E-03    5.13615477E-02
   1.91383349E-02    1.12778498E-03    5.10301813E-02
   1.96208300E-02    1.15232522E-03    5.06924236E-02
   2.01154892E-02    1.17731547E-03    5.03481889E-02
   2.06226192E-02    1.20275951E-03    4.99974016E-02
   2.11425345E-02    1.22866092E-03    4.96399878E-02
   2.16755573E-02    1.25502301E-03    4.92758642E-02
   2.22220180E-02    1.28184888E-03    4.89049555E-02
   2.27822556E-02    1.30914134E-03    4.85271957E-02
   2.33566173E-02    1.33690290E-03    4.81425141E-02
   2.39454591E-02    1.36513577E-03    4.77508384E-02
   2.45491462E-02    1.39384184E-03    4.73521065E-02
   2.51680528E-02    1.42302264E-03    4.69462598E-02
   2.58025626E-02    1.45267930E-03    4.65332336E-02
   2.64530690E-02    1.48281259E-03    4.61129710E-02
   2.71199753E-02    1.51342287E-03    4.56854251E-02
   2.78036948E-02    1.54451003E-03    4.52505468E-02
   2.85046516E-02    1.57607349E-03    4.48082878E-02
   2.92232801E-02    1.60811220E-03    4.43586097E-02
   2.99600260E-02    1.64062459E-03    4.39014784E-02
   3.07153458E-02    1.67360852E-03    4.34368587E-02
   3.14897080E-02    1.70706130E-03    4.29647248E-02
   3.22835926E-02    1.74097965E-03    4.24850586E-02
   3.30974917E-02    1.77535962E-03    4.19978415E-02
   3.39319100E-02    1.81019662E-03    4.15030632E-02
   3.47873647E-02    1.84548540E-03    4.10007219E-02
   3.56643863E-02    1.88121994E-03    4.04908178E-02
   3.65635183E-02    1.91739350E-03    3.99733599E-02
   3.74853183E-02    1.95399856E-03    3.94483656E-02
   3.84303577E-02    1.99102674E-03    3.89158552E-02
   3.93992225E-02    2.02846885E-03    3.83758594E-02
   4.03925132E-02    2.06631484E-03    3.78284177E-02
   4.14108457E-02    2.10455369E-03    3.72735749E-02
   4.24548513E-02    2.14317348E-03    3.67113860E-02
   4.35251772E-02    2.18216125E-03    3.61419132E-02
   4.46224870E-02    2.22150305E-03    3.55652282E-02
   4.57474611E-02    2.26118393E-03    3.49814131E-02
   4.69007967E-02    2.30118777E-03    3.43905577E-02
   4.80832090E-02    2.34149738E-03    3.37927627E-02
   4.92954311E-02    2.38209440E-03    3.31881383E-02
   5.05382143E-02    2.42295930E-03    3.25768055E-02
   5.18123293E-02    2.46407131E-03    3.19588958E-02
   5.31185659E-02    2.50540843E-03    3.13345515E-02
   5.44577339E-02    2.54694733E-03    3.07039262E-02
   5.58306635E-02    2.58866344E-03    3.00671849E-02
   5.72382060E-02    2.63053079E-03    2.94245042E-02
   5.86812340E-02    2.67252206E-03    2.87760728E-02
   6.01606420E-02    2.71460853E-03    2.81220913E-02
   6.16773472E-02    2.75676004E-03    2.74627729E-02
   6.32322900E-02    2.79894500E-03    2.67983433E-02
   6.48264343E-02    2.84113037E-03    2.61290407E-02
   6.64607684E-02    2.88328157E-03    2.54551165E-02
   6.81363057E-02    2.92536255E-03    2.47768351E-02
   6.98540847E-02    2.96733574E-03    2.40944739E-02
   7.16151706E-02    3.00916202E-03    2.34083240E-02
   7.34206551E-02    3.05080073E-03    2.27186895E-02
   7.52716575E-02    3.09220970E-03    2.20258881E-02
   7.71693253E-02    3.13334515E-03    2.13302513E-02
   7.91148351E-02    3.17416182E-03    2.06321238E-02
   8.11093931E-02    3.21461286E-03    1.99318639E-02
   8.31542356E-02    3.25464991E-03    1.92298437E-02
   8.52506305E-02    3.29422311E-03    1.85264483E-02
   8.73998775E-02    3.33328108E-03    1.78220764E-02
   8.96033090E-02    3.37177101E-03    1.71171399E-02
   9.18622910E-02    3.40963862E-03    1.64120635E-02
   9.41782240E-02    3.44682826E-03    1.57072848E-02
   9.65525439E-02    3.48328293E-03    1.50032540E-02
   9.89867225E-02    3.51894428E-03    1.43004334E-02
   1.01482269E-01    3.55375282E-03    1.35992967E-02
   1.04040731E-01    3.58764772E-03    1.29003302E-02
   1.06663693E-01    3.62056718E-03    1.22040300E-02
   1.09352783E-01    3.65244834E-03    1.15109024E-02
   1.12109668E-01    3.68322737E-03    1.08214642E-02
   1.14936056E-01    3.71283959E-03    1.01362410E-02
   1.17833700E-01    3.74121963E-03    9.45576639E-03
   1.20804396E-01    3.76830141E-03    8.78058177E-03
   1.23849986E-01    3.79401840E-03    8.11123469E-03
   1.26972358E-01    3.81830367E-03    7.44827835E-03
   1.30173449E-01    3.84109003E-03    6.79227043E-03
   1.33455241E-01    3.86231018E-03    6.14377172E-03
   1.36819771E-01    3.88189691E-03    5.50334500E-03
   1.40269123E-01    3.89978316E-03    4.87155363E-03
   1.43805437E-01    3.91590230E-03    4.24896015E-03
   1.47430905E-01    3.93018822E-03    3.63612474E-03
   1.51147774E-01    3.94257554E-03    3.03360369E-03
   1.54958349E-01    3.95299984E-03    2.44194757E-03
   1.58864991E-01    3.96139773E-03    1.86170036E-03
   1.62870124E-01    3.96770722E-03    1.29339619E-03
   1.66976230E-01    3.97186779E-03    7.37559212E-04
   1.71185855E-01    3.97382064E-03    1.94701031E-04
   1.75501608E-01    3.97350891E-03   -3.34680721E-04
   1.79926165E-01    3.97087787E-03   -8.50104037E-04
   1.84462270E-01    3.96587516E-03   -1.35110410E-03
   1.89112734E-01    3.95845100E-03   -1.83723470E-03
   1.93880440E-01    3.94855839E-03   -2.30806961E-03
   1.98768345E-01    3.93615335E-03   -2.76320375E-03
   2.03779478E-01    3.92119513E-03   -3.20225444E-03
   2.08916946E-01    3.90364648E-03   -3.62486249E-03
   2.14183935E-01    3.88347374E-03   -4.03069250E-03
   2.19583710E-01    3.86064723E-03   -4.41943454E-03
   2.25119617E-01    3.83514140E-03   -4.79080488E-03
   2.30795090E-01    3.80693492E-03   -5.14454523E-03
   2.36613647E-01    3.77601116E-03   -5.48042605E-03
   2.42578895E-01    3.74235816E-03   -5.79824517E-03
   2.48694533E-01    3.70596898E-03   -6.09782975E-03
   2.54964351E-01    3.66684184E-03   -6.37903696E-03
   2.61392238E-01    3.62498032E-03   -6.64175471E-03
   2.67982177E-01    3.58039367E-03   -6.88590449E-03
   2.74738255E-01    3.53309634E-03   -7.11143549E-03
   2.81664659E-01    3.48310941E-03   -7.31833927E-03
   2.88765685E-01    3.43045935E-03   -7.50663671E-03
   2.96045734E-01    3.37517906E-03   -7.67638823E-03
   3.03509320E-01    3.31730727E-03   -7.82768878E-03
   3.11161070E-01    3.25688925E-03   -7.96067420E-03
   3.19005727E-01    3.19397630E-03   -8.07551740E-03
   3.27048155E-01    3.12862627E-03   -8.17243332E-03
   3.35293341E-01    3.06090302E-03   -8.25167478E-03
   3.43746395E-01    2.99087643E-03   -8.31353259E-03
   3.52412558E-01    2.91862285E-03   -8.35834097E-03
   3.61297204E-01    2.84422427E-03   -8.38647014E-03
   3.70405839E-01    2.76776856E-03   -8.39832891E-03
   3.79744112E-01    2.68934915E-03   -8.39436273E-03
   3.89317811E-01    2.60906482E-03   -8.37505180E-03
   3.99132872E-01    2.52701950E-03   -8.34090997E-03
   4.09195380E-01    2.44332198E-03   -8.29248221E-03
   4.19511572E-01    2.35808544E-03   -8.23034117E-03
   4.30087846E-01    2.27142743E-03   -8.15508682E-03
   4.40930757E-01    2.18346923E-03   -8.06734130E-03
   4.52047028E-01    2.09433566E-03   -7.96774710E-03
   4.63443550E-01    2.00415465E-03   -7.85696373E-03
   4.75127389E-01    1.91305680E-03   -7.73566377E-03
   4.87105788E-01    1.82117509E-03   -7.60453068E-03
   4.99386174E-01    1.72864442E-03   -7.46425457E-03
   5.11976160E-01    1.63560117E-03   -7.31552898E-03
   5.24883551E-01    1.54218289E-03   -7.15904784E-03
   5.38116349E-01    1.44852781E-03   -6.99550199E-03
   5.51682758E-01    1.35477467E-03   -6.82557803E-03
   5.65591189E-01    1.26106170E-03   -6.64994831E-03
   5.79850264E-01    1.16752741E-03   -6.46928138E-03
   5.94468824E-01    1.07430923E-03   -6.28422856E-03
   6.09455931E-01    9.81543124E-04   -6.09542003E-03
   6.24820877E-01    8.89364427E-04   -5.90347745E-03
   6.40573187E-01    7.97906185E-04   -5.70899589E-03
   6.56722627E-01    7.07299647E-04   -5.51255179E-03
   6.73279210E-01    6.17673773E-04   -5.31469941E-03
   6.90253200E-01    5.29154845E-04   -5.11596780E-03
   7.07655119E-01    4.41866592E-04   -4.91686609E-03
   7.25495757E-01    3.55929488E-04   -4.71787551E-03
   7.43786174E-01    2.71460916E-04   -4.51945632E-03
   7.62537709E-01    1.88574657E-04   -4.32204178E-03
   7.81761987E-01    1.07380893E-04   -4.12604319E-03
   8.01470927E-01    2.79858557E-05   -3.93184746E-03
   8.21676748E-01   -4.95083006E-05   -3.73981755E-03
   8.42391976E-01   -1.25003707E-04   -3.55029459E-03
   8.63629455E-01   -1.98407016E-04   -3.36359718E-03
   8.85402349E-01   -2.69629566E-04   -3.18002216E-03
   9.07724159E-01   -3.38587564E-04   -2.99984503E-03
   9.30608721E-01   -4.05202287E-04   -2.82332062E-03
   9.54070225E-01   -4.69400251E-04   -2.65068331E-03
   9.78123215E-01   -5.31113380E-04   -2.48214736E-03
   1.00278260E+00   -5.90279164E-04   -2.31790701E-03
   1.02806368E+00   -6.46840797E-04   -2.15813663E-03
   1.05398211E+00   -7.00747250E-04   -2.00299061E-03
   1.08055397E+00   -7.51953438E-04   -1.85260316E-03
   1.10779573E+00   -8.00420170E-04   -1.70708820E-03
   1.13572428E+00   -8.46114207E-04   -1.56653910E-03
   1.16435694E+00   -8.89008224E-04   -1.43102847E-03
   1.19371145E+00   -9.29080709E-04   -1.30060809E-03
   1.22380602E+00   -9.66315847E-04   -1.17530904E-03
   1.25465929E+00   -1.00070332E-03   -1.05514205E-03
   1.28629041E+00   -1.03223814E-03   -9.40098223E-04
   1.31871898E+00   -1.06092033E-03   -8.30150167E-04
   1.35196510E+00   -1.08675475E-03   -7.25253501E-04
   1.38604939E+00   -1.10975076E-03   -6.25348861E-04
   1.42099297E+00   -1.12992203E-03   -5.30364048E-04
   1.45681751E+00   -1.14728633E-03   -4.40216571E-04
   1.49354522E+00   -1.16186531E-03   -3.54816120E-04
   1.53119887E+00   -1.17368442E-03   -2.74066917E-04
   1.56980181E+00   -1.18277291E-03   -1.97869794E-04
   1.60937796E+00   -1.18916372E-03   -1.26123984E-04
   1.64995186E+00   -1.19289360E-03   -5.87283107E-05
   1.69154867E+00   -1.19400316E-03    4.41797734E-06
   1.73419417E+00   -1.19253699E-03    6.34148720E-05
   1.77791480E+00   -1.18854373E-03    1.18361605E-04
   1.82273768E+00   -1.18207623E-03    1.69356927E-04
   1.86869057E+00   -1.17319156E-03    2.16499599E-04
   1.91580198E+00   -1.16195111E-03    2.59888970E-04
   1.96410112E+00   -1.14842060E-03    2.99625593E-04
   2.01361792E+00   -1.13267003E-03    3.35811789E-04
   2.06438308E+00   -1.11477365E-03    3.68552184E-04
   2.11642808E+00   -1.09480983E-03    3.97954069E-04
   2.16978518E+00   -1.07286088E-03    4.24127695E-04
   2.22448747E+00   -1.04901289E-03    4.47186394E-04
   2.28056885E+00   -1.02335548E-03    4.67246599E-04
   2.33806409E+00   -9.95981557E-04    4.84427715E-04
   2.39700884E+00   -9.66986970E-04    4.98851899E-04
   2.45743964E+00   -9.36470238E-04    5.10643721E-04
   2.51939396E+00   -9.04532197E-04    5.19929769E-04
   2.58291021E+00   -8.71275660E-04    5.26838179E-04
   2.64802775E+00   -8.36805048E-04    5.31498113E-04
   2.71478697E+00   -8.01226047E-04    5.34039237E-04
   2.78322926E+00   -7.64645243E-04    5.34591168E-04
   2.85339703E+00   -7.27169761E-04    5.33282913E-04
   2.92533380E+00   -6.88906922E-04    5.30242341E-04
   2.99908416E+00   -6.49963928E-04    5.25595726E-04
   3.07469384E+00   -6.10447504E-04    5.19467222E-04
   3.15220970E+00   -5.70463606E-04    5.11978464E-04
   3.23167982E+00   -5.30117123E-04    5.03248196E-04
   3.31315344E+00   -4.89511587E-04    4.93391926E-04
   3.39668109E+00   -4.48748910E-04    4.82521672E-04
   3.48231456E+00   -4.07929126E-04    4.70745708E-04
   3.57010692E+00   -3.67150144E-04    4.58168391E-04
   3.66011260E+00   -3.26507535E-04    4.44890045E-04
   3.75238741E+00   -2.86094292E-04    4.31006823E-04
   3.84698856E+00   -2.46000633E-04    4.16610679E-04
   3.94397469E+00   -2.06313799E-04    4.01789328E-04
   4.04340592E+00   -1.67117864E-04    3.86626237E-04
   4.14534391E+00   -1.28493547E-04    3.71200658E-04
   4.24985186E+00   -9.05180402E-05    3.55587647E-04
   4.35699454E+00   -5.32648399E-05    3.39858138E-04
   4.46683839E+00   -1.68035723E-05    3.24078967E-04
   4.57945150E+00    1.88001464E-05    3.08312974E-04
   4.69490369E+00    5.34848830E-05    2.92619014E-04
   4.81326654E+00    8.71934960E-05    2.77052110E-04
   4.93461343E+00    1.19873300E-04    2.61663440E-04
   5.05901958E+00    1.51476169E-04    2.46500441E-04
   5.18656213E+00    1.81958656E-04    2.31606871E-04
   5.31732014E+00    2.11282086E-04    2.17022869E-04
   5.45137468E+00    2.39412644E-04    2.02785019E-04
   5.58880886E+00    2.66321441E-04    1.88926412E-04
   5.72970789E+00    2.91984568E-04    1.75476707E-04
   5.87415910E+00    3.16383126E-04    1.62462197E-04
   6.02225207E+00    3.39503241E-04    1.49905877E-04
   6.17407859E+00    3.61336057E-04    1.37827508E-04
   6.32973281E+00    3.81877704E-04    1.26243699E-04
   6.48931121E+00    4.01129247E-04    1.15167983E-04
   6.65291272E+00    4.19096614E-04    1.04610905E-04
   6.82063878E+00    4.35790489E-04    9.45801147E-05
   6.99259338E+00    4.51226197E-04    8.50804671E-05
   7.16888310E+00    4.65423554E-04    7.61141319E-05
   7.34961725E+00    4.78406700E-04    6.76807098E-05
   7.53490788E+00    4.90203903E-04    5.97773540E-05
   7.72486985E+00    5.00847350E-04    5.23989150E-05
   7.91962094E+00    5.10372914E-04    4.55380587E-05
   8.11928188E+00    5.18819899E-04    3.91854138E-05
   8.32397646E+00    5.26230770E-04    3.33297491E-05
   8.53383158E+00    5.32650875E-04    2.79581154E-05
   8.74897734E+00    5.38128143E-04    2.30560116E-05
   8.96954712E+00    5.42712784E-04    1.86075518E-05
   9.19567767E+00    5.46456971E-04    1.45956343E-05
   9.42750918E+00    5.49414523E-04    1.10021125E-05
   9.66518538E+00    5.51640585E-04    7.80796455E-06
   9.90885361E+00    5.53191308E-04    4.99346209E-06
   1.01586649E+01    5.54123532E-04    2.53833487E-06
   1.04147743E+01    5.54494476E-04    4.21930642E-07
   1.06773403E+01    5.54361436E-04   -1.37662917E-06
   1.09465259E+01    5.53781489E-04   -2.87830700E-06
   1.12224979E+01    5.52811220E-04   -4.10399289E-06
   1.15054274E+01    5.51506447E-04   -5.07446921E-06
   1.17954899E+01    5.49921965E-04   -5.81012289E-06
   1.20928650E+01    5.48111350E-04   -6.33085125E-06
   1.23977373E+01    5.46126735E-04   -6.65613661E-06
   1.27102957E+01    5.44018610E-04   -6.80482943E-06
   1.30307340E+01    5.41835655E-04   -6.79509419E-06
   1.33592508E+01    5.39624589E-04   -6.64433330E-06
   1.36960498E+01    5.37430053E-04   -6.36913040E-06
   1.40413398E+01    5.35294504E-04   -5.98520148E-06
   1.43953350E+01    5.33258139E-04   -5.50735986E-06
   1.47582546E+01    5.31358844E-04   -4.94947418E-06
   1.51303238E+01    5.29632156E-04   -4.32451229E-06
   1.55117732E+01    5.28111280E-04   -3.64419407E-06
   1.59028393E+01    5.26827168E-04   -2.91958417E-06
   1.63037646E+01    5.25808345E-04   -2.16105104E-06
   1.67147975E+01    5.25081044E-04   -1.37766536E-06
   1.71361930E+01    5.24669310E-04   -5.77670501E-07
   1.75682122E+01    5.24595066E-04    2.31577019E-07
   1.80111230E+01    5.24878206E-04    1.04354400E-06
   1.84652000E+01    5.25536692E-04    1.85248585E-06
   1.89307247E+01    5.26586666E-04    2.65339922E-06
   1.94079857E+01    5.28042557E-04    3.44197452E-06
   1.98972790E+01    5.29917203E-04    4.21454617E-06
   2.03989077E+01    5.32221967E-04    4.96804337E-06
   2.09131830E+01    5.34966860E-04    5.69993663E-06
   2.14404236E+01    5.38160663E-04    6.40820245E-06
   2.19809564E+01    5.41811036E-04    7.09122006E-06
   2.25351166E+01    5.45924667E-04    7.74794666E-06
   2.31032477E+01    5.50507262E-04    8.37698869E-06
   2.36857018E+01    5.55564153E-04    8.98010412E-06
   2.42828402E+01    5.61098316E-04    9.54761570E-06
   2.48950330E+01    5.67120632E-04    1.01353324E-05
   2.55226597E+01    5.73673795E-04    1.07361872E-05
   2.61661095E+01    5.80761215E-04    1.12843031E-05
   2.68257812E+01    5.88376470E-04    1.17950794E-05
   2.75020839E+01    5.96516053E-04    1.22678336E-05
   2.81954368E+01    6.05176538E-04    1.27062547E-05
   2.89062697E+01    6.14355384E-04    1.31125172E-05
   2.96350234E+01    6.24050674E-04    1.34889999E-05
   3.03821497E+01    6.34261161E-04    1.38378055E-05
   3.11481117E+01    6.44986233E-04    1.41609156E-05
   3.19333843E+01    6.56225898E-04    1.44601599E-05
   3.27384544E+01    6.67980770E-04    1.47372388E-05
   3.35638210E+01    6.80252047E-04    1.49937293E-05
   3.44099958E+01    6.93041507E-04    1.52310946E-05
   3.52775035E+01    7.06351483E-04    1.54506923E-05
   3.61668819E+01    7.20184860E-04    1.56537821E-05
   3.70786824E+01    7.34545059E-04    1.58415323E-05
   3.80134701E+01    7.49436027E-04    1.60150272E-05
   3.89718247E+01    7.64862226E-04    1.61752723E-05
   3.99543404E+01    7.80828629E-04    1.63232004E-05
   4.09616261E+01    7.97340703E-04    1.64596768E-05
   4.19943065E+01    8.14404411E-04    1.65855042E-05
   4.30530216E+01    8.32026197E-04    1.67014269E-05
   4.41384280E+01    8.50212987E-04    1.68081351E-05
   4.52511984E+01    8.68972177E-04    1.69062691E-05
   4.63920229E+01    8.88311632E-04    1.69964225E-05
   4.75616085E+01    9.08239679E-04    1.70791455E-05
   4.87606805E+01    9.28765106E-04    1.71549485E-05
   4.99899822E+01    9.49897158E-04    1.72243043E-05
   5.12502757E+01    9.71645530E-04    1.72876514E-05
   5.25423424E+01    9.94020370E-04    1.73453960E-05
   5.38669833E+01    1.01703228E-03    1.73979145E-05
   5.52250196E+01    1.04069229E-03    1.74455556E-05
   5.66172933E+01    1.06501191E-03    1.74886424E-05
   5.80446674E+01    1.09000306E-03    1.75274739E-05
   5.95080270E+01    1.11567814E-03    1.75623272E-05
   6.10082792E+01    1.14204996E-03    1.75934586E-05
   6.25463541E+01    1.16913180E-03    1.76211052E-05
   6.41232054E+01    1.19693738E-03    1.76454865E-05
   6.57398105E+01    1.22548086E-03    1.76668055E-05
   6.73971717E+01    1.25477687E-03    1.76852497E-05
   6.90963165E+01    1.28484047E-03    1.77009923E-05
   7.08382984E+01    1.31568719E-03    1.77141936E-05
   7.26241972E+01    1.34733298E-03    1.77250012E-05
   7.44551201E+01    1.37979428E-03    1.77335515E-05
   7.63322023E+01    1.41308799E-03    1.77399701E-05
   7.82566075E+01    1.44723145E-03    1.77443727E-05
   8.02295287E+01    1.48224248E-03    1.77468659E-05
   8.22521891E+01    1.51813935E-03    1.77475478E-05
   8.43258426E+01    1.55494082E-03    1.77465083E-05
   8.64517748E+01    1.59266612E-03    1.77438299E-05
   8.86313037E+01    1.63133495E-03    1.77395892E-05
   9.08657806E+01    1.67096748E-03    1.77338517E-05
   9.31565907E+01    1.71158441E-03    1.77266962E-05
   9.55051542E+01    1.75320683E-03    1.77181172E-05
   9.79129272E+01    1.79585655E-03    1.77084241E-05
   1.00381402E+02    1.83955508E-03    1.76966196E-05
   1.02912110E+02    1.88432770E-03    1.76870345E-05
   1.05506619E+02    1.93018650E-03    1.76623014E-05
   1.08166538E+02    1.83641646E-03   -3.39553522E-05
