# Peaks:     0.377369  
   6.16441385E-05    1.36209506E-05    3.63795060E-01
   6.24157064E-05    1.39063177E-05    3.66838391E-01
   6.31969317E-05    1.41956745E-05    3.69863836E-01
   6.39879351E-05    1.44895135E-05    3.72881336E-01
   6.47888391E-05    1.47883609E-05    3.75901099E-01
   6.55997677E-05    1.50927782E-05    3.78933606E-01
   6.64208462E-05    1.54033647E-05    3.81989623E-01
   6.72522017E-05    1.57207559E-05    3.85080161E-01
   6.80939629E-05    1.60454014E-05    3.88211772E-01
   6.89462600E-05    1.63773608E-05    3.91382583E-01
   6.98092248E-05    1.67166450E-05    3.94589751E-01
   7.06829909E-05    1.70632569E-05    3.97830347E-01
   7.15676935E-05    1.74171908E-05    4.01101348E-01
   7.24634695E-05    1.77784318E-05    4.04399635E-01
   7.33704574E-05    1.81470022E-05    4.07722911E-01
   7.42887977E-05    1.85230697E-05    4.11071758E-01
   7.52186323E-05    1.89068371E-05    4.14447358E-01
   7.61601052E-05    1.92985137E-05    4.17850912E-01
   7.71133620E-05    1.96983159E-05    4.21283647E-01
   7.80785502E-05    2.01064672E-05    4.24746813E-01
   7.90558192E-05    2.05231845E-05    4.28241435E-01
   8.00453202E-05    2.09486451E-05    4.31767731E-01
   8.10472063E-05    2.13830201E-05    4.35325750E-01
   8.20616324E-05    2.18264833E-05    4.38915529E-01
   8.30887556E-05    2.22792113E-05    4.42537095E-01
   8.41287348E-05    2.27413831E-05    4.46190463E-01
   8.51817308E-05    2.32131855E-05    4.49875724E-01
   8.62479067E-05    2.36948234E-05    4.53593225E-01
   8.73274273E-05    2.41865088E-05    4.57343362E-01
   8.84204598E-05    2.46884582E-05    4.61126530E-01
   8.95271731E-05    2.52008930E-05    4.64943122E-01
   9.06477386E-05    2.57240388E-05    4.68793532E-01
   9.17823297E-05    2.62581254E-05    4.72678138E-01
   9.29311219E-05    2.68033840E-05    4.76597278E-01
   9.40942929E-05    2.73600501E-05    4.80551283E-01
   9.52720227E-05    2.79283637E-05    4.84540477E-01
   9.64644935E-05    2.85085699E-05    4.88565184E-01
   9.76718899E-05    2.91009183E-05    4.92625720E-01
   9.88943987E-05    2.97056647E-05    4.96722420E-01
   1.00132209E-04    3.03230726E-05    5.00855661E-01
   1.01385512E-04    3.09534109E-05    5.05025826E-01
   1.02654502E-04    3.15969542E-05    5.09233291E-01
   1.03939376E-04    3.22539828E-05    5.13478432E-01
   1.05240332E-04    3.29247824E-05    5.17761622E-01
   1.06557571E-04    3.36096451E-05    5.22083240E-01
   1.07891297E-04    3.43088701E-05    5.26443691E-01
   1.09241717E-04    3.50227626E-05    5.30843375E-01
   1.10609039E-04    3.57516341E-05    5.35282690E-01
   1.11993475E-04    3.64958024E-05    5.39762032E-01
   1.13395240E-04    3.72555917E-05    5.44281791E-01
   1.14814550E-04    3.80313340E-05    5.48842378E-01
   1.16251625E-04    3.88233695E-05    5.53444228E-01
   1.17706686E-04    3.96320452E-05    5.58087772E-01
   1.19179960E-04    4.04577154E-05    5.62773441E-01
   1.20671674E-04    4.13007417E-05    5.67501660E-01
   1.22182060E-04    4.21614928E-05    5.72272853E-01
   1.23711350E-04    4.30403467E-05    5.77087468E-01
   1.25259781E-04    4.39376902E-05    5.81945970E-01
   1.26827593E-04    4.48539178E-05    5.86848824E-01
   1.28415029E-04    4.57894325E-05    5.91796489E-01
   1.30022333E-04    4.67446453E-05    5.96789421E-01
   1.31649756E-04    4.77199759E-05    6.01828077E-01
   1.33297548E-04    4.87158545E-05    6.06912944E-01
   1.34965965E-04    4.97327210E-05    6.12044523E-01
   1.36655264E-04    5.07710245E-05    6.17223310E-01
   1.38365708E-04    5.18312231E-05    6.22449799E-01
   1.40097560E-04    5.29137847E-05    6.27724478E-01
   1.41851089E-04    5.40191870E-05    6.33047843E-01
   1.43626566E-04    5.51479202E-05    6.38420425E-01
   1.45424266E-04    5.63004847E-05    6.43842761E-01
   1.47244467E-04    5.74773916E-05    6.49315382E-01
   1.49087450E-04    5.86791623E-05    6.54838817E-01
   1.50953501E-04    5.99063292E-05    6.60413587E-01
   1.52842908E-04    6.11594369E-05    6.66040237E-01
   1.54755964E-04    6.24390435E-05    6.71719342E-01
   1.56692965E-04    6.37457188E-05    6.77451476E-01
   1.58654210E-04    6.50800447E-05    6.83237207E-01
   1.60640003E-04    6.64426147E-05    6.89077101E-01
   1.62650651E-04    6.78340351E-05    6.94971721E-01
   1.64686466E-04    6.92549272E-05    7.00921665E-01
   1.66747761E-04    7.07059265E-05    7.06927551E-01
   1.68834857E-04    7.21876822E-05    7.12989994E-01
   1.70948076E-04    7.37008565E-05    7.19109602E-01
   1.73087745E-04    7.52461259E-05    7.25286979E-01
   1.75254195E-04    7.68241813E-05    7.31522740E-01
   1.77447762E-04    7.84357316E-05    7.37817538E-01
   1.79668784E-04    8.00815008E-05    7.44172036E-01
   1.81917606E-04    8.17622283E-05    7.50586890E-01
   1.84194575E-04    8.34786688E-05    7.57062753E-01
   1.86500043E-04    8.52315931E-05    7.63600271E-01
   1.88834368E-04    8.70217901E-05    7.70200121E-01
   1.91197911E-04    8.88500678E-05    7.76863012E-01
   1.93591037E-04    9.07172517E-05    7.83589652E-01
   1.96014116E-04    9.26241844E-05    7.90380744E-01
   1.98467524E-04    9.45717263E-05    7.97236983E-01
   2.00951640E-04    9.65607563E-05    8.04159070E-01
   2.03466848E-04    9.85921757E-05    8.11147752E-01
   2.06013538E-04    1.00666906E-04    8.18203791E-01
   2.08592103E-04    1.02785888E-04    8.25327943E-01
   2.11202943E-04    1.04950083E-04    8.32520958E-01
   2.13846461E-04    1.07160472E-04    8.39783581E-01
   2.16523067E-04    1.09418059E-04    8.47116584E-01
   2.19233175E-04    1.11723872E-04    8.54520782E-01
   2.21977204E-04    1.14078964E-04    8.61996987E-01
   2.24755578E-04    1.16484408E-04    8.69546008E-01
   2.27568728E-04    1.18941299E-04    8.77168646E-01
   2.30417089E-04    1.21450758E-04    8.84865705E-01
   2.33301101E-04    1.24013932E-04    8.92638043E-01
   2.36221210E-04    1.26631997E-04    9.00486533E-01
   2.39177870E-04    1.29306152E-04    9.08412045E-01
   2.42171536E-04    1.32037621E-04    9.16415440E-01
   2.45202672E-04    1.34827656E-04    9.24497575E-01
   2.48271748E-04    1.37677537E-04    9.32659339E-01
   2.51379237E-04    1.40588577E-04    9.40901666E-01
   2.54525622E-04    1.43562117E-04    9.49225490E-01
   2.57711388E-04    1.46599525E-04    9.57631739E-01
   2.60937029E-04    1.49702200E-04    9.66121331E-01
   2.64203043E-04    1.52871572E-04    9.74695194E-01
   2.67509937E-04    1.56109107E-04    9.83354315E-01
   2.70858221E-04    1.59416304E-04    9.92099698E-01
   2.74248414E-04    1.62794693E-04    1.00093234E+00
   2.77681040E-04    1.66245839E-04    1.00985323E+00
   2.81156630E-04    1.69771339E-04    1.01886334E+00
   2.84675723E-04    1.73372831E-04    1.02796372E+00
   2.88238863E-04    1.77051990E-04    1.03715542E+00
   2.91846600E-04    1.80810529E-04    1.04643953E+00
   2.95499494E-04    1.84650198E-04    1.05581710E+00
   2.99198109E-04    1.88572784E-04    1.06528919E+00
   3.02943017E-04    1.92580115E-04    1.07485686E+00
   3.06734799E-04    1.96674066E-04    1.08452127E+00
   3.10574041E-04    2.00856553E-04    1.09428355E+00
   3.14461336E-04    2.05129532E-04    1.10414485E+00
   3.18397287E-04    2.09495005E-04    1.11410630E+00
   3.22382501E-04    2.13955016E-04    1.12416902E+00
   3.26417597E-04    2.18511660E-04    1.13433422E+00
   3.30503198E-04    2.23167082E-04    1.14460312E+00
   3.34639936E-04    2.27923472E-04    1.15497695E+00
   3.38828452E-04    2.32783069E-04    1.16545692E+00
   3.43069393E-04    2.37748162E-04    1.17604423E+00
   3.47363416E-04    2.42821094E-04    1.18674014E+00
   3.51711185E-04    2.48004264E-04    1.19754596E+00
   3.56113373E-04    2.53300125E-04    1.20846299E+00
   3.60570661E-04    2.58711184E-04    1.21949253E+00
   3.65083738E-04    2.64240004E-04    1.23063588E+00
   3.69653303E-04    2.69889206E-04    1.24189435E+00
   3.74280063E-04    2.75661474E-04    1.25326932E+00
   3.78964734E-04    2.81559559E-04    1.26476220E+00
   3.83708041E-04    2.87586265E-04    1.27637438E+00
   3.88510717E-04    2.93744465E-04    1.28810724E+00
   3.93373505E-04    3.00037090E-04    1.29996216E+00
   3.98297159E-04    3.06467150E-04    1.31194061E+00
   4.03282439E-04    3.13037721E-04    1.32404409E+00
   4.08330118E-04    3.19751950E-04    1.33627408E+00
   4.13440976E-04    3.26613050E-04    1.34863207E+00
   4.18615803E-04    3.33624309E-04    1.36111952E+00
   4.23855402E-04    3.40789095E-04    1.37373796E+00
   4.29160582E-04    3.48110855E-04    1.38648901E+00
   4.34532164E-04    3.55593114E-04    1.39937425E+00
   4.39970979E-04    3.63239477E-04    1.41239526E+00
   4.45477869E-04    3.71053625E-04    1.42555359E+00
   4.51053686E-04    3.79039332E-04    1.43885088E+00
   4.56699293E-04    3.87200461E-04    1.45228882E+00
   4.62415563E-04    3.95540963E-04    1.46586910E+00
   4.68203380E-04    4.04064879E-04    1.47959342E+00
   4.74063641E-04    4.12776337E-04    1.49346344E+00
   4.79997251E-04    4.21679565E-04    1.50748086E+00
   4.86005130E-04    4.30778892E-04    1.52164749E+00
   4.92088206E-04    4.40078751E-04    1.53596514E+00
   4.98247420E-04    4.49583671E-04    1.55043560E+00
   5.04483727E-04    4.59298282E-04    1.56506066E+00
   5.10798090E-04    4.69227322E-04    1.57984211E+00
   5.17191487E-04    4.79375648E-04    1.59478185E+00
   5.23664906E-04    4.89748229E-04    1.60988182E+00
   5.30219350E-04    5.00350144E-04    1.62514394E+00
   5.36855833E-04    5.11186590E-04    1.64057009E+00
   5.43575381E-04    5.22262878E-04    1.65616219E+00
   5.50379034E-04    5.33584456E-04    1.67192223E+00
   5.57267845E-04    5.45156897E-04    1.68785228E+00
   5.64242879E-04    5.56985900E-04    1.70395438E+00
   5.71305217E-04    5.69077295E-04    1.72023054E+00
   5.78455950E-04    5.81437043E-04    1.73668278E+00
   5.85696185E-04    5.94071252E-04    1.75331321E+00
   5.93027043E-04    6.06986175E-04    1.77012403E+00
   6.00449657E-04    6.20188211E-04    1.78711740E+00
   6.07965176E-04    6.33683899E-04    1.80429547E+00
   6.15574763E-04    6.47479930E-04    1.82166037E+00
   6.23279595E-04    6.61583156E-04    1.83921435E+00
   6.31080865E-04    6.76000598E-04    1.85695971E+00
   6.38979779E-04    6.90739435E-04    1.87489876E+00
   6.46977560E-04    7.05807008E-04    1.89303379E+00
   6.55075445E-04    7.21210828E-04    1.91136707E+00
   6.63274687E-04    7.36958586E-04    1.92990093E+00
   6.71576555E-04    7.53058162E-04    1.94863785E+00
   6.79982333E-04    7.69517615E-04    1.96758028E+00
   6.88493322E-04    7.86345188E-04    1.98673062E+00
   6.97110838E-04    8.03549314E-04    2.00609129E+00
   7.05836215E-04    8.21138628E-04    2.02566477E+00
   7.14670804E-04    8.39121974E-04    2.04545366E+00
   7.23615970E-04    8.57508405E-04    2.06546055E+00
   7.32673099E-04    8.76307176E-04    2.08568802E+00
   7.41843591E-04    8.95527757E-04    2.10613861E+00
   7.51128865E-04    9.15179842E-04    2.12681495E+00
   7.60530358E-04    9.35273367E-04    2.14771977E+00
   7.70049525E-04    9.55818495E-04    2.16885583E+00
   7.79687838E-04    9.76825623E-04    2.19022586E+00
   7.89446789E-04    9.98305387E-04    2.21183254E+00
   7.99327888E-04    1.02026868E-03    2.23367864E+00
   8.09332664E-04    1.04272665E-03    2.25576708E+00
   8.19462664E-04    1.06569072E-03    2.27810075E+00
   8.29719456E-04    1.08917256E-03    2.30068253E+00
   8.40104627E-04    1.11318414E-03    2.32351529E+00
   8.50619784E-04    1.13773767E-03    2.34660193E+00
   8.61266554E-04    1.16284569E-03    2.36994553E+00
   8.72046584E-04    1.18852103E-03    2.39354915E+00
   8.82961542E-04    1.21477680E-03    2.41741585E+00
   8.94013117E-04    1.24162644E-03    2.44154863E+00
   9.05203019E-04    1.26908368E-03    2.46595057E+00
   9.16532979E-04    1.29716261E-03    2.49062492E+00
   9.28004750E-04    1.32587764E-03    2.51557491E+00
   9.39620108E-04    1.35524350E-03    2.54080376E+00
   9.51380849E-04    1.38527528E-03    2.56631465E+00
   9.63288793E-04    1.41598843E-03    2.59211083E+00
   9.75345783E-04    1.44739877E-03    2.61819570E+00
   9.87553684E-04    1.47952248E-03    2.64457270E+00
   9.99914385E-04    1.51237614E-03    2.67124521E+00
   1.01242980E-03    1.54597670E-03    2.69821659E+00
   1.02510186E-03    1.58034151E-03    2.72549025E+00
   1.03793253E-03    1.61548835E-03    2.75306979E+00
   1.05092380E-03    1.65143541E-03    2.78095882E+00
   1.06407767E-03    1.68820132E-03    2.80916092E+00
   1.07739618E-03    1.72580512E-03    2.83767961E+00
   1.09088140E-03    1.76426632E-03    2.86651849E+00
   1.10453540E-03    1.80360489E-03    2.89568135E+00
   1.11836030E-03    1.84384130E-03    2.92517198E+00
   1.13235824E-03    1.88499646E-03    2.95499415E+00
   1.14653138E-03    1.92709178E-03    2.98515158E+00
   1.16088193E-03    1.97014919E-03    3.01564804E+00
   1.17541209E-03    2.01419113E-03    3.04648753E+00
   1.19012412E-03    2.05924060E-03    3.07767403E+00
   1.20502029E-03    2.10532111E-03    3.10921148E+00
   1.22010290E-03    2.15245672E-03    3.14110380E+00
   1.23537430E-03    2.20067208E-03    3.17335498E+00
   1.25083685E-03    2.24999242E-03    3.20596920E+00
   1.26649293E-03    2.30044357E-03    3.23895066E+00
   1.28234497E-03    2.35205196E-03    3.27230347E+00
   1.29839542E-03    2.40484465E-03    3.30603176E+00
   1.31464677E-03    2.45884931E-03    3.34013972E+00
   1.33110152E-03    2.51409433E-03    3.37463174E+00
   1.34776224E-03    2.57060873E-03    3.40951220E+00
   1.36463148E-03    2.62842222E-03    3.44478545E+00
   1.38171187E-03    2.68756520E-03    3.48045578E+00
   1.39900605E-03    2.74806878E-03    3.51652762E+00
   1.41651669E-03    2.80996487E-03    3.55300555E+00
   1.43424650E-03    2.87328607E-03    3.58989417E+00
   1.45219822E-03    2.93806577E-03    3.62719803E+00
   1.47037464E-03    3.00433815E-03    3.66492163E+00
   1.48877856E-03    3.07213818E-03    3.70306960E+00
   1.50741283E-03    3.14150170E-03    3.74164675E+00
   1.52628035E-03    3.21246536E-03    3.78065788E+00
   1.54538401E-03    3.28506669E-03    3.82010775E+00
   1.56472679E-03    3.35934409E-03    3.86000107E+00
   1.58431167E-03    3.43533686E-03    3.90034269E+00
   1.60414168E-03    3.51308527E-03    3.94113765E+00
   1.62421989E-03    3.59263052E-03    3.98239094E+00
   1.64454942E-03    3.67401478E-03    4.02410753E+00
   1.66513340E-03    3.75728118E-03    4.06629235E+00
   1.68597501E-03    3.84247390E-03    4.10895048E+00
   1.70707749E-03    3.92963819E-03    4.15208716E+00
   1.72844410E-03    4.01882034E-03    4.19570763E+00
   1.75007815E-03    4.11006771E-03    4.23981703E+00
   1.77198298E-03    4.20342879E-03    4.28442053E+00
   1.79416197E-03    4.29895322E-03    4.32952342E+00
   1.81661858E-03    4.39669180E-03    4.37513119E+00
   1.83935626E-03    4.49669657E-03    4.42124924E+00
   1.86237853E-03    4.59902072E-03    4.46788298E+00
   1.88568896E-03    4.70371873E-03    4.51503775E+00
   1.90929116E-03    4.81084635E-03    4.56271910E+00
   1.93318878E-03    4.92046067E-03    4.61093271E+00
   1.95738550E-03    5.03262012E-03    4.65968423E+00
   1.98188509E-03    5.14738445E-03    4.70897924E+00
   2.00669133E-03    5.26481486E-03    4.75882331E+00
   2.03180805E-03    5.38497396E-03    4.80922223E+00
   2.05723914E-03    5.50792588E-03    4.86018189E+00
   2.08298855E-03    5.63373621E-03    4.91170814E+00
   2.10906024E-03    5.76247209E-03    4.96380678E+00
   2.13545826E-03    5.89420220E-03    5.01648360E+00
   2.16218669E-03    6.02899689E-03    5.06974461E+00
   2.18924967E-03    6.16692814E-03    5.12359590E+00
   2.21665138E-03    6.30806960E-03    5.17804353E+00
   2.24439606E-03    6.45249665E-03    5.23309350E+00
   2.27248801E-03    6.60028640E-03    5.28875181E+00
   2.30093158E-03    6.75151783E-03    5.34502471E+00
   2.32973115E-03    6.90627173E-03    5.40191849E+00
   2.35889120E-03    7.06463080E-03    5.45943941E+00
   2.38841622E-03    7.22667962E-03    5.51759368E+00
   2.41831080E-03    7.39250477E-03    5.57638749E+00
   2.44857955E-03    7.56219485E-03    5.63582728E+00
   2.47922716E-03    7.73584056E-03    5.69591956E+00
   2.51025837E-03    7.91353469E-03    5.75667077E+00
   2.54167798E-03    8.09537215E-03    5.81808731E+00
   2.57349086E-03    8.28145008E-03    5.88017559E+00
   2.60570192E-03    8.47186792E-03    5.94294226E+00
   2.63831614E-03    8.66672739E-03    6.00639398E+00
   2.67133859E-03    8.86613259E-03    6.07053738E+00
   2.70477436E-03    9.07018999E-03    6.13537905E+00
   2.73862863E-03    9.27900856E-03    6.20092558E+00
   2.77290663E-03    9.49269982E-03    6.26718380E+00
   2.80761368E-03    9.71137785E-03    6.33416057E+00
   2.84275513E-03    9.93515940E-03    6.40186267E+00
   2.87833643E-03    1.01641638E-02    6.47029683E+00
   2.91436309E-03    1.03985134E-02    6.53946984E+00
   2.95084067E-03    1.06383330E-02    6.60938871E+00
   2.98777482E-03    1.08837507E-02    6.68006042E+00
   3.02517126E-03    1.11348972E-02    6.75149193E+00
   3.06303577E-03    1.13919064E-02    6.82369009E+00
   3.10137421E-03    1.16549153E-02    6.89666186E+00
   3.14019252E-03    1.19240639E-02    6.97041439E+00
   3.17949669E-03    1.21994956E-02    7.04495481E+00
   3.21929281E-03    1.24813570E-02    7.12029019E+00
   3.25958704E-03    1.27697980E-02    7.19642750E+00
   3.30038562E-03    1.30649721E-02    7.27337384E+00
   3.34169484E-03    1.33670362E-02    7.35113649E+00
   3.38352112E-03    1.36761509E-02    7.42972268E+00
   3.42587091E-03    1.39924803E-02    7.50913957E+00
   3.46875077E-03    1.43161924E-02    7.58939423E+00
   3.51216734E-03    1.46474589E-02    7.67049389E+00
   3.55612733E-03    1.49864557E-02    7.75244588E+00
   3.60063754E-03    1.53333623E-02    7.83525753E+00
   3.64570487E-03    1.56883627E-02    7.91893604E+00
   3.69133628E-03    1.60516447E-02    8.00348858E+00
   3.73753883E-03    1.64234006E-02    8.08892244E+00
   3.78431968E-03    1.68038271E-02    8.17524500E+00
   3.83168606E-03    1.71931252E-02    8.26246362E+00
   3.87964530E-03    1.75915006E-02    8.35058555E+00
   3.92820483E-03    1.79991635E-02    8.43961796E+00
   3.97737214E-03    1.84163290E-02    8.52956818E+00
   4.02715486E-03    1.88432169E-02    8.62044362E+00
   4.07756069E-03    1.92800522E-02    8.71225160E+00
   4.12859741E-03    1.97270647E-02    8.80499938E+00
   4.18027294E-03    2.01844895E-02    8.89869410E+00
   4.23259526E-03    2.06525669E-02    8.99334308E+00
   4.28557248E-03    2.11315427E-02    9.08895369E+00
   4.33921278E-03    2.16216683E-02    9.18553320E+00
   4.39352448E-03    2.21232004E-02    9.28308877E+00
   4.44851596E-03    2.26364017E-02    9.38162750E+00
   4.50419574E-03    2.31615407E-02    9.48115665E+00
   4.56057244E-03    2.36988919E-02    9.58168346E+00
   4.61765478E-03    2.42487358E-02    9.68321508E+00
   4.67545159E-03    2.48113594E-02    9.78575856E+00
   4.73397181E-03    2.53870556E-02    9.88932088E+00
   4.79322449E-03    2.59761243E-02    9.99390914E+00
   4.85321882E-03    2.65788719E-02    1.00995304E+01
   4.91396406E-03    2.71956113E-02    1.02061917E+01
   4.97546961E-03    2.78266627E-02    1.03138999E+01
   5.03774500E-03    2.84723529E-02    1.04226616E+01
   5.10079986E-03    2.91330163E-02    1.05324839E+01
   5.16464395E-03    2.98089946E-02    1.06433735E+01
   5.22928714E-03    3.05006368E-02    1.07553372E+01
   5.29473943E-03    3.12082996E-02    1.08683816E+01
   5.36101096E-03    3.19323475E-02    1.09825131E+01
   5.42811197E-03    3.26731529E-02    1.10977383E+01
   5.49605286E-03    3.34310966E-02    1.12140638E+01
   5.56484412E-03    3.42065675E-02    1.13314959E+01
   5.63449641E-03    3.49999627E-02    1.14500408E+01
   5.70502050E-03    3.58116881E-02    1.15697046E+01
   5.77642730E-03    3.66421584E-02    1.16904937E+01
   5.84872787E-03    3.74917975E-02    1.18124139E+01
   5.92193338E-03    3.83610381E-02    1.19354713E+01
   5.99605517E-03    3.92503221E-02    1.20596716E+01
   6.07110471E-03    4.01601010E-02    1.21850205E+01
   6.14709360E-03    4.10908361E-02    1.23115236E+01
   6.22403360E-03    4.20429988E-02    1.24391866E+01
   6.30193663E-03    4.30170700E-02    1.25680146E+01
   6.38081472E-03    4.40135410E-02    1.26980130E+01
   6.46068010E-03    4.50329136E-02    1.28291868E+01
   6.54154510E-03    4.60757004E-02    1.29615411E+01
   6.62342225E-03    4.71424246E-02    1.30950807E+01
   6.70632422E-03    4.82336207E-02    1.32298103E+01
   6.79026382E-03    4.93498339E-02    1.33657344E+01
   6.87525406E-03    5.04916213E-02    1.35028573E+01
   6.96130807E-03    5.16595518E-02    1.36411834E+01
   7.04843918E-03    5.28542060E-02    1.37807167E+01
   7.13666087E-03    5.40761765E-02    1.39214611E+01
   7.22598678E-03    5.53260680E-02    1.40634201E+01
   7.31643073E-03    5.66044981E-02    1.42065974E+01
   7.40800673E-03    5.79120975E-02    1.43509962E+01
   7.50072893E-03    5.92495095E-02    1.44966196E+01
   7.59461169E-03    6.06173904E-02    1.46434707E+01
   7.68966954E-03    6.20164100E-02    1.47915519E+01
   7.78591717E-03    6.34472522E-02    1.49408657E+01
   7.88336949E-03    6.49106150E-02    1.50914145E+01
   7.98204156E-03    6.64072102E-02    1.52432002E+01
   8.08194867E-03    6.79377640E-02    1.53962246E+01
   8.18310626E-03    6.95030170E-02    1.55504891E+01
   8.28552998E-03    7.11037255E-02    1.57059949E+01
   8.38923570E-03    7.27406609E-02    1.58627431E+01
   8.49423944E-03    7.44146097E-02    1.60207344E+01
   8.60055746E-03    7.61263739E-02    1.61799692E+01
   8.70820621E-03    7.78767715E-02    1.63404475E+01
   8.81720234E-03    7.96666373E-02    1.65021692E+01
   8.92756272E-03    8.14968227E-02    1.66651338E+01
   9.03930443E-03    8.33681953E-02    1.68293406E+01
   9.15244475E-03    8.52816395E-02    1.69947884E+01
   9.26700119E-03    8.72380571E-02    1.71614756E+01
   9.38299147E-03    8.92383683E-02    1.73294005E+01
   9.50043354E-03    9.12835109E-02    1.74985610E+01
   9.61934557E-03    9.33744405E-02    1.76689545E+01
   9.73974597E-03    9.55121306E-02    1.78405782E+01
   9.86165335E-03    9.76975737E-02    1.80134286E+01
   9.98508659E-03    9.99317821E-02    1.81875022E+01
   1.01100648E-02    1.02215787E-01    1.83627948E+01
   1.02366073E-02    1.04550639E-01    1.85393021E+01
   1.03647336E-02    1.06937408E-01    1.87170191E+01
   1.04944636E-02    1.09377184E-01    1.88959404E+01
   1.06258174E-02    1.11871078E-01    1.90760602E+01
   1.07588153E-02    1.14420223E-01    1.92573724E+01
   1.08934779E-02    1.17025771E-01    1.94398701E+01
   1.10298259E-02    1.19688894E-01    1.96235463E+01
   1.11678806E-02    1.22410787E-01    1.98083933E+01
   1.13076632E-02    1.25192670E-01    1.99944028E+01
   1.14491954E-02    1.28035781E-01    2.01815662E+01
   1.15924991E-02    1.30941381E-01    2.03698744E+01
   1.17375964E-02    1.33910754E-01    2.05593175E+01
   1.18845098E-02    1.36945207E-01    2.07498854E+01
   1.20332621E-02    1.40046072E-01    2.09415671E+01
   1.21838763E-02    1.43214703E-01    2.11343513E+01
   1.23363756E-02    1.46452478E-01    2.13282260E+01
   1.24907836E-02    1.49760796E-01    2.15231786E+01
   1.26471244E-02    1.53141085E-01    2.17191960E+01
   1.28054219E-02    1.56594796E-01    2.19162643E+01
   1.29657008E-02    1.60123406E-01    2.21143691E+01
   1.31279858E-02    1.63728415E-01    2.23134954E+01
   1.32923020E-02    1.67411347E-01    2.25136274E+01
   1.34586749E-02    1.71173755E-01    2.27147487E+01
   1.36271302E-02    1.75017218E-01    2.29168423E+01
   1.37976940E-02    1.78943341E-01    2.31198904E+01
   1.39703926E-02    1.82953752E-01    2.33238745E+01
   1.41452528E-02    1.87050108E-01    2.35287754E+01
   1.43223017E-02    1.91234092E-01    2.37345733E+01
   1.45015665E-02    1.95507416E-01    2.39412473E+01
   1.46830752E-02    1.99871821E-01    2.41487761E+01
   1.48668557E-02    2.04329070E-01    2.43571375E+01
   1.50529364E-02    2.08880954E-01    2.45663085E+01
   1.52413463E-02    2.13529294E-01    2.47762654E+01
   1.54321144E-02    2.18275943E-01    2.49869833E+01
   1.56252702E-02    2.23122779E-01    2.51984370E+01
   1.58208437E-02    2.28071704E-01    2.54106002E+01
   1.60188650E-02    2.33124652E-01    2.56234459E+01
   1.62193649E-02    2.38283584E-01    2.58369459E+01
   1.64223744E-02    2.43550497E-01    2.60510714E+01
   1.66279248E-02    2.48927411E-01    2.62657926E+01
   1.68360479E-02    2.54416373E-01    2.64810789E+01
   1.70467761E-02    2.60019458E-01    2.66968988E+01
   1.72601418E-02    2.65738774E-01    2.69132197E+01
   1.74761781E-02    2.71576463E-01    2.71300081E+01
   1.76949184E-02    2.77534692E-01    2.73472295E+01
   1.79163966E-02    2.83615651E-01    2.75648486E+01
   1.81406469E-02    2.89821561E-01    2.77828292E+01
   1.83677040E-02    2.96154677E-01    2.80011340E+01
   1.85976031E-02    3.02617285E-01    2.82197242E+01
   1.88303798E-02    3.09211699E-01    2.84385607E+01
   1.90660699E-02    3.15940254E-01    2.86576030E+01
   1.93047101E-02    3.22805313E-01    2.88768099E+01
   1.95463372E-02    3.29809280E-01    2.90961388E+01
   1.97909887E-02    3.36954585E-01    2.93155459E+01
   2.00387023E-02    3.44243684E-01    2.95349866E+01
   2.02895164E-02    3.51679055E-01    2.97544153E+01
   2.05434698E-02    3.59263202E-01    2.99737854E+01
   2.08006018E-02    3.66998667E-01    3.01930489E+01
   2.10609523E-02    3.74888024E-01    3.04121564E+01
   2.13245614E-02    3.82933866E-01    3.06310579E+01
   2.15914699E-02    3.91138810E-01    3.08497021E+01
   2.18617192E-02    3.99505490E-01    3.10680369E+01
   2.21353511E-02    4.08036583E-01    3.12860087E+01
   2.24124079E-02    4.16734794E-01    3.15035625E+01
   2.26929325E-02    4.25602845E-01    3.17206424E+01
   2.29769682E-02    4.34643475E-01    3.19371916E+01
   2.32645591E-02    4.43859446E-01    3.21531521E+01
   2.35557496E-02    4.53253560E-01    3.23684643E+01
   2.38505848E-02    4.62828643E-01    3.25830673E+01
   2.41491103E-02    4.72587531E-01    3.27968994E+01
   2.44513723E-02    4.82533072E-01    3.30098980E+01
   2.47574175E-02    4.92668133E-01    3.32219994E+01
   2.50672933E-02    5.02995624E-01    3.34331379E+01
   2.53810477E-02    5.13518475E-01    3.36432465E+01
   2.56987292E-02    5.24239620E-01    3.38522577E+01
   2.60203870E-02    5.35162000E-01    3.40601029E+01
   2.63460708E-02    5.46288565E-01    3.42667125E+01
   2.66758310E-02    5.57622308E-01    3.44720149E+01
   2.70097186E-02    5.69166239E-01    3.46759373E+01
   2.73477854E-02    5.80923368E-01    3.48784060E+01
   2.76900835E-02    5.92896699E-01    3.50793465E+01
   2.80366660E-02    6.05089242E-01    3.52786836E+01
   2.83875865E-02    6.17504047E-01    3.54763397E+01
   2.87428993E-02    6.30144172E-01    3.56722360E+01
   2.91026594E-02    6.43012666E-01    3.58662932E+01
   2.94669224E-02    6.56112562E-01    3.60584314E+01
   2.98357447E-02    6.69446903E-01    3.62485693E+01
   3.02091834E-02    6.83018765E-01    3.64366235E+01
   3.05872962E-02    6.96831211E-01    3.66225098E+01
   3.09701416E-02    7.10887281E-01    3.68061437E+01
   3.13577789E-02    7.25189996E-01    3.69874400E+01
   3.17502681E-02    7.39742410E-01    3.71663112E+01
   3.21476698E-02    7.54547570E-01    3.73426688E+01
   3.25500457E-02    7.69608490E-01    3.75164239E+01
   3.29574578E-02    7.84928146E-01    3.76874874E+01
   3.33699693E-02    8.00509530E-01    3.78557682E+01
   3.37876441E-02    8.16355640E-01    3.80211737E+01
   3.42105466E-02    8.32469432E-01    3.81836110E+01
   3.46387424E-02    8.48853807E-01    3.83429873E+01
   3.50722977E-02    8.65511652E-01    3.84992085E+01
   3.55112796E-02    8.82445871E-01    3.86521784E+01
   3.59557560E-02    8.99659310E-01    3.88018009E+01
   3.64057957E-02    9.17154750E-01    3.89479801E+01
   3.68614683E-02    9.34934946E-01    3.90906189E+01
   3.73228443E-02    9.53002675E-01    3.92296178E+01
   3.77899951E-02    9.71360645E-01    3.93648774E+01
   3.82629930E-02    9.90011482E-01    3.94962989E+01
   3.87419112E-02    1.00895772E+00    3.96237840E+01
   3.92268238E-02    1.02820193E+00    3.97472318E+01
   3.97178057E-02    1.04774662E+00    3.98665401E+01
   4.02149330E-02    1.06759423E+00    3.99816075E+01
   4.07182826E-02    1.08774707E+00    4.00923335E+01
   4.12279324E-02    1.10820742E+00    4.01986170E+01
   4.17439612E-02    1.12897756E+00    4.03003541E+01
   4.22664489E-02    1.15005964E+00    4.03974418E+01
   4.27954763E-02    1.17145570E+00    4.04897787E+01
   4.33311252E-02    1.19316767E+00    4.05772636E+01
   4.38734786E-02    1.21519752E+00    4.06597920E+01
   4.44226203E-02    1.23754708E+00    4.07372606E+01
   4.49786354E-02    1.26021802E+00    4.08095676E+01
   4.55416098E-02    1.28321190E+00    4.08766124E+01
   4.61116307E-02    1.30653028E+00    4.09382915E+01
   4.66887862E-02    1.33017458E+00    4.09945021E+01
   4.72731657E-02    1.35414605E+00    4.10451435E+01
   4.78648596E-02    1.37844579E+00    4.10901167E+01
   4.84639594E-02    1.40307491E+00    4.11293193E+01
   4.90705578E-02    1.42803434E+00    4.11626504E+01
   4.96847487E-02    1.45332482E+00    4.11900123E+01
   5.03066271E-02    1.47894694E+00    4.12113078E+01
   5.09362893E-02    1.50490124E+00    4.12264376E+01
   5.15738326E-02    1.53118806E+00    4.12353054E+01
   5.22193557E-02    1.55780755E+00    4.12378168E+01
   5.28729585E-02    1.58475976E+00    4.12338760E+01
   5.35347420E-02    1.61204456E+00    4.12233901E+01
   5.42048088E-02    1.63966158E+00    4.12062686E+01
   5.48832625E-02    1.66761040E+00    4.11824190E+01
   5.55702081E-02    1.69589035E+00    4.11517520E+01
   5.62657517E-02    1.72450050E+00    4.11141822E+01
   5.69700012E-02    1.75343982E+00    4.10696232E+01
   5.76830653E-02    1.78270708E+00    4.10179904E+01
   5.84050546E-02    1.81230078E+00    4.09592031E+01
   5.91360806E-02    1.84221929E+00    4.08931798E+01
   5.98762564E-02    1.87246070E+00    4.08198436E+01
   6.06256967E-02    1.90302287E+00    4.07391192E+01
   6.13845173E-02    1.93390351E+00    4.06509322E+01
   6.21528357E-02    1.96509999E+00    4.05552136E+01
   6.29307708E-02    1.99660952E+00    4.04518943E+01
   6.37184428E-02    2.02842908E+00    4.03409075E+01
   6.45159737E-02    2.06055527E+00    4.02221931E+01
   6.53234870E-02    2.09298455E+00    4.00956908E+01
   6.61411074E-02    2.12571313E+00    3.99613423E+01
   6.69689616E-02    2.15873684E+00    3.98190961E+01
   6.78071776E-02    2.19205132E+00    3.96689020E+01
   6.86558851E-02    2.22565192E+00    3.95107126E+01
   6.95152155E-02    2.25953367E+00    3.93444861E+01
   7.03853016E-02    2.29369137E+00    3.91701813E+01
   7.12662782E-02    2.32811946E+00    3.89877641E+01
   7.21582815E-02    2.36281212E+00    3.87972022E+01
   7.30614496E-02    2.39776319E+00    3.85984684E+01
   7.39759221E-02    2.43296621E+00    3.83915398E+01
   7.49018406E-02    2.46841450E+00    3.81763946E+01
   7.58393484E-02    2.50410089E+00    3.79530204E+01
   7.67885905E-02    2.54001797E+00    3.77214070E+01
   7.77497137E-02    2.57615807E+00    3.74815465E+01
   7.87228668E-02    2.61251303E+00    3.72334405E+01
   7.97082004E-02    2.64907451E+00    3.69770912E+01
   8.07058669E-02    2.68583376E+00    3.67125066E+01
   8.17160207E-02    2.72278163E+00    3.64397029E+01
   8.27388181E-02    2.75990877E+00    3.61586960E+01
   8.37744172E-02    2.79720534E+00    3.58695116E+01
   8.48229785E-02    2.83466121E+00    3.55721788E+01
   8.58846640E-02    2.87226594E+00    3.52667304E+01
   8.69596381E-02    2.91000861E+00    3.49532087E+01
   8.80480671E-02    2.94787807E+00    3.46316574E+01
   8.91501195E-02    2.98586273E+00    3.43021289E+01
   9.02659656E-02    3.02395071E+00    3.39646780E+01
   9.13957782E-02    3.06212969E+00    3.36193686E+01
   9.25397321E-02    3.10038706E+00    3.32662673E+01
   9.36980043E-02    3.13870978E+00    3.29054493E+01
   9.48707739E-02    3.17708455E+00    3.25369923E+01
   9.60582226E-02    3.21549757E+00    3.21609836E+01
   9.72605339E-02    3.25393482E+00    3.17775129E+01
   9.84778939E-02    3.29238187E+00    3.13866772E+01
   9.97104910E-02    3.33082388E+00    3.09885810E+01
   1.00958516E-01    3.36924573E+00    3.05833325E+01
   1.02222162E-01    3.40763193E+00    3.01710464E+01
   1.03501624E-01    3.44596664E+00    2.97518436E+01
   1.04797100E-01    3.48423368E+00    2.93258511E+01
   1.06108792E-01    3.52241652E+00    2.88932018E+01
   1.07436901E-01    3.56049833E+00    2.84540338E+01
   1.08781633E-01    3.59846190E+00    2.80084922E+01
   1.10143197E-01    3.63628976E+00    2.75567268E+01
   1.11521802E-01    3.67396405E+00    2.70988950E+01
   1.12917663E-01    3.71146669E+00    2.66351576E+01
   1.14330996E-01    3.74877925E+00    2.61656821E+01
   1.15762018E-01    3.78588298E+00    2.56906438E+01
   1.17210951E-01    3.82275886E+00    2.52102220E+01
   1.18678021E-01    3.85938766E+00    2.47245997E+01
   1.20163452E-01    3.89574984E+00    2.42339675E+01
   1.21667476E-01    3.93182554E+00    2.37385229E+01
   1.23190325E-01    3.96759475E+00    2.32384669E+01
   1.24732235E-01    4.00303720E+00    2.27340048E+01
   1.26293444E-01    4.03813240E+00    2.22253493E+01
   1.27874194E-01    4.07285961E+00    2.17127176E+01
   1.29474730E-01    4.10719797E+00    2.11963313E+01
   1.31095298E-01    4.14112638E+00    2.06764177E+01
   1.32736151E-01    4.17462363E+00    2.01532082E+01
   1.34397541E-01    4.20766830E+00    1.96269396E+01
   1.36079726E-01    4.24023888E+00    1.90978529E+01
   1.37782965E-01    4.27231374E+00    1.85661931E+01
   1.39507524E-01    4.30387114E+00    1.80322106E+01
   1.41253668E-01    4.33488927E+00    1.74961592E+01
   1.43021667E-01    4.36534627E+00    1.69582959E+01
   1.44811796E-01    4.39522020E+00    1.64188835E+01
   1.46624330E-01    4.42448914E+00    1.58781864E+01
   1.48459552E-01    4.45313115E+00    1.53364738E+01
   1.50317743E-01    4.48112430E+00    1.47940183E+01
   1.52199193E-01    4.50844674E+00    1.42510935E+01
   1.54104192E-01    4.53507670E+00    1.37079766E+01
   1.56033035E-01    4.56099240E+00    1.31649503E+01
   1.57986020E-01    4.58617226E+00    1.26222968E+01
   1.59963450E-01    4.61059484E+00    1.20802994E+01
   1.61965630E-01    4.63423883E+00    1.15392459E+01
   1.63992870E-01    4.65708312E+00    1.09994245E+01
   1.66045485E-01    4.67910680E+00    1.04611243E+01
   1.68123790E-01    4.70028923E+00    9.92463633E+00
   1.70228109E-01    4.72061001E+00    9.39025170E+00
   1.72358767E-01    4.74004906E+00    8.85826185E+00
   1.74516093E-01    4.75858658E+00    8.32895844E+00
   1.76700421E-01    4.77620316E+00    7.80263301E+00
   1.78912089E-01    4.79287976E+00    7.27957616E+00
   1.81151440E-01    4.80859771E+00    6.76007732E+00
   1.83418819E-01    4.82333882E+00    6.24442533E+00
   1.85714578E-01    4.83708531E+00    5.73290629E+00
   1.88039071E-01    4.84981994E+00    5.22580541E+00
   1.90392660E-01    4.86152593E+00    4.72340394E+00
   1.92775707E-01    4.87218709E+00    4.22598158E+00
   1.95188581E-01    4.88178777E+00    3.73381412E+00
   1.97631656E-01    4.89031292E+00    3.24717373E+00
   2.00105309E-01    4.89774813E+00    2.76632848E+00
   2.02609925E-01    4.90407961E+00    2.29154231E+00
   2.05145889E-01    4.90929428E+00    1.82307407E+00
   2.07713594E-01    4.91337973E+00    1.36117757E+00
   2.10313438E-01    4.91632428E+00    9.06101023E-01
   2.12945823E-01    4.91811702E+00    4.58086740E-01
   2.15611156E-01    4.91874778E+00    1.73708363E-02
   2.18309850E-01    4.91820721E+00   -4.15817153E-01
   2.21042322E-01    4.91648675E+00   -8.41254543E-01
   2.23808995E-01    4.91357872E+00   -1.25872581E+00
   2.26610297E-01    4.90947624E+00   -1.66802284E+00
   2.29446661E-01    4.90417336E+00   -2.06894521E+00
   2.32318527E-01    4.89766499E+00   -2.46130042E+00
   2.35226338E-01    4.88994697E+00   -2.84490407E+00
   2.38170545E-01    4.88101607E+00   -3.21958010E+00
   2.41151604E-01    4.87087000E+00   -3.58516098E+00
   2.44169974E-01    4.85950743E+00   -3.94148784E+00
   2.47226124E-01    4.84692802E+00   -4.28841065E+00
   2.50320526E-01    4.83313239E+00   -4.62578836E+00
   2.53453659E-01    4.81812221E+00   -4.95348902E+00
   2.56626008E-01    4.80190012E+00   -5.27138996E+00
   2.59838063E-01    4.78446980E+00   -5.57937784E+00
   2.63090323E-01    4.76583594E+00   -5.87734879E+00
   2.66383289E-01    4.74600430E+00   -6.16520858E+00
   2.69717471E-01    4.72498168E+00   -6.44287268E+00
   2.73093386E-01    4.70277590E+00   -6.71026637E+00
   2.76511555E-01    4.67939588E+00   -6.96732489E+00
   2.79972508E-01    4.65485155E+00   -7.21399353E+00
   2.83476780E-01    4.62915394E+00   -7.45022775E+00
   2.87024913E-01    4.60231509E+00   -7.67599330E+00
   2.90617456E-01    4.57434811E+00   -7.89126630E+00
   2.94254965E-01    4.54526718E+00   -8.09603336E+00
   2.97938003E-01    4.51508749E+00   -8.29029168E+00
   3.01667139E-01    4.48382526E+00   -8.47404909E+00
   3.05442951E-01    4.45149774E+00   -8.64732417E+00
   3.09266023E-01    4.41812319E+00   -8.81014628E+00
   3.13136947E-01    4.38372084E+00   -8.96255558E+00
   3.17056321E-01    4.34831092E+00   -9.10460308E+00
   3.21024752E-01    4.31191458E+00   -9.23635059E+00
   3.25042853E-01    4.27455392E+00   -9.35787074E+00
   3.29111247E-01    4.23625196E+00   -9.46924686E+00
   3.33230563E-01    4.19703259E+00   -9.57057298E+00
   3.37401438E-01    4.15692051E+00   -9.66195349E+00
   3.41624519E-01    4.11594132E+00   -9.74350343E+00
   3.45900457E-01    4.07412134E+00   -9.81534782E+00
   3.50229915E-01    4.03148770E+00   -9.87762176E+00
   3.54613562E-01    3.98806820E+00   -9.93047008E+00
   3.59052077E-01    3.94389134E+00   -9.97404707E+00
   3.63546147E-01    3.89898629E+00   -1.00085162E+01
   3.68096467E-01    3.85338277E+00   -1.00340499E+01
   3.72703741E-01    3.80711109E+00   -1.00508288E+01
   3.77368682E-01    3.76020208E+00   -1.00590418E+01
   3.82092012E-01    3.71268703E+00   -1.00588856E+01
   3.86874460E-01    3.66459765E+00   -1.00505639E+01
   3.91716769E-01    3.61596604E+00   -1.00342874E+01
   3.96619686E-01    3.56682464E+00   -1.00102728E+01
   4.01583970E-01    3.51720616E+00   -9.97874298E+00
   4.06610390E-01    3.46714356E+00   -9.93992589E+00
   4.11699723E-01    3.41667000E+00   -9.89405436E+00
   4.16852756E-01    3.36581877E+00   -9.84136545E+00
   4.22070288E-01    3.31462326E+00   -9.78209995E+00
   4.27353124E-01    3.26311692E+00   -9.71650187E+00
   4.32702083E-01    3.21133321E+00   -9.64481784E+00
   4.38117992E-01    3.15930553E+00   -9.56729664E+00
   4.43601690E-01    3.10706722E+00   -9.48418862E+00
   4.49154023E-01    3.05465147E+00   -9.39574520E+00
   4.54775853E-01    3.00209131E+00   -9.30221835E+00
   4.60468048E-01    2.94941955E+00   -9.20386008E+00
   4.66231490E-01    2.89666876E+00   -9.10092195E+00
   4.72067069E-01    2.84387120E+00   -8.99365462E+00
   4.77975690E-01    2.79105879E+00   -8.88230733E+00
   4.83958265E-01    2.73826312E+00   -8.76712753E+00
   4.90015722E-01    2.68551534E+00   -8.64836043E+00
   4.96148996E-01    2.63284617E+00   -8.52624857E+00
   5.02359037E-01    2.58028587E+00   -8.40103151E+00
   5.08646807E-01    2.52786421E+00   -8.27294541E+00
   5.15013277E-01    2.47561039E+00   -8.14222276E+00
   5.21459433E-01    2.42355310E+00   -8.00909204E+00
   5.27986272E-01    2.37172042E+00   -7.87377743E+00
   5.34594804E-01    2.32013984E+00   -7.73649858E+00
   5.41286052E-01    2.26883819E+00   -7.59747038E+00
   5.48061051E-01    2.21784169E+00   -7.45690267E+00
   5.54920849E-01    2.16717586E+00   -7.31500032E+00
   5.61866508E-01    2.11686555E+00   -7.17196284E+00
   5.68899101E-01    2.06693487E+00   -7.02798393E+00
   5.76019718E-01    2.01740725E+00   -6.88325204E+00
   5.83229461E-01    1.96830537E+00   -6.73795005E+00
   5.90529443E-01    1.91965115E+00   -6.59225509E+00
   5.97920796E-01    1.87146576E+00   -6.44633813E+00
   6.05404663E-01    1.82376960E+00   -6.30036473E+00
   6.12982202E-01    1.77658227E+00   -6.15449446E+00
   6.20654584E-01    1.72992260E+00   -6.00888089E+00
   6.28422998E-01    1.68380863E+00   -5.86367206E+00
   6.36288645E-01    1.63825757E+00   -5.71900989E+00
   6.44252742E-01    1.59328584E+00   -5.57503074E+00
   6.52316522E-01    1.54890903E+00   -5.43186503E+00
   6.60481232E-01    1.50514193E+00   -5.28963767E+00
   6.68748136E-01    1.46199851E+00   -5.14846787E+00
   6.77118512E-01    1.41949189E+00   -5.00846905E+00
   6.85593655E-01    1.37763438E+00   -4.86974944E+00
   6.94174878E-01    1.33643749E+00   -4.73241178E+00
   7.02863508E-01    1.29591186E+00   -4.59655321E+00
   7.11660888E-01    1.25606733E+00   -4.46226588E+00
   7.20568381E-01    1.21691291E+00   -4.32963652E+00
   7.29587364E-01    1.17845680E+00   -4.19874681E+00
   7.38719234E-01    1.14070636E+00   -4.06967335E+00
   7.47965402E-01    1.10366817E+00   -3.94248776E+00
   7.57327300E-01    1.06734796E+00   -3.81725673E+00
   7.66806376E-01    1.03175070E+00   -3.69404212E+00
   7.76404096E-01    9.96880545E-01   -3.57290101E+00
   7.86121946E-01    9.62740855E-01   -3.45388579E+00
   7.95961430E-01    9.29334225E-01   -3.33704421E+00
   8.05924069E-01    8.96662480E-01   -3.22241944E+00
   8.16011406E-01    8.64726690E-01   -3.11005018E+00
   8.26225000E-01    8.33527180E-01   -2.99997069E+00
   8.36566433E-01    8.03063545E-01   -2.89221089E+00
   8.47037304E-01    7.73334669E-01   -2.78679643E+00
   8.57639234E-01    7.44338733E-01   -2.68374876E+00
   8.68373863E-01    7.16073239E-01   -2.58308525E+00
   8.79242851E-01    6.88535025E-01   -2.48481925E+00
   8.90247881E-01    6.61720285E-01   -2.38896019E+00
   9.01390656E-01    6.35624588E-01   -2.29551372E+00
   9.12672898E-01    6.10242902E-01   -2.20448179E+00
   9.24096355E-01    5.85569611E-01   -2.11586280E+00
   9.35662793E-01    5.61598544E-01   -2.02965168E+00
   9.47374003E-01    5.38322990E-01   -1.94584009E+00
   9.59231795E-01    5.15735727E-01   -1.86441651E+00
   9.71238006E-01    4.93829047E-01   -1.78536642E+00
   9.83394491E-01    4.72594773E-01   -1.70867245E+00
   9.95703134E-01    4.52024293E-01   -1.63431442E+00
   1.00816584E+00    4.32108556E-01   -1.56227076E+00
   1.02078453E+00    4.12838170E-01   -1.49251411E+00
   1.03356116E+00    3.94203331E-01   -1.42501864E+00
   1.04649772E+00    3.76193913E-01   -1.35975465E+00
   1.05959619E+00    3.58799463E-01   -1.29669086E+00
   1.07285861E+00    3.42009235E-01   -1.23579411E+00
   1.08628703E+00    3.25812218E-01   -1.17702964E+00
   1.09988352E+00    3.10197137E-01   -1.12036113E+00
   1.11365020E+00    2.95152508E-01   -1.06575093E+00
   1.12758919E+00    2.80666635E-01   -1.01316015E+00
   1.14170264E+00    2.66727642E-01   -9.62548775E-01
   1.15599274E+00    2.53323495E-01   -9.13875810E-01
   1.17046171E+00    2.40442023E-01   -8.67099391E-01
   1.18511178E+00    2.28070937E-01   -8.22176898E-01
   1.19994521E+00    2.16197854E-01   -7.79065053E-01
   1.21496431E+00    2.04810310E-01   -7.37720032E-01
   1.23017139E+00    1.93895791E-01   -6.98097567E-01
   1.24556881E+00    1.83441741E-01   -6.60153024E-01
   1.26115895E+00    1.73435592E-01   -6.23841532E-01
   1.27694423E+00    1.63864767E-01   -5.89118003E-01
   1.29292708E+00    1.54716716E-01   -5.55937288E-01
   1.30910999E+00    1.45978920E-01   -5.24254210E-01
   1.32549544E+00    1.37638913E-01   -4.94023655E-01
   1.34208599E+00    1.29684298E-01   -4.65200643E-01
   1.35888418E+00    1.22102759E-01   -4.37740397E-01
   1.37589264E+00    1.14882088E-01   -4.11598429E-01
   1.39311398E+00    1.08010180E-01   -3.86730553E-01
   1.41055087E+00    1.01475070E-01   -3.63093021E-01
   1.42820601E+00    9.52649197E-02   -3.40642493E-01
   1.44608213E+00    8.93680601E-02   -3.19336182E-01
   1.46418199E+00    8.37729749E-02   -2.99131821E-01
   1.48250840E+00    7.84683348E-02   -2.79987783E-01
   1.50106420E+00    7.34429915E-02   -2.61863075E-01
   1.51985225E+00    6.86859983E-02   -2.44717412E-01
   1.53887545E+00    6.41866122E-02   -2.28511238E-01
   1.55813677E+00    5.99343086E-02   -2.13205778E-01
   1.57763916E+00    5.59187828E-02   -1.98763055E-01
   1.59738566E+00    5.21299605E-02   -1.85145929E-01
   1.61737931E+00    4.85580057E-02   -1.72318133E-01
   1.63762322E+00    4.51933210E-02   -1.60244277E-01
   1.65812050E+00    4.20265566E-02   -1.48889883E-01
   1.67887434E+00    3.90486115E-02   -1.38221397E-01
   1.69988795E+00    3.62506444E-02   -1.28206226E-01
   1.72116457E+00    3.36240610E-02   -1.18812698E-01
   1.74270750E+00    3.11605353E-02   -1.10010142E-01
   1.76452007E+00    2.88519868E-02   -1.01768803E-01
   1.78660566E+00    2.66906257E-02   -9.40600113E-02
   1.80896769E+00    2.46688844E-02   -8.68559339E-02
   1.83160960E+00    2.27794814E-02   -8.01298066E-02
   1.85453492E+00    2.10153859E-02   -7.38558063E-02
   1.87774717E+00    1.93698272E-02   -6.80090846E-02
   1.90124997E+00    1.78362904E-02   -6.25657531E-02
   1.92504694E+00    1.64085130E-02   -5.75028704E-02
   1.94914176E+00    1.50804837E-02   -5.27984362E-02
   1.97353816E+00    1.38464376E-02   -4.84313736E-02
   1.99823992E+00    1.27008522E-02   -4.43815139E-02
   2.02325086E+00    1.16384479E-02   -4.06295977E-02
   2.04857485E+00    1.06541738E-02   -3.71572198E-02
   2.07421581E+00    9.74321271E-03   -3.39468492E-02
   2.10017770E+00    8.90096998E-03   -3.09817839E-02
   2.12646454E+00    8.12307315E-03   -2.82461505E-02
   2.15308040E+00    7.40535952E-03   -2.57248563E-02
   2.18002940E+00    6.74387623E-03   -2.34035884E-02
   2.20731571E+00    6.13487430E-03   -2.12687899E-02
   2.23494354E+00    5.57479601E-03   -1.93076130E-02
   2.26291718E+00    5.06027899E-03   -1.75079323E-02
   2.29124095E+00    4.58814023E-03   -1.58582847E-02
   2.31991923E+00    4.15537515E-03   -1.43478648E-02
   2.34895647E+00    3.75915046E-03   -1.29664976E-02
   2.37835714E+00    3.39679654E-03   -1.17046093E-02
   2.40812582E+00    3.06580280E-03   -1.05532091E-02
   2.43826709E+00    2.76380886E-03   -9.50385609E-03
   2.46878562E+00    2.48860077E-03   -8.54864431E-03
   2.49968614E+00    2.23810361E-03   -7.68017469E-03
   2.53097342E+00    2.01037410E-03   -6.89152741E-03
   2.56265231E+00    1.80359681E-03   -6.17624711E-03
   2.59472771E+00    1.61607627E-03   -5.52831343E-03
   2.62720458E+00    1.44623251E-03   -4.94212417E-03
   2.66008795E+00    1.29259348E-03   -4.41246706E-03
   2.69338290E+00    1.15379092E-03   -3.93450420E-03
   2.72709459E+00    1.02855459E-03   -3.50375063E-03
   2.76122823E+00    9.15706176E-04   -3.11605174E-03
   2.79578910E+00    8.14154767E-04   -2.76756655E-03
   2.83078255E+00    7.22891870E-04   -2.45474929E-03
   2.86621400E+00    6.40985698E-04   -2.17432846E-03
   2.90208892E+00    5.67577685E-04   -1.92329392E-03
   2.93841288E+00    5.01876917E-04   -1.69887666E-03
   2.97519148E+00    4.43156499E-04   -1.49853538E-03
   3.01243042E+00    3.90748894E-04   -1.31993968E-03
   3.05013546E+00    3.44042508E-04   -1.16095748E-03
   3.08831243E+00    3.02476997E-04   -1.01963818E-03
   3.12696725E+00    2.65540997E-04   -8.94204267E-04
   3.16610589E+00    2.32766028E-04   -7.83029623E-04
   3.20573440E+00    2.03729956E-04   -6.84651232E-04
   3.24585893E+00    1.78042566E-04   -5.97718521E-04
   3.28648567E+00    1.55353138E-04   -5.21019510E-04
   3.32762092E+00    1.35342966E-04   -4.53454435E-04
   3.36927104E+00    1.17723241E-04   -3.94028169E-04
   3.41144247E+00    1.02233149E-04   -3.41843376E-04
   3.45414174E+00    8.86370575E-05   -2.96090552E-04
   3.49737545E+00    7.67227950E-05   -2.56041866E-04
   3.54115030E+00    6.62995286E-05   -2.21043656E-04
   3.58547306E+00    5.71958099E-05   -1.90509522E-04
   3.63035058E+00    4.92580314E-05   -1.63914855E-04
   3.67578980E+00    4.23486501E-05   -1.40790593E-04
   3.72179777E+00    3.63448174E-05   -1.20718399E-04
   3.76838160E+00    3.11369704E-05   -1.03325713E-04
   3.81554849E+00    2.66275687E-05   -8.82813341E-05
   3.86330575E+00    2.27299566E-05   -7.52914388E-05
   3.91166075E+00    1.93672345E-05   -6.40956495E-05
   3.96062100E+00    1.64713200E-05   -5.44637656E-05
   4.01019405E+00    1.39820571E-05   -4.61926684E-05
   4.06038759E+00    1.18463605E-05   -3.91033575E-05
   4.11120937E+00    1.00175232E-05   -3.30385533E-05
   4.16266726E+00    8.45447056E-06   -2.78601265E-05
   4.21476922E+00    7.12118460E-06   -2.34471111E-05
   4.26752331E+00    5.98614993E-06   -1.96938016E-05
   4.32093771E+00    5.02181624E-06   -1.65079092E-05
   4.37502066E+00    4.20418066E-06   -1.38091301E-05
   4.42978054E+00    3.51234994E-06   -1.15276509E-05
   4.48522582E+00    2.92818700E-06   -9.60294203E-06
   4.54136508E+00    2.43597214E-06   -7.98260447E-06
   4.59820701E+00    2.02212209E-06   -6.62141470E-06
   4.65576040E+00    1.67491248E-06   -5.48038352E-06
   4.71403416E+00    1.38424814E-06   -4.52597812E-06
   4.77303729E+00    1.14146118E-06   -3.72943927E-06
   4.83277894E+00    9.39120360E-07   -3.06613826E-06
   4.89326835E+00    7.70871268E-07   -2.51503812E-06
   4.95451487E+00    6.31291854E-07   -2.05820793E-06
   5.01652798E+00    5.15768539E-07   -1.68040649E-06
   5.07931728E+00    4.20378285E-07   -1.36868728E-06
   5.14289248E+00    3.41802612E-07   -1.11211012E-06
   5.20726341E+00    2.77234286E-07   -9.01429509E-07
   5.27244005E+00    2.24305380E-07   -7.28854477E-07
   5.33843247E+00    1.81026285E-07   -5.87845162E-07
   5.40525088E+00    1.45726935E-07   -4.72917241E-07
   5.47290562E+00    1.17008912E-07   -3.79482744E-07
   5.54140716E+00    9.37049299E-08   -3.03715524E-07
   5.61076610E+00    7.48448931E-08   -2.42438679E-07
   5.68099317E+00    5.96206645E-08   -1.93008002E-07
   5.75209923E+00    4.73650727E-08   -1.53242454E-07
   5.82409530E+00    3.75253850E-08   -1.21336627E-07
   5.89699250E+00    2.96475541E-08   -9.58087158E-08
   5.97080212E+00    2.33577003E-08   -7.54395397E-08
   6.04553557E+00    1.83497675E-08   -5.92318970E-08
   6.12120443E+00    1.43742026E-08   -4.63733365E-08
   6.19782039E+00    1.12270951E-08   -3.62005141E-08
   6.27539532E+00    8.74310538E-09   -2.81759785E-08
   6.35394121E+00    6.78832519E-09   -2.18647763E-08
   6.43347022E+00    5.25463909E-09   -1.69159931E-08
   6.51399466E+00    4.05501268E-09   -1.30473435E-08
   6.59552697E+00    3.11954306E-09   -1.00322680E-08
   6.67807979E+00    2.39232613E-09   -7.68970533E-09
   6.76166587E+00    1.82879210E-09   -5.87540339E-09
   6.84629816E+00    1.39351306E-09   -4.47477590E-09
   6.93198975E+00    1.05836847E-09   -3.39693145E-09
   7.01875390E+00    8.01167121E-10   -2.57019063E-09
   7.10660403E+00    6.04441193E-10   -1.93816721E-09
   7.19555373E+00    4.54478845E-10   -1.45662727E-09
   7.28561677E+00    3.40551662E-10   -1.09098275E-09
   7.37680708E+00    2.54295359E-10   -8.14283959E-10
   7.46913878E+00    1.89218288E-10   -6.05627414E-10
   7.56262614E+00    1.40295089E-10   -4.48840710E-10
   7.65728364E+00    1.03646287E-10   -3.31446303E-10
   7.75312592E+00    7.62909498E-11   -2.43862109E-10
   7.85016780E+00    5.59484664E-11   -1.78761331E-10
   7.94842431E+00    4.08766910E-11   -1.30550143E-10
   8.04791064E+00    2.97517021E-11   -9.49799037E-11
   8.14864219E+00    2.15714701E-11   -6.88366891E-11
   8.25063455E+00    1.55798342E-11   -4.96964523E-11
   8.35390350E+00    1.12081425E-11   -3.57371937E-11
   8.45846501E+00    8.03100288E-12   -2.55966241E-11
   8.56433526E+00    5.73125015E-12   -1.82595552E-11
   8.67153063E+00    4.07341233E-12   -1.29726569E-11
   8.78006771E+00    2.88309749E-12   -9.17827993E-12
   8.88996330E+00    2.03214441E-12   -6.46680431E-12
   9.00123439E+00    1.42628673E-12   -4.53708393E-12
   9.11389821E+00    9.96715765E-13   -3.16940419E-12
   9.22797218E+00    6.93537088E-13   -2.20451979E-12
   9.34347395E+00    4.80455800E-13   -1.52664222E-12
   9.46042141E+00    3.31340963E-13   -1.05244612E-12
   9.57883263E+00    2.27506697E-13   -7.22373049E-13
   9.69872595E+00    1.55486631E-13   -4.93519459E-13
   9.82011990E+00    1.05773911E-13   -3.35610104E-13
   9.94303329E+00    7.16177964E-14   -2.27155895E-13
   1.00674851E+01    4.82511682E-14   -1.52988387E-13
   1.01934946E+01    3.23732837E-14   -1.02609436E-13
   1.03210814E+01    2.16036213E-14   -6.84506254E-14
   1.04502650E+01    1.43395102E-14   -4.54188496E-14
   1.05810656E+01    9.48144114E-15   -3.00213354E-14
   1.07135034E+01    6.23297910E-15   -1.97290195E-14
   1.08475988E+01    4.07858718E-15   -1.29055144E-14
   1.09833726E+01    2.65089489E-15   -8.38518529E-15
   1.11208458E+01    1.71838724E-15   -5.43377011E-15
   1.12600397E+01    1.10302535E-15   -3.48674513E-15
   1.14009758E+01    7.08535222E-16   -2.23902853E-15
   1.15436760E+01    4.49506394E-16   -1.42001264E-15
   1.16881622E+01    2.82182563E-16   -8.91119966E-16
   1.18344569E+01    1.79424008E-16   -5.66447848E-16
   1.19825827E+01    1.13592578E-16   -3.58518171E-16
   1.21325625E+01    7.05288655E-17   -2.22531482E-16
   1.22844196E+01    4.36029909E-17   -1.37530875E-16
   1.24381773E+01    2.64293056E-17   -8.33323009E-17
   1.25938596E+01    1.58825366E-17   -5.00596586E-17
   1.27514904E+01    9.85047504E-18   -3.10400050E-17
   1.29110943E+01    6.15110906E-18   -1.93799807E-17
   1.30726958E+01    3.69668308E-18   -1.16443365E-17
   1.32363200E+01    2.18095703E-18   -6.86765741E-18
   1.34019922E+01    1.28870042E-18   -4.05631181E-18
   1.35697380E+01    7.27959747E-19    0.00000000E+00
   1.37395835E+01    3.91446100E-19    0.00000000E+00
   1.39115547E+01    2.18476869E-19    0.00000000E+00
   1.40856785E+01    1.43375394E-19    0.00000000E+00
   1.42619817E+01    1.01208459E-19    0.00000000E+00
   1.44404916E+01    6.91105523E-20    0.00000000E+00
   1.46212358E+01    4.47525739E-20    0.00000000E+00
   1.48042423E+01    2.57367029E-20    0.00000000E+00
   1.49895393E+01    0.00000000E+00    0.00000000E+00
   1.51771557E+01    0.00000000E+00    0.00000000E+00
   1.53671203E+01    0.00000000E+00    0.00000000E+00
   1.55594626E+01    0.00000000E+00    0.00000000E+00
   1.57542124E+01    0.00000000E+00    0.00000000E+00
   1.59513998E+01    0.00000000E+00    0.00000000E+00
   1.61510553E+01    0.00000000E+00    0.00000000E+00
   1.63532097E+01    0.00000000E+00    0.00000000E+00
   1.65578944E+01    0.00000000E+00    0.00000000E+00
   1.67651410E+01    0.00000000E+00    0.00000000E+00
   1.69749817E+01    0.00000000E+00    0.00000000E+00
   1.71874488E+01    0.00000000E+00    0.00000000E+00
   1.74025752E+01    0.00000000E+00    0.00000000E+00
   1.76203943E+01    0.00000000E+00    0.00000000E+00
   1.78409397E+01    0.00000000E+00    0.00000000E+00
   1.80642456E+01    0.00000000E+00    0.00000000E+00
   1.82903464E+01    0.00000000E+00    0.00000000E+00
   1.85192773E+01    0.00000000E+00    0.00000000E+00
   1.87510735E+01    0.00000000E+00    0.00000000E+00
   1.89857710E+01    0.00000000E+00    0.00000000E+00
   1.92234062E+01    0.00000000E+00    0.00000000E+00
   1.94640156E+01    0.00000000E+00    0.00000000E+00
   1.97076367E+01    0.00000000E+00    0.00000000E+00
   1.99543070E+01    0.00000000E+00    0.00000000E+00
   2.02040648E+01    0.00000000E+00    0.00000000E+00
   2.04569487E+01    0.00000000E+00    0.00000000E+00
   2.07129978E+01    0.00000000E+00    0.00000000E+00
   2.09722517E+01    0.00000000E+00    0.00000000E+00
   2.12347506E+01    0.00000000E+00    0.00000000E+00
   2.15005350E+01    0.00000000E+00    0.00000000E+00
   2.17696462E+01    0.00000000E+00    0.00000000E+00
   2.20421256E+01    0.00000000E+00    0.00000000E+00
   2.23180155E+01    0.00000000E+00    0.00000000E+00
   2.25973587E+01    0.00000000E+00    0.00000000E+00
   2.28801982E+01    0.00000000E+00    0.00000000E+00
   2.31665778E+01    0.00000000E+00    0.00000000E+00
   2.34565419E+01    0.00000000E+00    0.00000000E+00
   2.37501354E+01    0.00000000E+00    0.00000000E+00
   2.40474036E+01    0.00000000E+00    0.00000000E+00
   2.43483926E+01    0.00000000E+00    0.00000000E+00
   2.46531489E+01    0.00000000E+00    0.00000000E+00
   2.49617196E+01    0.00000000E+00    0.00000000E+00
   2.52741526E+01    0.00000000E+00    0.00000000E+00
   2.55904962E+01    0.00000000E+00    0.00000000E+00
   2.59107992E+01    0.00000000E+00    0.00000000E+00
   2.62351114E+01    0.00000000E+00    0.00000000E+00
   2.65634828E+01    0.00000000E+00    0.00000000E+00
   2.68959642E+01    0.00000000E+00    0.00000000E+00
   2.72326071E+01    0.00000000E+00    0.00000000E+00
   2.75734636E+01    0.00000000E+00    0.00000000E+00
   2.79185865E+01    0.00000000E+00    0.00000000E+00
   2.82680291E+01    0.00000000E+00    0.00000000E+00
   2.86218454E+01    0.00000000E+00    0.00000000E+00
   2.89800903E+01    0.00000000E+00    0.00000000E+00
   2.93428192E+01    0.00000000E+00    0.00000000E+00
   2.97100882E+01    0.00000000E+00    0.00000000E+00
   3.00819540E+01    0.00000000E+00    0.00000000E+00
   3.04584744E+01    0.00000000E+00    0.00000000E+00
   3.08397074E+01    0.00000000E+00    0.00000000E+00
   3.12257121E+01    0.00000000E+00    0.00000000E+00
   3.16165483E+01    0.00000000E+00    0.00000000E+00
   3.20122763E+01    0.00000000E+00    0.00000000E+00
   3.24129575E+01    0.00000000E+00    0.00000000E+00
   3.28186538E+01    0.00000000E+00    0.00000000E+00
   3.32294280E+01    0.00000000E+00    0.00000000E+00
   3.36453436E+01    0.00000000E+00    0.00000000E+00
   3.40664651E+01    0.00000000E+00    0.00000000E+00
   3.44928575E+01    0.00000000E+00    0.00000000E+00
   3.49245868E+01    0.00000000E+00    0.00000000E+00
   3.53617199E+01    0.00000000E+00    0.00000000E+00
   3.58043243E+01    0.00000000E+00    0.00000000E+00
   3.62524686E+01    0.00000000E+00    0.00000000E+00
   3.67062221E+01    0.00000000E+00    0.00000000E+00
   3.71656550E+01    0.00000000E+00    0.00000000E+00
   3.76308383E+01    0.00000000E+00    0.00000000E+00
   3.81018442E+01    0.00000000E+00    0.00000000E+00
   3.85787453E+01    0.00000000E+00    0.00000000E+00
   3.90616156E+01    0.00000000E+00    0.00000000E+00
   3.95505298E+01    0.00000000E+00    0.00000000E+00
   4.00455634E+01    0.00000000E+00    0.00000000E+00
   4.05467931E+01    0.00000000E+00    0.00000000E+00
   4.10542964E+01    0.00000000E+00    0.00000000E+00
   4.15681519E+01    0.00000000E+00    0.00000000E+00
   4.20884390E+01    0.00000000E+00    0.00000000E+00
   4.26152383E+01    0.00000000E+00    0.00000000E+00
   4.31486313E+01    0.00000000E+00    0.00000000E+00
   4.36887005E+01    0.00000000E+00    0.00000000E+00
   4.42355295E+01    0.00000000E+00    0.00000000E+00
   4.47892029E+01    0.00000000E+00    0.00000000E+00
   4.53498062E+01    0.00000000E+00    0.00000000E+00
   4.59174264E+01    0.00000000E+00    0.00000000E+00
   4.64921512E+01    0.00000000E+00    0.00000000E+00
   4.70740695E+01    0.00000000E+00    0.00000000E+00
   4.76632714E+01    0.00000000E+00    0.00000000E+00
   4.82598480E+01    0.00000000E+00    0.00000000E+00
   4.88638917E+01    0.00000000E+00    0.00000000E+00
   4.94754959E+01    0.00000000E+00    0.00000000E+00
   5.00947552E+01    0.00000000E+00    0.00000000E+00
   5.07217654E+01    0.00000000E+00    0.00000000E+00
   5.13566236E+01    0.00000000E+00    0.00000000E+00
   5.19994280E+01    0.00000000E+00    0.00000000E+00
   5.26502781E+01    0.00000000E+00    0.00000000E+00
   5.33092745E+01    0.00000000E+00    0.00000000E+00
   5.39765193E+01    0.00000000E+00    0.00000000E+00
   5.46521156E+01    0.00000000E+00    0.00000000E+00
   5.53361679E+01    0.00000000E+00    0.00000000E+00
   5.60287823E+01    0.00000000E+00    0.00000000E+00
   5.67300657E+01    0.00000000E+00    0.00000000E+00
   5.74401267E+01    0.00000000E+00    0.00000000E+00
   5.81590752E+01    0.00000000E+00    0.00000000E+00
   5.88870224E+01    0.00000000E+00    0.00000000E+00
   5.96240809E+01    0.00000000E+00    0.00000000E+00
   6.03703648E+01    0.00000000E+00    0.00000000E+00
   6.11259896E+01    0.00000000E+00    0.00000000E+00
   6.18910721E+01    0.00000000E+00    0.00000000E+00
   6.26657308E+01    0.00000000E+00    0.00000000E+00
   6.34500855E+01    0.00000000E+00    0.00000000E+00
   6.42442575E+01    0.00000000E+00    0.00000000E+00
   6.50483698E+01    0.00000000E+00    0.00000000E+00
   6.58625468E+01    0.00000000E+00    0.00000000E+00
   6.66869144E+01    0.00000000E+00    0.00000000E+00
   6.75216001E+01    0.00000000E+00    0.00000000E+00
   6.83667332E+01    0.00000000E+00    0.00000000E+00
   6.92224444E+01    0.00000000E+00    0.00000000E+00
   7.00888661E+01    0.00000000E+00    0.00000000E+00
   7.09661324E+01    0.00000000E+00    0.00000000E+00
   7.18543789E+01    0.00000000E+00    0.00000000E+00
   7.27537431E+01    0.00000000E+00    0.00000000E+00
   7.36643643E+01    0.00000000E+00    0.00000000E+00
   7.45863832E+01    0.00000000E+00    0.00000000E+00
   7.55199426E+01    0.00000000E+00    0.00000000E+00
   7.64651868E+01    0.00000000E+00    0.00000000E+00
   7.74222622E+01    0.00000000E+00    0.00000000E+00
   7.83913167E+01    0.00000000E+00    0.00000000E+00
   7.93725005E+01    0.00000000E+00    0.00000000E+00
   8.03659652E+01    0.00000000E+00    0.00000000E+00
   8.13718646E+01    0.00000000E+00    0.00000000E+00
   8.23903543E+01    0.00000000E+00    0.00000000E+00
   8.34215920E+01    0.00000000E+00    0.00000000E+00
   8.44657371E+01    0.00000000E+00    0.00000000E+00
   8.55229512E+01    0.00000000E+00    0.00000000E+00
   8.65933979E+01    0.00000000E+00    0.00000000E+00
   8.76772429E+01    0.00000000E+00    0.00000000E+00
   8.87746538E+01    0.00000000E+00    0.00000000E+00
   8.98858004E+01    0.00000000E+00    0.00000000E+00
   9.10108547E+01    0.00000000E+00    0.00000000E+00
   9.21499907E+01    0.00000000E+00    0.00000000E+00
   9.33033847E+01    0.00000000E+00    0.00000000E+00
   9.44712151E+01    0.00000000E+00    0.00000000E+00
   9.56536627E+01    0.00000000E+00    0.00000000E+00
   9.68509103E+01    0.00000000E+00    0.00000000E+00
   9.80631433E+01    0.00000000E+00    0.00000000E+00
   9.92905492E+01    0.00000000E+00    0.00000000E+00
   1.00533318E+02    0.00000000E+00    0.00000000E+00
   1.01791642E+02    0.00000000E+00    0.00000000E+00
   1.03065715E+02    0.00000000E+00    0.00000000E+00
   1.04355736E+02    0.00000000E+00    0.00000000E+00
   1.05661903E+02    0.00000000E+00    0.00000000E+00
   1.06984418E+02    0.00000000E+00    0.00000000E+00
   1.08323487E+02    0.00000000E+00    0.00000000E+00
   1.09679316E+02    0.00000000E+00    0.00000000E+00
   1.11052116E+02    0.00000000E+00    0.00000000E+00
   1.12442098E+02    0.00000000E+00    0.00000000E+00
   1.13849478E+02    0.00000000E+00    0.00000000E+00
   1.15274473E+02    0.00000000E+00    0.00000000E+00
   1.16717304E+02    0.00000000E+00    0.00000000E+00
   1.18178195E+02    0.00000000E+00    0.00000000E+00
   1.19657370E+02    0.00000000E+00    0.00000000E+00
   1.21155060E+02    0.00000000E+00    0.00000000E+00
   1.22671496E+02    0.00000000E+00    0.00000000E+00
   1.24206912E+02    0.00000000E+00    0.00000000E+00
   1.25761546E+02    0.00000000E+00    0.00000000E+00
   1.27335638E+02    0.00000000E+00    0.00000000E+00
   1.28929433E+02    0.00000000E+00    0.00000000E+00
   1.30543176E+02    0.00000000E+00    0.00000000E+00
   1.32177118E+02    0.00000000E+00    0.00000000E+00
   1.33831511E+02    0.00000000E+00    0.00000000E+00
   1.35506611E+02    0.00000000E+00    0.00000000E+00
   1.37202677E+02    0.00000000E+00    0.00000000E+00
   1.38919972E+02    0.00000000E+00    0.00000000E+00
   1.40658762E+02    0.00000000E+00    0.00000000E+00
   1.42419315E+02    0.00000000E+00    0.00000000E+00
   1.44201905E+02    0.00000000E+00    0.00000000E+00
   1.46006806E+02    0.00000000E+00    0.00000000E+00
   1.47834298E+02    0.00000000E+00    0.00000000E+00
   1.49684663E+02    0.00000000E+00    0.00000000E+00
   1.51558189E+02    0.00000000E+00    0.00000000E+00
   1.53455165E+02    0.00000000E+00    0.00000000E+00
   1.55375884E+02    0.00000000E+00    0.00000000E+00
   1.57320644E+02    0.00000000E+00    0.00000000E+00
   1.59289746E+02    0.00000000E+00    0.00000000E+00
   1.61283494E+02    0.00000000E+00    0.00000000E+00
   1.63302196E+02    0.00000000E+00    0.00000000E+00
   1.65346166E+02    0.00000000E+00    0.00000000E+00
   1.67415718E+02    0.00000000E+00    0.00000000E+00
   1.69511175E+02    0.00000000E+00    0.00000000E+00
   1.71632859E+02    0.00000000E+00    0.00000000E+00
   1.73781099E+02    0.00000000E+00    0.00000000E+00
   1.75956227E+02    0.00000000E+00    0.00000000E+00
   1.78158581E+02    0.00000000E+00    0.00000000E+00
   1.80388500E+02    0.00000000E+00    0.00000000E+00
   1.82646330E+02    0.00000000E+00    0.00000000E+00
   1.84932420E+02    0.00000000E+00    0.00000000E+00
