# Peaks:     0.086960      0.359052      1.141703      4.214769    182.646330  
   6.16441385E-05    1.29453583E-05    1.51020338E-01
   6.24157064E-05    1.30609366E-05    1.50494236E-01
   6.31969317E-05    1.31779039E-05    1.49975579E-01
   6.39879351E-05    1.32962162E-05    1.49463431E-01
   6.47888391E-05    1.34158255E-05    1.48956831E-01
   6.55997677E-05    1.35366790E-05    1.48454797E-01
   6.64208462E-05    1.36587192E-05    1.47956322E-01
   6.72522017E-05    1.37818834E-05    1.47460371E-01
   6.80939629E-05    1.39061038E-05    1.46965888E-01
   6.89462600E-05    1.40313408E-05    1.46472229E-01
   6.98092248E-05    1.41576151E-05    1.45979560E-01
   7.06829909E-05    1.42849561E-05    1.45488143E-01
   7.15676935E-05    1.44133948E-05    1.44998253E-01
   7.24634695E-05    1.45429644E-05    1.44510173E-01
   7.33704574E-05    1.46737002E-05    1.44024197E-01
   7.42887977E-05    1.48056397E-05    1.43540631E-01
   7.52186323E-05    1.49388169E-05    1.43059721E-01
   7.61601052E-05    1.50732435E-05    1.42581443E-01
   7.71133620E-05    1.52089251E-05    1.42105703E-01
   7.80785502E-05    1.53458674E-05    1.41632405E-01
   7.90558192E-05    1.54840758E-05    1.41161454E-01
   8.00453202E-05    1.56235555E-05    1.40692756E-01
   8.10472063E-05    1.57643116E-05    1.40226215E-01
   8.20616324E-05    1.59063493E-05    1.39761739E-01
   8.30887556E-05    1.60496783E-05    1.39299290E-01
   8.41287348E-05    1.61943121E-05    1.38838874E-01
   8.51817308E-05    1.63402651E-05    1.38380501E-01
   8.62479067E-05    1.64875518E-05    1.37924184E-01
   8.73274273E-05    1.66361874E-05    1.37469937E-01
   8.84204598E-05    1.67861879E-05    1.37017779E-01
   8.95271731E-05    1.69375693E-05    1.36567731E-01
   9.06477386E-05    1.70903466E-05    1.36119795E-01
   9.17823297E-05    1.72445320E-05    1.35673951E-01
   9.29311219E-05    1.74001382E-05    1.35230183E-01
   9.40942929E-05    1.75571782E-05    1.34788471E-01
   9.52720227E-05    1.77156652E-05    1.34348803E-01
   9.64644935E-05    1.78756130E-05    1.33911164E-01
   9.76718899E-05    1.80370355E-05    1.33475545E-01
   9.88943987E-05    1.81999470E-05    1.33041935E-01
   1.00132209E-04    1.83643614E-05    1.32610322E-01
   1.01385512E-04    1.85302929E-05    1.32180697E-01
   1.02654502E-04    1.86977563E-05    1.31753052E-01
   1.03939376E-04    1.88667666E-05    1.31327383E-01
   1.05240332E-04    1.90373395E-05    1.30903684E-01
   1.06557571E-04    1.92094910E-05    1.30481957E-01
   1.07891297E-04    1.93832373E-05    1.30062199E-01
   1.09241717E-04    1.95585935E-05    1.29644400E-01
   1.10609039E-04    1.97355746E-05    1.29228549E-01
   1.11993475E-04    1.99141963E-05    1.28814636E-01
   1.13395240E-04    2.00944743E-05    1.28402653E-01
   1.14814550E-04    2.02764250E-05    1.27992595E-01
   1.16251625E-04    2.04600654E-05    1.27584459E-01
   1.17706686E-04    2.06454126E-05    1.27178243E-01
   1.19179960E-04    2.08324833E-05    1.26773939E-01
   1.20671674E-04    2.10212936E-05    1.26371536E-01
   1.22182060E-04    2.12118603E-05    1.25971027E-01
   1.23711350E-04    2.14042005E-05    1.25572403E-01
   1.25259781E-04    2.15983318E-05    1.25175660E-01
   1.26827593E-04    2.17942723E-05    1.24780796E-01
   1.28415029E-04    2.19920407E-05    1.24387809E-01
   1.30022333E-04    2.21916553E-05    1.23996697E-01
   1.31649756E-04    2.23931336E-05    1.23607448E-01
   1.33297548E-04    2.25964934E-05    1.23220053E-01
   1.34965965E-04    2.28017532E-05    1.22834505E-01
   1.36655264E-04    2.30089317E-05    1.22450800E-01
   1.38365708E-04    2.32180484E-05    1.22068933E-01
   1.40097560E-04    2.34291232E-05    1.21688904E-01
   1.41851089E-04    2.36421763E-05    1.21310712E-01
   1.43626566E-04    2.38572267E-05    1.20934347E-01
   1.45424266E-04    2.40742935E-05    1.20559800E-01
   1.47244467E-04    2.42933965E-05    1.20187064E-01
   1.49087450E-04    2.45145558E-05    1.19816133E-01
   1.50953501E-04    2.47377923E-05    1.19447004E-01
   1.52842908E-04    2.49631274E-05    1.19079674E-01
   1.54755964E-04    2.51905830E-05    1.18714146E-01
   1.56692965E-04    2.54201801E-05    1.18350412E-01
   1.58654210E-04    2.56519393E-05    1.17988463E-01
   1.60640003E-04    2.58858818E-05    1.17628290E-01
   1.62650651E-04    2.61220292E-05    1.17269888E-01
   1.64686466E-04    2.63604039E-05    1.16913252E-01
   1.66747761E-04    2.66010287E-05    1.16558381E-01
   1.68834857E-04    2.68439273E-05    1.16205274E-01
   1.70948076E-04    2.70891230E-05    1.15853930E-01
   1.73087745E-04    2.73366381E-05    1.15504338E-01
   1.75254195E-04    2.75864952E-05    1.15156489E-01
   1.77447762E-04    2.78387178E-05    1.14810379E-01
   1.79668784E-04    2.80933298E-05    1.14466001E-01
   1.81917606E-04    2.83503559E-05    1.14123353E-01
   1.84194575E-04    2.86098214E-05    1.13782436E-01
   1.86500043E-04    2.88717517E-05    1.13443249E-01
   1.88834368E-04    2.91361712E-05    1.13105781E-01
   1.91197911E-04    2.94031044E-05    1.12770025E-01
   1.93591037E-04    2.96725764E-05    1.12435975E-01
   1.96014116E-04    2.99446131E-05    1.12103624E-01
   1.98467524E-04    3.02192410E-05    1.11772970E-01
   2.00951640E-04    3.04964875E-05    1.11444013E-01
   2.03466848E-04    3.07763801E-05    1.11116753E-01
   2.06013538E-04    3.10589454E-05    1.10791181E-01
   2.08592103E-04    3.13442099E-05    1.10467289E-01
   2.11202943E-04    3.16322006E-05    1.10145069E-01
   2.13846461E-04    3.19229455E-05    1.09824516E-01
   2.16523067E-04    3.22164732E-05    1.09505627E-01
   2.19233175E-04    3.25128131E-05    1.09188401E-01
   2.21977204E-04    3.28119953E-05    1.08872839E-01
   2.24755578E-04    3.31140487E-05    1.08558933E-01
   2.27568728E-04    3.34190019E-05    1.08246675E-01
   2.30417089E-04    3.37268842E-05    1.07936057E-01
   2.33301101E-04    3.40377256E-05    1.07627072E-01
   2.36221210E-04    3.43515571E-05    1.07319717E-01
   2.39177870E-04    3.46684104E-05    1.07013992E-01
   2.42171536E-04    3.49883179E-05    1.06709896E-01
   2.45202672E-04    3.53113116E-05    1.06407424E-01
   2.48271748E-04    3.56374222E-05    1.06106567E-01
   2.51379237E-04    3.59666815E-05    1.05807316E-01
   2.54525622E-04    3.62991219E-05    1.05509666E-01
   2.57711388E-04    3.66347768E-05    1.05213611E-01
   2.60937029E-04    3.69736805E-05    1.04919151E-01
   2.64203043E-04    3.73158680E-05    1.04626286E-01
   2.67509937E-04    3.76613742E-05    1.04335011E-01
   2.70858221E-04    3.80102325E-05    1.04045317E-01
   2.74248414E-04    3.83624771E-05    1.03757195E-01
   2.77681040E-04    3.87181432E-05    1.03470638E-01
   2.81156630E-04    3.90772668E-05    1.03185642E-01
   2.84675723E-04    3.94398849E-05    1.02902204E-01
   2.88238863E-04    3.98060354E-05    1.02620324E-01
   2.91846600E-04    4.01757564E-05    1.02340000E-01
   2.95499494E-04    4.05490844E-05    1.02061222E-01
   2.99198109E-04    4.09260564E-05    1.01783981E-01
   3.02943017E-04    4.13067103E-05    1.01508269E-01
   3.06734799E-04    4.16910850E-05    1.01234080E-01
   3.10574041E-04    4.20792204E-05    1.00961413E-01
   3.14461336E-04    4.24711575E-05    1.00690264E-01
   3.18397287E-04    4.28669379E-05    1.00420635E-01
   3.22382501E-04    4.32666013E-05    1.00152515E-01
   3.26417597E-04    4.36701879E-05    9.98858944E-02
   3.30503198E-04    4.40777386E-05    9.96207654E-02
   3.34639936E-04    4.44892957E-05    9.93571220E-02
   3.38828452E-04    4.49049023E-05    9.90949606E-02
   3.43069393E-04    4.53246028E-05    9.88342799E-02
   3.47363416E-04    4.57484421E-05    9.85750787E-02
   3.51711185E-04    4.61764634E-05    9.83173473E-02
   3.56113373E-04    4.66087102E-05    9.80610754E-02
   3.60570661E-04    4.70452271E-05    9.78062546E-02
   3.65083738E-04    4.74860597E-05    9.75528789E-02
   3.69653303E-04    4.79312549E-05    9.73009443E-02
   3.74280063E-04    4.83808607E-05    9.70504495E-02
   3.78964734E-04    4.88349258E-05    9.68013928E-02
   3.83708041E-04    4.92934971E-05    9.65537644E-02
   3.88510717E-04    4.97566217E-05    9.63075534E-02
   3.93373505E-04    5.02243481E-05    9.60627509E-02
   3.98297159E-04    5.06967256E-05    9.58193505E-02
   4.03282439E-04    5.11738051E-05    9.55773479E-02
   4.08330118E-04    5.16556385E-05    9.53367412E-02
   4.13440976E-04    5.21422787E-05    9.50975289E-02
   4.18615803E-04    5.26337765E-05    9.48597005E-02
   4.23855402E-04    5.31301832E-05    9.46232446E-02
   4.29160582E-04    5.36315511E-05    9.43881521E-02
   4.34532164E-04    5.41379339E-05    9.41544162E-02
   4.39970979E-04    5.46493867E-05    9.39220322E-02
   4.45477869E-04    5.51659658E-05    9.36909983E-02
   4.51053686E-04    5.56877285E-05    9.34613124E-02
   4.56699293E-04    5.62147298E-05    9.32329631E-02
   4.62415563E-04    5.67470253E-05    9.30059384E-02
   4.68203380E-04    5.72846716E-05    9.27802285E-02
   4.74063641E-04    5.78277271E-05    9.25558259E-02
   4.79997251E-04    5.83762512E-05    9.23327256E-02
   4.86005130E-04    5.89303051E-05    9.21109251E-02
   4.92088206E-04    5.94899506E-05    9.18904222E-02
   4.98247420E-04    6.00552478E-05    9.16712057E-02
   5.04483727E-04    6.06262570E-05    9.14532635E-02
   5.10798090E-04    6.12030398E-05    9.12365854E-02
   5.17191487E-04    6.17856595E-05    9.10211640E-02
   5.23664906E-04    6.23741808E-05    9.08069943E-02
   5.30219350E-04    6.29686699E-05    9.05940740E-02
   5.36855833E-04    6.35691934E-05    9.03823986E-02
   5.43575381E-04    6.41758157E-05    9.01719546E-02
   5.50379034E-04    6.47886022E-05    8.99627289E-02
   5.57267845E-04    6.54076196E-05    8.97547108E-02
   5.64242879E-04    6.60329365E-05    8.95478920E-02
   5.71305217E-04    6.66646228E-05    8.93422671E-02
   5.78455950E-04    6.73027502E-05    8.91378331E-02
   5.85696185E-04    6.79473914E-05    8.89345880E-02
   5.93027043E-04    6.85986172E-05    8.87325195E-02
   6.00449657E-04    6.92564981E-05    8.85316134E-02
   6.07965176E-04    6.99211064E-05    8.83318581E-02
   6.15574763E-04    7.05925162E-05    8.81332442E-02
   6.23279595E-04    7.12708029E-05    8.79357655E-02
   6.31080865E-04    7.19560441E-05    8.77394181E-02
   6.38979779E-04    7.26483182E-05    8.75441986E-02
   6.46977560E-04    7.33477012E-05    8.73500932E-02
   6.55075445E-04    7.40542699E-05    8.71570875E-02
   6.63274687E-04    7.47681028E-05    8.69651694E-02
   6.71576555E-04    7.54892799E-05    8.67743297E-02
   6.79982333E-04    7.62178831E-05    8.65845618E-02
   6.88493322E-04    7.69539966E-05    8.63958623E-02
   6.97110838E-04    7.76977048E-05    8.62082270E-02
   7.05836215E-04    7.84490901E-05    8.60216411E-02
   7.14670804E-04    7.92082354E-05    8.58360890E-02
   7.23615970E-04    7.99752257E-05    8.56515583E-02
   7.32673099E-04    8.07501475E-05    8.54680389E-02
   7.41843591E-04    8.15330894E-05    8.52855238E-02
   7.51128865E-04    8.23241420E-05    8.51040091E-02
   7.60530358E-04    8.31233967E-05    8.49234898E-02
   7.70049525E-04    8.39309424E-05    8.47439501E-02
   7.79687838E-04    8.47468691E-05    8.45653748E-02
   7.89446789E-04    8.55712687E-05    8.43877513E-02
   7.99327888E-04    8.64042351E-05    8.42110698E-02
   8.09332664E-04    8.72458643E-05    8.40353239E-02
   8.19462664E-04    8.80962543E-05    8.38605101E-02
   8.29719456E-04    8.89555033E-05    8.36866213E-02
   8.40104627E-04    8.98237065E-05    8.35136389E-02
   8.50619784E-04    9.07009609E-05    8.33415457E-02
   8.61266554E-04    9.15873653E-05    8.31703270E-02
   8.72046584E-04    9.24830204E-05    8.29999711E-02
   8.82961542E-04    9.33880294E-05    8.28304698E-02
   8.94013117E-04    9.43024973E-05    8.26618178E-02
   9.05203019E-04    9.52265318E-05    8.24940130E-02
   9.16532979E-04    9.61602388E-05    8.23270452E-02
   9.28004750E-04    9.71037225E-05    8.21608953E-02
   9.39620108E-04    9.80570889E-05    8.19955463E-02
   9.51380849E-04    9.90204462E-05    8.18309843E-02
   9.63288793E-04    9.99939047E-05    8.16671985E-02
   9.75345783E-04    1.00977577E-04    8.15041816E-02
   9.87553684E-04    1.01971579E-04    8.13419295E-02
   9.99914385E-04    1.02976024E-04    8.11804318E-02
   1.01242980E-03    1.03991024E-04    8.10196691E-02
   1.02510186E-03    1.05016695E-04    8.08596240E-02
   1.03793253E-03    1.06053152E-04    8.07002823E-02
   1.05092380E-03    1.07100515E-04    8.05416330E-02
   1.06407767E-03    1.08158904E-04    8.03836687E-02
   1.07739618E-03    1.09228444E-04    8.02263855E-02
   1.09088140E-03    1.10309258E-04    8.00697733E-02
   1.10453540E-03    1.11401466E-04    7.99138116E-02
   1.11836030E-03    1.12505192E-04    7.97584816E-02
   1.13235824E-03    1.13620559E-04    7.96037678E-02
   1.14653138E-03    1.14747697E-04    7.94496581E-02
   1.16088193E-03    1.15886735E-04    7.92961439E-02
   1.17541209E-03    1.17037804E-04    7.91432204E-02
   1.19012412E-03    1.18201039E-04    7.89908786E-02
   1.20502029E-03    1.19376569E-04    7.88390982E-02
   1.22010290E-03    1.20564527E-04    7.86878607E-02
   1.23537430E-03    1.21765045E-04    7.85371508E-02
   1.25083685E-03    1.22978263E-04    7.83869571E-02
   1.26649293E-03    1.24204319E-04    7.82372715E-02
   1.28234497E-03    1.25443355E-04    7.80880901E-02
   1.29839542E-03    1.26695515E-04    7.79394065E-02
   1.31464677E-03    1.27960938E-04    7.77911972E-02
   1.33110152E-03    1.29239762E-04    7.76434375E-02
   1.34776224E-03    1.30532131E-04    7.74961063E-02
   1.36463148E-03    1.31838189E-04    7.73491855E-02
   1.38171187E-03    1.33158083E-04    7.72026607E-02
   1.39900605E-03    1.34491962E-04    7.70565212E-02
   1.41651669E-03    1.35839980E-04    7.69107604E-02
   1.43424650E-03    1.37202292E-04    7.67653758E-02
   1.45219822E-03    1.38579056E-04    7.66203672E-02
   1.47037464E-03    1.39970425E-04    7.64757170E-02
   1.48877856E-03    1.41376552E-04    7.63313993E-02
   1.50741283E-03    1.42797591E-04    7.61873913E-02
   1.52628035E-03    1.44233699E-04    7.60436737E-02
   1.54538401E-03    1.45685035E-04    7.59002306E-02
   1.56472679E-03    1.47151763E-04    7.57570504E-02
   1.58431167E-03    1.48634048E-04    7.56141251E-02
   1.60414168E-03    1.50132057E-04    7.54714512E-02
   1.62421989E-03    1.51645959E-04    7.53290175E-02
   1.64454942E-03    1.53175917E-04    7.51867995E-02
   1.66513340E-03    1.54722098E-04    7.50447747E-02
   1.68597501E-03    1.56284671E-04    7.49029239E-02
   1.70707749E-03    1.57863806E-04    7.47612320E-02
   1.72844410E-03    1.59459680E-04    7.46196876E-02
   1.75007815E-03    1.61072469E-04    7.44782838E-02
   1.77198298E-03    1.62702354E-04    7.43370158E-02
   1.79416197E-03    1.64349510E-04    7.41958643E-02
   1.81661858E-03    1.66014113E-04    7.40548045E-02
   1.83935626E-03    1.67696342E-04    7.39138149E-02
   1.86237853E-03    1.69396379E-04    7.37728778E-02
   1.88568896E-03    1.71114406E-04    7.36319794E-02
   1.90929116E-03    1.72850612E-04    7.34911102E-02
   1.93318878E-03    1.74605186E-04    7.33502650E-02
   1.95738550E-03    1.76378318E-04    7.32094354E-02
   1.98188509E-03    1.78170196E-04    7.30685962E-02
   2.00669133E-03    1.79981005E-04    7.29277226E-02
   2.03180805E-03    1.81810938E-04    7.27867935E-02
   2.05723914E-03    1.83660186E-04    7.26457915E-02
   2.08298855E-03    1.85528946E-04    7.25047031E-02
   2.10906024E-03    1.87417416E-04    7.23635194E-02
   2.13545826E-03    1.89325799E-04    7.22222360E-02
   2.16218669E-03    1.91254297E-04    7.20808459E-02
   2.18924967E-03    1.93203107E-04    7.19393232E-02
   2.21665138E-03    1.95172429E-04    7.17976411E-02
   2.24439606E-03    1.97162462E-04    7.16557763E-02
   2.27248801E-03    1.99173411E-04    7.15137094E-02
   2.30093158E-03    2.01205482E-04    7.13714249E-02
   2.32973115E-03    2.03258884E-04    7.12289114E-02
   2.35889120E-03    2.05333830E-04    7.10861622E-02
   2.38841622E-03    2.07430534E-04    7.09431751E-02
   2.41831080E-03    2.09549211E-04    7.07999373E-02
   2.44857955E-03    2.11690069E-04    7.06564199E-02
   2.47922716E-03    2.13853317E-04    7.05125960E-02
   2.51025837E-03    2.16039169E-04    7.03684422E-02
   2.54167798E-03    2.18247841E-04    7.02239391E-02
   2.57349086E-03    2.20479550E-04    7.00790712E-02
   2.60570192E-03    2.22734518E-04    6.99338274E-02
   2.63831614E-03    2.25012969E-04    6.97882010E-02
   2.67133859E-03    2.27315130E-04    6.96421893E-02
   2.70477436E-03    2.29641223E-04    6.94957750E-02
   2.73862863E-03    2.31991467E-04    6.93489300E-02
   2.77290663E-03    2.34366084E-04    6.92016289E-02
   2.80761368E-03    2.36765299E-04    6.90538502E-02
   2.84275513E-03    2.39189338E-04    6.89055762E-02
   2.87833643E-03    2.41638431E-04    6.87567935E-02
   2.91436309E-03    2.44112809E-04    6.86074932E-02
   2.95084067E-03    2.46612708E-04    6.84576703E-02
   2.98777482E-03    2.49138358E-04    6.83073102E-02
   3.02517126E-03    2.51689988E-04    6.81563846E-02
   3.06303577E-03    2.54267827E-04    6.80048681E-02
   3.10137421E-03    2.56872107E-04    6.78527385E-02
   3.14019252E-03    2.59503061E-04    6.76999778E-02
   3.17949669E-03    2.62160926E-04    6.75465721E-02
   3.21929281E-03    2.64845941E-04    6.73925118E-02
   3.25958704E-03    2.67558346E-04    6.72377918E-02
   3.30038562E-03    2.70298382E-04    6.70824003E-02
   3.34169484E-03    2.73066281E-04    6.69263098E-02
   3.38352112E-03    2.75862279E-04    6.67694940E-02
   3.42587091E-03    2.78686612E-04    6.66119305E-02
   3.46875077E-03    2.81539520E-04    6.64536005E-02
   3.51216734E-03    2.84421242E-04    6.62944894E-02
   3.55612733E-03    2.87332021E-04    6.61345867E-02
   3.60063754E-03    2.90272102E-04    6.59738863E-02
   3.64570487E-03    2.93241727E-04    6.58123740E-02
   3.69133628E-03    2.96241134E-04    6.56500232E-02
   3.73753883E-03    2.99270560E-04    6.54868098E-02
   3.78431968E-03    3.02330244E-04    6.53227130E-02
   3.83168606E-03    3.05420428E-04    6.51577162E-02
   3.87964530E-03    3.08541355E-04    6.49918068E-02
   3.92820483E-03    3.11693270E-04    6.48249764E-02
   3.97737214E-03    3.14876414E-04    6.46572132E-02
   4.02715486E-03    3.18091026E-04    6.44884912E-02
   4.07756069E-03    3.21337342E-04    6.43187860E-02
   4.12859741E-03    3.24615600E-04    6.41480764E-02
   4.18027294E-03    3.27926039E-04    6.39763453E-02
   4.23259526E-03    3.31268899E-04    6.38035793E-02
   4.28557248E-03    3.34644423E-04    6.36297695E-02
   4.33921278E-03    3.38052850E-04    6.34549068E-02
   4.39352448E-03    3.41494414E-04    6.32789677E-02
   4.44851596E-03    3.44969348E-04    6.31019273E-02
   4.50419574E-03    3.48477884E-04    6.29237639E-02
   4.56057244E-03    3.52020255E-04    6.27444599E-02
   4.61765478E-03    3.55596694E-04    6.25640011E-02
   4.67545159E-03    3.59207437E-04    6.23823777E-02
   4.73397181E-03    3.62852715E-04    6.21995801E-02
   4.79322449E-03    3.66532754E-04    6.20155853E-02
   4.85321882E-03    3.70247778E-04    6.18303695E-02
   4.91396406E-03    3.73998009E-04    6.16439118E-02
   4.97546961E-03    3.77783670E-04    6.14561954E-02
   5.03774500E-03    3.81604984E-04    6.12672068E-02
   5.10079986E-03    3.85462173E-04    6.10769369E-02
   5.16464395E-03    3.89355455E-04    6.08853718E-02
   5.22928714E-03    3.93285042E-04    6.06924878E-02
   5.29473943E-03    3.97251143E-04    6.04982633E-02
   5.36101096E-03    4.01253966E-04    6.03026801E-02
   5.42811197E-03    4.05293720E-04    6.01057237E-02
   5.49605286E-03    4.09370610E-04    5.99073833E-02
   5.56484412E-03    4.13484841E-04    5.97076486E-02
   5.63449641E-03    4.17636608E-04    5.95064975E-02
   5.70502050E-03    4.21826102E-04    5.93039071E-02
   5.77642730E-03    4.26053511E-04    5.90998579E-02
   5.84872787E-03    4.30319023E-04    5.88943334E-02
   5.92193338E-03    4.34622824E-04    5.86873211E-02
   5.99605517E-03    4.38965096E-04    5.84788121E-02
   6.07110471E-03    4.43346018E-04    5.82687948E-02
   6.14709360E-03    4.47765758E-04    5.80572468E-02
   6.22403360E-03    4.52224479E-04    5.78441465E-02
   6.30193663E-03    4.56722342E-04    5.76294759E-02
   6.38081472E-03    4.61259505E-04    5.74132202E-02
   6.46068010E-03    4.65836123E-04    5.71953681E-02
   6.54154510E-03    4.70452347E-04    5.69759117E-02
   6.62342225E-03    4.75108319E-04    5.67548355E-02
   6.70632422E-03    4.79804171E-04    5.65321170E-02
   6.79026382E-03    4.84540030E-04    5.63077358E-02
   6.87525406E-03    4.89316019E-04    5.60816750E-02
   6.96130807E-03    4.94132258E-04    5.58539205E-02
   7.04843918E-03    4.98988861E-04    5.56244621E-02
   7.13666087E-03    5.03885937E-04    5.53932927E-02
   7.22598678E-03    5.08823585E-04    5.51603993E-02
   7.31643073E-03    5.13801893E-04    5.49257610E-02
   7.40800673E-03    5.18820942E-04    5.46893592E-02
   7.50072893E-03    5.23880806E-04    5.44511783E-02
   7.59461169E-03    5.28981555E-04    5.42112062E-02
   7.68966954E-03    5.34123252E-04    5.39694337E-02
   7.78591717E-03    5.39305953E-04    5.37258527E-02
   7.88336949E-03    5.44529698E-04    5.34804454E-02
   7.98204156E-03    5.49794518E-04    5.32331933E-02
   8.08194867E-03    5.55100436E-04    5.29840810E-02
   8.18310626E-03    5.60447468E-04    5.27330958E-02
   8.28552998E-03    5.65835622E-04    5.24802284E-02
   8.38923570E-03    5.71264900E-04    5.22254727E-02
   8.49423944E-03    5.76735288E-04    5.19688179E-02
   8.60055746E-03    5.82246756E-04    5.17102462E-02
   8.70820621E-03    5.87799266E-04    5.14497422E-02
   8.81720234E-03    5.93392771E-04    5.11872928E-02
   8.92756272E-03    5.99027213E-04    5.09228884E-02
   9.03930443E-03    6.04702525E-04    5.06565222E-02
   9.15244475E-03    6.10418629E-04    5.03881880E-02
   9.26700119E-03    6.16175426E-04    5.01178716E-02
   9.38299147E-03    6.21972806E-04    4.98455591E-02
   9.50043354E-03    6.27810648E-04    4.95712392E-02
   9.61934557E-03    6.33688818E-04    4.92949037E-02
   9.73974597E-03    6.39607172E-04    4.90165473E-02
   9.86165335E-03    6.45565550E-04    4.87361644E-02
   9.98508659E-03    6.51563772E-04    4.84537418E-02
   1.01100648E-02    6.57601642E-04    4.81692671E-02
   1.02366073E-02    6.63678952E-04    4.78827305E-02
   1.03647336E-02    6.69795479E-04    4.75941250E-02
   1.04944636E-02    6.75950989E-04    4.73034465E-02
   1.06258174E-02    6.82145231E-04    4.70106933E-02
   1.07588153E-02    6.88377932E-04    4.67158579E-02
   1.08934779E-02    6.94648800E-04    4.64189302E-02
   1.10298259E-02    7.00957525E-04    4.61199026E-02
   1.11678806E-02    7.07303784E-04    4.58187700E-02
   1.13076632E-02    7.13687237E-04    4.55155305E-02
   1.14491954E-02    7.20107525E-04    4.52101815E-02
   1.15924991E-02    7.26564262E-04    4.49027157E-02
   1.17375964E-02    7.33057045E-04    4.45931270E-02
   1.18845098E-02    7.39585452E-04    4.42814121E-02
   1.20332621E-02    7.46149046E-04    4.39675704E-02
   1.21838763E-02    7.52747369E-04    4.36516034E-02
   1.23363756E-02    7.59379935E-04    4.33335087E-02
   1.24907836E-02    7.66046235E-04    4.30132811E-02
   1.26471244E-02    7.72745736E-04    4.26909180E-02
   1.28054219E-02    7.79477889E-04    4.23664193E-02
   1.29657008E-02    7.86242123E-04    4.20397874E-02
   1.31279858E-02    7.93037846E-04    4.17110271E-02
   1.32923020E-02    7.99864435E-04    4.13801384E-02
   1.34586749E-02    8.06721239E-04    4.10471207E-02
   1.36271302E-02    8.13607584E-04    4.07119757E-02
   1.37976940E-02    8.20522778E-04    4.03747077E-02
   1.39703926E-02    8.27466102E-04    4.00353235E-02
   1.41452528E-02    8.34436810E-04    3.96938289E-02
   1.43223017E-02    8.41434117E-04    3.93502252E-02
   1.45015665E-02    8.48457214E-04    3.90045150E-02
   1.46830752E-02    8.55505265E-04    3.86567036E-02
   1.48668557E-02    8.62577413E-04    3.83067985E-02
   1.50529364E-02    8.69672773E-04    3.79548100E-02
   1.52413463E-02    8.76790437E-04    3.76007506E-02
   1.54321144E-02    8.83929456E-04    3.72446293E-02
   1.56252702E-02    8.91088845E-04    3.68864532E-02
   1.58208437E-02    8.98267591E-04    3.65262319E-02
   1.60188650E-02    9.05464656E-04    3.61639771E-02
   1.62193649E-02    9.12678971E-04    3.57997025E-02
   1.64223744E-02    9.19909429E-04    3.54334199E-02
   1.66279248E-02    9.27154887E-04    3.50651415E-02
   1.68360479E-02    9.34414176E-04    3.46948822E-02
   1.70467761E-02    9.41686098E-04    3.43226593E-02
   1.72601418E-02    9.48969415E-04    3.39484896E-02
   1.74761781E-02    9.56262849E-04    3.35723880E-02
   1.76949184E-02    9.63565086E-04    3.31943718E-02
   1.79163966E-02    9.70874787E-04    3.28144603E-02
   1.81406469E-02    9.78190579E-04    3.24326750E-02
   1.83677040E-02    9.85511043E-04    3.20490362E-02
   1.85976031E-02    9.92834721E-04    3.16635637E-02
   1.88303798E-02    1.00016012E-03    3.12762799E-02
   1.90660699E-02    1.00748572E-03    3.08872093E-02
   1.93047101E-02    1.01480996E-03    3.04963770E-02
   1.95463372E-02    1.02213122E-03    3.01038071E-02
   1.97909887E-02    1.02944786E-03    2.97095253E-02
   2.00387023E-02    1.03675820E-03    2.93135594E-02
   2.02895164E-02    1.04406053E-03    2.89159394E-02
   2.05434698E-02    1.05135307E-03    2.85166936E-02
   2.08006018E-02    1.05863402E-03    2.81158511E-02
   2.10609523E-02    1.06590152E-03    2.77134434E-02
   2.13245614E-02    1.07315372E-03    2.73095040E-02
   2.15914699E-02    1.08038868E-03    2.69040678E-02
   2.18617192E-02    1.08760442E-03    2.64971683E-02
   2.21353511E-02    1.09479894E-03    2.60888402E-02
   2.24124079E-02    1.10197018E-03    2.56791207E-02
   2.26929325E-02    1.10911606E-03    2.52680488E-02
   2.29769682E-02    1.11623444E-03    2.48556644E-02
   2.32645591E-02    1.12332313E-03    2.44420064E-02
   2.35557496E-02    1.13037990E-03    2.40271157E-02
   2.38505848E-02    1.13740250E-03    2.36110354E-02
   2.41491103E-02    1.14438862E-03    2.31938103E-02
   2.44513723E-02    1.15133591E-03    2.27754855E-02
   2.47574175E-02    1.15824196E-03    2.23561061E-02
   2.50672933E-02    1.16510433E-03    2.19357192E-02
   2.53810477E-02    1.17192053E-03    2.15143739E-02
   2.56987292E-02    1.17868806E-03    2.10921207E-02
   2.60203870E-02    1.18540434E-03    2.06690103E-02
   2.63460708E-02    1.19206675E-03    2.02450946E-02
   2.66758310E-02    1.19867264E-03    1.98204276E-02
   2.70097186E-02    1.20521929E-03    1.93950637E-02
   2.73477854E-02    1.21170397E-03    1.89690588E-02
   2.76900835E-02    1.21812390E-03    1.85424705E-02
   2.80366660E-02    1.22447625E-03    1.81153573E-02
   2.83875865E-02    1.23075813E-03    1.76877787E-02
   2.87428993E-02    1.23696664E-03    1.72597961E-02
   2.91026594E-02    1.24309883E-03    1.68314715E-02
   2.94669224E-02    1.24915169E-03    1.64028686E-02
   2.98357447E-02    1.25512220E-03    1.59740522E-02
   3.02091834E-02    1.26100727E-03    1.55450884E-02
   3.05872962E-02    1.26680379E-03    1.51160445E-02
   3.09701416E-02    1.27250860E-03    1.46869892E-02
   3.13577789E-02    1.27811850E-03    1.42579922E-02
   3.17502681E-02    1.28363026E-03    1.38291246E-02
   3.21476698E-02    1.28904062E-03    1.34004589E-02
   3.25500457E-02    1.29434627E-03    1.29720685E-02
   3.29574578E-02    1.29954385E-03    1.25440282E-02
   3.33699693E-02    1.30463002E-03    1.21164140E-02
   3.37876441E-02    1.30960134E-03    1.16893033E-02
   3.42105466E-02    1.31445437E-03    1.12627742E-02
   3.46387424E-02    1.31918566E-03    1.08369064E-02
   3.50722977E-02    1.32379167E-03    1.04117807E-02
   3.55112796E-02    1.32826890E-03    9.98747893E-03
   3.59557560E-02    1.33261378E-03    9.56408410E-03
   3.64057957E-02    1.33682271E-03    9.14168037E-03
   3.68614683E-02    1.34089209E-03    8.72035294E-03
   3.73228443E-02    1.34481827E-03    8.30018817E-03
   3.77899951E-02    1.34859761E-03    7.88127335E-03
   3.82629930E-02    1.35222642E-03    7.46369693E-03
   3.87419112E-02    1.35570101E-03    7.04754821E-03
   3.92268238E-02    1.35901765E-03    6.63291765E-03
   3.97178057E-02    1.36217262E-03    6.21989645E-03
   4.02149330E-02    1.36516218E-03    5.80857697E-03
   4.07182826E-02    1.36798257E-03    5.39905222E-03
   4.12279324E-02    1.37063002E-03    4.99141619E-03
   4.17439612E-02    1.37310076E-03    4.58576374E-03
   4.22664489E-02    1.37539103E-03    4.18219032E-03
   4.27954763E-02    1.37749702E-03    3.78079236E-03
   4.33311252E-02    1.37941498E-03    3.38166678E-03
   4.38734786E-02    1.38114112E-03    2.98491138E-03
   4.44226203E-02    1.38267166E-03    2.59062435E-03
   4.49786354E-02    1.38400283E-03    2.19890479E-03
   4.55416098E-02    1.38513089E-03    1.80985193E-03
   4.61116307E-02    1.38605209E-03    1.42356576E-03
   4.66887862E-02    1.38676269E-03    1.04014668E-03
   4.72731657E-02    1.38725899E-03    6.59695401E-04
   4.78648596E-02    1.38753730E-03    2.82313075E-04
   4.84639594E-02    1.38759394E-03   -9.18989650E-05
   4.90705578E-02    1.38742529E-03   -4.62839081E-04
   4.96847487E-02    1.38702773E-03   -8.30405482E-04
   5.03066271E-02    1.38639769E-03   -1.19449628E-03
   5.09362893E-02    1.38553164E-03   -1.55500941E-03
   5.15738326E-02    1.38442607E-03   -1.91184295E-03
   5.22193557E-02    1.38307754E-03   -2.26489501E-03
   5.28729585E-02    1.38148263E-03   -2.61406362E-03
   5.35347420E-02    1.37963801E-03   -2.95924730E-03
   5.42048088E-02    1.37754038E-03   -3.30034473E-03
   5.48832625E-02    1.37518648E-03   -3.63725463E-03
   5.55702081E-02    1.37257315E-03   -3.96987627E-03
   5.62657517E-02    1.36969728E-03   -4.29810968E-03
   5.69700012E-02    1.36655584E-03   -4.62185493E-03
   5.76830653E-02    1.36314587E-03   -4.94101313E-03
   5.84050546E-02    1.35946446E-03   -5.25548512E-03
   5.91360806E-02    1.35550884E-03   -5.56517394E-03
   5.98762564E-02    1.35127629E-03   -5.86998220E-03
   6.06256967E-02    1.34676419E-03   -6.16981406E-03
   6.13845173E-02    1.34197001E-03   -6.46457420E-03
   6.21528357E-02    1.33689135E-03   -6.75416871E-03
   6.29307708E-02    1.33152587E-03   -7.03850454E-03
   6.37184428E-02    1.32587139E-03   -7.31749010E-03
   6.45159737E-02    1.31992579E-03   -7.59103432E-03
   6.53234870E-02    1.31368712E-03   -7.85904886E-03
   6.61411074E-02    1.30715352E-03   -8.12144556E-03
   6.69689616E-02    1.30032328E-03   -8.37813847E-03
   6.78071776E-02    1.29319481E-03   -8.62904295E-03
   6.86558851E-02    1.28576666E-03   -8.87407614E-03
   6.95152155E-02    1.27803753E-03   -9.11315722E-03
   7.03853016E-02    1.27000627E-03   -9.34620687E-03
   7.12662782E-02    1.26167184E-03   -9.57314729E-03
   7.21582815E-02    1.25303344E-03   -9.79390440E-03
   7.30614496E-02    1.24409037E-03   -1.00084049E-02
   7.39759221E-02    1.23484208E-03   -1.02165776E-02
   7.49018406E-02    1.22528827E-03   -1.04183548E-02
   7.58393484E-02    1.21542873E-03   -1.06136700E-02
   7.67885905E-02    1.20526347E-03   -1.08024597E-02
   7.77497137E-02    1.19479272E-03   -1.09846639E-02
   7.87228668E-02    1.18401680E-03   -1.11602232E-02
   7.97082004E-02    1.17293638E-03   -1.13290846E-02
   8.07058669E-02    1.16155214E-03   -1.14911933E-02
   8.17160207E-02    1.14986505E-03   -1.16464995E-02
   8.27388181E-02    1.13787639E-03   -1.17949598E-02
   8.37744172E-02    1.12558747E-03   -1.19365288E-02
   8.48229785E-02    1.11299996E-03   -1.20711679E-02
   8.58846640E-02    1.10011564E-03   -1.21988396E-02
   8.69596381E-02    1.08693658E-03   -1.23195116E-02
   8.80480671E-02    1.07346508E-03   -1.24331546E-02
   8.91501195E-02    1.05970356E-03   -1.25397405E-02
   9.02659656E-02    1.04565485E-03   -1.26392497E-02
   9.13957782E-02    1.03132187E-03   -1.27316623E-02
   9.25397321E-02    1.01670791E-03   -1.28169655E-02
   9.36980043E-02    1.00181640E-03   -1.28951479E-02
   9.48707739E-02    9.86650862E-04   -1.29661986E-02
   9.60582226E-02    9.71215359E-04   -1.30301178E-02
   9.72605339E-02    9.55514183E-04   -1.30869094E-02
   9.84778939E-02    9.39551703E-04   -1.31365771E-02
   9.97104910E-02    9.23332598E-04   -1.31791305E-02
   1.00958516E-01    9.06861787E-04   -1.32145826E-02
   1.02222162E-01    8.90144544E-04   -1.32429539E-02
   1.03501624E-01    8.73186258E-04   -1.32642651E-02
   1.04797100E-01    8.55992704E-04   -1.32785452E-02
   1.06108792E-01    8.38569788E-04   -1.32858238E-02
   1.07436901E-01    8.20923802E-04   -1.32861387E-02
   1.08781633E-01    8.03061166E-04   -1.32795287E-02
   1.10143197E-01    7.84988680E-04   -1.32660403E-02
   1.11521802E-01    7.66713282E-04   -1.32457216E-02
   1.12917663E-01    7.48242273E-04   -1.32186278E-02
   1.14330996E-01    7.29583104E-04   -1.31848162E-02
   1.15762018E-01    7.10743568E-04   -1.31443509E-02
   1.17210951E-01    6.91731650E-04   -1.30972990E-02
   1.18678021E-01    6.72555597E-04   -1.30437326E-02
   1.20163452E-01    6.53223877E-04   -1.29837275E-02
   1.21667476E-01    6.33745269E-04   -1.29173659E-02
   1.23190325E-01    6.14128685E-04   -1.28447319E-02
   1.24732235E-01    5.94383382E-04   -1.27659166E-02
   1.26293444E-01    5.74518728E-04   -1.26810127E-02
   1.27874194E-01    5.54544437E-04   -1.25901202E-02
   1.29474730E-01    5.34470324E-04   -1.24933403E-02
   1.31095298E-01    5.14306524E-04   -1.23907812E-02
   1.32736151E-01    4.94063278E-04   -1.22825528E-02
   1.34397541E-01    4.73751122E-04   -1.21687711E-02
   1.36079726E-01    4.53380745E-04   -1.20495554E-02
   1.37782965E-01    4.32963012E-04   -1.19250285E-02
   1.39507524E-01    4.12508903E-04   -1.17953152E-02
   1.41253668E-01    3.92029799E-04   -1.16605503E-02
   1.43021667E-01    3.71536950E-04   -1.15208644E-02
   1.44811796E-01    3.51042007E-04   -1.13763980E-02
   1.46624330E-01    3.30556602E-04   -1.12272909E-02
   1.48459552E-01    3.10092624E-04   -1.10736895E-02
   1.50317743E-01    2.89662012E-04   -1.09157411E-02
   1.52199193E-01    2.69276740E-04   -1.07535941E-02
   1.54104192E-01    2.48949181E-04   -1.05874079E-02
   1.56033035E-01    2.28691469E-04   -1.04173355E-02
   1.57986020E-01    2.08516043E-04   -1.02435388E-02
   1.59963450E-01    1.88435347E-04   -1.00661806E-02
   1.61965630E-01    1.68461766E-04   -9.88542245E-03
   1.63992870E-01    1.48608019E-04   -9.70143675E-03
   1.66045485E-01    1.28886554E-04   -9.51438894E-03
   1.68123790E-01    1.09310044E-04   -9.32445267E-03
   1.70228109E-01    8.98911110E-05   -9.13180146E-03
   1.72358767E-01    7.06422622E-05   -8.93660738E-03
   1.74516093E-01    5.15763099E-05   -8.73905392E-03
   1.76700421E-01    3.27056478E-05   -8.53931378E-03
   1.78912089E-01    1.40426340E-05   -8.33756135E-03
   1.81151440E-01   -4.40002970E-06   -8.13398498E-03
   1.83418819E-01   -2.26099037E-05   -7.92876765E-03
   1.85714578E-01   -4.05749832E-05   -7.72208183E-03
   1.88039071E-01   -5.82830281E-05   -7.51411206E-03
   1.90392660E-01   -7.57217179E-05   -7.30504989E-03
   1.92775707E-01   -9.28793691E-05   -7.09506918E-03
   1.95188581E-01   -1.09744352E-04   -6.88434740E-03
   1.97631656E-01   -1.26304881E-04   -6.67307363E-03
   2.00105309E-01   -1.42549495E-04   -6.46143102E-03
   2.02609925E-01   -1.58467060E-04   -6.24959739E-03
   2.05145889E-01   -1.74046596E-04   -6.03775179E-03
   2.07713594E-01   -1.89277412E-04   -5.82606956E-03
   2.10313438E-01   -2.04148887E-04   -5.61473237E-03
   2.12945823E-01   -2.18650835E-04   -5.40391216E-03
   2.15611156E-01   -2.32773291E-04   -5.19378215E-03
   2.18309850E-01   -2.46506546E-04   -4.98451530E-03
   2.21042322E-01   -2.59841238E-04   -4.77628058E-03
   2.23808995E-01   -2.72768349E-04   -4.56924238E-03
   2.26610297E-01   -2.85279173E-04   -4.36356446E-03
   2.29446661E-01   -2.97365323E-04   -4.15940984E-03
   2.32318527E-01   -3.09018825E-04   -3.95693520E-03
   2.35226338E-01   -3.20232067E-04   -3.75629502E-03
   2.38170545E-01   -3.30997826E-04   -3.55764060E-03
   2.41151604E-01   -3.41309283E-04   -3.36111958E-03
   2.44169974E-01   -3.51160040E-04   -3.16687581E-03
   2.47226124E-01   -3.60544119E-04   -2.97504870E-03
   2.50320526E-01   -3.69455987E-04   -2.78577443E-03
   2.53453659E-01   -3.77890566E-04   -2.59918488E-03
   2.56626008E-01   -3.85843214E-04   -2.41540628E-03
   2.59838063E-01   -3.93309787E-04   -2.23456193E-03
   2.63090323E-01   -4.00286608E-04   -2.05676986E-03
   2.66383289E-01   -4.06770481E-04   -1.88214307E-03
   2.69717471E-01   -4.12758712E-04   -1.71079003E-03
   2.73093386E-01   -4.18249107E-04   -1.54281409E-03
   2.76511555E-01   -4.23239978E-04   -1.37831339E-03
   2.79972508E-01   -4.27730141E-04   -1.21738096E-03
   2.83476780E-01   -4.31718953E-04   -1.06010462E-03
   2.87024913E-01   -4.35206279E-04   -9.06566728E-04
   2.90617456E-01   -4.38192504E-04   -7.56844097E-04
   2.94254965E-01   -4.40678553E-04   -6.11008136E-04
   2.97938003E-01   -4.42665874E-04   -4.69124588E-04
   3.01667139E-01   -4.44156444E-04   -3.31253567E-04
   3.05442951E-01   -4.45152774E-04   -1.97449493E-04
   3.09266023E-01   -4.45657901E-04   -6.77610485E-05
   3.13136947E-01   -4.45675389E-04    5.77688465E-05
   3.17056321E-01   -4.45209326E-04    1.79103050E-04
   3.21024752E-01   -4.44264319E-04    2.96210205E-04
   3.25042853E-01   -4.42845488E-04    4.09064741E-04
   3.29111247E-01   -4.40958466E-04    5.17646855E-04
   3.33230563E-01   -4.38609381E-04    6.21942482E-04
   3.37401438E-01   -4.35804865E-04    7.21943279E-04
   3.41624519E-01   -4.32552028E-04    8.17646550E-04
   3.45900457E-01   -4.28858460E-04    9.09055204E-04
   3.50229915E-01   -4.24732213E-04    9.96177662E-04
   3.54613562E-01   -4.20181795E-04    1.07902780E-03
   3.59052077E-01   -4.15216154E-04    1.15762481E-03
   3.63546147E-01   -4.09844674E-04    1.23199318E-03
   3.68096467E-01   -4.04077147E-04    1.30216245E-03
   3.72703741E-01   -3.97923771E-04    1.36816719E-03
   3.77368682E-01   -3.91395125E-04    1.43004680E-03
   3.82092012E-01   -3.84502162E-04    1.48784538E-03
   3.86874460E-01   -3.77256188E-04    1.54161157E-03
   3.91716769E-01   -3.69668843E-04    1.59139838E-03
   3.96619686E-01   -3.61752091E-04    1.63726301E-03
   4.01583970E-01   -3.53518191E-04    1.67926665E-03
   4.06610390E-01   -3.44979694E-04    1.71747438E-03
   4.11699723E-01   -3.36149407E-04    1.75195482E-03
   4.16852756E-01   -3.27040384E-04    1.78278003E-03
   4.22070288E-01   -3.17665910E-04    1.81002535E-03
   4.27353124E-01   -3.08039471E-04    1.83376903E-03
   4.32702083E-01   -2.98174746E-04    1.85409224E-03
   4.38117992E-01   -2.88085565E-04    1.87107853E-03
   4.43601690E-01   -2.77785949E-04    1.88481424E-03
   4.49154023E-01   -2.67289965E-04    1.89538716E-03
   4.54775853E-01   -2.56611872E-04    1.90288773E-03
   4.60468048E-01   -2.45765986E-04    1.90740791E-03
   4.66231490E-01   -2.34766676E-04    1.90904101E-03
   4.72067069E-01   -2.23628367E-04    1.90788175E-03
   4.77975690E-01   -2.12365524E-04    1.90402607E-03
   4.83958265E-01   -2.00992625E-04    1.89757086E-03
   4.90015722E-01   -1.89524118E-04    1.88861356E-03
   4.96148996E-01   -1.77974447E-04    1.87725238E-03
   5.02359037E-01   -1.66357986E-04    1.86358567E-03
   5.08646807E-01   -1.54689065E-04    1.84771216E-03
   5.15013277E-01   -1.42981926E-04    1.82973056E-03
   5.21459433E-01   -1.31250710E-04    1.80973944E-03
   5.27986272E-01   -1.19509447E-04    1.78783712E-03
   5.34594804E-01   -1.07772031E-04    1.76412148E-03
   5.41286052E-01   -9.60521766E-05    1.73868949E-03
   5.48061051E-01   -8.43634989E-05    1.71163813E-03
   5.54920849E-01   -7.27193943E-05    1.68306316E-03
   5.61866508E-01   -6.11330081E-05    1.65305878E-03
   5.68899101E-01   -4.96173881E-05    1.62171934E-03
   5.76019718E-01   -3.81853247E-05    1.58913774E-03
   5.83229461E-01   -2.68492459E-05    1.55540421E-03
   5.90529443E-01   -1.56214371E-05    1.52060886E-03
   5.97920796E-01   -4.51398445E-06    1.48484106E-03
   6.05404663E-01    6.46145942E-06    1.44818698E-03
   6.12982202E-01    1.72933939E-05    1.41073270E-03
   6.20654584E-01    2.79708185E-05    1.37256040E-03
   6.28422998E-01    3.84827725E-05    1.33375365E-03
   6.36288645E-01    4.88187913E-05    1.29439228E-03
   6.44252742E-01    5.89687712E-05    1.25455386E-03
   6.52316522E-01    6.89229188E-05    1.21431451E-03
   6.60481232E-01    7.86716936E-05    1.17374958E-03
   6.68748136E-01    8.82060464E-05    1.13293084E-03
   6.77118512E-01    9.75172497E-05    1.09192861E-03
   6.85593655E-01    1.06596961E-04    1.05081102E-03
   6.94174878E-01    1.15437219E-04    1.00964409E-03
   7.02863508E-01    1.24030460E-04    9.68491647E-04
   7.11660888E-01    1.32369514E-04    9.27415295E-04
   7.20568381E-01    1.40447619E-04    8.86474336E-04
   7.29587364E-01    1.48258415E-04    8.45725925E-04
   7.38719234E-01    1.55795957E-04    8.05224823E-04
   7.47965402E-01    1.63054710E-04    7.65023552E-04
   7.57327300E-01    1.70029562E-04    7.25172218E-04
   7.66806376E-01    1.76715813E-04    6.85718697E-04
   7.76404096E-01    1.83109185E-04    6.46708461E-04
   7.86121946E-01    1.89205817E-04    6.08184640E-04
   7.95961430E-01    1.95002271E-04    5.70188040E-04
   8.05924069E-01    2.00495522E-04    5.32757128E-04
   8.16011406E-01    2.05682963E-04    4.95928057E-04
   8.26225000E-01    2.10562401E-04    4.59734671E-04
   8.36566433E-01    2.15132052E-04    4.24208553E-04
   8.47037304E-01    2.19390539E-04    3.89379034E-04
   8.57639234E-01    2.23336889E-04    3.55273239E-04
   8.68373863E-01    2.26970526E-04    3.21916114E-04
   8.79242851E-01    2.30291266E-04    2.89330491E-04
   8.90247881E-01    2.33299315E-04    2.57537116E-04
   9.01390656E-01    2.35995259E-04    2.26554702E-04
   9.12672898E-01    2.38380060E-04    1.96399998E-04
   9.24096355E-01    2.40455048E-04    1.67087825E-04
   9.35662793E-01    2.42221916E-04    1.38631145E-04
   9.47374003E-01    2.43682713E-04    1.11041113E-04
   9.59231795E-01    2.44839833E-04    8.43271361E-05
   9.71238006E-01    2.45696011E-04    5.84969290E-05
   9.83394491E-01    2.46254317E-04    3.35565726E-05
   9.95703134E-01    2.46518140E-04    9.51056732E-06
   1.00816584E+00    2.46491188E-04   -1.36381129E-05
   1.02078453E+00    2.46177474E-04   -3.58879682E-05
   1.03356116E+00    2.45581311E-04   -5.72389230E-05
   1.04649772E+00    2.44707297E-04   -7.76922741E-05
   1.05959619E+00    2.43560314E-04   -9.72506476E-05
   1.07285861E+00    2.42145509E-04   -1.15917948E-04
   1.08628703E+00    2.40468291E-04   -1.33699313E-04
   1.09988352E+00    2.38534316E-04   -1.50601072E-04
   1.11365020E+00    2.36349478E-04   -1.66630694E-04
   1.12758919E+00    2.33919899E-04   -1.81796751E-04
   1.14170264E+00    2.31251914E-04   -1.96108869E-04
   1.15599274E+00    2.28352066E-04   -2.09577682E-04
   1.17046171E+00    2.25227086E-04   -2.22214790E-04
   1.18511178E+00    2.21883886E-04   -2.34032708E-04
   1.19994521E+00    2.18329547E-04   -2.45044829E-04
   1.21496431E+00    2.14571303E-04   -2.55265364E-04
   1.23017139E+00    2.10616531E-04   -2.64709302E-04
   1.24556881E+00    2.06472737E-04   -2.73392358E-04
   1.26115895E+00    2.02147545E-04   -2.81330926E-04
   1.27694423E+00    1.97648680E-04   -2.88542021E-04
   1.29292708E+00    1.92983960E-04   -2.95043244E-04
   1.30910999E+00    1.88161279E-04   -3.00852714E-04
   1.32549544E+00    1.83188596E-04   -3.05989020E-04
   1.34208599E+00    1.78073923E-04   -3.10471185E-04
   1.35888418E+00    1.72825311E-04   -3.14318601E-04
   1.37589264E+00    1.67450833E-04   -3.17550960E-04
   1.39311398E+00    1.61958586E-04   -3.20188264E-04
   1.41055087E+00    1.56356658E-04   -3.22250695E-04
   1.42820601E+00    1.50653137E-04   -3.23758643E-04
   1.44608213E+00    1.44856086E-04   -3.24732603E-04
   1.46418199E+00    1.38973534E-04   -3.25193154E-04
   1.48250840E+00    1.33013470E-04   -3.25160920E-04
   1.50106420E+00    1.26983826E-04   -3.24656497E-04
   1.51985225E+00    1.20892473E-04   -3.23700461E-04
   1.53887545E+00    1.14747206E-04   -3.22313272E-04
   1.55813677E+00    1.08555738E-04   -3.20515286E-04
   1.57763916E+00    1.02325691E-04   -3.18326693E-04
   1.59738566E+00    9.60645790E-05   -3.15767472E-04
   1.61737931E+00    8.97798174E-05   -3.12857406E-04
   1.63762322E+00    8.34786976E-05   -3.09616002E-04
   1.65812050E+00    7.71683864E-05   -3.06062487E-04
   1.67887434E+00    7.08559228E-05   -3.02215791E-04
   1.69988795E+00    6.45482065E-05   -2.98094510E-04
   1.72116457E+00    5.82519903E-05   -2.93716879E-04
   1.74270750E+00    5.19738812E-05   -2.89100781E-04
   1.76452007E+00    4.57203272E-05   -2.84263695E-04
   1.78660566E+00    3.94976183E-05   -2.79222708E-04
   1.80896769E+00    3.33118788E-05   -2.73994487E-04
   1.83160960E+00    2.71690628E-05   -2.68595270E-04
   1.85453492E+00    2.10749493E-05   -2.63040844E-04
   1.87774717E+00    1.50351466E-05   -2.57346575E-04
   1.90124997E+00    9.05507856E-06   -2.51527354E-04
   1.92504694E+00    3.13998669E-06   -2.45597609E-04
   1.94914176E+00   -2.70506795E-06   -2.39571324E-04
   1.97353816E+00   -8.47522695E-06   -2.33461938E-04
   1.99823992E+00   -1.41657999E-05   -2.27282510E-04
   2.02325086E+00   -1.97722995E-05   -2.21045562E-04
   2.04857485E+00   -2.52904250E-05   -2.14763159E-04
   2.07421581E+00   -3.07160728E-05   -2.08446861E-04
   2.10017770E+00   -3.60453272E-05   -2.02107767E-04
   2.12646454E+00   -4.12744670E-05   -1.95756485E-04
   2.15308040E+00   -4.63999631E-05   -1.89403142E-04
   2.18002940E+00   -5.14184774E-05   -1.83057386E-04
   2.20731571E+00   -5.63268625E-05   -1.76728386E-04
   2.23494354E+00   -6.11221596E-05   -1.70424838E-04
   2.26291718E+00   -6.58015970E-05   -1.64154961E-04
   2.29124095E+00   -7.03625882E-05   -1.57926508E-04
   2.31991923E+00   -7.48027285E-05   -1.51746768E-04
   2.34895647E+00   -7.91197934E-05   -1.45622562E-04
   2.37835714E+00   -8.33117338E-05   -1.39560267E-04
   2.40812582E+00   -8.73766738E-05   -1.33565803E-04
   2.43826709E+00   -9.13129057E-05   -1.27644656E-04
   2.46878562E+00   -9.51188866E-05   -1.21801874E-04
   2.49968614E+00   -9.87932336E-05   -1.16042083E-04
   2.53097342E+00   -1.02334719E-04   -1.10369496E-04
   2.56265231E+00   -1.05742265E-04   -1.04787924E-04
   2.59472771E+00   -1.09014939E-04   -9.93007877E-05
   2.62720458E+00   -1.12151949E-04   -9.39111320E-05
   2.66008795E+00   -1.15152637E-04   -8.86216405E-05
   2.69338290E+00   -1.18016474E-04   -8.34346515E-05
   2.72709459E+00   -1.20743053E-04   -7.83521742E-05
   2.76122823E+00   -1.23332089E-04   -7.33759071E-05
   2.79578910E+00   -1.25783406E-04   -6.85072561E-05
   2.83078255E+00   -1.28096937E-04   -6.37473535E-05
   2.86621400E+00   -1.30272720E-04   -5.90970780E-05
   2.90208892E+00   -1.32310887E-04   -5.45570739E-05
   2.93841288E+00   -1.34211669E-04   -5.01277716E-05
   2.97519148E+00   -1.35975381E-04   -4.58094065E-05
   3.01243042E+00   -1.37602429E-04   -4.16020386E-05
   3.05013546E+00   -1.39093299E-04   -3.75055708E-05
   3.08831243E+00   -1.40448556E-04   -3.35197671E-05
   3.12696725E+00   -1.41668843E-04   -2.96442686E-05
   3.16610589E+00   -1.42754878E-04   -2.58786100E-05
   3.20573440E+00   -1.43707450E-04   -2.22222330E-05
   3.24585893E+00   -1.44527422E-04   -1.86745002E-05
   3.28648567E+00   -1.45215723E-04   -1.52347063E-05
   3.32762092E+00   -1.45773354E-04   -1.19020888E-05
   3.36927104E+00   -1.46201384E-04   -8.67583643E-06
   3.41144247E+00   -1.46500948E-04   -5.55509736E-06
   3.45414174E+00   -1.46673249E-04   -2.53898531E-06
   3.49737545E+00   -1.46719559E-04    3.73415433E-07
   3.54115030E+00   -1.46641217E-04    3.18304542E-06
   3.58547306E+00   -1.46439628E-04    5.89086722E-06
   3.63035058E+00   -1.46116266E-04    8.49786302E-06
   3.67578980E+00   -1.45672674E-04    1.10050330E-05
   3.72179777E+00   -1.45110461E-04    1.34133948E-05
   3.76838160E+00   -1.44431307E-04    1.57239823E-05
   3.81554849E+00   -1.43636958E-04    1.79378470E-05
   3.86330575E+00   -1.42729233E-04    2.00560573E-05
   3.91166075E+00   -1.41710015E-04    2.20797000E-05
   3.96062100E+00   -1.40581259E-04    2.40098805E-05
   4.01019405E+00   -1.39344989E-04    2.58477250E-05
   4.06038759E+00   -1.38003295E-04    2.75943802E-05
   4.11120937E+00   -1.36558337E-04    2.92510155E-05
   4.16266726E+00   -1.35012341E-04    3.08188240E-05
   4.21476922E+00   -1.33367602E-04    3.22990229E-05
   4.26752331E+00   -1.31626478E-04    3.36928556E-05
   4.32093771E+00   -1.29791393E-04    3.50015918E-05
   4.37502066E+00   -1.27864836E-04    3.62265291E-05
   4.42978054E+00   -1.25849357E-04    3.73689927E-05
   4.48522582E+00   -1.23747567E-04    3.84303372E-05
   4.54136508E+00   -1.21562136E-04    3.94119461E-05
   4.59820701E+00   -1.19295792E-04    4.03152325E-05
   4.65576040E+00   -1.16951318E-04    4.11416399E-05
   4.71403416E+00   -1.14531550E-04    4.18926414E-05
   4.77303729E+00   -1.12039376E-04    4.25697400E-05
   4.83277894E+00   -1.09477732E-04    4.31744688E-05
   4.89326835E+00   -1.06849600E-04    4.37083904E-05
   4.95451487E+00   -1.04158003E-04    4.41730968E-05
   5.01652798E+00   -1.01406010E-04    4.45702098E-05
   5.07931728E+00   -9.85967172E-05    4.49013741E-05
   5.14289248E+00   -9.57332660E-05    4.51682708E-05
   5.20726341E+00   -9.28188210E-05    4.53726014E-05
   5.27244005E+00   -8.98565758E-05    4.55160953E-05
   5.33843247E+00   -8.68497477E-05    4.56005070E-05
   5.40525088E+00   -8.38015727E-05    4.56276145E-05
   5.47290562E+00   -8.07153029E-05    4.55992192E-05
   5.54140716E+00   -7.75942019E-05    4.55171440E-05
   5.61076610E+00   -7.44415404E-05    4.53832318E-05
   5.68099317E+00   -7.12605924E-05    4.51993450E-05
   5.75209923E+00   -6.80546301E-05    4.49673630E-05
   5.82409530E+00   -6.48269203E-05    4.46891812E-05
   5.89699250E+00   -6.15807188E-05    4.43667090E-05
   5.97080212E+00   -5.83192666E-05    4.40018682E-05
   6.04553557E+00   -5.50457844E-05    4.35965910E-05
   6.12120443E+00   -5.17634684E-05    4.31528178E-05
   6.19782039E+00   -4.84754848E-05    4.26724957E-05
   6.27539532E+00   -4.51849657E-05    4.21575755E-05
   6.35394121E+00   -4.18950031E-05    4.16100099E-05
   6.43347022E+00   -3.86086451E-05    4.10317510E-05
   6.51399466E+00   -3.53288902E-05    4.04247479E-05
   6.59552697E+00   -3.20586827E-05    3.97909438E-05
   6.67807979E+00   -2.88009077E-05    3.91322736E-05
   6.76166587E+00   -2.55583867E-05    3.84506614E-05
   6.84629816E+00   -2.23338724E-05    3.77480173E-05
   6.93198975E+00   -1.91300446E-05    3.70262346E-05
   7.01875390E+00   -1.59495045E-05    3.62871869E-05
   7.10660403E+00   -1.27947729E-05    3.55327259E-05
   7.19555373E+00   -9.66828334E-06    3.47646779E-05
   7.28561677E+00   -6.57237879E-06    3.39848395E-05
   7.37680708E+00   -3.50930984E-06    3.31949784E-05
   7.46913878E+00   -4.81227674E-07    3.23968259E-05
   7.56262614E+00    2.50981624E-06    3.15920779E-05
   7.65728364E+00    5.46187490E-06    3.07823899E-05
   7.75312592E+00    8.37310796E-06    2.99693753E-05
   7.85016780E+00    1.12417851E-05    2.91546018E-05
   7.94842431E+00    1.40662873E-05    2.83395901E-05
   8.04791064E+00    1.68451090E-05    2.75258111E-05
   8.14864219E+00    1.95768610E-05    2.67146826E-05
   8.25063455E+00    2.22602696E-05    2.59075694E-05
   8.35390350E+00    2.48941799E-05    2.51057791E-05
   8.45846501E+00    2.74775547E-05    2.43105618E-05
   8.56433526E+00    3.00094760E-05    2.35231082E-05
   8.67153063E+00    3.24891445E-05    2.27445479E-05
   8.78006771E+00    3.49158795E-05    2.19759489E-05
   8.88996330E+00    3.72891178E-05    2.12183159E-05
   9.00123439E+00    3.96084136E-05    2.04725906E-05
   9.11389821E+00    4.18734363E-05    1.97396500E-05
   9.22797218E+00    4.40839694E-05    1.90203074E-05
   9.34347395E+00    4.62399086E-05    1.83153114E-05
   9.46042141E+00    4.83412596E-05    1.76253467E-05
   9.57883263E+00    5.03881352E-05    1.69510340E-05
   9.69872595E+00    5.23807535E-05    1.62929312E-05
   9.82011990E+00    5.43194340E-05    1.56515339E-05
   9.94303329E+00    5.62045951E-05    1.50272763E-05
   1.00674851E+01    5.80367503E-05    1.44205328E-05
   1.01934946E+01    5.98165048E-05    1.38316191E-05
   1.03210814E+01    6.15445519E-05    1.32607937E-05
   1.04502650E+01    6.32216688E-05    1.27082600E-05
   1.05810656E+01    6.48487128E-05    1.21741677E-05
   1.07135034E+01    6.64266171E-05    1.16586148E-05
   1.08475988E+01    6.79563865E-05    1.11616501E-05
   1.09833726E+01    6.94390934E-05    1.06832746E-05
   1.11208458E+01    7.08758727E-05    1.02234446E-05
   1.12600397E+01    7.22679186E-05    9.78207320E-06
   1.14009758E+01    7.36164790E-05    9.35903317E-06
   1.15436760E+01    7.49228518E-05    8.95415906E-06
   1.16881622E+01    7.61883802E-05    8.56724966E-06
   1.18344569E+01    7.74144484E-05    8.19807038E-06
   1.19825827E+01    7.86024773E-05    7.84635568E-06
   1.21325625E+01    7.97539202E-05    7.51181138E-06
   1.22844196E+01    8.08702584E-05    7.19411711E-06
   1.24381773E+01    8.19529976E-05    6.89292850E-06
   1.25938596E+01    8.30036628E-05    6.60787966E-06
   1.27514904E+01    8.40237956E-05    6.33858518E-06
   1.29110943E+01    8.50149496E-05    6.08464251E-06
   1.30726958E+01    8.59786867E-05    5.84563401E-06
   1.32363200E+01    8.69165738E-05    5.62112899E-06
   1.34019922E+01    8.78301791E-05    5.41068574E-06
   1.35697380E+01    8.87210689E-05    5.21385348E-06
   1.37395835E+01    8.95908043E-05    5.03017414E-06
   1.39115547E+01    9.04409381E-05    4.85918423E-06
   1.40856785E+01    9.12730124E-05    4.70041643E-06
   1.42619817E+01    9.20885551E-05    4.55340137E-06
   1.44404916E+01    9.28890780E-05    4.41766898E-06
   1.46212358E+01    9.36760741E-05    4.29275011E-06
   1.48042423E+01    9.44510155E-05    4.17817783E-06
   1.49895393E+01    9.52153511E-05    4.07348869E-06
   1.51771557E+01    9.59705053E-05    3.97822398E-06
   1.53671203E+01    9.67178754E-05    3.89193083E-06
   1.55594626E+01    9.74588308E-05    3.81416325E-06
   1.57542124E+01    9.81947114E-05    3.74448305E-06
   1.59513998E+01    9.89268261E-05    3.68246071E-06
   1.61510553E+01    9.96564521E-05    3.62767620E-06
   1.63532097E+01    1.00384834E-04    3.57971959E-06
   1.65578944E+01    1.01113183E-04    3.53819174E-06
   1.67651410E+01    1.01842675E-04    3.50270480E-06
   1.69749817E+01    1.02574454E-04    3.47288265E-06
   1.71874488E+01    1.03309626E-04    3.44836132E-06
   1.74025752E+01    1.04049264E-04    3.42878923E-06
   1.76203943E+01    1.04794406E-04    3.41382753E-06
   1.78409397E+01    1.05546055E-04    3.40315015E-06
   1.80642456E+01    1.06305177E-04    3.39644402E-06
   1.82903464E+01    1.07072705E-04    3.39340906E-06
   1.85192773E+01    1.07849540E-04    3.39375818E-06
   1.87510735E+01    1.08636544E-04    3.39721725E-06
   1.89857710E+01    1.09434551E-04    3.40352499E-06
   1.92234062E+01    1.10244360E-04    3.41243282E-06
   1.94640156E+01    1.11066737E-04    3.42370468E-06
   1.97076367E+01    1.11902420E-04    3.43711682E-06
   1.99543070E+01    1.12752113E-04    3.45245755E-06
   2.02040648E+01    1.13616493E-04    3.46952697E-06
   2.04569487E+01    1.14496208E-04    3.48813667E-06
   2.07129978E+01    1.15391877E-04    3.50810940E-06
   2.09722517E+01    1.16304094E-04    3.52927875E-06
   2.12347506E+01    1.17233426E-04    3.55148881E-06
   2.15005350E+01    1.18180415E-04    3.57459377E-06
   2.17696462E+01    1.19145580E-04    3.59845758E-06
   2.20421256E+01    1.20129417E-04    3.62295367E-06
   2.23180155E+01    1.21132400E-04    3.64796409E-06
   2.25973587E+01    1.22154983E-04    3.67338098E-06
   2.28801982E+01    1.23197598E-04    3.69909909E-06
   2.31665778E+01    1.24260664E-04    3.72504373E-06
   2.34565419E+01    1.25344571E-04    3.75105844E-06
   2.37501354E+01    1.26449720E-04    3.77734131E-06
   2.40474036E+01    1.27576402E-04    3.80275971E-06
   2.43483926E+01    1.28725417E-04    3.83393124E-06
   2.46531489E+01    1.29899426E-04    3.87025444E-06
   2.49617196E+01    1.31098961E-04    3.90426826E-06
   2.52741526E+01    1.32323989E-04    3.93731124E-06
   2.55904962E+01    1.33574596E-04    3.96906917E-06
   2.59107992E+01    1.34850846E-04    3.99968674E-06
   2.62351114E+01    1.36152814E-04    4.02917849E-06
   2.65634828E+01    1.37480585E-04    4.05759330E-06
   2.68959642E+01    1.38834248E-04    4.08496851E-06
   2.72326071E+01    1.40213900E-04    4.11134282E-06
   2.75734636E+01    1.41619645E-04    4.13675274E-06
   2.79185865E+01    1.43051592E-04    4.16123368E-06
   2.82680291E+01    1.44509859E-04    4.18481967E-06
   2.86218454E+01    1.45994570E-04    4.20754351E-06
   2.89800903E+01    1.47505855E-04    4.22943681E-06
   2.93428192E+01    1.49043851E-04    4.25053003E-06
   2.97100882E+01    1.50608702E-04    4.27085248E-06
   3.00819540E+01    1.52200557E-04    4.29043243E-06
   3.04584744E+01    1.53819573E-04    4.30929710E-06
   3.08397074E+01    1.55465912E-04    4.32747272E-06
   3.12257121E+01    1.57139745E-04    4.34498454E-06
   3.16165483E+01    1.58841247E-04    4.36185691E-06
   3.20122763E+01    1.60570599E-04    4.37811329E-06
   3.24129575E+01    1.62327990E-04    4.39377625E-06
   3.28186538E+01    1.64113616E-04    4.40886757E-06
   3.32294280E+01    1.65927676E-04    4.42340820E-06
   3.36453436E+01    1.67770378E-04    4.43741835E-06
   3.40664651E+01    1.69641936E-04    4.45091748E-06
   3.44928575E+01    1.71542569E-04    4.46392433E-06
   3.49245868E+01    1.73472504E-04    4.47645696E-06
   3.53617199E+01    1.75431973E-04    4.48853278E-06
   3.58043243E+01    1.77421213E-04    4.50016855E-06
   3.62524686E+01    1.79440471E-04    4.51138040E-06
   3.67062221E+01    1.81489997E-04    4.52218391E-06
   3.71656550E+01    1.83570048E-04    4.53259405E-06
   3.76308383E+01    1.85680888E-04    4.54262527E-06
   3.81018442E+01    1.87822786E-04    4.55229148E-06
   3.85787453E+01    1.89996019E-04    4.56160608E-06
   3.90616156E+01    1.92200868E-04    4.57058198E-06
   3.95505298E+01    1.94437622E-04    4.57923162E-06
   4.00455634E+01    1.96706575E-04    4.58756698E-06
   4.05467931E+01    1.99008030E-04    4.59559960E-06
   4.10542964E+01    2.01342292E-04    4.60334062E-06
   4.15681519E+01    2.03709677E-04    4.61080073E-06
   4.20884390E+01    2.06110503E-04    4.61799028E-06
   4.26152383E+01    2.08545097E-04    4.62491920E-06
   4.31486313E+01    2.11013792E-04    4.63159707E-06
   4.36887005E+01    2.13516927E-04    4.63803313E-06
   4.42355295E+01    2.16054848E-04    4.64423626E-06
   4.47892029E+01    2.18627907E-04    4.65021505E-06
   4.53498062E+01    2.21236462E-04    4.65597773E-06
   4.59174264E+01    2.23880878E-04    4.66153226E-06
   4.64921512E+01    2.26561527E-04    4.66688631E-06
   4.70740695E+01    2.29278788E-04    4.67204725E-06
   4.76632714E+01    2.32033044E-04    4.67702221E-06
   4.82598480E+01    2.34824689E-04    4.68181803E-06
   4.88638917E+01    2.37654119E-04    4.68644130E-06
   4.94754959E+01    2.40521740E-04    4.69089839E-06
   5.00947552E+01    2.43427964E-04    4.69519544E-06
   5.07217654E+01    2.46373209E-04    4.69933833E-06
   5.13566236E+01    2.49357901E-04    4.70333276E-06
   5.19994280E+01    2.52382472E-04    4.70718421E-06
   5.26502781E+01    2.55447361E-04    4.71089796E-06
   5.33092745E+01    2.58553016E-04    4.71447910E-06
   5.39765193E+01    2.61699889E-04    4.71793252E-06
   5.46521156E+01    2.64888441E-04    4.72126295E-06
   5.53361679E+01    2.68119139E-04    4.72447493E-06
   5.60287823E+01    2.71392460E-04    4.72757286E-06
   5.67300657E+01    2.74708884E-04    4.73056095E-06
   5.74401267E+01    2.78068903E-04    4.73344327E-06
   5.81590752E+01    2.81473012E-04    4.73622375E-06
   5.88870224E+01    2.84921717E-04    4.73890616E-06
   5.96240809E+01    2.88415530E-04    4.74149415E-06
   6.03703648E+01    2.91954970E-04    4.74399121E-06
   6.11259896E+01    2.95540565E-04    4.74640073E-06
   6.18910721E+01    2.99172850E-04    4.74872596E-06
   6.26657308E+01    3.02852368E-04    4.75097005E-06
   6.34500855E+01    3.06579670E-04    4.75313602E-06
   6.42442575E+01    3.10355314E-04    4.75522677E-06
   6.50483698E+01    3.14179868E-04    4.75724511E-06
   6.58625468E+01    3.18053907E-04    4.75919376E-06
   6.66869144E+01    3.21978014E-04    4.76107532E-06
   6.75216001E+01    3.25952780E-04    4.76289229E-06
   6.83667332E+01    3.29978805E-04    4.76464710E-06
   6.92224444E+01    3.34056698E-04    4.76634208E-06
   7.00888661E+01    3.38187075E-04    4.76797948E-06
   7.09661324E+01    3.42370562E-04    4.76956147E-06
   7.18543789E+01    3.46607793E-04    4.77109013E-06
   7.27537431E+01    3.50899410E-04    4.77256747E-06
   7.36643643E+01    3.55246066E-04    4.77399543E-06
   7.45863832E+01    3.59648421E-04    4.77537588E-06
   7.55199426E+01    3.64107146E-04    4.77671063E-06
   7.64651868E+01    3.68622919E-04    4.77800140E-06
   7.74222622E+01    3.73196428E-04    4.77924987E-06
   7.83913167E+01    3.77828372E-04    4.78045765E-06
   7.93725005E+01    3.82519457E-04    4.78162630E-06
   8.03659652E+01    3.87270400E-04    4.78275731E-06
   8.13718646E+01    3.92081928E-04    4.78385212E-06
   8.23903543E+01    3.96954776E-04    4.78491213E-06
   8.34215920E+01    4.01889690E-04    4.78593869E-06
   8.44657371E+01    4.06887428E-04    4.78693307E-06
   8.55229512E+01    4.11948754E-04    4.78789654E-06
   8.65933979E+01    4.17074446E-04    4.78883028E-06
   8.76772429E+01    4.22265289E-04    4.78973547E-06
   8.87746538E+01    4.27522082E-04    4.79061321E-06
   8.98858004E+01    4.32845633E-04    4.79146458E-06
   9.10108547E+01    4.38236758E-04    4.79229063E-06
   9.21499907E+01    4.43696289E-04    4.79309235E-06
   9.33033847E+01    4.49225065E-04    4.79387071E-06
   9.44712151E+01    4.54823937E-04    4.79462664E-06
   9.56536627E+01    4.60493769E-04    4.79536104E-06
   9.68509103E+01    4.66235434E-04    4.79607478E-06
   9.80631433E+01    4.72049817E-04    4.79676868E-06
   9.92905492E+01    4.77937816E-04    4.79744356E-06
   1.00533318E+02    4.83900339E-04    4.79810019E-06
   1.01791642E+02    4.89938308E-04    4.79873932E-06
   1.03065715E+02    4.96052654E-04    4.79936168E-06
   1.04355736E+02    5.02244322E-04    4.79996797E-06
   1.05661903E+02    5.08514270E-04    4.80055885E-06
   1.06984418E+02    5.14863468E-04    4.80113497E-06
   1.08323487E+02    5.21292897E-04    4.80169697E-06
   1.09679316E+02    5.27803552E-04    4.80224545E-06
   1.11052116E+02    5.34396442E-04    4.80278099E-06
   1.12442098E+02    5.41072588E-04    4.80330416E-06
   1.13849478E+02    5.47833023E-04    4.80381549E-06
   1.15274473E+02    5.54678796E-04    4.80431552E-06
   1.16717304E+02    5.61610967E-04    4.80480475E-06
   1.18178195E+02    5.68630612E-04    4.80528369E-06
   1.19657370E+02    5.75738819E-04    4.80575278E-06
   1.21155060E+02    5.82936692E-04    4.80621250E-06
   1.22671496E+02    5.90225347E-04    4.80666328E-06
   1.24206912E+02    5.97605916E-04    4.80710555E-06
   1.25761546E+02    6.05079544E-04    4.80753973E-06
   1.27335638E+02    6.12647394E-04    4.80796621E-06
   1.28929433E+02    6.20310640E-04    4.80838536E-06
   1.30543176E+02    6.28070474E-04    4.80879759E-06
   1.32177118E+02    6.35928102E-04    4.80920324E-06
   1.33831511E+02    6.43884746E-04    4.80960264E-06
   1.35506611E+02    6.51941643E-04    4.80999616E-06
   1.37202677E+02    6.60100046E-04    4.81038410E-06
   1.38919972E+02    6.68361226E-04    4.81076678E-06
   1.40658762E+02    6.76726468E-04    4.81114452E-06
   1.42419315E+02    6.85197074E-04    4.81151759E-06
   1.44201905E+02    6.93774363E-04    4.81188630E-06
   1.46006806E+02    7.02459672E-04    4.81225091E-06
   1.47834298E+02    7.11254353E-04    4.81261171E-06
   1.49684663E+02    7.20159777E-04    4.81296893E-06
   1.51558189E+02    7.29177331E-04    4.81332284E-06
   1.53455165E+02    7.38308422E-04    4.81367368E-06
   1.55375884E+02    7.47554473E-04    4.81402169E-06
   1.57320644E+02    7.56916927E-04    4.81436709E-06
   1.59289746E+02    7.66397243E-04    4.81471012E-06
   1.61283494E+02    7.75996901E-04    4.81505097E-06
   1.63302196E+02    7.85717399E-04    4.81538989E-06
   1.65346166E+02    7.95560255E-04    4.81572701E-06
   1.67415718E+02    8.05527005E-04    4.81606275E-06
   1.69511175E+02    8.15619204E-04    4.81639643E-06
   1.71632859E+02    8.25838432E-04    4.81673169E-06
   1.73781099E+02    8.36186278E-04    4.81705532E-06
   1.75956227E+02    8.46664386E-04    4.81741978E-06
   1.78158581E+02    8.57274285E-04    4.81762064E-06
   1.80388500E+02    8.68018038E-04    4.81843613E-06
   1.82646330E+02    8.78895713E-04    4.81681458E-06
   1.84932420E+02    8.57290610E-04   -9.27138989E-06
