# Peaks:     0.298102      1.659031    185.033965  
   6.24499784E-05    1.13766482E-10    2.99754688E-06
   6.32316326E-05    1.16148343E-10    3.02257546E-06
   6.40230704E-05    1.18563511E-10    3.04745642E-06
   6.48244142E-05    1.21016103E-10    3.07227190E-06
   6.56357880E-05    1.23510518E-10    3.09710624E-06
   6.64573174E-05    1.26051453E-10    3.12204605E-06
   6.72891294E-05    1.28643916E-10    3.14718030E-06
   6.81313528E-05    1.31293216E-10    3.17259984E-06
   6.89841178E-05    1.34003020E-10    3.19835691E-06
   6.98475565E-05    1.36773789E-10    3.22443532E-06
   7.07218024E-05    1.39605609E-10    3.25081159E-06
   7.16069908E-05    1.42498499E-10    3.27746147E-06
   7.25032586E-05    1.45452406E-10    3.30435998E-06
   7.34107446E-05    1.48467201E-10    3.33148134E-06
   7.43295891E-05    1.51543111E-10    3.35880743E-06
   7.52599343E-05    1.54681563E-10    3.38634364E-06
   7.62019241E-05    1.57884247E-10    3.41409965E-06
   7.71557043E-05    1.61152907E-10    3.44208531E-06
   7.81214226E-05    1.64489343E-10    3.47031066E-06
   7.90992282E-05    1.67895418E-10    3.49878596E-06
   8.00892725E-05    1.71372926E-10    3.52751940E-06
   8.10917087E-05    1.74923338E-10    3.55651264E-06
   8.21066918E-05    1.78548081E-10    3.58576606E-06
   8.31343790E-05    1.82248601E-10    3.61527994E-06
   8.41749292E-05    1.86026370E-10    3.64505450E-06
   8.52285035E-05    1.89882881E-10    3.67508985E-06
   8.62952648E-05    1.93819691E-10    3.70538677E-06
   8.73753782E-05    1.97838510E-10    3.73594813E-06
   8.84690108E-05    2.01941103E-10    3.76677715E-06
   8.95763318E-05    2.06129276E-10    3.79787709E-06
   9.06975126E-05    2.10404870E-10    3.82925114E-06
   9.18327267E-05    2.14769768E-10    3.86090253E-06
   9.29821496E-05    2.19225879E-10    3.89283434E-06
   9.41459593E-05    2.23775132E-10    3.92504933E-06
   9.53243358E-05    2.28419487E-10    3.95755019E-06
   9.65174614E-05    2.33160944E-10    3.99033958E-06
   9.77255208E-05    2.38001544E-10    4.02342013E-06
   9.89487008E-05    2.42943366E-10    4.05679444E-06
   1.00187191E-04    2.47988540E-10    4.09046523E-06
   1.01441182E-04    2.53139262E-10    4.12443560E-06
   1.02710869E-04    2.58397771E-10    4.15870866E-06
   1.03996448E-04    2.63766354E-10    4.19328750E-06
   1.05298118E-04    2.69247345E-10    4.22817518E-06
   1.06616081E-04    2.74843123E-10    4.26337474E-06
   1.07950539E-04    2.80556121E-10    4.29888929E-06
   1.09301701E-04    2.86388831E-10    4.33472212E-06
   1.10669774E-04    2.92343794E-10    4.37087652E-06
   1.12054970E-04    2.98423603E-10    4.40735574E-06
   1.13457505E-04    3.04630906E-10    4.44416299E-06
   1.14877594E-04    3.10968402E-10    4.48130147E-06
   1.16315457E-04    3.17438855E-10    4.51877453E-06
   1.17771318E-04    3.24045097E-10    4.55658573E-06
   1.19245401E-04    3.30790018E-10    4.59473859E-06
   1.20737934E-04    3.37676569E-10    4.63323663E-06
   1.22249149E-04    3.44707757E-10    4.67208332E-06
   1.23779279E-04    3.51886656E-10    4.71128211E-06
   1.25328560E-04    3.59216410E-10    4.75083667E-06
   1.26897233E-04    3.66700239E-10    4.79075080E-06
   1.28485540E-04    3.74341429E-10    4.83102828E-06
   1.30093728E-04    3.82143334E-10    4.87167288E-06
   1.31722044E-04    3.90109375E-10    4.91268831E-06
   1.33370741E-04    3.98243046E-10    4.95407830E-06
   1.35040074E-04    4.06547928E-10    4.99584683E-06
   1.36730301E-04    4.15027682E-10    5.03799798E-06
   1.38441684E-04    4.23686047E-10    5.08053582E-06
   1.40174487E-04    4.32526837E-10    5.12346436E-06
   1.41928979E-04    4.41553943E-10    5.16678760E-06
   1.43705431E-04    4.50771344E-10    5.21050957E-06
   1.45504118E-04    4.60183118E-10    5.25463463E-06
   1.47325318E-04    4.69793430E-10    5.29916714E-06
   1.49169313E-04    4.79606534E-10    5.34411144E-06
   1.51036388E-04    4.89626770E-10    5.38947185E-06
   1.52926833E-04    4.99858566E-10    5.43525263E-06
   1.54840939E-04    5.10306456E-10    5.48145822E-06
   1.56779004E-04    5.20975083E-10    5.52809330E-06
   1.58741326E-04    5.31869189E-10    5.57516256E-06
   1.60728209E-04    5.42993616E-10    5.62267065E-06
   1.62739961E-04    5.54353302E-10    5.67062218E-06
   1.64776894E-04    5.65953293E-10    5.71902175E-06
   1.66839321E-04    5.77798756E-10    5.76787422E-06
   1.68927563E-04    5.89894980E-10    5.81718464E-06
   1.71041942E-04    6.02247365E-10    5.86695802E-06
   1.73182786E-04    6.14861422E-10    5.91719935E-06
   1.75350426E-04    6.27742778E-10    5.96791354E-06
   1.77545197E-04    6.40897181E-10    6.01910560E-06
   1.79767439E-04    6.54330527E-10    6.07078085E-06
   1.82017495E-04    6.68048840E-10    6.12294472E-06
   1.84295715E-04    6.82058269E-10    6.17560254E-06
   1.86602449E-04    6.96365095E-10    6.22875966E-06
   1.88938056E-04    7.10975728E-10    6.28242134E-06
   1.91302896E-04    7.25896727E-10    6.33659309E-06
   1.93697336E-04    7.41134816E-10    6.39128069E-06
   1.96121746E-04    7.56696859E-10    6.44648993E-06
   1.98576501E-04    7.72589864E-10    6.50222652E-06
   2.01061981E-04    7.88820988E-10    6.55849617E-06
   2.03578570E-04    8.05397541E-10    6.61530457E-06
   2.06126658E-04    8.22327015E-10    6.67265780E-06
   2.08706639E-04    8.39617074E-10    6.73056208E-06
   2.11318913E-04    8.57275544E-10    6.78902357E-06
   2.13963883E-04    8.75310416E-10    6.84804841E-06
   2.16641959E-04    8.93729850E-10    6.90764268E-06
   2.19353554E-04    9.12542191E-10    6.96781264E-06
   2.22099090E-04    9.31755996E-10    7.02856492E-06
   2.24878990E-04    9.51380005E-10    7.08990616E-06
   2.27693684E-04    9.71423142E-10    7.15184298E-06
   2.30543609E-04    9.91894523E-10    7.21438190E-06
   2.33429205E-04    1.01280346E-09    7.27752948E-06
   2.36350918E-04    1.03415949E-09    7.34129266E-06
   2.39309200E-04    1.05597238E-09    7.40567859E-06
   2.42304510E-04    1.07825211E-09    7.47069436E-06
   2.45337311E-04    1.10100885E-09    7.53634702E-06
   2.48408072E-04    1.12425301E-09    7.60264354E-06
   2.51517268E-04    1.14799523E-09    7.66959113E-06
   2.54665380E-04    1.17224641E-09    7.73719741E-06
   2.57852895E-04    1.19701771E-09    7.80547000E-06
   2.61080307E-04    1.22232050E-09    7.87441647E-06
   2.64348115E-04    1.24816640E-09    7.94404433E-06
   2.67656824E-04    1.27456731E-09    8.01436110E-06
   2.71006947E-04    1.30153539E-09    8.08537481E-06
   2.74399001E-04    1.32908310E-09    8.15709365E-06
   2.77833512E-04    1.35722318E-09    8.22952574E-06
   2.81311011E-04    1.38596861E-09    8.30267918E-06
   2.84832036E-04    1.41533268E-09    8.37656196E-06
   2.88397132E-04    1.44532898E-09    8.45118240E-06
   2.92006851E-04    1.47597144E-09    8.52654925E-06
   2.95661750E-04    1.50727429E-09    8.60267125E-06
   2.99362396E-04    1.53925207E-09    8.67955709E-06
   3.03109361E-04    1.57191963E-09    8.75721535E-06
   3.06903225E-04    1.60529215E-09    8.83565473E-06
   3.10744574E-04    1.63938521E-09    8.91488448E-06
   3.14634004E-04    1.67421472E-09    8.99491398E-06
   3.18572116E-04    1.70979695E-09    9.07575253E-06
   3.22559519E-04    1.74614852E-09    9.15740935E-06
   3.26596831E-04    1.78328640E-09    9.23989365E-06
   3.30684675E-04    1.82122800E-09    9.32321511E-06
   3.34823685E-04    1.85999112E-09    9.40738377E-06
   3.39014500E-04    1.89959397E-09    9.49240960E-06
   3.43257770E-04    1.94005515E-09    9.57830251E-06
   3.47554151E-04    1.98139367E-09    9.66507231E-06
   3.51904307E-04    2.02362895E-09    9.75272911E-06
   3.56308912E-04    2.06678096E-09    9.84128359E-06
   3.60768648E-04    2.11087004E-09    9.93074644E-06
   3.65284203E-04    2.15591704E-09    1.00211283E-05
   3.69856277E-04    2.20194321E-09    1.01124396E-05
   3.74485578E-04    2.24897033E-09    1.02046911E-05
   3.79172821E-04    2.29702069E-09    1.02978939E-05
   3.83918732E-04    2.34611710E-09    1.03920596E-05
   3.88724045E-04    2.39628289E-09    1.04871995E-05
   3.93589504E-04    2.44754188E-09    1.05833249E-05
   3.98515861E-04    2.49991842E-09    1.06804469E-05
   4.03503879E-04    2.55343748E-09    1.07785775E-05
   4.08554329E-04    2.60812461E-09    1.08777289E-05
   4.13667993E-04    2.66400592E-09    1.09779132E-05
   4.18845662E-04    2.72110811E-09    1.10791425E-05
   4.24088138E-04    2.77945845E-09    1.11814287E-05
   4.29396231E-04    2.83908489E-09    1.12847843E-05
   4.34770762E-04    2.90001605E-09    1.13892223E-05
   4.40212564E-04    2.96228119E-09    1.14947556E-05
   4.45722478E-04    3.02591023E-09    1.16013972E-05
   4.51301356E-04    3.09093372E-09    1.17091598E-05
   4.56950063E-04    3.15738297E-09    1.18180564E-05
   4.62669472E-04    3.22529004E-09    1.19281009E-05
   4.68460467E-04    3.29468773E-09    1.20393071E-05
   4.74323946E-04    3.36560955E-09    1.21516888E-05
   4.80260814E-04    3.43808978E-09    1.22652596E-05
   4.86271992E-04    3.51216349E-09    1.23800332E-05
   4.92358408E-04    3.58786659E-09    1.24960243E-05
   4.98521004E-04    3.66523585E-09    1.26132476E-05
   5.04760735E-04    3.74430888E-09    1.27317179E-05
   5.11078565E-04    3.82512408E-09    1.28514496E-05
   5.17475472E-04    3.90772075E-09    1.29724573E-05
   5.23952446E-04    3.99213918E-09    1.30947564E-05
   5.30510489E-04    4.07842057E-09    1.32183625E-05
   5.37150616E-04    4.16660709E-09    1.33432914E-05
   5.43873854E-04    4.25674183E-09    1.34695586E-05
   5.50681243E-04    4.34886886E-09    1.35971794E-05
   5.57573836E-04    4.44303333E-09    1.37261701E-05
   5.64552701E-04    4.53928147E-09    1.38565474E-05
   5.71618916E-04    4.63766057E-09    1.39883279E-05
   5.78773576E-04    4.73821897E-09    1.41215282E-05
   5.86017787E-04    4.84100611E-09    1.42561646E-05
   5.93352670E-04    4.94607262E-09    1.43922542E-05
   6.00779359E-04    5.05347036E-09    1.45298147E-05
   6.08299005E-04    5.16325238E-09    1.46688638E-05
   6.15912771E-04    5.27547293E-09    1.48094192E-05
   6.23621834E-04    5.39018749E-09    1.49514981E-05
   6.31427387E-04    5.50745284E-09    1.50951185E-05
   6.39330638E-04    5.62732719E-09    1.52402993E-05
   6.47332811E-04    5.74987007E-09    1.53870593E-05
   6.55435142E-04    5.87514234E-09    1.55354170E-05
   6.63638886E-04    6.00320629E-09    1.56853911E-05
   6.71945313E-04    6.13412563E-09    1.58370004E-05
   6.80355706E-04    6.26796568E-09    1.59902647E-05
   6.88871368E-04    6.40479326E-09    1.61452041E-05
   6.97493616E-04    6.54467671E-09    1.63018385E-05
   7.06223785E-04    6.68768591E-09    1.64601873E-05
   7.15063224E-04    6.83389241E-09    1.66202704E-05
   7.24013302E-04    6.98336952E-09    1.67821091E-05
   7.33075404E-04    7.13619224E-09    1.69457243E-05
   7.42250931E-04    7.29243731E-09    1.71111373E-05
   7.51541304E-04    7.45218320E-09    1.72783686E-05
   7.60947959E-04    7.61551022E-09    1.74474393E-05
   7.70472353E-04    7.78250068E-09    1.76183717E-05
   7.80115959E-04    7.95323881E-09    1.77911881E-05
   7.89880269E-04    8.12781076E-09    1.79659109E-05
   7.99766793E-04    8.30630466E-09    1.81425620E-05
   8.09777062E-04    8.48881069E-09    1.83211635E-05
   8.19912625E-04    8.67542129E-09    1.85017390E-05
   8.30175049E-04    8.86623103E-09    1.86843122E-05
   8.40565922E-04    9.06133668E-09    1.88689066E-05
   8.51086853E-04    9.26083722E-09    1.90555454E-05
   8.61739469E-04    9.46483394E-09    1.92442521E-05
   8.72525418E-04    9.67343064E-09    1.94350514E-05
   8.83446370E-04    9.88673356E-09    1.96279684E-05
   8.94504013E-04    1.01048514E-08    1.98230279E-05
   9.05700059E-04    1.03278953E-08    2.00202545E-05
   9.17036240E-04    1.05559791E-08    2.02196729E-05
   9.28514311E-04    1.07892193E-08    2.04213091E-05
   9.40136046E-04    1.10277354E-08    2.06251897E-05
   9.51903245E-04    1.12716493E-08    2.08313409E-05
   9.63817728E-04    1.15210861E-08    2.10397885E-05
   9.75881338E-04    1.17761735E-08    2.12505587E-05
   9.88095942E-04    1.20370425E-08    2.14636789E-05
   1.00046343E-03    1.23038271E-08    2.16791769E-05
   1.01298572E-03    1.25766647E-08    2.18970805E-05
   1.02566474E-03    1.28556954E-08    2.21174170E-05
   1.03850245E-03    1.31410629E-08    2.23402137E-05
   1.05150085E-03    1.34329144E-08    2.25654997E-05
   1.06466195E-03    1.37314005E-08    2.27933043E-05
   1.07798777E-03    1.40366753E-08    2.30236566E-05
   1.09148039E-03    1.43488965E-08    2.32565855E-05
   1.10514189E-03    1.46682255E-08    2.34921198E-05
   1.11897438E-03    1.49948276E-08    2.37302898E-05
   1.13298001E-03    1.53288721E-08    2.39711264E-05
   1.14716094E-03    1.56705321E-08    2.42146603E-05
   1.16151936E-03    1.60199848E-08    2.44609219E-05
   1.17605750E-03    1.63774116E-08    2.47099415E-05
   1.19077760E-03    1.67429983E-08    2.49617510E-05
   1.20568195E-03    1.71169349E-08    2.52163829E-05
   1.22077285E-03    1.74994162E-08    2.54738692E-05
   1.23605264E-03    1.78906411E-08    2.57342420E-05
   1.25152367E-03    1.82908136E-08    2.59975331E-05
   1.26718835E-03    1.87001422E-08    2.62637760E-05
   1.28304909E-03    1.91188408E-08    2.65330048E-05
   1.29910836E-03    1.95471279E-08    2.68052532E-05
   1.31536863E-03    1.99852274E-08    2.70805547E-05
   1.33183242E-03    2.04333681E-08    2.73589427E-05
   1.34850228E-03    2.08917847E-08    2.76404524E-05
   1.36538079E-03    2.13607172E-08    2.79251196E-05
   1.38247056E-03    2.18404113E-08    2.82129795E-05
   1.39977423E-03    2.23311185E-08    2.85040672E-05
   1.41729448E-03    2.28330961E-08    2.87984178E-05
   1.43503403E-03    2.33466075E-08    2.90960682E-05
   1.45299561E-03    2.38719226E-08    2.93970557E-05
   1.47118201E-03    2.44093175E-08    2.97014173E-05
   1.48959604E-03    2.49590745E-08    3.00091896E-05
   1.50824054E-03    2.55214829E-08    3.03204094E-05
   1.52711841E-03    2.60968387E-08    3.06351154E-05
   1.54623257E-03    2.66854451E-08    3.09533465E-05
   1.56558597E-03    2.72876122E-08    3.12751414E-05
   1.58518160E-03    2.79036573E-08    3.16005383E-05
   1.60502250E-03    2.85339054E-08    3.19295757E-05
   1.62511174E-03    2.91786890E-08    3.22622941E-05
   1.64545243E-03    2.98383487E-08    3.25987341E-05
   1.66604771E-03    3.05132329E-08    3.29389360E-05
   1.68690077E-03    3.12036982E-08    3.32829396E-05
   1.70801484E-03    3.19101094E-08    3.36307853E-05
   1.72939318E-03    3.26328403E-08    3.39825152E-05
   1.75103910E-03    3.33722734E-08    3.43381716E-05
   1.77295596E-03    3.41288000E-08    3.46977965E-05
   1.79514714E-03    3.49028207E-08    3.50614314E-05
   1.81761607E-03    3.56947452E-08    3.54291184E-05
   1.84036623E-03    3.65049934E-08    3.58009014E-05
   1.86340115E-03    3.73339949E-08    3.61768245E-05
   1.88672438E-03    3.81821892E-08    3.65569312E-05
   1.91033954E-03    3.90500261E-08    3.69412649E-05
   1.93425028E-03    3.99379658E-08    3.73298690E-05
   1.95846029E-03    4.08464798E-08    3.77227895E-05
   1.98297333E-03    4.17760505E-08    3.81200719E-05
   2.00779318E-03    4.27271714E-08    3.85217616E-05
   2.03292370E-03    4.37003476E-08    3.89279034E-05
   2.05836876E-03    4.46960960E-08    3.93385429E-05
   2.08413230E-03    4.57149457E-08    3.97537275E-05
   2.11021831E-03    4.67574384E-08    4.01735043E-05
   2.13663083E-03    4.78241281E-08    4.05979203E-05
   2.16337393E-03    4.89155818E-08    4.10270218E-05
   2.19045177E-03    5.00323799E-08    4.14608565E-05
   2.21786853E-03    5.11751162E-08    4.18994732E-05
   2.24562845E-03    5.23443989E-08    4.23429210E-05
   2.27373582E-03    5.35408496E-08    4.27912480E-05
   2.30219500E-03    5.47651047E-08    4.32445024E-05
   2.33101039E-03    5.60178155E-08    4.37027332E-05
   2.36018645E-03    5.72996486E-08    4.41659912E-05
   2.38972769E-03    5.86112862E-08    4.46343267E-05
   2.41963868E-03    5.99534259E-08    4.51077896E-05
   2.44992405E-03    6.13267819E-08    4.55864293E-05
   2.48058849E-03    6.27320847E-08    4.60702968E-05
   2.51163673E-03    6.41700823E-08    4.65594442E-05
   2.54307360E-03    6.56415398E-08    4.70539232E-05
   2.57490394E-03    6.71472400E-08    4.75537852E-05
   2.60713269E-03    6.86879836E-08    4.80590811E-05
   2.63976482E-03    7.02645903E-08    4.85698633E-05
   2.67280540E-03    7.18778987E-08    4.90861855E-05
   2.70625953E-03    7.35287669E-08    4.96081006E-05
   2.74013239E-03    7.52180727E-08    5.01356613E-05
   2.77442921E-03    7.69467138E-08    5.06689198E-05
   2.80915531E-03    7.87156093E-08    5.12079301E-05
   2.84431607E-03    8.05256994E-08    5.17527470E-05
   2.87991690E-03    8.23779459E-08    5.23034248E-05
   2.91596334E-03    8.42733327E-08    5.28600170E-05
   2.95246095E-03    8.62128661E-08    5.34225774E-05
   2.98941539E-03    8.81975760E-08    5.39911611E-05
   3.02683236E-03    9.02285162E-08    5.45658240E-05
   3.06471766E-03    9.23067643E-08    5.51466214E-05
   3.10307715E-03    9.44334226E-08    5.57336081E-05
   3.14191677E-03    9.66096186E-08    5.63268385E-05
   3.18124253E-03    9.88365060E-08    5.69263691E-05
   3.22106050E-03    1.01115265E-07    5.75322565E-05
   3.26137686E-03    1.03447103E-07    5.81445570E-05
   3.30219783E-03    1.05833254E-07    5.87633260E-05
   3.34352974E-03    1.08274981E-07    5.93886189E-05
   3.38537898E-03    1.10773576E-07    6.00204931E-05
   3.42775203E-03    1.13330359E-07    6.06590059E-05
   3.47065543E-03    1.15946683E-07    6.13042140E-05
   3.51409584E-03    1.18623928E-07    6.19561734E-05
   3.55807997E-03    1.21363509E-07    6.26149402E-05
   3.60261462E-03    1.24166871E-07    6.32805724E-05
   3.64770670E-03    1.27035492E-07    6.39531276E-05
   3.69336316E-03    1.29970884E-07    6.46326627E-05
   3.73959109E-03    1.32974593E-07    6.53192340E-05
   3.78639762E-03    1.36048200E-07    6.60128982E-05
   3.83379001E-03    1.39193321E-07    6.67137133E-05
   3.88177559E-03    1.42411611E-07    6.74217370E-05
   3.93036177E-03    1.45704759E-07    6.81370262E-05
   3.97955609E-03    1.49074495E-07    6.88596372E-05
   4.02936614E-03    1.52522584E-07    6.95896265E-05
   4.07979964E-03    1.56050835E-07    7.03270520E-05
   4.13086440E-03    1.59661096E-07    7.10719712E-05
   4.18256830E-03    1.63355255E-07    7.18244405E-05
   4.23491935E-03    1.67135243E-07    7.25845157E-05
   4.28792566E-03    1.71003035E-07    7.33522530E-05
   4.34159541E-03    1.74960651E-07    7.41277096E-05
   4.39593693E-03    1.79010153E-07    7.49109422E-05
   4.45095861E-03    1.83153651E-07    7.57020064E-05
   4.50666896E-03    1.87393301E-07    7.65009570E-05
   4.56307662E-03    1.91731307E-07    7.73078495E-05
   4.62019030E-03    1.96169924E-07    7.81227399E-05
   4.67801884E-03    2.00711453E-07    7.89456835E-05
   4.73657119E-03    2.05358250E-07    7.97767345E-05
   4.79585642E-03    2.10112719E-07    8.06159464E-05
   4.85588368E-03    2.14977319E-07    8.14633732E-05
   4.91666228E-03    2.19954564E-07    8.23190693E-05
   4.97820161E-03    2.25047023E-07    8.31830880E-05
   5.04051119E-03    2.30257319E-07    8.40554816E-05
   5.10360068E-03    2.35588134E-07    8.49363014E-05
   5.16747982E-03    2.41042209E-07    8.58255996E-05
   5.23215850E-03    2.46622345E-07    8.67234279E-05
   5.29764673E-03    2.52331404E-07    8.76298374E-05
   5.36395465E-03    2.58172308E-07    8.85448775E-05
   5.43109251E-03    2.64148045E-07    8.94685970E-05
   5.49907070E-03    2.70261667E-07    9.04010450E-05
   5.56789973E-03    2.76516292E-07    9.13422703E-05
   5.63759027E-03    2.82915107E-07    9.22923206E-05
   5.70815308E-03    2.89461363E-07    9.32512420E-05
   5.77959909E-03    2.96158384E-07    9.42190796E-05
   5.85193936E-03    3.03009567E-07    9.51958791E-05
   5.92518507E-03    3.10018380E-07    9.61816853E-05
   5.99934756E-03    3.17188365E-07    9.71765416E-05
   6.07443831E-03    3.24523139E-07    9.81804898E-05
   6.15046892E-03    3.32026396E-07    9.91935709E-05
   6.22745117E-03    3.39701910E-07    1.00215826E-04
   6.30539697E-03    3.47553535E-07    1.01247294E-04
   6.38431838E-03    3.55585207E-07    1.02288015E-04
   6.46422761E-03    3.63800941E-07    1.03338024E-04
   6.54513701E-03    3.72204840E-07    1.04397358E-04
   6.62705912E-03    3.80801092E-07    1.05466051E-04
   6.71000661E-03    3.89593976E-07    1.06544138E-04
   6.79399231E-03    3.98587857E-07    1.07631650E-04
   6.87902921E-03    4.07787191E-07    1.08728618E-04
   6.96513048E-03    4.17196525E-07    1.09835071E-04
   7.05230943E-03    4.26820507E-07    1.10951038E-04
   7.14057955E-03    4.36663876E-07    1.12076545E-04
   7.22995451E-03    4.46731471E-07    1.13211617E-04
   7.32044813E-03    4.57028228E-07    1.14356277E-04
   7.41207441E-03    4.67559183E-07    1.15510546E-04
   7.50484753E-03    4.78329483E-07    1.16674445E-04
   7.59878184E-03    4.89344374E-07    1.17847993E-04
   7.69389188E-03    5.00609210E-07    1.19031204E-04
   7.79019236E-03    5.12129452E-07    1.20224094E-04
   7.88769819E-03    5.23910672E-07    1.21426674E-04
   7.98642444E-03    5.35958558E-07    1.22638956E-04
   8.08638641E-03    5.48278912E-07    1.23860947E-04
   8.18759954E-03    5.60877648E-07    1.25092655E-04
   8.29007951E-03    5.73760799E-07    1.26334082E-04
   8.39384216E-03    5.86934518E-07    1.27585231E-04
   8.49890356E-03    6.00405087E-07    1.28846100E-04
   8.60527996E-03    6.14178907E-07    1.30116688E-04
   8.71298782E-03    6.28262504E-07    1.31396989E-04
   8.82204380E-03    6.42662530E-07    1.32686993E-04
   8.93246478E-03    6.57385771E-07    1.33986692E-04
   9.04426784E-03    6.72439151E-07    1.35296071E-04
   9.15747029E-03    6.87829722E-07    1.36615115E-04
   9.27208963E-03    7.03564671E-07    1.37943806E-04
   9.38814360E-03    7.19651323E-07    1.39282120E-04
   9.50565016E-03    7.36097147E-07    1.40630033E-04
   9.62462748E-03    7.52909759E-07    1.41987517E-04
   9.74509399E-03    7.70096917E-07    1.43354543E-04
   9.86706831E-03    7.87666522E-07    1.44731075E-04
   9.99056933E-03    8.05626621E-07    1.46117076E-04
   1.01156161E-02    8.23985421E-07    1.47512505E-04
   1.02422281E-02    8.42751286E-07    1.48917318E-04
   1.03704248E-02    8.61932731E-07    1.50331467E-04
   1.05002261E-02    8.81538422E-07    1.51754901E-04
   1.06316520E-02    9.01577186E-07    1.53187565E-04
   1.07647229E-02    9.22058021E-07    1.54629399E-04
   1.08994594E-02    9.42990091E-07    1.56080341E-04
   1.10358823E-02    9.64382723E-07    1.57540323E-04
   1.11740128E-02    9.86245405E-07    1.59009276E-04
   1.13138721E-02    1.00858779E-06    1.60487124E-04
   1.14554820E-02    1.03141973E-06    1.61973787E-04
   1.15988644E-02    1.05475124E-06    1.63469183E-04
   1.17440414E-02    1.07859251E-06    1.64973222E-04
   1.18910355E-02    1.10295391E-06    1.66485812E-04
   1.20398695E-02    1.12784597E-06    1.68006856E-04
   1.21905664E-02    1.15327944E-06    1.69536251E-04
   1.23431494E-02    1.17926524E-06    1.71073891E-04
   1.24976422E-02    1.20581449E-06    1.72619665E-04
   1.26540688E-02    1.23293847E-06    1.74173454E-04
   1.28124533E-02    1.26064866E-06    1.75735137E-04
   1.29728201E-02    1.28895675E-06    1.77304588E-04
   1.31351942E-02    1.31787462E-06    1.78881672E-04
   1.32996007E-02    1.34741436E-06    1.80466252E-04
   1.34660650E-02    1.37758822E-06    1.82058185E-04
   1.36346128E-02    1.40840867E-06    1.83657322E-04
   1.38052702E-02    1.43988838E-06    1.85263506E-04
   1.39780636E-02    1.47204026E-06    1.86876578E-04
   1.41530199E-02    1.50487738E-06    1.88496370E-04
   1.43301659E-02    1.53841303E-06    1.90122710E-04
   1.45095292E-02    1.57266069E-06    1.91755419E-04
   1.46911375E-02    1.60763409E-06    1.93394310E-04
   1.48750189E-02    1.64334717E-06    1.95039193E-04
   1.50612019E-02    1.67981405E-06    1.96689868E-04
   1.52497152E-02    1.71704906E-06    1.98346131E-04
   1.54405880E-02    1.75506676E-06    2.00007771E-04
   1.56338499E-02    1.79388194E-06    2.01674569E-04
   1.58295308E-02    1.83350962E-06    2.03346299E-04
   1.60276609E-02    1.87396500E-06    2.05022728E-04
   1.62282708E-02    1.91526349E-06    2.06703617E-04
   1.64313918E-02    1.95742073E-06    2.08388721E-04
   1.66370550E-02    2.00045261E-06    2.10077784E-04
   1.68452925E-02    2.04437523E-06    2.11770544E-04
   1.70561363E-02    2.08920489E-06    2.13466731E-04
   1.72696192E-02    2.13495809E-06    2.15166071E-04
   1.74857741E-02    2.18165158E-06    2.16868278E-04
   1.77046346E-02    2.22930235E-06    2.18573058E-04
   1.79262344E-02    2.27792760E-06    2.20280112E-04
   1.81506078E-02    2.32754473E-06    2.21989129E-04
   1.83777896E-02    2.37817130E-06    2.23699797E-04
   1.86078149E-02    2.42982517E-06    2.25411788E-04
   1.88407194E-02    2.48252444E-06    2.27124768E-04
   1.90765390E-02    2.53628739E-06    2.28838395E-04
   1.93153102E-02    2.59113249E-06    2.30552319E-04
   1.95570700E-02    2.64707836E-06    2.32266183E-04
   1.98018557E-02    2.70414394E-06    2.33979620E-04
   2.00497054E-02    2.76234838E-06    2.35692250E-04
   2.03006572E-02    2.82171103E-06    2.37403687E-04
   2.05547501E-02    2.88225137E-06    2.39113539E-04
   2.08120233E-02    2.94398907E-06    2.40821405E-04
   2.10725167E-02    3.00694404E-06    2.42526871E-04
   2.13362705E-02    3.07113648E-06    2.44229514E-04
   2.16033256E-02    3.13658672E-06    2.45928902E-04
   2.18737233E-02    3.20331520E-06    2.47624596E-04
   2.21475055E-02    3.27134252E-06    2.49316150E-04
   2.24247144E-02    3.34068954E-06    2.51003104E-04
   2.27053930E-02    3.41137736E-06    2.52684988E-04
   2.29895847E-02    3.48342721E-06    2.54361324E-04
   2.32773335E-02    3.55686039E-06    2.56031625E-04
   2.35686839E-02    3.63169832E-06    2.57695398E-04
   2.38636810E-02    3.70796268E-06    2.59352136E-04
   2.41623704E-02    3.78567538E-06    2.61001320E-04
   2.44647983E-02    3.86485840E-06    2.62642423E-04
   2.47710116E-02    3.94553378E-06    2.64274912E-04
   2.50810576E-02    4.02772356E-06    2.65898247E-04
   2.53949843E-02    4.11145008E-06    2.67511873E-04
   2.57128402E-02    4.19673588E-06    2.69115222E-04
   2.60346746E-02    4.28360354E-06    2.70707718E-04
   2.63605372E-02    4.37207564E-06    2.72288780E-04
   2.66904785E-02    4.46217468E-06    2.73857820E-04
   2.70245495E-02    4.55392341E-06    2.75414238E-04
   2.73628018E-02    4.64734478E-06    2.76957416E-04
   2.77052879E-02    4.74246173E-06    2.78486731E-04
   2.80520608E-02    4.83929708E-06    2.80001556E-04
   2.84031740E-02    4.93787359E-06    2.81501257E-04
   2.87586819E-02    5.03821420E-06    2.82985182E-04
   2.91186395E-02    5.14034202E-06    2.84452671E-04
   2.94831025E-02    5.24427996E-06    2.85903054E-04
   2.98521273E-02    5.35005080E-06    2.87335661E-04
   3.02257710E-02    5.45767720E-06    2.88749812E-04
   3.06040914E-02    5.56718211E-06    2.90144808E-04
   3.09871471E-02    5.67858834E-06    2.91519945E-04
   3.13749972E-02    5.79191840E-06    2.92874515E-04
   3.17677019E-02    5.90719459E-06    2.94207806E-04
   3.21653219E-02    6.02443938E-06    2.95519089E-04
   3.25679186E-02    6.14367513E-06    2.96807626E-04
   3.29755545E-02    6.26492385E-06    2.98072676E-04
   3.33882925E-02    6.38820719E-06    2.99313498E-04
   3.38061966E-02    6.51354689E-06    3.00529333E-04
   3.42293314E-02    6.64096455E-06    3.01719412E-04
   3.46577623E-02    6.77048130E-06    3.02882967E-04
   3.50915556E-02    6.90211782E-06    3.04019230E-04
   3.55307786E-02    7.03589489E-06    3.05127414E-04
   3.59754990E-02    7.17183293E-06    3.06206726E-04
   3.64257858E-02    7.30995178E-06    3.07256376E-04
   3.68817086E-02    7.45027087E-06    3.08275570E-04
   3.73433380E-02    7.59280962E-06    3.09263497E-04
   3.78107453E-02    7.73758686E-06    3.10219347E-04
   3.82840029E-02    7.88462067E-06    3.11142314E-04
   3.87631841E-02    8.03392898E-06    3.12031580E-04
   3.92483629E-02    8.18552934E-06    3.12886317E-04
   3.97396145E-02    8.33943844E-06    3.13705707E-04
   4.02370148E-02    8.49567238E-06    3.14488926E-04
   4.07406407E-02    8.65424706E-06    3.15235141E-04
   4.12505704E-02    8.81517747E-06    3.15943520E-04
   4.17668825E-02    8.97847773E-06    3.16613240E-04
   4.22896571E-02    9.14416183E-06    3.17243459E-04
   4.28189749E-02    9.31224284E-06    3.17833340E-04
   4.33549180E-02    9.48273263E-06    3.18382059E-04
   4.38975692E-02    9.65564252E-06    3.18888786E-04
   4.44470124E-02    9.83098349E-06    3.19352676E-04
   4.50033328E-02    1.00087653E-05    3.19772898E-04
   4.55666164E-02    1.01889962E-05    3.20148637E-04
   4.61369502E-02    1.03716842E-05    3.20479067E-04
   4.67144227E-02    1.05568366E-05    3.20763351E-04
   4.72991230E-02    1.07444591E-05    3.21000674E-04
   4.78911418E-02    1.09345560E-05    3.21190236E-04
   4.84905706E-02    1.11271315E-05    3.21331218E-04
   4.90975021E-02    1.13221880E-05    3.21422815E-04
   4.97120302E-02    1.15197266E-05    3.21464239E-04
   5.03342501E-02    1.17197477E-05    3.21454693E-04
   5.09642580E-02    1.19222502E-05    3.21393396E-04
   5.16021514E-02    1.21272312E-05    3.21279584E-04
   5.22480289E-02    1.23346873E-05    3.21112484E-04
   5.29019906E-02    1.25446132E-05    3.20891343E-04
   5.35641376E-02    1.27570017E-05    3.20615431E-04
   5.42345723E-02    1.29718452E-05    3.20284005E-04
   5.49133985E-02    1.31891339E-05    3.19896343E-04
   5.56007212E-02    1.34088561E-05    3.19451757E-04
   5.62966468E-02    1.36309989E-05    3.18949547E-04
   5.70012830E-02    1.38555480E-05    3.18389032E-04
   5.77147387E-02    1.40824864E-05    3.17769570E-04
   5.84371243E-02    1.43117963E-05    3.17090505E-04
   5.91685517E-02    1.45434579E-05    3.16351205E-04
   5.99091340E-02    1.47774490E-05    3.15551081E-04
   6.06589858E-02    1.50137457E-05    3.14689540E-04
   6.14182231E-02    1.52523223E-05    3.13766020E-04
   6.21869634E-02    1.54931506E-05    3.12779985E-04
   6.29653256E-02    1.57362017E-05    3.11730887E-04
   6.37534301E-02    1.59814435E-05    3.10618230E-04
   6.45513990E-02    1.62288410E-05    3.09441566E-04
   6.53593556E-02    1.64783582E-05    3.08200437E-04
   6.61774250E-02    1.67299568E-05    3.06894412E-04
   6.70057337E-02    1.69835954E-05    3.05523112E-04
   6.78444100E-02    1.72392312E-05    3.04086157E-04
   6.86935836E-02    1.74968184E-05    3.02583213E-04
   6.95533858E-02    1.77563087E-05    3.01013987E-04
   7.04239497E-02    1.80176520E-05    2.99378186E-04
   7.13054100E-02    1.82807951E-05    2.97675577E-04
   7.21979031E-02    1.85456819E-05    2.95905961E-04
   7.31015671E-02    1.88122550E-05    2.94069140E-04
   7.40165417E-02    1.90804531E-05    2.92164991E-04
   7.49429687E-02    1.93502124E-05    2.90193419E-04
   7.58809912E-02    1.96214675E-05    2.88154331E-04
   7.68307545E-02    1.98941489E-05    2.86047715E-04
   7.77924055E-02    2.01681848E-05    2.83873587E-04
   7.87660930E-02    2.04435009E-05    2.81631989E-04
   7.97519676E-02    2.07200197E-05    2.79323014E-04
   8.07501819E-02    2.09976611E-05    2.76946789E-04
   8.17608904E-02    2.12763415E-05    2.74503502E-04
   8.27842493E-02    2.15559759E-05    2.71993342E-04
   8.38204171E-02    2.18364749E-05    2.69416580E-04
   8.48695541E-02    2.21177461E-05    2.66773533E-04
   8.59318226E-02    2.23996954E-05    2.64064530E-04
   8.70073870E-02    2.26822240E-05    2.61289989E-04
   8.80964137E-02    2.29652317E-05    2.58450332E-04
   8.91990711E-02    2.32486158E-05    2.55546011E-04
   9.03155300E-02    2.35322682E-05    2.52577594E-04
   9.14459629E-02    2.38160788E-05    2.49545670E-04
   9.25905450E-02    2.40999356E-05    2.46450841E-04
   9.37494531E-02    2.43837220E-05    2.43293801E-04
   9.49228668E-02    2.46673200E-05    2.40075249E-04
   9.61109674E-02    2.49506077E-05    2.36795963E-04
   9.73139389E-02    2.52334597E-05    2.33456773E-04
   9.85319674E-02    2.55157488E-05    2.30058537E-04
   9.97652413E-02    2.57973441E-05    2.26602177E-04
   1.01013951E-01    2.60781123E-05    2.23088652E-04
   1.02278291E-01    2.63579166E-05    2.19518986E-04
   1.03558456E-01    2.66366180E-05    2.15894237E-04
   1.04854644E-01    2.69140741E-05    2.12215524E-04
   1.06167055E-01    2.71901402E-05    2.08484005E-04
   1.07495894E-01    2.74646686E-05    2.04700897E-04
   1.08841364E-01    2.77375090E-05    2.00867458E-04
   1.10203676E-01    2.80085085E-05    1.96984999E-04
   1.11583038E-01    2.82775114E-05    1.93054878E-04
   1.12979666E-01    2.85443599E-05    1.89078501E-04
   1.14393774E-01    2.88088936E-05    1.85057320E-04
   1.15825582E-01    2.90709493E-05    1.80992842E-04
   1.17275311E-01    2.93303623E-05    1.76886609E-04
   1.18743186E-01    2.95869649E-05    1.72740223E-04
   1.20229433E-01    2.98405880E-05    1.68555320E-04
   1.21734283E-01    3.00910598E-05    1.64333590E-04
   1.23257968E-01    3.03382071E-05    1.60076762E-04
   1.24800725E-01    3.05818545E-05    1.55786612E-04
   1.26362791E-01    3.08218252E-05    1.51464961E-04
   1.27944409E-01    3.10579405E-05    1.47113667E-04
   1.29545824E-01    3.12900204E-05    1.42734636E-04
   1.31167282E-01    3.15178835E-05    1.38329811E-04
   1.32809035E-01    3.17413471E-05    1.33901178E-04
   1.34471337E-01    3.19602277E-05    1.29450751E-04
   1.36154446E-01    3.21743403E-05    1.24980600E-04
   1.37858621E-01    3.23834994E-05    1.20492820E-04
   1.39584126E-01    3.25875192E-05    1.15989537E-04
   1.41331229E-01    3.27862130E-05    1.11472915E-04
   1.43100199E-01    3.29793937E-05    1.06945161E-04
   1.44891311E-01    3.31668743E-05    1.02408499E-04
   1.46704841E-01    3.33484678E-05    9.78651840E-05
   1.48541070E-01    3.35239872E-05    9.33175102E-05
   1.50400282E-01    3.36932462E-05    8.87677768E-05
   1.52282765E-01    3.38560587E-05    8.42183332E-05
   1.54188810E-01    3.40122399E-05    7.96715239E-05
   1.56118711E-01    3.41616054E-05    7.51297414E-05
   1.58072769E-01    3.43039725E-05    7.05953643E-05
   1.60051284E-01    3.44391594E-05    6.60708222E-05
   1.62054564E-01    3.45669865E-05    6.15585241E-05
   1.64082917E-01    3.46872754E-05    5.70609184E-05
   1.66136659E-01    3.47998502E-05    5.25804464E-05
   1.68216106E-01    3.49045372E-05    4.81195553E-05
   1.70321580E-01    3.50011649E-05    4.36807041E-05
   1.72453408E-01    3.50895650E-05    3.92663460E-05
   1.74611918E-01    3.51695718E-05    3.48789297E-05
   1.76797446E-01    3.52410229E-05    3.05209088E-05
   1.79010328E-01    3.53037594E-05    2.61947152E-05
   1.81250908E-01    3.53576260E-05    2.19027838E-05
   1.83519533E-01    3.54024712E-05    1.76475207E-05
   1.85816552E-01    3.54381478E-05    1.34313271E-05
   1.88142322E-01    3.54645129E-05    9.25657663E-06
   1.90497203E-01    3.54814282E-05    5.12562077E-06
   1.92881558E-01    3.54887601E-05    1.04078393E-06
   1.95295757E-01    3.54863804E-05   -2.99563936E-06
   1.97740174E-01    3.54741657E-05   -6.98138821E-06
   2.00215186E-01    3.54519985E-05   -1.09142376E-05
   2.02721176E-01    3.54197670E-05   -1.47920014E-05
   2.05258533E-01    3.53773649E-05   -1.86125385E-05
   2.07827648E-01    3.53246928E-05   -2.23737490E-05
   2.10428920E-01    3.52616569E-05   -2.60735836E-05
   2.13062750E-01    3.51881706E-05   -2.97100429E-05
   2.15729547E-01    3.51041536E-05   -3.32811807E-05
   2.18429722E-01    3.50095328E-05   -3.67851064E-05
   2.21163695E-01    3.49042422E-05   -4.02199875E-05
   2.23931887E-01    3.47882232E-05   -4.35840513E-05
   2.26734727E-01    3.46614245E-05   -4.68755876E-05
   2.29572649E-01    3.45238028E-05   -5.00929498E-05
   2.32446091E-01    3.43753223E-05   -5.32345578E-05
   2.35355500E-01    3.42159554E-05   -5.62988985E-05
   2.38301323E-01    3.40456826E-05   -5.92845288E-05
   2.41284018E-01    3.38644927E-05   -6.21900760E-05
   2.44304046E-01    3.36723829E-05   -6.50142397E-05
   2.47361874E-01    3.34693590E-05   -6.77557936E-05
   2.50457975E-01    3.32554356E-05   -7.04135865E-05
   2.53592828E-01    3.30306357E-05   -7.29865436E-05
   2.56766919E-01    3.27949916E-05   -7.54736684E-05
   2.59980739E-01    3.25485444E-05   -7.78740434E-05
   2.63234784E-01    3.22913441E-05   -8.01868318E-05
   2.66529558E-01    3.20234501E-05   -8.24112789E-05
   2.69865571E-01    3.17449309E-05   -8.45467131E-05
   2.73243340E-01    3.14558640E-05   -8.65925474E-05
   2.76663386E-01    3.11563365E-05   -8.85482806E-05
   2.80126239E-01    3.08464444E-05   -9.04134982E-05
   2.83632435E-01    3.05262933E-05   -9.21878745E-05
   2.87182516E-01    3.01959981E-05   -9.38711735E-05
   2.90777031E-01    2.98556818E-05   -9.54632434E-05
   2.94416538E-01    2.95054786E-05   -9.69640348E-05
   2.98101598E-01    2.91455294E-05   -9.83735754E-05
   3.01832782E-01    2.87759865E-05   -9.96919986E-05
   3.05610668E-01    2.83970094E-05   -1.00919522E-04
   3.09435839E-01    2.80087672E-05   -1.02056457E-04
   3.13308888E-01    2.76114372E-05   -1.03103208E-04
   3.17230414E-01    2.72052056E-05   -1.04060272E-04
   3.21201024E-01    2.67902668E-05   -1.04928237E-04
   3.25221332E-01    2.63668234E-05   -1.05707780E-04
   3.29291960E-01    2.59350857E-05   -1.06399669E-04
   3.33413538E-01    2.54952722E-05   -1.07004762E-04
   3.37586703E-01    2.50476082E-05   -1.07523996E-04
   3.41812102E-01    2.45923266E-05   -1.07958399E-04
   3.46090388E-01    2.41296684E-05   -1.08309087E-04
   3.50422223E-01    2.36598797E-05   -1.08577246E-04
   3.54808278E-01    2.31832138E-05   -1.08764142E-04
   3.59249230E-01    2.26999301E-05   -1.08871119E-04
   3.63745768E-01    2.22102937E-05   -1.08899589E-04
   3.68298586E-01    2.17145755E-05   -1.08851035E-04
   3.72908390E-01    2.12130513E-05   -1.08727002E-04
   3.77575892E-01    2.07060023E-05   -1.08529102E-04
   3.82301815E-01    2.01937135E-05   -1.08258997E-04
   3.87086890E-01    1.96764750E-05   -1.07918409E-04
   3.91931858E-01    1.91545799E-05   -1.07509105E-04
   3.96837467E-01    1.86283258E-05   -1.07032903E-04
   4.01804477E-01    1.80980127E-05   -1.06491656E-04
   4.06833657E-01    1.75639440E-05   -1.05887261E-04
   4.11925784E-01    1.70264252E-05   -1.05221643E-04
   4.17081647E-01    1.64857643E-05   -1.04496758E-04
   4.22302043E-01    1.59422712E-05   -1.03714589E-04
   4.27587781E-01    1.53962571E-05   -1.02877136E-04
   4.32939677E-01    1.48480345E-05   -1.01986420E-04
   4.38358560E-01    1.42979168E-05   -1.01044471E-04
   4.43845268E-01    1.37462180E-05   -1.00053331E-04
   4.49400651E-01    1.31932521E-05   -9.90150462E-05
   4.55025567E-01    1.26393333E-05   -9.79316646E-05
   4.60720888E-01    1.20847755E-05   -9.68052333E-05
   4.66487494E-01    1.15298917E-05   -9.56377941E-05
   4.72326278E-01    1.09749941E-05   -9.44313814E-05
   4.78238142E-01    1.04203938E-05   -9.31880185E-05
   4.84224003E-01    9.86640016E-06   -9.19097152E-05
   4.90284786E-01    9.31332107E-06   -9.05984654E-05
   4.96421428E-01    8.76146227E-06   -8.92562447E-05
   5.02634879E-01    8.21112730E-06   -8.78850078E-05
   5.08926101E-01    7.66261721E-06   -8.64866873E-05
   5.15296067E-01    7.11623030E-06   -8.50631910E-05
   5.21745762E-01    6.57226198E-06   -8.36164014E-05
   5.28276186E-01    6.03100435E-06   -8.21481723E-05
   5.34888346E-01    5.49274621E-06   -8.06603298E-05
   5.41583268E-01    4.95777278E-06   -7.91546708E-05
   5.48361987E-01    4.42636525E-06   -7.76329588E-05
   5.55225552E-01    3.89880115E-06   -7.60969306E-05
   5.62175024E-01    3.37535292E-06   -7.45482788E-05
   5.69211480E-01    2.85628980E-06   -7.29886801E-05
   5.76336007E-01    2.34187565E-06   -7.14197677E-05
   5.83549708E-01    1.83236894E-06   -6.98431315E-05
   5.90853699E-01    1.32802462E-06   -6.82603504E-05
   5.98249110E-01    8.29090633E-07   -6.66729396E-05
   6.05737086E-01    3.35811299E-07   -6.50824088E-05
   6.13318785E-01   -1.51576061E-07   -6.34902065E-05
   6.20995381E-01   -6.32839890E-07   -6.18977473E-05
   6.28768060E-01   -1.10775280E-06   -6.03064387E-05
   6.36638026E-01   -1.57609528E-06   -5.87176222E-05
   6.44606497E-01   -2.03765376E-06   -5.71326060E-05
   6.52674704E-01   -2.49222087E-06   -5.55526686E-05
   6.60843897E-01   -2.93959561E-06   -5.39790507E-05
   6.69115340E-01   -3.37958439E-06   -5.24129446E-05
   6.77490312E-01   -3.81199965E-06   -5.08555216E-05
   6.85970110E-01   -4.23666149E-06   -4.93078998E-05
   6.94556044E-01   -4.65339690E-06   -4.77711628E-05
   7.03249445E-01   -5.06204010E-06   -4.62463543E-05
   7.12051656E-01   -5.46243271E-06   -4.47344784E-05
   7.20964040E-01   -5.85442376E-06   -4.32364969E-05
   7.29987975E-01   -6.23786978E-06   -4.17533313E-05
   7.39124859E-01   -6.61263487E-06   -4.02858622E-05
   7.48376104E-01   -6.97859082E-06   -3.88349286E-05
   7.57743142E-01   -7.33561703E-06   -3.74013263E-05
   7.67227423E-01   -7.68360063E-06   -3.59858107E-05
   7.76830414E-01   -8.02243648E-06   -3.45890943E-05
   7.86553600E-01   -8.35202716E-06   -3.32118482E-05
   7.96398486E-01   -8.67228298E-06   -3.18547021E-05
   8.06366596E-01   -8.98312193E-06   -3.05182444E-05
   8.16459472E-01   -9.28446975E-06   -2.92030233E-05
   8.26678674E-01   -9.57625979E-06   -2.79095473E-05
   8.37025786E-01   -9.85843306E-06   -2.66382861E-05
   8.47502406E-01   -1.01309381E-05   -2.53896715E-05
   8.58110157E-01   -1.03937312E-05   -2.41640986E-05
   8.68850680E-01   -1.06467758E-05   -2.29619268E-05
   8.79725637E-01   -1.08900431E-05   -2.17834814E-05
   8.90736710E-01   -1.11235114E-05   -2.06290543E-05
   9.01885602E-01   -1.13471669E-05   -1.94989057E-05
   9.13174040E-01   -1.15610025E-05   -1.83932652E-05
   9.24603769E-01   -1.17650187E-05   -1.73123328E-05
   9.36176559E-01   -1.19592233E-05   -1.62562801E-05
   9.47894199E-01   -1.21436308E-05   -1.52252517E-05
   9.59758502E-01   -1.23182635E-05   -1.42193655E-05
   9.71771305E-01   -1.24831502E-05   -1.32387140E-05
   9.83934466E-01   -1.26383271E-05   -1.22833647E-05
   9.96249867E-01   -1.27838371E-05   -1.13533612E-05
   1.00871941E+00   -1.29197301E-05   -1.04487235E-05
   1.02134504E+00   -1.30460628E-05   -9.56944816E-06
   1.03412868E+00   -1.31628988E-05   -8.71550919E-06
   1.04707234E+00   -1.32703081E-05   -7.88685822E-06
   1.06017801E+00   -1.33683674E-05   -7.08342452E-06
   1.07344771E+00   -1.34571600E-05   -6.30511566E-06
   1.08688350E+00   -1.35367752E-05   -5.55181747E-06
   1.10048746E+00   -1.36073088E-05   -4.82339446E-06
   1.11426170E+00   -1.36688626E-05   -4.11968990E-06
   1.12820834E+00   -1.37215441E-05   -3.44052625E-06
   1.14232954E+00   -1.37654670E-05   -2.78570530E-06
   1.15662749E+00   -1.38007500E-05   -2.15500872E-06
   1.17110440E+00   -1.38275178E-05   -1.54819830E-06
   1.18576251E+00   -1.38458997E-05   -9.65016446E-07
   1.20060409E+00   -1.38560304E-05   -4.05186740E-07
   1.21563143E+00   -1.38580491E-05    1.31585562E-07
   1.23084687E+00   -1.38520996E-05    6.45612863E-07
   1.24625274E+00   -1.38383301E-05    1.13722455E-06
   1.26185145E+00   -1.38168927E-05    1.60676622E-06
   1.27764539E+00   -1.37879434E-05    2.05459899E-06
   1.29363702E+00   -1.37516415E-05    2.48109841E-06
   1.30982881E+00   -1.37081500E-05    2.88665386E-06
   1.32622326E+00   -1.36576345E-05    3.27166756E-06
   1.34282292E+00   -1.36002636E-05    3.63655325E-06
   1.35963034E+00   -1.35362084E-05    3.98173580E-06
   1.37664813E+00   -1.34656421E-05    4.30764978E-06
   1.39387893E+00   -1.33887400E-05    4.61473849E-06
   1.41132539E+00   -1.33056790E-05    4.90345304E-06
   1.42899022E+00   -1.32166376E-05    5.17425136E-06
   1.44687616E+00   -1.31217952E-05    5.42759700E-06
   1.46498596E+00   -1.30213325E-05    5.66395829E-06
   1.48332244E+00   -1.29154308E-05    5.88380724E-06
   1.50188842E+00   -1.28042718E-05    6.08761868E-06
   1.52068679E+00   -1.26880375E-05    6.27586926E-06
   1.53972044E+00   -1.25669098E-05    6.44903657E-06
   1.55899233E+00   -1.24410706E-05    6.60759823E-06
   1.57850543E+00   -1.23107011E-05    6.75203115E-06
   1.59826277E+00   -1.21759823E-05    6.88281068E-06
   1.61826740E+00   -1.20370939E-05    7.00040991E-06
   1.63852242E+00   -1.18942149E-05    7.10529893E-06
   1.65903096E+00   -1.17475231E-05    7.19794414E-06
   1.67979620E+00   -1.15971948E-05    7.27880795E-06
   1.70082134E+00   -1.14434048E-05    7.34834773E-06
   1.72210965E+00   -1.12863263E-05    7.40701577E-06
   1.74366441E+00   -1.11261305E-05    7.45525852E-06
   1.76548896E+00   -1.09629867E-05    7.49351621E-06
   1.78758667E+00   -1.07970621E-05    7.52222269E-06
   1.80996098E+00   -1.06285215E-05    7.54180476E-06
   1.83261533E+00   -1.04575273E-05    7.55268221E-06
   1.85555323E+00   -1.02842394E-05    7.55526721E-06
   1.87877823E+00   -1.01088152E-05    7.54996433E-06
   1.90229393E+00   -9.93140894E-06    7.53717027E-06
   1.92610396E+00   -9.75217228E-06    7.51727332E-06
   1.95021202E+00   -9.57125388E-06    7.49065404E-06
   1.97462182E+00   -9.38879920E-06    7.45768419E-06
   1.99933714E+00   -9.20495057E-06    7.41872709E-06
   2.02436181E+00   -9.01984704E-06    7.37413736E-06
   2.04969971E+00   -8.83362432E-06    7.32426089E-06
   2.07535474E+00   -8.64641466E-06    7.26943460E-06
   2.10133089E+00   -8.45834682E-06    7.20998648E-06
   2.12763217E+00   -8.26954599E-06    7.14623535E-06
   2.15426264E+00   -8.08013372E-06    7.07849090E-06
   2.18122644E+00   -7.89022788E-06    7.00705343E-06
   2.20852773E+00   -7.69994260E-06    6.93221389E-06
   2.23617073E+00   -7.50938827E-06    6.85425372E-06
   2.26415973E+00   -7.31867147E-06    6.77344474E-06
   2.29249905E+00   -7.12789500E-06    6.69004909E-06
   2.32119308E+00   -6.93715774E-06    6.60431889E-06
   2.35024626E+00   -6.74655491E-06    6.51649678E-06
   2.37966308E+00   -6.55617781E-06    6.42681511E-06
   2.40944810E+00   -6.36611400E-06    6.33549628E-06
   2.43960592E+00   -6.17644729E-06    6.24275263E-06
   2.47014121E+00   -5.98725778E-06    6.14878637E-06
   2.50105870E+00   -5.79862192E-06    6.05378954E-06
   2.53236316E+00   -5.61061261E-06    5.95794411E-06
   2.56405945E+00   -5.42329921E-06    5.86142200E-06
   2.59615246E+00   -5.23674769E-06    5.76438509E-06
   2.62864716E+00   -5.05102069E-06    5.66698542E-06
   2.66154858E+00   -4.86617763E-06    5.56936527E-06
   2.69486182E+00   -4.68227486E-06    5.47165738E-06
   2.72859201E+00   -4.49936571E-06    5.37398516E-06
   2.76274440E+00   -4.31750066E-06    5.27646291E-06
   2.79732424E+00   -4.13672747E-06    5.17919614E-06
   2.83233691E+00   -3.95709130E-06    5.08228186E-06
   2.86778781E+00   -3.77863482E-06    4.98580889E-06
   2.90368244E+00   -3.60139839E-06    4.88985831E-06
   2.94002634E+00   -3.42542016E-06    4.79450373E-06
   2.97682513E+00   -3.25073621E-06    4.69981173E-06
   3.01408452E+00   -3.07738068E-06    4.60584230E-06
   3.05181026E+00   -2.90538591E-06    4.51264919E-06
   3.09000820E+00   -2.73478252E-06    4.42028035E-06
   3.12868424E+00   -2.56559957E-06    4.32877831E-06
   3.16784437E+00   -2.39786464E-06    4.23818064E-06
   3.20749465E+00   -2.23160397E-06    4.14852027E-06
   3.24764121E+00   -2.06684251E-06    4.05982591E-06
   3.28829026E+00   -1.90360405E-06    3.97212241E-06
   3.32944809E+00   -1.74191131E-06    3.88543111E-06
   3.37112108E+00   -1.58178597E-06    3.79977016E-06
   3.41331567E+00   -1.42324879E-06    3.71515485E-06
   3.45603838E+00   -1.26631967E-06    3.63159788E-06
   3.49929584E+00   -1.11101768E-06    3.54910965E-06
   3.54309472E+00   -9.57361137E-07    3.46769849E-06
   3.58744181E+00   -8.05367646E-07    3.38737094E-06
   3.63234397E+00   -6.55054139E-07    3.30813192E-06
   3.67780815E+00   -5.06436904E-07    3.22998494E-06
   3.72384138E+00   -3.59531633E-07    3.15293230E-06
   3.77045079E+00   -2.14353417E-07    3.07697523E-06
   3.81764358E+00   -7.09167935E-08    3.00211405E-06
   3.86542706E+00    7.07642680E-08    2.92834830E-06
   3.91380862E+00    2.10676296E-07    2.85567689E-06
   3.96279575E+00    3.48806394E-07    2.78409815E-06
   4.01239602E+00    4.85142166E-07    2.71361001E-06
   4.06261711E+00    6.19671798E-07    2.64420998E-06
   4.11346680E+00    7.52383965E-07    2.57589536E-06
   4.16495295E+00    8.83267900E-07    2.50866321E-06
   4.21708352E+00    1.01231340E-06    2.44251046E-06
   4.26986658E+00    1.13951083E-06    2.37743398E-06
   4.32331030E+00    1.26485114E-06    2.31343057E-06
   4.37742295E+00    1.38832590E-06    2.25049709E-06
   4.43221290E+00    1.50992730E-06    2.18863041E-06
   4.48768863E+00    1.62964822E-06    2.12782752E-06
   4.54385871E+00    1.74748218E-06    2.06808554E-06
   4.60073185E+00    1.86342346E-06    2.00940169E-06
   4.65831684E+00    1.97746708E-06    1.95177342E-06
   4.71662260E+00    2.08960884E-06    1.89519833E-06
   4.77565813E+00    2.19984538E-06    1.83967423E-06
   4.83543259E+00    2.30817420E-06    1.78519915E-06
   4.89595521E+00    2.41459370E-06    1.73177135E-06
   4.95723536E+00    2.51910326E-06    1.67938930E-06
   5.01928252E+00    2.62170322E-06    1.62805171E-06
   5.08210629E+00    2.72239500E-06    1.57775751E-06
   5.14571640E+00    2.82118110E-06    1.52850585E-06
   5.21012268E+00    2.91806517E-06    1.48029610E-06
   5.27533511E+00    3.01305204E-06    1.43312783E-06
   5.34136376E+00    3.10614780E-06    1.38700079E-06
   5.40821886E+00    3.19735984E-06    1.34191489E-06
   5.47591075E+00    3.28669690E-06    1.29787021E-06
   5.54444990E+00    3.37416912E-06    1.25486693E-06
   5.61384693E+00    3.45978810E-06    1.21290534E-06
   5.68411256E+00    3.54356696E-06    1.17198580E-06
   5.75525767E+00    3.62552036E-06    1.13210871E-06
   5.82729327E+00    3.70566460E-06    1.09327447E-06
   5.90023049E+00    3.78401763E-06    1.05548345E-06
   5.97408064E+00    3.86059910E-06    1.01873597E-06
   6.04885513E+00    3.93543043E-06    9.83032216E-07
   6.12456554E+00    4.00853483E-06    9.48372272E-07
   6.20122357E+00    4.07993737E-06    9.14756011E-07
   6.27884109E+00    4.14966498E-06    8.82183099E-07
   6.35743011E+00    4.21774653E-06    8.50652932E-07
   6.43700279E+00    4.28421282E-06    8.20164606E-07
   6.51757144E+00    4.34909665E-06    7.90716873E-07
   6.59914853E+00    4.41243282E-06    7.62308105E-07
   6.68174667E+00    4.47425815E-06    7.34936254E-07
   6.76537865E+00    4.53461152E-06    7.08598815E-07
   6.85005741E+00    4.59353385E-06    6.83292794E-07
   6.93579605E+00    4.65106818E-06    6.59014673E-07
   7.02260784E+00    4.70725956E-06    6.35760385E-07
   7.11050621E+00    4.76215517E-06    6.13525275E-07
   7.19950475E+00    4.81580425E-06    5.92304091E-07
   7.28961725E+00    4.86825808E-06    5.72090952E-07
   7.38085763E+00    4.91957004E-06    5.52879334E-07
   7.47324003E+00    4.96979551E-06    5.34662055E-07
   7.56677872E+00    5.01899190E-06    5.17431266E-07
   7.66148820E+00    5.06721861E-06    5.01178443E-07
   7.75738310E+00    5.11453702E-06    4.85894384E-07
   7.85447827E+00    5.16101040E-06    4.71569214E-07
   7.95278873E+00    5.20670396E-06    4.58192386E-07
   8.05232969E+00    5.25168473E-06    4.45752692E-07
   8.15311655E+00    5.29602158E-06    4.34238280E-07
   8.25516491E+00    5.33978511E-06    4.23636646E-07
   8.35849056E+00    5.38304769E-06    4.13934693E-07
   8.46310949E+00    5.42588331E-06    4.05118774E-07
   8.56903787E+00    5.46836763E-06    3.97174646E-07
   8.67629210E+00    5.51057785E-06    3.90087547E-07
   8.78488878E+00    5.55259270E-06    3.83842221E-07
   8.89484471E+00    5.59449238E-06    3.78422953E-07
   9.00617690E+00    5.63635848E-06    3.73813611E-07
   9.11890258E+00    5.67827398E-06    3.69997684E-07
   9.23303919E+00    5.72032314E-06    3.66958322E-07
   9.34860439E+00    5.76259151E-06    3.64678383E-07
   9.46561605E+00    5.80516582E-06    3.63140469E-07
   9.58409230E+00    5.84813398E-06    3.62326982E-07
   9.70405144E+00    5.89158502E-06    3.62220155E-07
   9.82551206E+00    5.93560904E-06    3.62802104E-07
   9.94849293E+00    5.98029717E-06    3.64054872E-07
   1.00730131E+01    6.02574155E-06    3.65960464E-07
   1.01990918E+01    6.07203528E-06    3.68500896E-07
   1.03267486E+01    6.11927240E-06    3.71658232E-07
   1.04560032E+01    6.16754784E-06    3.75414619E-07
   1.05868756E+01    6.21695744E-06    3.79752330E-07
   1.07193861E+01    6.26759790E-06    3.84653788E-07
   1.08535551E+01    6.31956673E-06    3.90101613E-07
   1.09894035E+01    6.37296233E-06    3.96078633E-07
   1.11269522E+01    6.42788388E-06    4.02567924E-07
   1.12662225E+01    6.48443139E-06    4.09552833E-07
   1.14072360E+01    6.54270570E-06    4.17016986E-07
   1.15500145E+01    6.60280845E-06    4.24944379E-07
   1.16945801E+01    6.66484210E-06    4.33319277E-07
   1.18409551E+01    6.72890994E-06    4.42126242E-07
   1.19891623E+01    6.79511610E-06    4.51350257E-07
   1.21392244E+01    6.86356553E-06    4.60976654E-07
   1.22911648E+01    6.93436407E-06    4.70991149E-07
   1.24450070E+01    7.00761843E-06    4.81379833E-07
   1.26007748E+01    7.08343623E-06    4.92129189E-07
   1.27584922E+01    7.16192599E-06    5.03226088E-07
   1.29181837E+01    7.24319720E-06    5.14657800E-07
   1.30798739E+01    7.32736032E-06    5.26411987E-07
   1.32435880E+01    7.41452683E-06    5.38476711E-07
   1.34093511E+01    7.50480923E-06    5.50840431E-07
   1.35771891E+01    7.59832112E-06    5.63492004E-07
   1.37471278E+01    7.69517718E-06    5.76420683E-07
   1.39191935E+01    7.79549326E-06    5.89616117E-07
   1.40934129E+01    7.89938640E-06    6.03068349E-07
   1.42698128E+01    8.00697488E-06    6.16767815E-07
   1.44484207E+01    8.11837827E-06    6.30705339E-07
   1.46292642E+01    8.23371744E-06    6.44872134E-07
   1.48123712E+01    8.35311469E-06    6.59259800E-07
   1.49977700E+01    8.47669371E-06    6.73860319E-07
   1.51854893E+01    8.60457974E-06    6.88666054E-07
   1.53755583E+01    8.73689951E-06    7.03669744E-07
   1.55680062E+01    8.87378143E-06    7.18864505E-07
   1.57628630E+01    9.01535555E-06    7.34243824E-07
   1.59601586E+01    9.16175369E-06    7.49801555E-07
   1.61599237E+01    9.31310948E-06    7.65531921E-07
   1.63621891E+01    9.46955846E-06    7.81429501E-07
   1.65669862E+01    9.63123812E-06    7.97489233E-07
   1.67743466E+01    9.79828804E-06    8.13706409E-07
   1.69843025E+01    9.97084991E-06    8.30076667E-07
   1.71968863E+01    1.01490676E-05    8.46595989E-07
   1.74121308E+01    1.03330875E-05    8.63260696E-07
   1.76300695E+01    1.05230580E-05    8.80067442E-07
   1.78507360E+01    1.07191304E-05    8.97013208E-07
   1.80741645E+01    1.09214585E-05    9.14095294E-07
   1.83003895E+01    1.11301986E-05    9.31311319E-07
   1.85294461E+01    1.13455100E-05    9.48659210E-07
   1.87613696E+01    1.15675549E-05    9.66137194E-07
   1.89961960E+01    1.17964984E-05    9.83743796E-07
   1.92339616E+01    1.20325090E-05    1.00147783E-06
   1.94747032E+01    1.22757582E-05    1.01933839E-06
   1.97184580E+01    1.25264210E-05    1.03732484E-06
   1.99652638E+01    1.27846759E-05    1.05543682E-06
   2.02151587E+01    1.30507050E-05    1.07367423E-06
   2.04681815E+01    1.33246943E-05    1.09203721E-06
   2.07243711E+01    1.36068335E-05    1.11052616E-06
   2.09837674E+01    1.38973165E-05    1.12914169E-06
   2.12464104E+01    1.41963413E-05    1.14788471E-06
   2.15123408E+01    1.45041103E-05    1.16675610E-06
   2.17815997E+01    1.48208304E-05    1.18575794E-06
   2.20542288E+01    1.51467126E-05    1.20488674E-06
   2.23302702E+01    1.54819716E-05    1.22414440E-06
   2.26097667E+01    1.58268284E-05    1.24353885E-06
   2.28927615E+01    1.61815097E-05    1.26307366E-06
   2.31792984E+01    1.65462532E-05    1.28278556E-06
   2.34694218E+01    1.69212869E-05    1.30252668E-06
   2.37631764E+01    1.73069110E-05    1.32318388E-06
   2.40606079E+01    1.77036769E-05    1.34471236E-06
   2.43617621E+01    1.81118741E-05    1.36613797E-06
   2.46666857E+01    1.85317266E-05    1.38764481E-06
   2.49754259E+01    1.89634804E-05    1.40919559E-06
   2.52880305E+01    1.94073857E-05    1.43081515E-06
   2.56045477E+01    1.98637018E-05    1.45251030E-06
   2.59250267E+01    2.03326959E-05    1.47429250E-06
   2.62495169E+01    2.08146437E-05    1.49617145E-06
   2.65780686E+01    2.13098295E-05    1.51815699E-06
   2.69107326E+01    2.18185462E-05    1.54025849E-06
   2.72475603E+01    2.23410954E-05    1.56248513E-06
   2.75886040E+01    2.28777880E-05    1.58484578E-06
   2.79339164E+01    2.34289440E-05    1.60734911E-06
   2.82835508E+01    2.39948927E-05    1.63000353E-06
   2.86375615E+01    2.45759730E-05    1.65281723E-06
   2.89960031E+01    2.51725336E-05    1.67579822E-06
   2.93589311E+01    2.57849330E-05    1.69895429E-06
   2.97264017E+01    2.64135401E-05    1.72229306E-06
   3.00984718E+01    2.70587341E-05    1.74582200E-06
   3.04751989E+01    2.77209047E-05    1.76954839E-06
   3.08566412E+01    2.84004524E-05    1.79347939E-06
   3.12428579E+01    2.90977889E-05    1.81762200E-06
   3.16339087E+01    2.98133373E-05    1.84198311E-06
   3.20298540E+01    3.05475319E-05    1.86656947E-06
   3.24307552E+01    3.13008191E-05    1.89138773E-06
   3.28366743E+01    3.20736573E-05    1.91644444E-06
   3.32476740E+01    3.28665172E-05    1.94174604E-06
   3.36638181E+01    3.36798823E-05    1.96729890E-06
   3.40851707E+01    3.45142487E-05    1.99310929E-06
   3.45117973E+01    3.53701260E-05    2.01918343E-06
   3.49437637E+01    3.62480372E-05    2.04552744E-06
   3.53811367E+01    3.71485192E-05    2.07214740E-06
   3.58239842E+01    3.80721230E-05    2.09904933E-06
   3.62723746E+01    3.90194141E-05    2.12623920E-06
   3.67263772E+01    3.99909728E-05    2.15372293E-06
   3.71860624E+01    4.09873947E-05    2.18150641E-06
   3.76515012E+01    4.20092909E-05    2.20959548E-06
   3.81227656E+01    4.30572883E-05    2.23799597E-06
   3.85999286E+01    4.41320302E-05    2.26671366E-06
   3.90830641E+01    4.52341766E-05    2.29575434E-06
   3.95722467E+01    4.63644045E-05    2.32512375E-06
   4.00675521E+01    4.75234085E-05    2.35482764E-06
   4.05690570E+01    4.87119011E-05    2.38487176E-06
   4.10768390E+01    4.99306130E-05    2.41526182E-06
   4.15909766E+01    5.11802940E-05    2.44600356E-06
   4.21115495E+01    5.24617128E-05    2.47710270E-06
   4.26386381E+01    5.37756582E-05    2.50856500E-06
   4.31723239E+01    5.51229389E-05    2.54039619E-06
   4.37126897E+01    5.65043845E-05    2.57260203E-06
   4.42598189E+01    5.79208457E-05    2.60518829E-06
   4.48137963E+01    5.93731950E-05    2.63816077E-06
   4.53747075E+01    6.08623272E-05    2.67152527E-06
   4.59426393E+01    6.23891597E-05    2.70528764E-06
   4.65176797E+01    6.39546336E-05    2.73945373E-06
   4.70999175E+01    6.55597137E-05    2.77402943E-06
   4.76894429E+01    6.72053895E-05    2.80902067E-06
   4.82863471E+01    6.88926755E-05    2.84443339E-06
   4.88907225E+01    7.06226122E-05    2.88027360E-06
   4.95026625E+01    7.23962662E-05    2.91654731E-06
   5.01222618E+01    7.42147315E-05    2.95326060E-06
   5.07496164E+01    7.60791296E-05    2.99041958E-06
   5.13848232E+01    7.79906105E-05    3.02803040E-06
   5.20279805E+01    7.99503533E-05    3.06609927E-06
   5.26791880E+01    8.19595672E-05    3.10463244E-06
   5.33385462E+01    8.40194916E-05    3.14363621E-06
   5.40061574E+01    8.61313976E-05    3.18311694E-06
   5.46821246E+01    8.82965882E-05    3.22308103E-06
   5.53665526E+01    9.05163996E-05    3.26353495E-06
   5.60595472E+01    9.27922015E-05    3.30448522E-06
   5.67612157E+01    9.51253984E-05    3.34593842E-06
   5.74716666E+01    9.75174302E-05    3.38790121E-06
   5.81910099E+01    9.99697731E-05    3.43038028E-06
   5.89193568E+01    1.02483941E-04    3.47338242E-06
   5.96568200E+01    1.05061485E-04    3.51691446E-06
   6.04035137E+01    1.07703996E-04    3.56098330E-06
   6.11595534E+01    1.10413106E-04    3.60559593E-06
   6.19250561E+01    1.13190486E-04    3.65075940E-06
   6.27001401E+01    1.16037850E-04    3.69648082E-06
   6.34849255E+01    1.18956957E-04    3.74276739E-06
   6.42795336E+01    1.21949609E-04    3.78962639E-06
   6.50840874E+01    1.25017651E-04    3.83706516E-06
   6.58987114E+01    1.28162978E-04    3.88509114E-06
   6.67235316E+01    1.31387532E-04    3.93371184E-06
   6.75586757E+01    1.34693303E-04    3.98293484E-06
   6.84042729E+01    1.38082331E-04    4.03276783E-06
   6.92604539E+01    1.41556708E-04    4.08321856E-06
   7.01273514E+01    1.45118579E-04    4.13429489E-06
   7.10050993E+01    1.48770143E-04    4.18600475E-06
   7.18938336E+01    1.52513652E-04    4.23835616E-06
   7.27936917E+01    1.56351419E-04    4.29135725E-06
   7.37048128E+01    1.60285810E-04    4.34501623E-06
   7.46273380E+01    1.64319256E-04    4.39934139E-06
   7.55614100E+01    1.68454244E-04    4.45434113E-06
   7.65071732E+01    1.72693328E-04    4.51002397E-06
   7.74647741E+01    1.77039124E-04    4.56639848E-06
   7.84343608E+01    1.81494313E-04    4.62347337E-06
   7.94160833E+01    1.86061645E-04    4.68125743E-06
   8.04100935E+01    1.90743939E-04    4.73975956E-06
   8.14165453E+01    1.95544085E-04    4.79898877E-06
   8.24355942E+01    2.00465044E-04    4.85895416E-06
   8.34673981E+01    2.05509853E-04    4.91966496E-06
   8.45121166E+01    2.10681625E-04    4.98113049E-06
   8.55699112E+01    2.15983552E-04    5.04336019E-06
   8.66409457E+01    2.21418904E-04    5.10636360E-06
   8.77253858E+01    2.26991037E-04    5.17015039E-06
   8.88233993E+01    2.32703387E-04    5.23473034E-06
   8.99351561E+01    2.38559479E-04    5.30011335E-06
   9.10608281E+01    2.44562926E-04    5.36630942E-06
   9.22005896E+01    2.50717433E-04    5.43332869E-06
   9.33546169E+01    2.57026795E-04    5.50118141E-06
   9.45230886E+01    2.63494905E-04    5.56987797E-06
   9.57061854E+01    2.70125753E-04    5.63942885E-06
   9.69040904E+01    2.76923430E-04    5.70984469E-06
   9.81169890E+01    2.83892128E-04    5.78113625E-06
   9.93450688E+01    2.91036145E-04    5.85331441E-06
   1.00588520E+02    2.98359889E-04    5.92639019E-06
   1.01847535E+02    3.05867876E-04    6.00037473E-06
   1.03122308E+02    3.13564736E-04    6.07527932E-06
   1.04413037E+02    3.21455217E-04    6.15111539E-06
   1.05719921E+02    3.29544184E-04    6.22789447E-06
   1.07043163E+02    3.37836625E-04    6.30562829E-06
   1.08382967E+02    3.46337654E-04    6.38432866E-06
   1.09739541E+02    3.55052513E-04    6.46400759E-06
   1.11113094E+02    3.63986575E-04    6.54467718E-06
   1.12503839E+02    3.73145348E-04    6.62634972E-06
   1.13911992E+02    3.82534479E-04    6.70903762E-06
   1.15337770E+02    3.92159757E-04    6.79275346E-06
   1.16781393E+02    4.02027114E-04    6.87750997E-06
   1.18243086E+02    4.12142634E-04    6.96332002E-06
   1.19723073E+02    4.22512552E-04    7.05019664E-06
   1.21221585E+02    4.33143260E-04    7.13815304E-06
   1.22738854E+02    4.44041309E-04    7.22720255E-06
   1.24275113E+02    4.55213417E-04    7.31735869E-06
   1.25830600E+02    4.66666468E-04    7.40863514E-06
   1.27405557E+02    4.78407521E-04    7.50104575E-06
   1.29000227E+02    4.90443811E-04    7.59460452E-06
   1.30614856E+02    5.02782753E-04    7.68932563E-06
   1.32249695E+02    5.15431952E-04    7.78522344E-06
   1.33904996E+02    5.28399200E-04    7.88231246E-06
   1.35581016E+02    5.41692486E-04    7.98060740E-06
   1.37278014E+02    5.55319999E-04    8.08012314E-06
   1.38996252E+02    5.69290134E-04    8.18087473E-06
   1.40735997E+02    5.83611497E-04    8.28287742E-06
   1.42497517E+02    5.98292908E-04    8.38614663E-06
   1.44281085E+02    6.13343410E-04    8.49069797E-06
   1.46086977E+02    6.28772272E-04    8.59654723E-06
   1.47915472E+02    6.44588995E-04    8.70371044E-06
   1.49766854E+02    6.60803319E-04    8.81220374E-06
   1.51641409E+02    6.77425228E-04    8.92204353E-06
   1.53539426E+02    6.94464956E-04    9.03324637E-06
   1.55461200E+02    7.11932995E-04    9.14582905E-06
   1.57407028E+02    7.29840097E-04    9.25980856E-06
   1.59377211E+02    7.48197287E-04    9.37520205E-06
   1.61372053E+02    7.67015864E-04    9.49202694E-06
   1.63391864E+02    7.86307411E-04    9.61030082E-06
   1.65436956E+02    8.06083802E-04    9.73004152E-06
   1.67507645E+02    8.26357206E-04    9.85126699E-06
   1.69604252E+02    8.47140100E-04    9.97399574E-06
   1.71727101E+02    8.68445272E-04    1.00982452E-05
   1.73876521E+02    8.90285832E-04    1.02240380E-05
   1.76052844E+02    9.12675211E-04    1.03513780E-05
   1.78256406E+02    9.35627212E-04    1.04803432E-05
   1.80487550E+02    9.59155830E-04    1.06107216E-05
   1.82746620E+02    9.83276009E-04    1.07432575E-05
   1.85033965E+02    1.00800067E-03    1.08749192E-05
   1.87349940E+02    9.71069331E-04   -1.55495539E-05
