# Peaks:     0.018151      0.111583      0.350422      0.971771      3.329448  
   6.24499784E-05    9.91023461E+00   -6.69324443E+03
   6.32316326E-05    9.90512164E+00   -6.61766504E+03
   6.40230704E-05    9.89995471E+00   -6.54299576E+03
   6.48244142E-05    9.89474375E+00   -6.46919665E+03
   6.56357880E-05    9.88949948E+00   -6.39622712E+03
   6.64573174E-05    9.88423348E+00   -6.32404587E+03
   6.72891294E-05    9.87895815E+00   -6.25261090E+03
   6.81313528E-05    9.87368666E+00   -6.18187995E+03
   6.89841178E-05    9.86842583E+00   -6.11183104E+03
   6.98475565E-05    9.86317319E+00   -6.04246956E+03
   7.07218024E-05    9.85792537E+00   -5.97380337E+03
   7.16069908E-05    9.85267862E+00   -5.90584095E+03
   7.25032586E-05    9.84742889E+00   -5.83859143E+03
   7.34107446E-05    9.84217175E+00   -5.77206455E+03
   7.43295891E-05    9.83690452E+00   -5.70626409E+03
   7.52599343E-05    9.83162796E+00   -5.64118292E+03
   7.62019241E-05    9.82634323E+00   -5.57681303E+03
   7.71557043E-05    9.82105151E+00   -5.51314654E+03
   7.81214226E-05    9.81575404E+00   -5.45017578E+03
   7.90992282E-05    9.81045209E+00   -5.38789322E+03
   8.00892725E-05    9.80514649E+00   -5.32629237E+03
   8.10917087E-05    9.79983718E+00   -5.26536849E+03
   8.21066918E-05    9.79452392E+00   -5.20511726E+03
   8.31343790E-05    9.78920641E+00   -5.14553462E+03
   8.41749292E-05    9.78388426E+00   -5.08661675E+03
   8.52285035E-05    9.77855701E+00   -5.02836009E+03
   8.62952648E-05    9.77322434E+00   -4.97076054E+03
   8.73753782E-05    9.76788637E+00   -4.91381235E+03
   8.84690108E-05    9.76254327E+00   -4.85750971E+03
   8.95763318E-05    9.75719517E+00   -4.80184698E+03
   9.06975126E-05    9.75184214E+00   -4.74681873E+03
   9.18327267E-05    9.74648422E+00   -4.69241971E+03
   9.29821496E-05    9.74112140E+00   -4.63864469E+03
   9.41459593E-05    9.73575377E+00   -4.58548799E+03
   9.53243358E-05    9.73038137E+00   -4.53294391E+03
   9.65174614E-05    9.72500420E+00   -4.48100696E+03
   9.77255208E-05    9.71962221E+00   -4.42967177E+03
   9.89487008E-05    9.71423527E+00   -4.37893320E+03
   1.00187191E-04    9.70884323E+00   -4.32878617E+03
   1.01441182E-04    9.70344611E+00   -4.27922509E+03
   1.02710869E-04    9.69804398E+00   -4.23024416E+03
   1.03996448E-04    9.69263688E+00   -4.18183768E+03
   1.05298118E-04    9.68722482E+00   -4.13400013E+03
   1.06616081E-04    9.68180772E+00   -4.08672612E+03
   1.07950539E-04    9.67638545E+00   -4.04001039E+03
   1.09301701E-04    9.67095795E+00   -3.99384758E+03
   1.10669774E-04    9.66552529E+00   -3.94823195E+03
   1.12054970E-04    9.66008752E+00   -3.90315787E+03
   1.13457505E-04    9.65464462E+00   -3.85861983E+03
   1.14877594E-04    9.64919653E+00   -3.81461246E+03
   1.16315457E-04    9.64374313E+00   -3.77113049E+03
   1.17771318E-04    9.63828425E+00   -3.72816876E+03
   1.19245401E-04    9.63281992E+00   -3.68572178E+03
   1.20737934E-04    9.62735019E+00   -3.64378401E+03
   1.22249149E-04    9.62187508E+00   -3.60235003E+03
   1.23779279E-04    9.61639454E+00   -3.56141451E+03
   1.25328560E-04    9.61090849E+00   -3.52097224E+03
   1.26897233E-04    9.60541675E+00   -3.48101813E+03
   1.28485540E-04    9.59991921E+00   -3.44154704E+03
   1.30093728E-04    9.59441591E+00   -3.40255364E+03
   1.31722044E-04    9.58890689E+00   -3.36403264E+03
   1.33370741E-04    9.58339215E+00   -3.32597886E+03
   1.35040074E-04    9.57787160E+00   -3.28838721E+03
   1.36730301E-04    9.57234512E+00   -3.25125268E+03
   1.38441684E-04    9.56681252E+00   -3.21457039E+03
   1.40174487E-04    9.56127370E+00   -3.17833533E+03
   1.41928979E-04    9.55572873E+00   -3.14254244E+03
   1.43705431E-04    9.55017764E+00   -3.10718669E+03
   1.45504118E-04    9.54462037E+00   -3.07226317E+03
   1.47325318E-04    9.53905684E+00   -3.03776703E+03
   1.49169313E-04    9.53348688E+00   -3.00369351E+03
   1.51036388E-04    9.52791029E+00   -2.97003794E+03
   1.52926833E-04    9.52232701E+00   -2.93679555E+03
   1.54840939E-04    9.51673710E+00   -2.90396155E+03
   1.56779004E-04    9.51114054E+00   -2.87153122E+03
   1.58741326E-04    9.50553729E+00   -2.83949991E+03
   1.60728209E-04    9.49992724E+00   -2.80786303E+03
   1.62739961E-04    9.49431021E+00   -2.77661610E+03
   1.64776894E-04    9.48868597E+00   -2.74575467E+03
   1.66839321E-04    9.48305446E+00   -2.71527426E+03
   1.68927563E-04    9.47741573E+00   -2.68517037E+03
   1.71041942E-04    9.47176977E+00   -2.65543856E+03
   1.73182786E-04    9.46611652E+00   -2.62607448E+03
   1.75350426E-04    9.46045585E+00   -2.59707383E+03
   1.77545197E-04    9.45478757E+00   -2.56843235E+03
   1.79767439E-04    9.44911145E+00   -2.54014588E+03
   1.82017495E-04    9.44342739E+00   -2.51221022E+03
   1.84295715E-04    9.43773542E+00   -2.48462117E+03
   1.86602449E-04    9.43203554E+00   -2.45737460E+03
   1.88938056E-04    9.42632768E+00   -2.43046642E+03
   1.91302896E-04    9.42061172E+00   -2.40389261E+03
   1.93697336E-04    9.41488746E+00   -2.37764918E+03
   1.96121746E-04    9.40915464E+00   -2.35173224E+03
   1.98576501E-04    9.40341313E+00   -2.32613787E+03
   2.01061981E-04    9.39766293E+00   -2.30086218E+03
   2.03578570E-04    9.39190403E+00   -2.27590132E+03
   2.06126658E-04    9.38613638E+00   -2.25125147E+03
   2.08706639E-04    9.38035986E+00   -2.22690890E+03
   2.11318913E-04    9.37457428E+00   -2.20286988E+03
   2.13963883E-04    9.36877938E+00   -2.17913077E+03
   2.16641959E-04    9.36297493E+00   -2.15568794E+03
   2.19353554E-04    9.35716091E+00   -2.13253779E+03
   2.22099090E-04    9.35133732E+00   -2.10967674E+03
   2.24878990E-04    9.34550410E+00   -2.08710126E+03
   2.27693684E-04    9.33966114E+00   -2.06480786E+03
   2.30543609E-04    9.33380828E+00   -2.04279310E+03
   2.33429205E-04    9.32794527E+00   -2.02105358E+03
   2.36350918E-04    9.32207181E+00   -1.99958594E+03
   2.39309200E-04    9.31618779E+00   -1.97838685E+03
   2.42304510E-04    9.31029320E+00   -1.95745299E+03
   2.45337311E-04    9.30438801E+00   -1.93678110E+03
   2.48408072E-04    9.29847211E+00   -1.91636796E+03
   2.51517268E-04    9.29254537E+00   -1.89621037E+03
   2.54665380E-04    9.28660755E+00   -1.87630519E+03
   2.57852895E-04    9.28065838E+00   -1.85664929E+03
   2.61080307E-04    9.27469756E+00   -1.83723960E+03
   2.64348115E-04    9.26872506E+00   -1.81807306E+03
   2.67656824E-04    9.26274085E+00   -1.79914667E+03
   2.71006947E-04    9.25674486E+00   -1.78045744E+03
   2.74399001E-04    9.25073696E+00   -1.76200243E+03
   2.77833512E-04    9.24471695E+00   -1.74377872E+03
   2.81311011E-04    9.23868459E+00   -1.72578344E+03
   2.84832036E-04    9.23263954E+00   -1.70801373E+03
   2.88397132E-04    9.22658157E+00   -1.69046679E+03
   2.92006851E-04    9.22051065E+00   -1.67313983E+03
   2.95661750E-04    9.21442672E+00   -1.65603011E+03
   2.99362396E-04    9.20832970E+00   -1.63913493E+03
   3.03109361E-04    9.20221941E+00   -1.62245159E+03
   3.06903225E-04    9.19609564E+00   -1.60597743E+03
   3.10744574E-04    9.18995810E+00   -1.58970984E+03
   3.14634004E-04    9.18380644E+00   -1.57364622E+03
   3.18572116E-04    9.17764043E+00   -1.55778400E+03
   3.22559519E-04    9.17146005E+00   -1.54212066E+03
   3.26596831E-04    9.16526522E+00   -1.52665371E+03
   3.30684675E-04    9.15905582E+00   -1.51138068E+03
   3.34823685E-04    9.15283167E+00   -1.49629913E+03
   3.39014500E-04    9.14659251E+00   -1.48140664E+03
   3.43257770E-04    9.14033805E+00   -1.46670081E+03
   3.47554151E-04    9.13406789E+00   -1.45217930E+03
   3.51904307E-04    9.12778182E+00   -1.43783976E+03
   3.56308912E-04    9.12147978E+00   -1.42367991E+03
   3.60768648E-04    9.11516168E+00   -1.40969749E+03
   3.65284203E-04    9.10882739E+00   -1.39589025E+03
   3.69856277E-04    9.10247670E+00   -1.38225597E+03
   3.74485578E-04    9.09610935E+00   -1.36879247E+03
   3.79172821E-04    9.08972500E+00   -1.35549756E+03
   3.83918732E-04    9.08332326E+00   -1.34236910E+03
   3.88724045E-04    9.07690385E+00   -1.32940498E+03
   3.93589504E-04    9.07046671E+00   -1.31660311E+03
   3.98515861E-04    9.06401173E+00   -1.30396144E+03
   4.03503879E-04    9.05753876E+00   -1.29147795E+03
   4.08554329E-04    9.05104758E+00   -1.27915062E+03
   4.13667993E-04    9.04453792E+00   -1.26697746E+03
   4.18845662E-04    9.03800943E+00   -1.25495650E+03
   4.24088138E-04    9.03146169E+00   -1.24308579E+03
   4.29396231E-04    9.02489437E+00   -1.23136339E+03
   4.34770762E-04    9.01830735E+00   -1.21978744E+03
   4.40212564E-04    9.01170052E+00   -1.20835607E+03
   4.45722478E-04    9.00507372E+00   -1.19706745E+03
   4.51301356E-04    8.99842672E+00   -1.18591975E+03
   4.56950063E-04    8.99175923E+00   -1.17491116E+03
   4.62669472E-04    8.98507092E+00   -1.16403991E+03
   4.68460467E-04    8.97836136E+00   -1.15330422E+03
   4.74323946E-04    8.97163011E+00   -1.14270233E+03
   4.80260814E-04    8.96487700E+00   -1.13223255E+03
   4.86271992E-04    8.95810190E+00   -1.12189320E+03
   4.92358408E-04    8.95130464E+00   -1.11168260E+03
   4.98521004E-04    8.94448500E+00   -1.10159911E+03
   5.04760735E-04    8.93764268E+00   -1.09164111E+03
   5.11078565E-04    8.93077734E+00   -1.08180696E+03
   5.17475472E-04    8.92388856E+00   -1.07209507E+03
   5.23952446E-04    8.91697584E+00   -1.06250385E+03
   5.30510489E-04    8.91003888E+00   -1.05303175E+03
   5.37150616E-04    8.90307752E+00   -1.04367724E+03
   5.43873854E-04    8.89609160E+00   -1.03443882E+03
   5.50681243E-04    8.88908089E+00   -1.02531500E+03
   5.57573836E-04    8.88204509E+00   -1.01630431E+03
   5.64552701E-04    8.87498386E+00   -1.00740528E+03
   5.71618916E-04    8.86789678E+00   -9.98616467E+02
   5.78773576E-04    8.86078337E+00   -9.89936428E+02
   5.86017787E-04    8.85364314E+00   -9.81363745E+02
   5.93352670E-04    8.84647586E+00   -9.72897040E+02
   6.00779359E-04    8.83928137E+00   -9.64534956E+02
   6.08299005E-04    8.83205943E+00   -9.56276146E+02
   6.15912771E-04    8.82480975E+00   -9.48119279E+02
   6.23621834E-04    8.81753199E+00   -9.40063032E+02
   6.31427387E-04    8.81022574E+00   -9.32106096E+02
   6.39330638E-04    8.80289053E+00   -9.24247171E+02
   6.47332811E-04    8.79552579E+00   -9.16484969E+02
   6.55435142E-04    8.78813112E+00   -9.08818229E+02
   6.63638886E-04    8.78070630E+00   -9.01245724E+02
   6.71945313E-04    8.77325112E+00   -8.93766241E+02
   6.80355706E-04    8.76576528E+00   -8.86378575E+02
   6.88871368E-04    8.75824844E+00   -8.79081535E+02
   6.97493616E-04    8.75070021E+00   -8.71873938E+02
   7.06223785E-04    8.74312011E+00   -8.64754610E+02
   7.15063224E-04    8.73550761E+00   -8.57722388E+02
   7.24013302E-04    8.72786211E+00   -8.50776120E+02
   7.33075404E-04    8.72018326E+00   -8.43914685E+02
   7.42250931E-04    8.71247082E+00   -8.37136990E+02
   7.51541304E-04    8.70472451E+00   -8.30441948E+02
   7.60947959E-04    8.69694400E+00   -8.23828484E+02
   7.70472353E-04    8.68912889E+00   -8.17295531E+02
   7.80115959E-04    8.68127872E+00   -8.10842031E+02
   7.89880269E-04    8.67339297E+00   -8.04466934E+02
   7.99766793E-04    8.66547104E+00   -7.98169197E+02
   8.09777062E-04    8.65751232E+00   -7.91947790E+02
   8.19912625E-04    8.64951648E+00   -7.85801719E+02
   8.30175049E-04    8.64148324E+00   -7.79730005E+02
   8.40565922E-04    8.63341226E+00   -7.73731678E+02
   8.51086853E-04    8.62530315E+00   -7.67805777E+02
   8.61739469E-04    8.61715547E+00   -7.61951347E+02
   8.72525418E-04    8.60896871E+00   -7.56167442E+02
   8.83446370E-04    8.60074228E+00   -7.50453120E+02
   8.94504013E-04    8.59247553E+00   -7.44807448E+02
   9.05700059E-04    8.58416785E+00   -7.39229507E+02
   9.17036240E-04    8.57581888E+00   -7.33718411E+02
   9.28514311E-04    8.56742829E+00   -7.28273286E+02
   9.40136046E-04    8.55899570E+00   -7.22893264E+02
   9.51903245E-04    8.55052067E+00   -7.17577486E+02
   9.63817728E-04    8.54200270E+00   -7.12325098E+02
   9.75881338E-04    8.53344122E+00   -7.07135252E+02
   9.88095942E-04    8.52483559E+00   -7.02007105E+02
   1.00046343E-03    8.51618511E+00   -6.96939822E+02
   1.01298572E-03    8.50748914E+00   -6.91932582E+02
   1.02566474E-03    8.49874731E+00   -6.86984595E+02
   1.03850245E-03    8.48995921E+00   -6.82095078E+02
   1.05150085E-03    8.48112443E+00   -6.77263257E+02
   1.06466195E-03    8.47224247E+00   -6.72488363E+02
   1.07798777E-03    8.46331277E+00   -6.67769631E+02
   1.09148039E-03    8.45433470E+00   -6.63106302E+02
   1.10514189E-03    8.44530759E+00   -6.58497622E+02
   1.11897438E-03    8.43623066E+00   -6.53942842E+02
   1.13298001E-03    8.42710325E+00   -6.49441227E+02
   1.14716094E-03    8.41792493E+00   -6.44992071E+02
   1.16151936E-03    8.40869527E+00   -6.40594677E+02
   1.17605750E-03    8.39941377E+00   -6.36248351E+02
   1.19077760E-03    8.39007990E+00   -6.31952403E+02
   1.20568195E-03    8.38069303E+00   -6.27706150E+02
   1.22077285E-03    8.37125249E+00   -6.23508912E+02
   1.23605264E-03    8.36175754E+00   -6.19360013E+02
   1.25152367E-03    8.35220735E+00   -6.15258780E+02
   1.26718835E-03    8.34260120E+00   -6.11204557E+02
   1.28304909E-03    8.33293864E+00   -6.07196712E+02
   1.29910836E-03    8.32321916E+00   -6.03234620E+02
   1.31536863E-03    8.31344221E+00   -5.99317660E+02
   1.33183242E-03    8.30360720E+00   -5.95445217E+02
   1.34850228E-03    8.29371345E+00   -5.91616676E+02
   1.36538079E-03    8.28376023E+00   -5.87831428E+02
   1.38247056E-03    8.27374674E+00   -5.84088867E+02
   1.39977423E-03    8.26367211E+00   -5.80388389E+02
   1.41729448E-03    8.25353554E+00   -5.76729405E+02
   1.43503403E-03    8.24333653E+00   -5.73111350E+02
   1.45299561E-03    8.23307450E+00   -5.69533664E+02
   1.47118201E-03    8.22274887E+00   -5.65995791E+02
   1.48959604E-03    8.21235897E+00   -5.62497177E+02
   1.50824054E-03    8.20190406E+00   -5.59037275E+02
   1.52711841E-03    8.19138337E+00   -5.55615535E+02
   1.54623257E-03    8.18079603E+00   -5.52231415E+02
   1.56558597E-03    8.17014111E+00   -5.48884370E+02
   1.58518160E-03    8.15941775E+00   -5.45573873E+02
   1.60502250E-03    8.14862536E+00   -5.42299416E+02
   1.62511174E-03    8.13776334E+00   -5.39060497E+02
   1.64545243E-03    8.12683102E+00   -5.35856617E+02
   1.66604771E-03    8.11582768E+00   -5.32687280E+02
   1.68690077E-03    8.10475253E+00   -5.29551994E+02
   1.70801484E-03    8.09360472E+00   -5.26450266E+02
   1.72939318E-03    8.08238333E+00   -5.23381606E+02
   1.75103910E-03    8.07108737E+00   -5.20345528E+02
   1.77295596E-03    8.05971590E+00   -5.17341553E+02
   1.79514714E-03    8.04826828E+00   -5.14369226E+02
   1.81761607E-03    8.03674382E+00   -5.11428097E+02
   1.84036623E-03    8.02514179E+00   -5.08517717E+02
   1.86340115E-03    8.01346142E+00   -5.05637642E+02
   1.88672438E-03    8.00170186E+00   -5.02787428E+02
   1.91033954E-03    7.98986220E+00   -4.99966631E+02
   1.93425028E-03    7.97794146E+00   -4.97174812E+02
   1.95846029E-03    7.96593858E+00   -4.94411531E+02
   1.98297333E-03    7.95385255E+00   -4.91676357E+02
   2.00779318E-03    7.94168263E+00   -4.88968878E+02
   2.03292370E-03    7.92942808E+00   -4.86288691E+02
   2.05836876E-03    7.91708812E+00   -4.83635393E+02
   2.08413230E-03    7.90466191E+00   -4.81008583E+02
   2.11021831E-03    7.89214853E+00   -4.78407861E+02
   2.13663083E-03    7.87954701E+00   -4.75832828E+02
   2.16337393E-03    7.86685632E+00   -4.73283088E+02
   2.19045177E-03    7.85407532E+00   -4.70758242E+02
   2.21786853E-03    7.84120293E+00   -4.68257901E+02
   2.24562845E-03    7.82823832E+00   -4.65781693E+02
   2.27373582E-03    7.81518069E+00   -4.63329255E+02
   2.30219500E-03    7.80202920E+00   -4.60900224E+02
   2.33101039E-03    7.78878293E+00   -4.58494238E+02
   2.36018645E-03    7.77544092E+00   -4.56110936E+02
   2.38972769E-03    7.76200213E+00   -4.53749959E+02
   2.41963868E-03    7.74846547E+00   -4.51410947E+02
   2.44992405E-03    7.73482975E+00   -4.49093542E+02
   2.48058849E-03    7.72109379E+00   -4.46797389E+02
   2.51163673E-03    7.70725666E+00   -4.44522150E+02
   2.54307360E-03    7.69331752E+00   -4.42267499E+02
   2.57490394E-03    7.67927544E+00   -4.40033106E+02
   2.60713269E-03    7.66512947E+00   -4.37818647E+02
   2.63976482E-03    7.65087857E+00   -4.35623794E+02
   2.67280540E-03    7.63652166E+00   -4.33448223E+02
   2.70625953E-03    7.62205758E+00   -4.31291608E+02
   2.74013239E-03    7.60748508E+00   -4.29153624E+02
   2.77442921E-03    7.59280291E+00   -4.27033948E+02
   2.80915531E-03    7.57801003E+00   -4.24932273E+02
   2.84431607E-03    7.56310552E+00   -4.22848301E+02
   2.87991690E-03    7.54808842E+00   -4.20781738E+02
   2.91596334E-03    7.53295770E+00   -4.18732286E+02
   2.95246095E-03    7.51771228E+00   -4.16699652E+02
   2.98941539E-03    7.50235102E+00   -4.14683541E+02
   3.02683236E-03    7.48687271E+00   -4.12683656E+02
   3.06471766E-03    7.47127605E+00   -4.10699704E+02
   3.10307715E-03    7.45555972E+00   -4.08731388E+02
   3.14191677E-03    7.43972256E+00   -4.06778429E+02
   3.18124253E-03    7.42376359E+00   -4.04840555E+02
   3.22106050E-03    7.40768179E+00   -4.02917500E+02
   3.26137686E-03    7.39147609E+00   -4.01008995E+02
   3.30219783E-03    7.37514536E+00   -3.99114773E+02
   3.34352974E-03    7.35868840E+00   -3.97234564E+02
   3.38537898E-03    7.34210396E+00   -3.95368102E+02
   3.42775203E-03    7.32539070E+00   -3.93515117E+02
   3.47065543E-03    7.30854723E+00   -3.91675340E+02
   3.51409584E-03    7.29157228E+00   -3.89848512E+02
   3.55807997E-03    7.27446483E+00   -3.88034388E+02
   3.60261462E-03    7.25722380E+00   -3.86232725E+02
   3.64770670E-03    7.23984809E+00   -3.84443278E+02
   3.69336316E-03    7.22233650E+00   -3.82665804E+02
   3.73959109E-03    7.20468780E+00   -3.80900060E+02
   3.78639762E-03    7.18690071E+00   -3.79145800E+02
   3.83379001E-03    7.16897383E+00   -3.77402779E+02
   3.88177559E-03    7.15090574E+00   -3.75670751E+02
   3.93036177E-03    7.13269509E+00   -3.73949477E+02
   3.97955609E-03    7.11434079E+00   -3.72238734E+02
   4.02936614E-03    7.09584173E+00   -3.70538300E+02
   4.07979964E-03    7.07719676E+00   -3.68847953E+02
   4.13086440E-03    7.05840467E+00   -3.67167471E+02
   4.18256830E-03    7.03946419E+00   -3.65496630E+02
   4.23491935E-03    7.02037399E+00   -3.63835208E+02
   4.28792566E-03    7.00113268E+00   -3.62182980E+02
   4.34159541E-03    6.98173879E+00   -3.60539721E+02
   4.39593693E-03    6.96219090E+00   -3.58905211E+02
   4.45095861E-03    6.94248787E+00   -3.57279244E+02
   4.50666896E-03    6.92262858E+00   -3.55661618E+02
   4.56307662E-03    6.90261185E+00   -3.54052131E+02
   4.62019030E-03    6.88243646E+00   -3.52450579E+02
   4.67801884E-03    6.86210113E+00   -3.50856761E+02
   4.73657119E-03    6.84160453E+00   -3.49270471E+02
   4.79585642E-03    6.82094524E+00   -3.47691505E+02
   4.85588368E-03    6.80012180E+00   -3.46119655E+02
   4.91666228E-03    6.77913273E+00   -3.44554718E+02
   4.97820161E-03    6.75797684E+00   -3.42996504E+02
   5.04051119E-03    6.73665299E+00   -3.41444829E+02
   5.10360068E-03    6.71516004E+00   -3.39899508E+02
   5.16747982E-03    6.69349675E+00   -3.38360357E+02
   5.23215850E-03    6.67166187E+00   -3.36827189E+02
   5.29764673E-03    6.64965409E+00   -3.35299820E+02
   5.36395465E-03    6.62747201E+00   -3.33778060E+02
   5.43109251E-03    6.60511419E+00   -3.32261723E+02
   5.49907070E-03    6.58257914E+00   -3.30750617E+02
   5.56789973E-03    6.55986559E+00   -3.29244567E+02
   5.63759027E-03    6.53697245E+00   -3.27743405E+02
   5.70815308E-03    6.51389859E+00   -3.26246962E+02
   5.77959909E-03    6.49064283E+00   -3.24755071E+02
   5.85193936E-03    6.46720395E+00   -3.23267563E+02
   5.92518507E-03    6.44358068E+00   -3.21784268E+02
   5.99934756E-03    6.41977171E+00   -3.20305015E+02
   6.07443831E-03    6.39577563E+00   -3.18829632E+02
   6.15046892E-03    6.37159102E+00   -3.17357946E+02
   6.22745117E-03    6.34721655E+00   -3.15889791E+02
   6.30539697E-03    6.32265115E+00   -3.14425013E+02
   6.38431838E-03    6.29789379E+00   -3.12963460E+02
   6.46422761E-03    6.27294334E+00   -3.11504979E+02
   6.54513701E-03    6.24779869E+00   -3.10049419E+02
   6.62705912E-03    6.22245862E+00   -3.08596623E+02
   6.71000661E-03    6.19692192E+00   -3.07146437E+02
   6.79399231E-03    6.17118729E+00   -3.05698705E+02
   6.87902921E-03    6.14525339E+00   -3.04253269E+02
   6.96513048E-03    6.11911892E+00   -3.02809975E+02
   7.05230943E-03    6.09278290E+00   -3.01368682E+02
   7.14057955E-03    6.06624438E+00   -2.99929255E+02
   7.22995451E-03    6.03950238E+00   -2.98491555E+02
   7.32044813E-03    6.01255588E+00   -2.97055444E+02
   7.41207441E-03    5.98540382E+00   -2.95620783E+02
   7.50484753E-03    5.95804511E+00   -2.94187432E+02
   7.59878184E-03    5.93047859E+00   -2.92755250E+02
   7.69389188E-03    5.90270308E+00   -2.91324095E+02
   7.79019236E-03    5.87471736E+00   -2.89893825E+02
   7.88769819E-03    5.84652055E+00   -2.88464311E+02
   7.98642444E-03    5.81811186E+00   -2.87035433E+02
   8.08638641E-03    5.78949050E+00   -2.85607068E+02
   8.18759954E-03    5.76065562E+00   -2.84179093E+02
   8.29007951E-03    5.73160637E+00   -2.82751383E+02
   8.39384216E-03    5.70234183E+00   -2.81323816E+02
   8.49890356E-03    5.67286108E+00   -2.79896265E+02
   8.60527996E-03    5.64316313E+00   -2.78468603E+02
   8.71298782E-03    5.61324697E+00   -2.77040703E+02
   8.82204380E-03    5.58311178E+00   -2.75612447E+02
   8.93246478E-03    5.55275704E+00   -2.74183728E+02
   9.04426784E-03    5.52218217E+00   -2.72754440E+02
   9.15747029E-03    5.49138661E+00   -2.71324476E+02
   9.27208963E-03    5.46036975E+00   -2.69893728E+02
   9.38814360E-03    5.42913098E+00   -2.68462089E+02
   9.50565016E-03    5.39766963E+00   -2.67029448E+02
   9.62462748E-03    5.36598503E+00   -2.65595696E+02
   9.74509399E-03    5.33407644E+00   -2.64160721E+02
   9.86706831E-03    5.30194323E+00   -2.62724416E+02
   9.99056933E-03    5.26958510E+00   -2.61286689E+02
   1.01156161E-02    5.23700182E+00   -2.59847448E+02
   1.02422281E-02    5.20419316E+00   -2.58406605E+02
   1.03704248E-02    5.17115886E+00   -2.56964068E+02
   1.05002261E-02    5.13789866E+00   -2.55519746E+02
   1.06316520E-02    5.10441227E+00   -2.54073548E+02
   1.07647229E-02    5.07069939E+00   -2.52625381E+02
   1.08994594E-02    5.03675968E+00   -2.51175152E+02
   1.10358823E-02    5.00259283E+00   -2.49722767E+02
   1.11740128E-02    4.96819885E+00   -2.48268149E+02
   1.13138721E-02    4.93357794E+00   -2.46811225E+02
   1.14554820E-02    4.89873026E+00   -2.45351922E+02
   1.15988644E-02    4.86365600E+00   -2.43890167E+02
   1.17440414E-02    4.82835535E+00   -2.42425888E+02
   1.18910355E-02    4.79282846E+00   -2.40959011E+02
   1.20398695E-02    4.75707549E+00   -2.39489463E+02
   1.21905664E-02    4.72109659E+00   -2.38017169E+02
   1.23431494E-02    4.68489191E+00   -2.36542054E+02
   1.24976422E-02    4.64846191E+00   -2.35064056E+02
   1.26540688E-02    4.61180729E+00   -2.33583122E+02
   1.28124533E-02    4.57492875E+00   -2.32099199E+02
   1.29728201E-02    4.53782703E+00   -2.30612234E+02
   1.31351942E-02    4.50050284E+00   -2.29122174E+02
   1.32996007E-02    4.46295692E+00   -2.27628967E+02
   1.34660650E-02    4.42518999E+00   -2.26132558E+02
   1.36346128E-02    4.38720279E+00   -2.24632893E+02
   1.38052702E-02    4.34899602E+00   -2.23129918E+02
   1.39780636E-02    4.31057064E+00   -2.21623587E+02
   1.41530199E-02    4.27192796E+00   -2.20113866E+02
   1.43301659E-02    4.23306937E+00   -2.18600727E+02
   1.45095292E-02    4.19399630E+00   -2.17084139E+02
   1.46911375E-02    4.15471017E+00   -2.15564075E+02
   1.48750189E-02    4.11521244E+00   -2.14040503E+02
   1.50612019E-02    4.07550458E+00   -2.12513396E+02
   1.52497152E-02    4.03558806E+00   -2.10982723E+02
   1.54405880E-02    3.99546438E+00   -2.09448456E+02
   1.56338499E-02    3.95513503E+00   -2.07910563E+02
   1.58295308E-02    3.91460177E+00   -2.06369026E+02
   1.60276609E-02    3.87386679E+00   -2.04823839E+02
   1.62282708E-02    3.83293231E+00   -2.03274997E+02
   1.64313918E-02    3.79180061E+00   -2.01722498E+02
   1.66370550E-02    3.75047397E+00   -2.00166338E+02
   1.68452925E-02    3.70895475E+00   -1.98606516E+02
   1.70561363E-02    3.66724527E+00   -1.97043028E+02
   1.72696192E-02    3.62534793E+00   -1.95475872E+02
   1.74857741E-02    3.58326510E+00   -1.93905046E+02
   1.77046346E-02    3.54099938E+00   -1.92330552E+02
   1.79262344E-02    3.49855378E+00   -1.90752412E+02
   1.81506078E-02    3.45593143E+00   -1.89170646E+02
   1.83777896E-02    3.41313553E+00   -1.87585278E+02
   1.86078149E-02    3.37016927E+00   -1.85996333E+02
   1.88407194E-02    3.32703591E+00   -1.84403833E+02
   1.90765390E-02    3.28373874E+00   -1.82807804E+02
   1.93153102E-02    3.24028106E+00   -1.81208270E+02
   1.95570700E-02    3.19666624E+00   -1.79605255E+02
   1.98018557E-02    3.15289800E+00   -1.77998800E+02
   2.00497054E-02    3.10898045E+00   -1.76388952E+02
   2.03006572E-02    3.06491773E+00   -1.74775764E+02
   2.05547501E-02    3.02071406E+00   -1.73159288E+02
   2.08120233E-02    2.97637367E+00   -1.71539576E+02
   2.10725167E-02    2.93190087E+00   -1.69916682E+02
   2.13362705E-02    2.88729998E+00   -1.68290660E+02
   2.16033256E-02    2.84257535E+00   -1.66661562E+02
   2.18737233E-02    2.79773147E+00   -1.65029447E+02
   2.21475055E-02    2.75277333E+00   -1.63394387E+02
   2.24247144E-02    2.70770613E+00   -1.61756465E+02
   2.27053930E-02    2.66253510E+00   -1.60115760E+02
   2.29895847E-02    2.61726555E+00   -1.58472354E+02
   2.32773335E-02    2.57190281E+00   -1.56826330E+02
   2.35686839E-02    2.52645224E+00   -1.55177771E+02
   2.38636810E-02    2.48091927E+00   -1.53526759E+02
   2.41623704E-02    2.43530967E+00   -1.51873388E+02
   2.44647983E-02    2.38962958E+00   -1.50217766E+02
   2.47710116E-02    2.34388515E+00   -1.48559997E+02
   2.50810576E-02    2.29808262E+00   -1.46900190E+02
   2.53949843E-02    2.25222823E+00   -1.45238451E+02
   2.57128402E-02    2.20632828E+00   -1.43574888E+02
   2.60346746E-02    2.16038916E+00   -1.41909612E+02
   2.63605372E-02    2.11441782E+00   -1.40242749E+02
   2.66904785E-02    2.06842139E+00   -1.38574434E+02
   2.70245495E-02    2.02240705E+00   -1.36904800E+02
   2.73628018E-02    1.97638200E+00   -1.35233983E+02
   2.77052879E-02    1.93035349E+00   -1.33562115E+02
   2.80520608E-02    1.88432877E+00   -1.31889332E+02
   2.84031740E-02    1.83831516E+00   -1.30215768E+02
   2.87586819E-02    1.79232049E+00   -1.28541576E+02
   2.91186395E-02    1.74635286E+00   -1.26866914E+02
   2.94831025E-02    1.70042043E+00   -1.25191945E+02
   2.98521273E-02    1.65453133E+00   -1.23516828E+02
   3.02257710E-02    1.60869374E+00   -1.21841723E+02
   3.06040914E-02    1.56291591E+00   -1.20166791E+02
   3.09871471E-02    1.51720657E+00   -1.18492211E+02
   3.13749972E-02    1.47157461E+00   -1.16818164E+02
   3.17677019E-02    1.42602895E+00   -1.15144832E+02
   3.21653219E-02    1.38057847E+00   -1.13472395E+02
   3.25679186E-02    1.33523207E+00   -1.11801034E+02
   3.29755545E-02    1.28999896E+00   -1.10130939E+02
   3.33882925E-02    1.24488875E+00   -1.08462312E+02
   3.38061966E-02    1.19991106E+00   -1.06795356E+02
   3.42293314E-02    1.15507546E+00   -1.05130271E+02
   3.46577623E-02    1.11039150E+00   -1.03467257E+02
   3.50915556E-02    1.06586899E+00   -1.01806521E+02
   3.55307786E-02    1.02151815E+00   -1.00148285E+02
   3.59754990E-02    9.77349212E-01   -9.84927677E+01
   3.64257858E-02    9.33372321E-01   -9.68401881E+01
   3.68817086E-02    8.89597582E-01   -9.51907622E+01
   3.73433380E-02    8.46035464E-01   -9.35447182E+01
   3.78107453E-02    8.02696727E-01   -9.19022930E+01
   3.82840029E-02    7.59592059E-01   -9.02637219E+01
   3.87631841E-02    7.16732047E-01   -8.86292365E+01
   3.92483629E-02    6.74127338E-01   -8.69990711E+01
   3.97396145E-02    6.31789083E-01   -8.53734754E+01
   4.02370148E-02    5.89728459E-01   -8.37527008E+01
   4.07406407E-02    5.47956512E-01   -8.21369946E+01
   4.12505704E-02    5.06484133E-01   -8.05265999E+01
   4.17668825E-02    4.65322352E-01   -7.89217646E+01
   4.22896571E-02    4.24482830E-01   -7.73227564E+01
   4.28189749E-02    3.83977193E-01   -7.57298427E+01
   4.33549180E-02    3.43816893E-01   -7.41432862E+01
   4.38975692E-02    3.04013177E-01   -7.25633442E+01
   4.44470124E-02    2.64577117E-01   -7.09902696E+01
   4.50033328E-02    2.25520350E-01   -6.94243332E+01
   4.55666164E-02    1.86854838E-01   -6.78658164E+01
   4.61369502E-02    1.48592323E-01   -6.63149952E+01
   4.67144227E-02    1.10744286E-01   -6.47721391E+01
   4.72991230E-02    7.33219373E-02   -6.32375105E+01
   4.78911418E-02    3.63369030E-02   -6.17113854E+01
   4.84905706E-02   -1.98735649E-04   -6.01940546E+01
   4.90975021E-02   -3.62731606E-02   -5.86858026E+01
   4.97120302E-02   -7.18748882E-02   -5.71869055E+01
   5.03342501E-02   -1.06992795E-01   -5.56976305E+01
   5.09642580E-02   -1.41615488E-01   -5.42182542E+01
   5.16021514E-02   -1.75731010E-01   -5.27490714E+01
   5.22480289E-02   -2.09327710E-01   -5.12903697E+01
   5.29019906E-02   -2.42394360E-01   -4.98424264E+01
   5.35641376E-02   -2.74920141E-01   -4.84055092E+01
   5.42345723E-02   -3.06893756E-01   -4.69799010E+01
   5.49133985E-02   -3.38303536E-01   -4.55658980E+01
   5.56007212E-02   -3.69138252E-01   -4.41637854E+01
   5.62966468E-02   -3.99387198E-01   -4.27738364E+01
   5.70012830E-02   -4.29040099E-01   -4.13963138E+01
   5.77147387E-02   -4.58086074E-01   -4.00315003E+01
   5.84371243E-02   -4.86514171E-01   -3.86796829E+01
   5.91685517E-02   -5.14314019E-01   -3.73411348E+01
   5.99091340E-02   -5.41475770E-01   -3.60161175E+01
   6.06589858E-02   -5.67989154E-01   -3.47049067E+01
   6.14182231E-02   -5.93843987E-01   -3.34077786E+01
   6.21869634E-02   -6.19030763E-01   -3.21249933E+01
   6.29653256E-02   -6.43540255E-01   -3.08568065E+01
   6.37534301E-02   -6.67362788E-01   -2.96034889E+01
   6.45513990E-02   -6.90489244E-01   -2.83652992E+01
   6.53593556E-02   -7.12911192E-01   -2.71424805E+01
   6.61774250E-02   -7.34619868E-01   -2.59352881E+01
   6.70057337E-02   -7.55606662E-01   -2.47439764E+01
   6.78444100E-02   -7.75863797E-01   -2.35687808E+01
   6.86935836E-02   -7.95383623E-01   -2.24099363E+01
   6.95533858E-02   -8.14158414E-01   -2.12676840E+01
   7.04239497E-02   -8.32181245E-01   -2.01422465E+01
   7.13054100E-02   -8.49445146E-01   -1.90338516E+01
   7.21979031E-02   -8.65943385E-01   -1.79427243E+01
   7.31015671E-02   -8.81670170E-01   -1.68690684E+01
   7.40165417E-02   -8.96619600E-01   -1.58130941E+01
   7.49429687E-02   -9.10785916E-01   -1.47750119E+01
   7.58809912E-02   -9.24164374E-01   -1.37550094E+01
   7.68307545E-02   -9.36750268E-01   -1.27532769E+01
   7.77924055E-02   -9.48539168E-01   -1.17700018E+01
   7.87660930E-02   -9.59527426E-01   -1.08053545E+01
   7.97519676E-02   -9.69711338E-01   -9.85951132E+00
   8.07501819E-02   -9.79088098E-01   -8.93262904E+00
   8.17608904E-02   -9.87655083E-01   -8.02486379E+00
   8.27842493E-02   -9.95410148E-01   -7.13636348E+00
   8.38204171E-02   -1.00235182E+00   -6.26726273E+00
   8.48695541E-02   -1.00847866E+00   -5.41769921E+00
   8.59318226E-02   -1.01379026E+00   -4.58778860E+00
   8.70073870E-02   -1.01828636E+00   -3.77764655E+00
   8.80964137E-02   -1.02196730E+00   -2.98737767E+00
   8.91990711E-02   -1.02483398E+00   -2.21707672E+00
   9.03155300E-02   -1.02688769E+00   -1.46683218E+00
   9.14459629E-02   -1.02813045E+00   -7.36718111E-01
   9.25905450E-02   -1.02856466E+00   -2.68038188E-02
   9.37494531E-02   -1.02819324E+00    6.62851756E-01
   9.49228668E-02   -1.02701994E+00    1.33220526E+00
   9.61109674E-02   -1.02504880E+00    1.98121717E+00
   9.73139389E-02   -1.02228450E+00    2.60986035E+00
   9.85319674E-02   -1.01873234E+00    3.21811832E+00
   9.97652413E-02   -1.01439816E+00    3.80598497E+00
   1.01013951E-01   -1.00928847E+00    4.37346695E+00
   1.02278291E-01   -1.00341017E+00    4.92057586E+00
   1.03558456E-01   -9.96770991E-01    5.44734143E+00
   1.04854644E-01   -9.89379096E-01    5.95379941E+00
   1.06167055E-01   -9.81243353E-01    6.43999971E+00
   1.07495894E-01   -9.72373125E-01    6.90600068E+00
   1.08841364E-01   -9.62778490E-01    7.35187486E+00
   1.10203676E-01   -9.52469999E-01    7.77770281E+00
   1.11583038E-01   -9.41458976E-01    8.18358078E+00
   1.12979666E-01   -9.29757107E-01    8.56961040E+00
   1.14393774E-01   -9.17376930E-01    8.93591114E+00
   1.15825582E-01   -9.04331405E-01    9.28260938E+00
   1.17275311E-01   -8.90634015E-01    9.60984121E+00
   1.18743186E-01   -8.76299170E-01    9.91776263E+00
   1.20229433E-01   -8.61341552E-01    1.02065331E+01
   1.21734283E-01   -8.45776455E-01    1.04763243E+01
   1.23257968E-01   -8.29619861E-01    1.07273218E+01
   1.24800725E-01   -8.12888198E-01    1.09597198E+01
   1.26362791E-01   -7.95598500E-01    1.11737244E+01
   1.27944409E-01   -7.77768369E-01    1.13695535E+01
   1.29545824E-01   -7.59415935E-01    1.15474355E+01
   1.31167282E-01   -7.40559768E-01    1.17076072E+01
   1.32809035E-01   -7.21218951E-01    1.18503163E+01
   1.34471337E-01   -7.01413308E-01    1.19758266E+01
   1.36154446E-01   -6.81162701E-01    1.20844010E+01
   1.37858621E-01   -6.60488012E-01    1.21763263E+01
   1.39584126E-01   -6.39409958E-01    1.22518831E+01
   1.41331229E-01   -6.17950334E-01    1.23113782E+01
   1.43100199E-01   -5.96130744E-01    1.23551118E+01
   1.44891311E-01   -5.73973816E-01    1.23834093E+01
   1.46704841E-01   -5.51501819E-01    1.23965857E+01
   1.48541070E-01   -5.28738115E-01    1.23949836E+01
   1.50400282E-01   -5.05705950E-01    1.23789418E+01
   1.52282765E-01   -4.82429019E-01    1.23488105E+01
   1.54188810E-01   -4.58931492E-01    1.23049522E+01
   1.56118711E-01   -4.35237206E-01    1.22477208E+01
   1.58072769E-01   -4.11371212E-01    1.21775027E+01
   1.60051284E-01   -3.87357848E-01    1.20946661E+01
   1.62054564E-01   -3.63222309E-01    1.19996029E+01
   1.64082917E-01   -3.38989619E-01    1.18927021E+01
   1.66136659E-01   -3.14684792E-01    1.17743539E+01
   1.68216106E-01   -2.90333710E-01    1.16449738E+01
   1.70321580E-01   -2.65961303E-01    1.15049542E+01
   1.72453408E-01   -2.41593431E-01    1.13547155E+01
   1.74611918E-01   -2.17255510E-01    1.11946689E+01
   1.76797446E-01   -1.92973160E-01    1.10252351E+01
   1.79010328E-01   -1.68772048E-01    1.08468399E+01
   1.81250908E-01   -1.44676963E-01    1.06598894E+01
   1.83519533E-01   -1.20713835E-01    1.04648259E+01
   1.85816552E-01   -9.69079616E-02    1.02620795E+01
   1.88142322E-01   -7.32839358E-02    1.00520663E+01
   1.90497203E-01   -4.98672365E-02    9.83523383E+00
   1.92881558E-01   -2.66820875E-02    9.61200027E+00
   1.95295757E-01   -3.75266442E-03    9.38278995E+00
   1.97740174E-01    1.88962420E-02    9.14805245E+00
   2.00215186E-01    4.12413512E-02    8.90820180E+00
   2.02721176E-01    6.32592308E-02    8.66366565E+00
   2.05258533E-01    8.49263121E-02    8.41488488E+00
   2.07827648E-01    1.06220699E-01    8.16225979E+00
   2.10428920E-01    1.27120226E-01    7.90621005E+00
   2.13062750E-01    1.47602614E-01    7.64717019E+00
   2.15729547E-01    1.67647002E-01    7.38554262E+00
   2.18429722E-01    1.87232751E-01    7.12173584E+00
   2.21163695E-01    2.06339986E-01    6.85614699E+00
   2.23931887E-01    2.24949075E-01    6.58918005E+00
   2.26734727E-01    2.43041415E-01    6.32121970E+00
   2.29572649E-01    2.60598757E-01    6.05265558E+00
   2.32446091E-01    2.77603745E-01    5.78386340E+00
   2.35355500E-01    2.94039674E-01    5.51521413E+00
   2.38301323E-01    3.09890579E-01    5.24707185E+00
   2.41284018E-01    3.25141306E-01    4.97979099E+00
   2.44304046E-01    3.39777463E-01    4.71371918E+00
   2.47361874E-01    3.53785483E-01    4.44919539E+00
   2.50457975E-01    3.67152691E-01    4.18654716E+00
   2.53592828E-01    3.79867196E-01    3.92609649E+00
   2.56766919E-01    3.91918065E-01    3.66815227E+00
   2.59980739E-01    4.03295220E-01    3.41301532E+00
   2.63234784E-01    4.13989524E-01    3.16097571E+00
   2.66529558E-01    4.23992768E-01    2.91231291E+00
   2.69865571E-01    4.33297695E-01    2.66729557E+00
   2.73243340E-01    4.41898009E-01    2.42618152E+00
   2.76663386E-01    4.49788390E-01    2.18921668E+00
   2.80126239E-01    4.56964497E-01    1.95663617E+00
   2.83632435E-01    4.63422983E-01    1.72866351E+00
   2.87182516E-01    4.69161495E-01    1.50550955E+00
   2.90777031E-01    4.74178679E-01    1.28737384E+00
   2.94416538E-01    4.78474196E-01    1.07444395E+00
   2.98101598E-01    4.82048699E-01    8.66894660E-01
   3.01832782E-01    4.84903853E-01    6.64888847E-01
   3.05610668E-01    4.87042327E-01    4.68576941E-01
   3.09435839E-01    4.88467763E-01    2.78096567E-01
   3.13308888E-01    4.89184830E-01    9.35735662E-02
   3.17230414E-01    4.89199151E-01   -8.48791561E-02
   3.21201024E-01    4.88517330E-01   -2.57160968E-01
   3.25221332E-01    4.87146930E-01   -4.23183600E-01
   3.29291960E-01    4.85096459E-01   -5.82871114E-01
   3.33413538E-01    4.82375353E-01   -7.36159755E-01
   3.37586703E-01    4.78993963E-01   -8.82997874E-01
   3.41812102E-01    4.74963523E-01   -1.02334575E+00
   3.46090388E-01    4.70296154E-01   -1.15717541E+00
   3.50422223E-01    4.65004820E-01   -1.28447050E+00
   3.54808278E-01    4.59103304E-01   -1.40522600E+00
   3.59249230E-01    4.52606194E-01   -1.51944802E+00
   3.63745768E-01    4.45528849E-01   -1.62715355E+00
   3.68298586E-01    4.37887369E-01   -1.72837014E+00
   3.72908390E-01    4.29698575E-01   -1.82313568E+00
   3.77575892E-01    4.20979962E-01   -1.91149798E+00
   3.82301815E-01    4.11749679E-01   -1.99351454E+00
   3.87086890E-01    4.02026494E-01   -2.06925211E+00
   3.91931858E-01    3.91829751E-01   -2.13878639E+00
   3.96837467E-01    3.81179361E-01   -2.20220170E+00
   4.01804477E-01    3.70095712E-01   -2.25959035E+00
   4.06833657E-01    3.58599680E-01   -2.31105246E+00
   4.11925784E-01    3.46712603E-01   -2.35669568E+00
   4.17081647E-01    3.34456211E-01   -2.39663457E+00
   4.22302043E-01    3.21852564E-01   -2.43098999E+00
   4.27587781E-01    3.08924083E-01   -2.45988917E+00
   4.32939677E-01    2.95693450E-01   -2.48346485E+00
   4.38358560E-01    2.82183605E-01   -2.50185513E+00
   4.43845268E-01    2.68417687E-01   -2.51520287E+00
   4.49400651E-01    2.54419019E-01   -2.52365548E+00
   4.55025567E-01    2.40211026E-01   -2.52736414E+00
   4.60720888E-01    2.25817246E-01   -2.52648380E+00
   4.66487494E-01    2.11261268E-01   -2.52117258E+00
   4.72326278E-01    1.96566671E-01   -2.51159116E+00
   4.78238142E-01    1.81757056E-01   -2.49790302E+00
   4.84224003E-01    1.66855907E-01   -2.48027312E+00
   4.90284786E-01    1.51886646E-01   -2.45886837E+00
   4.96421428E-01    1.36872547E-01   -2.43385684E+00
   5.02634879E-01    1.21836722E-01   -2.40540755E+00
   5.08926101E-01    1.06802130E-01   -2.37369064E+00
   5.15296067E-01    9.17912736E-02   -2.33887430E+00
   5.21745762E-01    7.68267188E-02   -2.30113002E+00
   5.28276186E-01    6.19304273E-02   -2.26062588E+00
   5.34888346E-01    4.71241833E-02   -2.21753093E+00
   5.41583268E-01    3.24294205E-02   -2.17201351E+00
   5.48361987E-01    1.78669367E-02   -2.12423813E+00
   5.55225552E-01    3.45745601E-03   -2.07437171E+00
   5.62175024E-01   -1.07790805E-02   -2.02257588E+00
   5.69211480E-01   -2.48229262E-02   -1.96901353E+00
   5.76336007E-01   -3.86552505E-02   -1.91384079E+00
   5.83549708E-01   -5.22572779E-02   -1.85721694E+00
   5.90853699E-01   -6.56111400E-02   -1.79929467E+00
   5.98249110E-01   -7.86994539E-02   -1.74022504E+00
   6.05737086E-01   -9.15054412E-02   -1.68015620E+00
   6.13318785E-01   -1.04012942E-01   -1.61923330E+00
   6.20995381E-01   -1.16206488E-01   -1.55759764E+00
   6.28768060E-01   -1.28071254E-01   -1.49538743E+00
   6.36638026E-01   -1.39593107E-01   -1.43273718E+00
   6.44606497E-01   -1.50758627E-01   -1.36977753E+00
   6.52674704E-01   -1.61555109E-01   -1.30663529E+00
   6.60843897E-01   -1.71970576E-01   -1.24343333E+00
   6.69115340E-01   -1.81993801E-01   -1.18029035E+00
   6.77490312E-01   -1.91614306E-01   -1.11732092E+00
   6.85970110E-01   -2.00822393E-01   -1.05463511E+00
   6.94556044E-01   -2.09609115E-01   -9.92338909E-01
   7.03249445E-01   -2.17966317E-01   -9.30533642E-01
   7.12051656E-01   -2.25886622E-01   -8.69316228E-01
   7.20964040E-01   -2.33363439E-01   -8.08779015E-01
   7.29987975E-01   -2.40390963E-01   -7.49009768E-01
   7.39124859E-01   -2.46964178E-01   -6.90091630E-01
   7.48376104E-01   -2.53078850E-01   -6.32103116E-01
   7.57743142E-01   -2.58731529E-01   -5.75118110E-01
   7.67227423E-01   -2.63919543E-01   -5.19205870E-01
   7.76830414E-01   -2.68640991E-01   -4.64431038E-01
   7.86553600E-01   -2.72894736E-01   -4.10853686E-01
   7.96398486E-01   -2.76680397E-01   -3.58529348E-01
   8.06366596E-01   -2.79998338E-01   -3.07509080E-01
   8.16459472E-01   -2.82849661E-01   -2.57839515E-01
   8.26678674E-01   -2.85236186E-01   -2.09562938E-01
   8.37025786E-01   -2.87160448E-01   -1.62717378E-01
   8.47502406E-01   -2.88625672E-01   -1.17336676E-01
   8.58110157E-01   -2.89635768E-01   -7.34506029E-02
   8.68850680E-01   -2.90195309E-01   -3.10849440E-02
   8.79725637E-01   -2.90309513E-01    9.73838520E-03
   8.90736710E-01   -2.89984233E-01    4.90012351E-02
   9.01885602E-01   -2.89225931E-01    8.66891076E-02
   9.13174040E-01   -2.88041660E-01    1.22791049E-01
   9.24603769E-01   -2.86439051E-01    1.57299525E-01
   9.36176559E-01   -2.84426285E-01    1.90210321E-01
   9.47894199E-01   -2.82012077E-01    2.21522418E-01
   9.59758502E-01   -2.79205649E-01    2.51237883E-01
   9.71771305E-01   -2.76016714E-01    2.79361757E-01
   9.83934466E-01   -2.72455451E-01    3.05901941E-01
   9.96249867E-01   -2.68532478E-01    3.30869088E-01
   1.00871941E+00   -2.64258836E-01    3.54276492E-01
   1.02134504E+00   -2.59645954E-01    3.76139972E-01
   1.03412868E+00   -2.54705632E-01    3.96477761E-01
   1.04707234E+00   -2.49450014E-01    4.15310406E-01
   1.06017801E+00   -2.43891561E-01    4.32660643E-01
   1.07344771E+00   -2.38043021E-01    4.48553287E-01
   1.08688350E+00   -2.31917412E-01    4.63015126E-01
   1.10048746E+00   -2.25527983E-01    4.76074792E-01
   1.11426170E+00   -2.18888198E-01    4.87762661E-01
   1.12820834E+00   -2.12011700E-01    4.98110726E-01
   1.14232954E+00   -2.04912288E-01    5.07152477E-01
   1.15662749E+00   -1.97603888E-01    5.14922790E-01
   1.17110440E+00   -1.90100527E-01    5.21457806E-01
   1.18576251E+00   -1.82416305E-01    5.26794805E-01
   1.20060409E+00   -1.74565366E-01    5.30972100E-01
   1.21563143E+00   -1.66561873E-01    5.34028894E-01
   1.23084687E+00   -1.58419980E-01    5.36005182E-01
   1.24625274E+00   -1.50153813E-01    5.36941643E-01
   1.26185145E+00   -1.41777435E-01    5.36879491E-01
   1.27764539E+00   -1.33304822E-01    5.35860382E-01
   1.29363702E+00   -1.24749847E-01    5.33926303E-01
   1.30982881E+00   -1.16126247E-01    5.31119457E-01
   1.32622326E+00   -1.07447606E-01    5.27482158E-01
   1.34282292E+00   -9.87273313E-02    5.23056731E-01
   1.35963034E+00   -8.99786281E-02    5.17885396E-01
   1.37664813E+00   -8.12144882E-02    5.12010208E-01
   1.39387893E+00   -7.24476630E-02    5.05472934E-01
   1.41132539E+00   -6.36906454E-02    4.98314967E-01
   1.42899022E+00   -5.49556559E-02    4.90577263E-01
   1.44687616E+00   -4.62546245E-02    4.82300248E-01
   1.46498596E+00   -3.75991711E-02    4.73523738E-01
   1.48332244E+00   -2.90006021E-02    4.64286911E-01
   1.50188842E+00   -2.04698834E-02    4.54628186E-01
   1.52068679E+00   -1.20176367E-02    4.44585205E-01
   1.53972044E+00   -3.65412516E-03    4.34194768E-01
   1.55899233E+00    4.61076093E-03    4.23492758E-01
   1.57850543E+00    1.27675050E-02    4.12514145E-01
   1.59826277E+00    2.08069821E-02    4.01292894E-01
   1.61826740E+00    2.87204487E-02    3.89862022E-01
   1.63852242E+00    3.64995717E-02    3.78253454E-01
   1.65903096E+00    4.41364339E-02    3.66497985E-01
   1.67979620E+00    5.16235050E-02    3.54625444E-01
   1.70082134E+00    5.89536845E-02    3.42664463E-01
   1.72210965E+00    6.61202867E-02    3.30642551E-01
   1.74366441E+00    7.31170397E-02    3.18586102E-01
   1.76548896E+00    7.99380949E-02    3.06520338E-01
   1.78758667E+00    8.65780198E-02    2.94469339E-01
   1.80996098E+00    9.30318010E-02    2.82456024E-01
   1.83261533E+00    9.92948423E-02    2.70502146E-01
   1.85555323E+00    1.05362959E-01    2.58628317E-01
   1.87877823E+00    1.11232380E-01    2.46853988E-01
   1.90229393E+00    1.16899736E-01    2.35197475E-01
   1.92610396E+00    1.22362063E-01    2.23675949E-01
   1.95021202E+00    1.27616792E-01    2.12305475E-01
   1.97462182E+00    1.32661740E-01    2.01100999E-01
   1.99933714E+00    1.37495112E-01    1.90076379E-01
   2.02436181E+00    1.42115482E-01    1.79244398E-01
   2.04969971E+00    1.46521795E-01    1.68616784E-01
   2.07535474E+00    1.50713350E-01    1.58204228E-01
   2.10133089E+00    1.54689796E-01    1.48016412E-01
   2.12763217E+00    1.58451118E-01    1.38062026E-01
   2.15426264E+00    1.61997630E-01    1.28348800E-01
   2.18122644E+00    1.65329963E-01    1.18883529E-01
   2.20852773E+00    1.68449050E-01    1.09672099E-01
   2.23617073E+00    1.71356120E-01    1.00719522E-01
   2.26415973E+00    1.74052683E-01    9.20299620E-02
   2.29249905E+00    1.76540516E-01    8.36067730E-02
   2.32119308E+00    1.78821654E-01    7.54525291E-02
   2.35024626E+00    1.80898375E-01    6.75690616E-02
   2.37966308E+00    1.82773188E-01    5.99574942E-02
   2.40944810E+00    1.84448822E-01    5.26182806E-02
   2.43960592E+00    1.85928207E-01    4.55512412E-02
   2.47014121E+00    1.87214470E-01    3.87556017E-02
   2.50105870E+00    1.88310915E-01    3.22300317E-02
   2.53236316E+00    1.89221018E-01    2.59726825E-02
   2.56405945E+00    1.89948406E-01    1.99812258E-02
   2.59615246E+00    1.90496854E-01    1.42528919E-02
   2.62864716E+00    1.90870267E-01    8.78450546E-03
   2.66154858E+00    1.91072674E-01    3.57252401E-03
   2.69486182E+00    1.91108212E-01   -1.38692840E-03
   2.72859201E+00    1.90981120E-01   -6.09802651E-03
   2.76274440E+00    1.90695730E-01   -1.05652114E-02
   2.79732424E+00    1.90256452E-01   -1.47931597E-02
   2.83233691E+00    1.89667769E-01   -1.87867539E-02
   2.86778781E+00    1.88934230E-01   -2.25510558E-02
   2.90368244E+00    1.88060436E-01   -2.60912801E-02
   2.94002634E+00    1.87051040E-01   -2.94127713E-02
   2.97682513E+00    1.85910732E-01   -3.25209816E-02
   3.01408452E+00    1.84644238E-01   -3.54214526E-02
   3.05181026E+00    1.83256306E-01   -3.81197926E-02
   3.09000820E+00    1.81751710E-01   -4.06216662E-02
   3.12868424E+00    1.80135234E-01   -4.29327763E-02
   3.16784437E+00    1.78411672E-01   -4.50588500E-02
   3.20749465E+00    1.76585818E-01   -4.70056284E-02
   3.24764121E+00    1.74662464E-01   -4.87788543E-02
   3.28829026E+00    1.72646394E-01   -5.03842637E-02
   3.32944809E+00    1.70542378E-01   -5.18275765E-02
   3.37112108E+00    1.68355164E-01   -5.31144891E-02
   3.41331567E+00    1.66089480E-01   -5.42506662E-02
   3.45603838E+00    1.63750025E-01   -5.52417379E-02
   3.49929584E+00    1.61341457E-01   -5.60932827E-02
   3.54309472E+00    1.58868409E-01   -5.68108427E-02
   3.58744181E+00    1.56335460E-01   -5.73998975E-02
   3.63234397E+00    1.53747146E-01   -5.78658712E-02
   3.67780815E+00    1.51107953E-01   -5.82141248E-02
   3.72384138E+00    1.48422308E-01   -5.84499523E-02
   3.77045079E+00    1.45694581E-01   -5.85785771E-02
   3.81764358E+00    1.42929075E-01   -5.86051479E-02
   3.86542706E+00    1.40130026E-01   -5.85347355E-02
   3.91380862E+00    1.37301601E-01   -5.83723290E-02
   3.96279575E+00    1.34447886E-01   -5.81228329E-02
   4.01239602E+00    1.31572892E-01   -5.77910637E-02
   4.06261711E+00    1.28680547E-01   -5.73817474E-02
   4.11346680E+00    1.25774689E-01   -5.68995159E-02
   4.16495295E+00    1.22859073E-01   -5.63489054E-02
   4.21708352E+00    1.19937356E-01   -5.57343522E-02
   4.26986658E+00    1.17013102E-01   -5.50601926E-02
   4.32331030E+00    1.14089778E-01   -5.43306585E-02
   4.37742295E+00    1.11170749E-01   -5.35498769E-02
   4.43221290E+00    1.08259278E-01   -5.27218670E-02
   4.48768863E+00    1.05358521E-01   -5.18505391E-02
   4.54385871E+00    1.02471530E-01   -5.09396924E-02
   4.60073185E+00    9.96012446E-02   -4.99930146E-02
   4.65831684E+00    9.67504953E-02   -4.90140802E-02
   4.71662260E+00    9.39219999E-02   -4.80063491E-02
   4.77565813E+00    9.11183627E-02   -4.69731663E-02
   4.83543259E+00    8.83420730E-02   -4.59177595E-02
   4.89595521E+00    8.55955046E-02   -4.48432479E-02
   4.95723536E+00    8.28809091E-02   -4.37527112E-02
   5.01928252E+00    8.02004328E-02   -4.26488568E-02
   5.08210629E+00    7.75560985E-02   -4.15345297E-02
   5.14571640E+00    7.49498119E-02   -4.04123829E-02
   5.21012268E+00    7.23833610E-02   -3.92849485E-02
   5.27533511E+00    6.98584165E-02   -3.81546432E-02
   5.34136376E+00    6.73765323E-02   -3.70237694E-02
   5.40821886E+00    6.49391459E-02   -3.58945154E-02
   5.47591075E+00    6.25475793E-02   -3.47689572E-02
   5.54444990E+00    6.02030401E-02   -3.36490590E-02
   5.61384693E+00    5.79066223E-02   -3.25366749E-02
   5.68411256E+00    5.56593076E-02   -3.14335502E-02
   5.75525767E+00    5.34619674E-02   -3.03413224E-02
   5.82729327E+00    5.13153637E-02   -2.92615236E-02
   5.90023049E+00    4.92201517E-02   -2.81955817E-02
   5.97408064E+00    4.71768809E-02   -2.71448224E-02
   6.04885513E+00    4.51859983E-02   -2.61104716E-02
   6.12456554E+00    4.32478494E-02   -2.50936556E-02
   6.20122357E+00    4.13626821E-02   -2.40954066E-02
   6.27884109E+00    3.95306480E-02   -2.31166617E-02
   6.35743011E+00    3.77518058E-02   -2.21582669E-02
   6.43700279E+00    3.60261240E-02   -2.12209789E-02
   6.51757144E+00    3.43534838E-02   -2.03054680E-02
   6.59914853E+00    3.27336825E-02   -1.94123202E-02
   6.68174667E+00    3.11664361E-02   -1.85420401E-02
   6.76537865E+00    2.96513832E-02   -1.76950538E-02
   6.85005741E+00    2.81880880E-02   -1.68717109E-02
   6.93579605E+00    2.67760439E-02   -1.60722881E-02
   7.02260784E+00    2.54146772E-02   -1.52969916E-02
   7.11050621E+00    2.41033503E-02   -1.45459604E-02
   7.19950475E+00    2.28413659E-02   -1.38192687E-02
   7.28961725E+00    2.16279704E-02   -1.31169293E-02
   7.38085763E+00    2.04623573E-02   -1.24388965E-02
   7.47324003E+00    1.93436718E-02   -1.17850693E-02
   7.56677872E+00    1.82710137E-02   -1.11552939E-02
   7.66148820E+00    1.72434420E-02   -1.05493677E-02
   7.75738310E+00    1.62599778E-02   -9.96704142E-03
   7.85447827E+00    1.53196088E-02   -9.40802282E-03
   7.95278873E+00    1.44212925E-02   -8.87197948E-03
   8.05232969E+00    1.35639600E-02   -8.35854191E-03
   8.15311655E+00    1.27465199E-02   -7.86730653E-03
   8.25516491E+00    1.19678612E-02   -7.39783878E-03
   8.35849056E+00    1.12268574E-02   -6.94967587E-03
   8.46310949E+00    1.05223697E-02   -6.52232972E-03
   8.56903787E+00    9.85325000E-03   -6.11528987E-03
   8.67629210E+00    9.21834452E-03   -5.72802631E-03
   8.78488878E+00    8.61649647E-03   -5.35999197E-03
   8.89484471E+00    8.04654928E-03   -5.01062551E-03
   9.00617690E+00    7.50734937E-03   -4.67935380E-03
   9.11890258E+00    6.99774883E-03   -4.36559439E-03
   9.23303919E+00    6.51660792E-03   -4.06875780E-03
   9.34860439E+00    6.06279758E-03   -3.78824983E-03
   9.46561605E+00    5.63520169E-03   -3.52347369E-03
   9.58409230E+00    5.23271921E-03   -3.27383202E-03
   9.70405144E+00    4.85426609E-03   -3.03872879E-03
   9.82551206E+00    4.49877720E-03   -2.81757120E-03
   9.94849293E+00    4.16520794E-03   -2.60977124E-03
   1.00730131E+01    3.85253575E-03   -2.41474735E-03
   1.01990918E+01    3.55976156E-03   -2.23192584E-03
   1.03267486E+01    3.28591096E-03   -2.06074224E-03
   1.04560032E+01    3.03003526E-03   -1.90064248E-03
   1.05868756E+01    2.79121248E-03   -1.75108402E-03
   1.07193861E+01    2.56854809E-03   -1.61153679E-03
   1.08535551E+01    2.36117565E-03   -1.48148406E-03
   1.09894035E+01    2.16825750E-03   -1.36042332E-03
   1.11269522E+01    1.98898483E-03   -1.24786668E-03
   1.12662225E+01    1.82257826E-03   -1.14334164E-03
   1.14072360E+01    1.66828784E-03   -1.04639140E-03
   1.15500145E+01    1.52539317E-03   -9.56575291E-04
   1.16945801E+01    1.39320325E-03   -8.73468970E-04
   1.18409551E+01    1.27105641E-03   -7.96664643E-04
   1.19891623E+01    1.15832003E-03   -7.25771117E-04
   1.21392244E+01    1.05439019E-03   -6.60413823E-04
   1.22911648E+01    9.58691292E-04   -6.00234783E-04
   1.24450070E+01    8.70675564E-04   -5.44892462E-04
   1.26007748E+01    7.89822523E-04   -4.94061613E-04
   1.27584922E+01    7.15638366E-04   -4.47433035E-04
   1.29181837E+01    6.47655311E-04   -4.04713285E-04
   1.30798739E+01    5.85430927E-04   -3.65624374E-04
   1.32435880E+01    5.28547377E-04   -3.29903392E-04
   1.34093511E+01    4.76610638E-04   -2.97302100E-04
   1.35771891E+01    4.29249719E-04   -2.67586517E-04
   1.37471278E+01    3.86115860E-04   -2.40536479E-04
   1.39191935E+01    3.46881648E-04   -2.15945139E-04
   1.40934129E+01    3.11240249E-04   -1.93618528E-04
   1.42698128E+01    2.78904466E-04   -1.73375000E-04
   1.44484207E+01    2.49605941E-04   -1.55044765E-04
   1.46292642E+01    2.23094301E-04   -1.38469369E-04
   1.48123712E+01    1.99136276E-04   -1.23501165E-04
   1.49977700E+01    1.77514887E-04   -1.10002813E-04
   1.51854893E+01    1.58028603E-04   -9.78467615E-05
   1.53755583E+01    1.40490539E-04   -8.69147482E-05
   1.55680062E+01    1.24727646E-04   -7.70972967E-05
   1.57628630E+01    1.10579940E-04   -6.82932299E-05
   1.59601586E+01    9.78997337E-05   -6.04091896E-05
   1.61599237E+01    8.65509266E-05   -5.33591842E-05
   1.63621891E+01    7.64082579E-05   -4.70641174E-05
   1.65669862E+01    6.73566499E-05   -4.14513695E-05
   1.67743466E+01    5.92905351E-05   -3.64543697E-05
   1.69843025E+01    5.21132270E-05   -3.20121939E-05
   1.71968863E+01    4.57363115E-05   -2.80691766E-05
   1.74121308E+01    4.00790677E-05   -2.45745397E-05
   1.76300695E+01    3.50679194E-05   -2.14820422E-05
   1.78507360E+01    3.06359108E-05   -1.87496441E-05
   1.80741645E+01    2.67222048E-05   -1.63391851E-05
   1.83003895E+01    2.32716181E-05   -1.42160871E-05
   1.85294461E+01    2.02342172E-05   -1.23490950E-05
   1.87613696E+01    1.75647931E-05   -1.07099415E-05
   1.89961960E+01    1.52225890E-05   -9.27317190E-06
   1.92339616E+01    1.31708730E-05   -8.01587145E-06
   1.94747032E+01    1.13766055E-05   -6.91745256E-06
   1.97184580E+01    9.81012089E-06   -5.95945212E-06
   1.99652638E+01    8.44482908E-06   -5.12534077E-06
   2.02151587E+01    7.25693572E-06   -4.40034507E-06
   2.04681815E+01    6.22519054E-06   -3.77128723E-06
   2.07243711E+01    5.33064441E-06   -3.22643091E-06
   2.09837674E+01    4.55643514E-06   -2.75534528E-06
   2.12464104E+01    3.88758468E-06   -2.34877651E-06
   2.15123408E+01    3.31080503E-06   -1.99852525E-06
   2.17815997E+01    2.81434185E-06   -1.69734734E-06
   2.20542288E+01    2.38780828E-06   -1.43885048E-06
   2.23302702E+01    2.02204595E-06   -1.21740462E-06
   2.26097667E+01    1.70899570E-06   -1.02806080E-06
   2.28927615E+01    1.44157837E-06   -8.66478125E-07
   2.31792984E+01    1.21358904E-06   -7.28853585E-07
   2.34694218E+01    1.01959786E-06   -6.11877466E-07
   2.37631764E+01    8.54867338E-07   -5.12604435E-07
   2.40606079E+01    7.15281306E-07   -4.28528425E-07
   2.43617621E+01    5.97246779E-07   -3.57507463E-07
   2.46666857E+01    4.97643082E-07   -2.97632732E-07
   2.49754259E+01    4.13768989E-07   -2.47261622E-07
   2.52880305E+01    3.43291024E-07   -2.04975228E-07
   2.56045477E+01    2.84196821E-07   -1.69551829E-07
   2.59250267E+01    2.34755987E-07   -1.39942096E-07
   2.62495169E+01    1.93483034E-07   -1.15246327E-07
   2.65780686E+01    1.59105792E-07   -9.46949295E-08
   2.69107326E+01    1.30536857E-07   -7.76308599E-08
   2.72475603E+01    1.06849374E-07   -6.34947283E-08
   2.75886040E+01    8.72549483E-08   -5.18112524E-08
   2.79339164E+01    7.10844405E-08   -4.21774931E-08
   2.82835508E+01    5.77713401E-08   -3.42526875E-08
   2.86375615E+01    4.68371801E-08   -2.77493438E-08
   2.89960031E+01    3.78787842E-08   -2.24254672E-08
   2.93589311E+01    3.05572982E-08   -1.80778841E-08
   2.97264017E+01    2.45886148E-08   -1.45364224E-08
   3.00984718E+01    1.97351003E-08   -1.16588909E-08
   3.04751989E+01    1.57985408E-08   -9.32680449E-09
   3.08566412E+01    1.26140015E-08   -7.44166808E-09
   3.12428579E+01    1.00446030E-08   -5.92182005E-09
   3.16339087E+01    7.97704510E-09   -4.69973032E-09
   3.20298540E+01    6.31780614E-09   -3.71970981E-09
   3.24307552E+01    4.98988485E-09   -2.93594919E-09
   3.28366743E+01    3.93006513E-09   -2.31087441E-09
   3.32476740E+01    3.08658612E-09   -1.81374770E-09
   3.36638181E+01    2.41719592E-09   -1.41950027E-09
   3.40851707E+01    1.88747856E-09   -1.10773022E-09
   3.45117973E+01    1.46953176E-09   -8.61911230E-10
   3.49437637E+01    1.14072229E-09   -6.68649002E-10
   3.53811367E+01    8.82821963E-10   -5.17165141E-10
   3.58239842E+01    6.81145428E-10   -3.98783224E-10
   3.62723746E+01    5.23920786E-10   -3.06553759E-10
   3.67263772E+01    4.01727258E-10   -2.34919629E-10
   3.71860624E+01    3.07059130E-10   -1.79456834E-10
   3.76515012E+01    2.33947080E-10   -1.36649651E-10
   3.81227656E+01    1.77666681E-10   -1.03717669E-10
   3.85999286E+01    1.34481634E-10   -7.84636394E-11
   3.90830641E+01    1.01455123E-10   -5.91617510E-11
   3.95722467E+01    7.62823009E-11   -4.44585441E-11
   4.00675521E+01    5.71590067E-11   -3.32953260E-11
   4.05690570E+01    4.26823411E-11   -2.48494492E-11
   4.10768390E+01    3.17610616E-11   -1.84814578E-11
   4.15909766E+01    2.35505992E-11   -1.36967821E-11
   4.21115495E+01    1.73999780E-11   -1.01144740E-11
   4.26386381E+01    1.28090729E-11   -7.44205623E-12
   4.31723239E+01    9.39482337E-12   -5.45565777E-12
   4.37126897E+01    6.86501952E-12   -3.98461251E-12
   4.42598189E+01    4.99756286E-12   -2.89928531E-12
   4.48137963E+01    3.62425467E-12   -2.10156243E-12
   4.53747075E+01    2.61813834E-12   -1.51743296E-12
   4.59426393E+01    1.88398344E-12   -1.09141487E-12
   4.65176797E+01    1.35030308E-12   -7.81883919E-13
   4.70999175E+01    9.63932208E-13   -5.57902329E-13
   4.76894429E+01    6.85307621E-13   -3.96460762E-13
   4.82863471E+01    4.85237351E-13   -2.80591356E-13
   4.88907225E+01    3.42142111E-13   -1.97758100E-13
   4.95026625E+01    2.40231535E-13   -1.38793065E-13
   5.01222618E+01    1.67957628E-13   -9.69950900E-14
   5.07496164E+01    1.16915892E-13   -6.74897754E-14
   5.13848232E+01    8.10357833E-14   -4.67582303E-14
   5.20279805E+01    5.59125342E-14   -3.22484737E-14
   5.26791880E+01    3.84116942E-14   -2.21454610E-14
   5.33385462E+01    2.62666530E-14   -1.51373274E-14
   5.40061574E+01    1.78779174E-14   -1.02987986E-14
   5.46821246E+01    1.21124149E-14   -6.97473627E-15
   5.53665526E+01    8.16604240E-15   -4.70043228E-15
   5.60595472E+01    5.48208940E-15   -3.15431009E-15
   5.67612157E+01    3.66077762E-15   -2.10554671E-15
   5.74716666E+01    2.43190209E-15   -1.39821003E-15
   5.81910099E+01    1.60880060E-15   -9.24626885E-16
   5.89193568E+01    1.05855296E-15   -6.08158133E-16
   5.96568200E+01    6.93217333E-16   -3.98120957E-16
   6.04035137E+01    4.50875582E-16   -2.58847053E-16
   6.11595534E+01    2.92547145E-16   -1.67892059E-16
   6.19250561E+01    1.87946922E-16   -1.07823101E-16
   6.27001401E+01    1.20779790E-16   -6.92664039E-17
   6.34849255E+01    7.67689935E-17   -4.40111800E-17
   6.42795336E+01    4.82133252E-17   -2.76301138E-17
   6.50840874E+01    3.06393354E-17   -1.75532560E-17
   6.58987114E+01    1.94382814E-17   -1.11330030E-17
   6.67235316E+01    1.20846573E-17   -6.91902935E-18
   6.75586757E+01    7.47820893E-18   -4.28016211E-18
   6.84042729E+01    4.54527757E-18    0.00000000E+00
   6.92604539E+01    2.73095380E-18    0.00000000E+00
   7.01273514E+01    1.68914134E-18    0.00000000E+00
   7.10050993E+01    1.05760653E-18    0.00000000E+00
   7.18938336E+01    6.37520944E-19    0.00000000E+00
   7.27936917E+01    3.76497725E-19    0.00000000E+00
   7.37048128E+01    2.22791323E-19    0.00000000E+00
   7.46273380E+01    1.26679603E-19    0.00000000E+00
   7.55614100E+01    6.83533979E-20    0.00000000E+00
   7.65071732E+01    3.78719095E-20    0.00000000E+00
   7.74647741E+01    2.44821422E-20    0.00000000E+00
   7.84343608E+01    1.72745765E-20    0.00000000E+00
   7.94160833E+01    1.18173595E-20    0.00000000E+00
   8.04100935E+01    0.00000000E+00    0.00000000E+00
   8.14165453E+01    0.00000000E+00    0.00000000E+00
   8.24355942E+01    0.00000000E+00    0.00000000E+00
   8.34673981E+01    0.00000000E+00    0.00000000E+00
   8.45121166E+01    0.00000000E+00    0.00000000E+00
   8.55699112E+01    0.00000000E+00    0.00000000E+00
   8.66409457E+01    0.00000000E+00    0.00000000E+00
   8.77253858E+01    0.00000000E+00    0.00000000E+00
   8.88233993E+01    0.00000000E+00    0.00000000E+00
   8.99351561E+01    0.00000000E+00    0.00000000E+00
   9.10608281E+01    0.00000000E+00    0.00000000E+00
   9.22005896E+01    0.00000000E+00    0.00000000E+00
   9.33546169E+01    0.00000000E+00    0.00000000E+00
   9.45230886E+01    0.00000000E+00    0.00000000E+00
   9.57061854E+01    0.00000000E+00    0.00000000E+00
   9.69040904E+01    0.00000000E+00    0.00000000E+00
   9.81169890E+01    0.00000000E+00    0.00000000E+00
   9.93450688E+01    0.00000000E+00    0.00000000E+00
   1.00588520E+02    0.00000000E+00    0.00000000E+00
   1.01847535E+02    0.00000000E+00    0.00000000E+00
   1.03122308E+02    0.00000000E+00    0.00000000E+00
   1.04413037E+02    0.00000000E+00    0.00000000E+00
   1.05719921E+02    0.00000000E+00    0.00000000E+00
   1.07043163E+02    0.00000000E+00    0.00000000E+00
   1.08382967E+02    0.00000000E+00    0.00000000E+00
   1.09739541E+02    0.00000000E+00    0.00000000E+00
   1.11113094E+02    0.00000000E+00    0.00000000E+00
   1.12503839E+02    0.00000000E+00    0.00000000E+00
   1.13911992E+02    0.00000000E+00    0.00000000E+00
   1.15337770E+02    0.00000000E+00    0.00000000E+00
   1.16781393E+02    0.00000000E+00    0.00000000E+00
   1.18243086E+02    0.00000000E+00    0.00000000E+00
   1.19723073E+02    0.00000000E+00    0.00000000E+00
   1.21221585E+02    0.00000000E+00    0.00000000E+00
   1.22738854E+02    0.00000000E+00    0.00000000E+00
   1.24275113E+02    0.00000000E+00    0.00000000E+00
   1.25830600E+02    0.00000000E+00    0.00000000E+00
   1.27405557E+02    0.00000000E+00    0.00000000E+00
   1.29000227E+02    0.00000000E+00    0.00000000E+00
   1.30614856E+02    0.00000000E+00    0.00000000E+00
   1.32249695E+02    0.00000000E+00    0.00000000E+00
   1.33904996E+02    0.00000000E+00    0.00000000E+00
   1.35581016E+02    0.00000000E+00    0.00000000E+00
   1.37278014E+02    0.00000000E+00    0.00000000E+00
   1.38996252E+02    0.00000000E+00    0.00000000E+00
   1.40735997E+02    0.00000000E+00    0.00000000E+00
   1.42497517E+02    0.00000000E+00    0.00000000E+00
   1.44281085E+02    0.00000000E+00    0.00000000E+00
   1.46086977E+02    0.00000000E+00    0.00000000E+00
   1.47915472E+02    0.00000000E+00    0.00000000E+00
   1.49766854E+02    0.00000000E+00    0.00000000E+00
   1.51641409E+02    0.00000000E+00    0.00000000E+00
   1.53539426E+02    0.00000000E+00    0.00000000E+00
   1.55461200E+02    0.00000000E+00    0.00000000E+00
   1.57407028E+02    0.00000000E+00    0.00000000E+00
   1.59377211E+02    0.00000000E+00    0.00000000E+00
   1.61372053E+02    0.00000000E+00    0.00000000E+00
   1.63391864E+02    0.00000000E+00    0.00000000E+00
   1.65436956E+02    0.00000000E+00    0.00000000E+00
   1.67507645E+02    0.00000000E+00    0.00000000E+00
   1.69604252E+02    0.00000000E+00    0.00000000E+00
   1.71727101E+02    0.00000000E+00    0.00000000E+00
   1.73876521E+02    0.00000000E+00    0.00000000E+00
   1.76052844E+02    0.00000000E+00    0.00000000E+00
   1.78256406E+02    0.00000000E+00    0.00000000E+00
   1.80487550E+02    0.00000000E+00    0.00000000E+00
   1.82746620E+02    0.00000000E+00    0.00000000E+00
   1.85033965E+02    0.00000000E+00    0.00000000E+00
   1.87349940E+02    0.00000000E+00    0.00000000E+00
