# Peaks:     0.012093      0.092644  
   7.48331458E-05   -4.65541932E+02    5.52121536E+05
   7.56351765E-05   -4.65111317E+02    5.46372237E+05
   7.64458030E-05   -4.64676663E+02    5.40683178E+05
   7.72651175E-05   -4.64238532E+02    5.35053149E+05
   7.80932130E-05   -4.63797524E+02    5.29480936E+05
   7.89301837E-05   -4.63354281E+02    5.23965314E+05
   7.97761247E-05   -4.62909483E+02    5.18505055E+05
   8.06311322E-05   -4.62463858E+02    5.13098920E+05
   8.14953033E-05   -4.62018177E+02    5.07745662E+05
   8.23687362E-05   -4.61573255E+02    5.02444031E+05
   8.32515302E-05   -4.61129577E+02    4.97193171E+05
   8.41437856E-05   -4.60687023E+02    4.91992896E+05
   8.50456038E-05   -4.60245399E+02    4.86843099E+05
   8.59570874E-05   -4.59804491E+02    4.81743691E+05
   8.68783398E-05   -4.59364070E+02    4.76694601E+05
   8.78094659E-05   -4.58923887E+02    4.71695774E+05
   8.87505714E-05   -4.58483671E+02    4.66747175E+05
   8.97017633E-05   -4.58043136E+02    4.61848784E+05
   9.06631496E-05   -4.57602125E+02    4.57000405E+05
   9.16348397E-05   -4.57160697E+02    4.52201575E+05
   9.26169440E-05   -4.56718930E+02    4.47451815E+05
   9.36095740E-05   -4.56276904E+02    4.42750654E+05
   9.46128426E-05   -4.55834702E+02    4.38097627E+05
   9.56268639E-05   -4.55392409E+02    4.33492276E+05
   9.66517530E-05   -4.54950113E+02    4.28934153E+05
   9.76876265E-05   -4.54507886E+02    4.24422823E+05
   9.87346020E-05   -4.54065733E+02    4.19957897E+05
   9.97927986E-05   -4.53623643E+02    4.15539002E+05
   1.00862336E-04   -4.53181597E+02    4.11165773E+05
   1.01943337E-04   -4.52739573E+02    4.06837855E+05
   1.03035924E-04   -4.52297544E+02    4.02554899E+05
   1.04140220E-04   -4.51855479E+02    3.98316569E+05
   1.05256352E-04   -4.51413343E+02    3.94122529E+05
   1.06384446E-04   -4.50971129E+02    3.89972406E+05
   1.07524630E-04   -4.50528849E+02    3.85865800E+05
   1.08677035E-04   -4.50086516E+02    3.81802316E+05
   1.09841790E-04   -4.49644139E+02    3.77781566E+05
   1.11019029E-04   -4.49201724E+02    3.73803166E+05
   1.12208885E-04   -4.48759275E+02    3.69866744E+05
   1.13411493E-04   -4.48316792E+02    3.65971930E+05
   1.14626991E-04   -4.47874277E+02    3.62118353E+05
   1.15855515E-04   -4.47431736E+02    3.58305630E+05
   1.17097207E-04   -4.46989172E+02    3.54533383E+05
   1.18352206E-04   -4.46546588E+02    3.50801236E+05
   1.19620656E-04   -4.46103979E+02    3.47108824E+05
   1.20902701E-04   -4.45661342E+02    3.43455784E+05
   1.22198486E-04   -4.45218666E+02    3.39841760E+05
   1.23508158E-04   -4.44775940E+02    3.36266402E+05
   1.24831868E-04   -4.44333165E+02    3.32729343E+05
   1.26169764E-04   -4.43890349E+02    3.29230213E+05
   1.27521999E-04   -4.43447495E+02    3.25768647E+05
   1.28888727E-04   -4.43004607E+02    3.22344284E+05
   1.30270103E-04   -4.42561682E+02    3.18956768E+05
   1.31666284E-04   -4.42118716E+02    3.15605750E+05
   1.33077429E-04   -4.41675700E+02    3.12290883E+05
   1.34503698E-04   -4.41232628E+02    3.09011823E+05
   1.35945253E-04   -4.40789505E+02    3.05768217E+05
   1.37402258E-04   -4.40346335E+02    3.02559713E+05
   1.38874878E-04   -4.39903123E+02    2.99385963E+05
   1.40363281E-04   -4.39459866E+02    2.96246627E+05
   1.41867637E-04   -4.39016561E+02    2.93141365E+05
   1.43388116E-04   -4.38573202E+02    2.90069843E+05
   1.44924890E-04   -4.38129776E+02    2.87031732E+05
   1.46478135E-04   -4.37686279E+02    2.84026700E+05
   1.48048027E-04   -4.37242717E+02    2.81054413E+05
   1.49634744E-04   -4.36799096E+02    2.78114539E+05
   1.51238468E-04   -4.36355416E+02    2.75206750E+05
   1.52859379E-04   -4.35911676E+02    2.72330720E+05
   1.54497662E-04   -4.35467871E+02    2.69486131E+05
   1.56153504E-04   -4.35023993E+02    2.66672665E+05
   1.57827093E-04   -4.34580029E+02    2.63890008E+05
   1.59518618E-04   -4.34135978E+02    2.61137848E+05
   1.61228273E-04   -4.33691846E+02    2.58415868E+05
   1.62956251E-04   -4.33247635E+02    2.55723757E+05
   1.64702748E-04   -4.32803347E+02    2.53061208E+05
   1.66467964E-04   -4.32358980E+02    2.50427914E+05
   1.68252099E-04   -4.31914527E+02    2.47823575E+05
   1.70055355E-04   -4.31469980E+02    2.45247892E+05
   1.71877938E-04   -4.31025324E+02    2.42700568E+05
   1.73720054E-04   -4.30580559E+02    2.40181310E+05
   1.75581914E-04   -4.30135691E+02    2.37689823E+05
   1.77463728E-04   -4.29690721E+02    2.35225816E+05
   1.79365711E-04   -4.29245651E+02    2.32789000E+05
   1.81288078E-04   -4.28800478E+02    2.30379090E+05
   1.83231049E-04   -4.28355195E+02    2.27995803E+05
   1.85194843E-04   -4.27909792E+02    2.25638860E+05
   1.87179685E-04   -4.27464256E+02    2.23307982E+05
   1.89185799E-04   -4.27018585E+02    2.21002894E+05
   1.91213414E-04   -4.26572782E+02    2.18723324E+05
   1.93262761E-04   -4.26126851E+02    2.16468999E+05
   1.95334071E-04   -4.25680792E+02    2.14239651E+05
   1.97427581E-04   -4.25234603E+02    2.12035014E+05
   1.99543528E-04   -4.24788276E+02    2.09854824E+05
   2.01682152E-04   -4.24341802E+02    2.07698820E+05
   2.03843698E-04   -4.23895167E+02    2.05566743E+05
   2.06028411E-04   -4.23448364E+02    2.03458336E+05
   2.08236538E-04   -4.23001399E+02    2.01373346E+05
   2.10468331E-04   -4.22554273E+02    1.99311521E+05
   2.12724043E-04   -4.22106988E+02    1.97272612E+05
   2.15003931E-04   -4.21659541E+02    1.95256372E+05
   2.17308254E-04   -4.21211926E+02    1.93262556E+05
   2.19637274E-04   -4.20764132E+02    1.91290921E+05
   2.21991256E-04   -4.20316147E+02    1.89341225E+05
   2.24370466E-04   -4.19867959E+02    1.87413232E+05
   2.26775176E-04   -4.19419571E+02    1.85506705E+05
   2.29205658E-04   -4.18970986E+02    1.83621413E+05
   2.31662189E-04   -4.18522207E+02    1.81757124E+05
   2.34145049E-04   -4.18073229E+02    1.79913611E+05
   2.36654518E-04   -4.17624048E+02    1.78090646E+05
   2.39190883E-04   -4.17174655E+02    1.76288005E+05
   2.41754432E-04   -4.16725036E+02    1.74505463E+05
   2.44345456E-04   -4.16275177E+02    1.72742801E+05
   2.46964250E-04   -4.15825076E+02    1.70999800E+05
   2.49611110E-04   -4.15374738E+02    1.69276246E+05
   2.52286339E-04   -4.14924164E+02    1.67571927E+05
   2.54990239E-04   -4.14473352E+02    1.65886632E+05
   2.57723119E-04   -4.14022297E+02    1.64220150E+05
   2.60485289E-04   -4.13570992E+02    1.62572276E+05
   2.63277062E-04   -4.13119425E+02    1.60942802E+05
   2.66098756E-04   -4.12667580E+02    1.59331524E+05
   2.68950693E-04   -4.12215447E+02    1.57738239E+05
   2.71833195E-04   -4.11763029E+02    1.56162752E+05
   2.74746590E-04   -4.11310329E+02    1.54604866E+05
   2.77691211E-04   -4.10857347E+02    1.53064387E+05
   2.80667390E-04   -4.10404079E+02    1.51541122E+05
   2.83675467E-04   -4.09950517E+02    1.50034881E+05
   2.86715783E-04   -4.09496652E+02    1.48545472E+05
   2.89788684E-04   -4.09042470E+02    1.47072709E+05
   2.92894519E-04   -4.08587954E+02    1.45616403E+05
   2.96033641E-04   -4.08133101E+02    1.44176373E+05
   2.99206407E-04   -4.07677914E+02    1.42752439E+05
   3.02413178E-04   -4.07222394E+02    1.41344422E+05
   3.05654317E-04   -4.06766539E+02    1.39952146E+05
   3.08930193E-04   -4.06310343E+02    1.38575435E+05
   3.12241179E-04   -4.05853799E+02    1.37214114E+05
   3.15587651E-04   -4.05396893E+02    1.35868012E+05
   3.18969988E-04   -4.04939610E+02    1.34536955E+05
   3.22388577E-04   -4.04481934E+02    1.33220773E+05
   3.25843804E-04   -4.04023867E+02    1.31919302E+05
   3.29336063E-04   -4.03565410E+02    1.30632378E+05
   3.32865750E-04   -4.03106563E+02    1.29359839E+05
   3.36433267E-04   -4.02647322E+02    1.28101524E+05
   3.40039020E-04   -4.02187681E+02    1.26857274E+05
   3.43683417E-04   -4.01727629E+02    1.25626930E+05
   3.47366874E-04   -4.01267152E+02    1.24410334E+05
   3.51089808E-04   -4.00806234E+02    1.23207329E+05
   3.54852643E-04   -4.00344862E+02    1.22017761E+05
   3.58655807E-04   -3.99883036E+02    1.20841481E+05
   3.62499731E-04   -3.99420759E+02    1.19678341E+05
   3.66384853E-04   -3.98958028E+02    1.18528193E+05
   3.70311614E-04   -3.98494838E+02    1.17390892E+05
   3.74280461E-04   -3.98031183E+02    1.16266292E+05
   3.78291844E-04   -3.97567050E+02    1.15154249E+05
   3.82346219E-04   -3.97102425E+02    1.14054619E+05
   3.86444048E-04   -3.96637289E+02    1.12967261E+05
   3.90585795E-04   -3.96171631E+02    1.11892034E+05
   3.94771932E-04   -3.95705451E+02    1.10828803E+05
   3.99002934E-04   -3.95238751E+02    1.09777434E+05
   4.03279282E-04   -3.94771527E+02    1.08737794E+05
   4.07601462E-04   -3.94303774E+02    1.07709749E+05
   4.11969966E-04   -3.93835484E+02    1.06693169E+05
   4.16385289E-04   -3.93366645E+02    1.05687923E+05
   4.20847934E-04   -3.92897240E+02    1.04693880E+05
   4.25358408E-04   -3.92427251E+02    1.03710910E+05
   4.29917223E-04   -3.91956664E+02    1.02738888E+05
   4.34524898E-04   -3.91485481E+02    1.01777691E+05
   4.39181956E-04   -3.91013701E+02    1.00827197E+05
   4.43888926E-04   -3.90541322E+02    9.98872853E+04
   4.48646344E-04   -3.90068337E+02    9.89578362E+04
   4.53454750E-04   -3.89594736E+02    9.80387304E+04
   4.58314690E-04   -3.89120509E+02    9.71298491E+04
   4.63226717E-04   -3.88645637E+02    9.62310746E+04
   4.68191389E-04   -3.88170102E+02    9.53422893E+04
   4.73209270E-04   -3.87693889E+02    9.44633783E+04
   4.78280931E-04   -3.87216996E+02    9.35942306E+04
   4.83406948E-04   -3.86739424E+02    9.27347363E+04
   4.88587904E-04   -3.86261169E+02    9.18847863E+04
   4.93824387E-04   -3.85782225E+02    9.10442721E+04
   4.99116992E-04   -3.85302581E+02    9.02130858E+04
   5.04466321E-04   -3.84822226E+02    8.93911199E+04
   5.09872982E-04   -3.84341143E+02    8.85782678E+04
   5.15337590E-04   -3.83859311E+02    8.77744232E+04
   5.20860764E-04   -3.83376713E+02    8.69794813E+04
   5.26443134E-04   -3.82893346E+02    8.61933416E+04
   5.32085334E-04   -3.82409208E+02    8.54159049E+04
   5.37788004E-04   -3.81924298E+02    8.46470726E+04
   5.43551793E-04   -3.81438606E+02    8.38867467E+04
   5.49377356E-04   -3.80952125E+02    8.31348296E+04
   5.55265355E-04   -3.80464842E+02    8.23912242E+04
   5.61216459E-04   -3.79976739E+02    8.16558340E+04
   5.67231345E-04   -3.79487796E+02    8.09285630E+04
   5.73310695E-04   -3.78997993E+02    8.02093158E+04
   5.79455202E-04   -3.78507323E+02    7.94980010E+04
   5.85665563E-04   -3.78015785E+02    7.87945292E+04
   5.91942484E-04   -3.77523375E+02    7.80988113E+04
   5.98286678E-04   -3.77030086E+02    7.74107588E+04
   6.04698867E-04   -3.76535909E+02    7.67302837E+04
   6.11179779E-04   -3.76040830E+02    7.60572982E+04
   6.17730151E-04   -3.75544834E+02    7.53917153E+04
   6.24350727E-04   -3.75047901E+02    7.47334480E+04
   6.31042259E-04   -3.74550007E+02    7.40824099E+04
   6.37805509E-04   -3.74051140E+02    7.34385176E+04
   6.44641244E-04   -3.73551299E+02    7.28016900E+04
   6.51550242E-04   -3.73050478E+02    7.21718472E+04
   6.58533287E-04   -3.72548673E+02    7.15489091E+04
   6.65591174E-04   -3.72045872E+02    7.09327964E+04
   6.72724705E-04   -3.71542064E+02    7.03234301E+04
   6.79934690E-04   -3.71037234E+02    6.97207313E+04
   6.87221948E-04   -3.70531360E+02    6.91246219E+04
   6.94587308E-04   -3.70024421E+02    6.85350236E+04
   7.02031607E-04   -3.69516395E+02    6.79518597E+04
   7.09555691E-04   -3.69007279E+02    6.73750570E+04
   7.17160415E-04   -3.68497069E+02    6.68045433E+04
   7.24846644E-04   -3.67985757E+02    6.62402465E+04
   7.32615250E-04   -3.67473336E+02    6.56820951E+04
   7.40467117E-04   -3.66959792E+02    6.51300178E+04
   7.48403137E-04   -3.66445110E+02    6.45839437E+04
   7.56424211E-04   -3.65929272E+02    6.40438021E+04
   7.64531253E-04   -3.65412254E+02    6.35095225E+04
   7.72725182E-04   -3.64894033E+02    6.29810350E+04
   7.81006931E-04   -3.64374596E+02    6.24582725E+04
   7.89377439E-04   -3.63853940E+02    6.19411699E+04
   7.97837660E-04   -3.63332059E+02    6.14296624E+04
   8.06388553E-04   -3.62808943E+02    6.09236856E+04
   8.15031092E-04   -3.62284582E+02    6.04231751E+04
   8.23766258E-04   -3.61758959E+02    5.99280672E+04
   8.32595043E-04   -3.61232057E+02    5.94382982E+04
   8.41518452E-04   -3.60703853E+02    5.89538044E+04
   8.50537498E-04   -3.60174324E+02    5.84745227E+04
   8.59653207E-04   -3.59643446E+02    5.80003910E+04
   8.68866614E-04   -3.59111215E+02    5.75313505E+04
   8.78178766E-04   -3.58577623E+02    5.70673427E+04
   8.87590723E-04   -3.58042662E+02    5.66083098E+04
   8.97103552E-04   -3.57506322E+02    5.61541938E+04
   9.06718337E-04   -3.56968587E+02    5.57049372E+04
   9.16436168E-04   -3.56429440E+02    5.52604827E+04
   9.26258152E-04   -3.55888860E+02    5.48207730E+04
   9.36185403E-04   -3.55346823E+02    5.43857512E+04
   9.46219050E-04   -3.54803302E+02    5.39553605E+04
   9.56360234E-04   -3.54258281E+02    5.35295466E+04
   9.66610107E-04   -3.53711756E+02    5.31082572E+04
   9.76969834E-04   -3.53163718E+02    5.26914400E+04
   9.87440592E-04   -3.52614157E+02    5.22790430E+04
   9.98023571E-04   -3.52063057E+02    5.18710145E+04
   1.00871997E-03   -3.51510403E+02    5.14673026E+04
   1.01953102E-03   -3.50956175E+02    5.10678561E+04
   1.03045793E-03   -3.50400349E+02    5.06726236E+04
   1.04150195E-03   -3.49842897E+02    5.02815537E+04
   1.05266434E-03   -3.49283795E+02    4.98945961E+04
   1.06394636E-03   -3.48723032E+02    4.95117032E+04
   1.07534929E-03   -3.48160601E+02    4.91328279E+04
   1.08687444E-03   -3.47596492E+02    4.87579235E+04
   1.09852311E-03   -3.47030691E+02    4.83869434E+04
   1.11029663E-03   -3.46463181E+02    4.80198411E+04
   1.12219633E-03   -3.45893944E+02    4.76565704E+04
   1.13422356E-03   -3.45322958E+02    4.72970849E+04
   1.14637970E-03   -3.44750195E+02    4.69413387E+04
   1.15866612E-03   -3.44175627E+02    4.65892855E+04
   1.17108423E-03   -3.43599233E+02    4.62408813E+04
   1.18363542E-03   -3.43021005E+02    4.58960836E+04
   1.19632114E-03   -3.42440934E+02    4.55548505E+04
   1.20914281E-03   -3.41859006E+02    4.52171399E+04
   1.22210190E-03   -3.41275205E+02    4.48829102E+04
   1.23519989E-03   -3.40689514E+02    4.45521197E+04
   1.24843825E-03   -3.40101911E+02    4.42247268E+04
   1.26181849E-03   -3.39512370E+02    4.39006898E+04
   1.27534214E-03   -3.38920863E+02    4.35799675E+04
   1.28901073E-03   -3.38327360E+02    4.32625186E+04
   1.30282581E-03   -3.37731846E+02    4.29483043E+04
   1.31678896E-03   -3.37134311E+02    4.26372866E+04
   1.33090176E-03   -3.36534742E+02    4.23294281E+04
   1.34516581E-03   -3.35933126E+02    4.20246911E+04
   1.35958274E-03   -3.35329444E+02    4.17230382E+04
   1.37415418E-03   -3.34723676E+02    4.14244319E+04
   1.38888180E-03   -3.34115797E+02    4.11288349E+04
   1.40376726E-03   -3.33505781E+02    4.08362099E+04
   1.41881226E-03   -3.32893597E+02    4.05465196E+04
   1.43401850E-03   -3.32279216E+02    4.02597275E+04
   1.44938771E-03   -3.31662626E+02    3.99757992E+04
   1.46492165E-03   -3.31043815E+02    3.96947010E+04
   1.48062208E-03   -3.30422770E+02    3.94163990E+04
   1.49649077E-03   -3.29799472E+02    3.91408595E+04
   1.51252954E-03   -3.29173903E+02    3.88680489E+04
   1.52874020E-03   -3.28546039E+02    3.85979337E+04
   1.54512461E-03   -3.27915855E+02    3.83304802E+04
   1.56168461E-03   -3.27283319E+02    3.80656548E+04
   1.57842210E-03   -3.26648401E+02    3.78034241E+04
   1.59533898E-03   -3.26011075E+02    3.75437558E+04
   1.61243716E-03   -3.25371330E+02    3.72866196E+04
   1.62971859E-03   -3.24729153E+02    3.70319850E+04
   1.64718524E-03   -3.24084526E+02    3.67798218E+04
   1.66483909E-03   -3.23437432E+02    3.65300997E+04
   1.68268215E-03   -3.22787847E+02    3.62827885E+04
   1.70071644E-03   -3.22135747E+02    3.60378579E+04
   1.71894401E-03   -3.21481104E+02    3.57952779E+04
   1.73736694E-03   -3.20823886E+02    3.55550180E+04
   1.75598732E-03   -3.20164058E+02    3.53170483E+04
   1.77480726E-03   -3.19501602E+02    3.50813406E+04
   1.79382891E-03   -3.18836505E+02    3.48478674E+04
   1.81305443E-03   -3.18168750E+02    3.46166017E+04
   1.83248600E-03   -3.17498319E+02    3.43875163E+04
   1.85212582E-03   -3.16825193E+02    3.41605838E+04
   1.87197614E-03   -3.16149346E+02    3.39357773E+04
   1.89203920E-03   -3.15470751E+02    3.37130695E+04
   1.91231730E-03   -3.14789380E+02    3.34924333E+04
   1.93281272E-03   -3.14105197E+02    3.32738413E+04
   1.95352781E-03   -3.13418170E+02    3.30572668E+04
   1.97446491E-03   -3.12728282E+02    3.28426848E+04
   1.99562641E-03   -3.12035519E+02    3.26300709E+04
   2.01701470E-03   -3.11339862E+02    3.24194007E+04
   2.03863223E-03   -3.10641293E+02    3.22106496E+04
   2.06048145E-03   -3.09939788E+02    3.20037933E+04
   2.08256483E-03   -3.09235322E+02    3.17988074E+04
   2.10488490E-03   -3.08527865E+02    3.15956673E+04
   2.12744419E-03   -3.07817386E+02    3.13943486E+04
   2.15024525E-03   -3.07103850E+02    3.11948266E+04
   2.17329069E-03   -3.06387226E+02    3.09970777E+04
   2.19658312E-03   -3.05667499E+02    3.08010798E+04
   2.22012519E-03   -3.04944653E+02    3.06068108E+04
   2.24391957E-03   -3.04218669E+02    3.04142488E+04
   2.26796897E-03   -3.03489524E+02    3.02233719E+04
   2.29227612E-03   -3.02757196E+02    3.00341580E+04
   2.31684379E-03   -3.02021655E+02    2.98465852E+04
   2.34167476E-03   -3.01282873E+02    2.96606313E+04
   2.36677186E-03   -3.00540814E+02    2.94762741E+04
   2.39213794E-03   -2.99795442E+02    2.92934916E+04
   2.41777588E-03   -2.99046732E+02    2.91122630E+04
   2.44368861E-03   -2.98294669E+02    2.89325685E+04
   2.46987905E-03   -2.97539235E+02    2.87543882E+04
   2.49635019E-03   -2.96780410E+02    2.85777026E+04
   2.52310504E-03   -2.96018170E+02    2.84024918E+04
   2.55014663E-03   -2.95252489E+02    2.82287360E+04
   2.57747805E-03   -2.94483339E+02    2.80564154E+04
   2.60510239E-03   -2.93710688E+02    2.78855099E+04
   2.63302280E-03   -2.92934500E+02    2.77159996E+04
   2.66124244E-03   -2.92154739E+02    2.75478646E+04
   2.68976454E-03   -2.91371385E+02    2.73810866E+04
   2.71859232E-03   -2.90584420E+02    2.72156479E+04
   2.74772907E-03   -2.89793827E+02    2.70515307E+04
   2.77717809E-03   -2.88999583E+02    2.68887173E+04
   2.80694273E-03   -2.88201664E+02    2.67271899E+04
   2.83702638E-03   -2.87400044E+02    2.65669306E+04
   2.86743246E-03   -2.86594693E+02    2.64079214E+04
   2.89816441E-03   -2.85785578E+02    2.62501444E+04
   2.92922574E-03   -2.84972662E+02    2.60935815E+04
   2.96061996E-03   -2.84155913E+02    2.59382149E+04
   2.99235066E-03   -2.83335310E+02    2.57840285E+04
   3.02442144E-03   -2.82510838E+02    2.56310064E+04
   3.05683593E-03   -2.81682476E+02    2.54791326E+04
   3.08959784E-03   -2.80850203E+02    2.53283910E+04
   3.12271087E-03   -2.80013993E+02    2.51787658E+04
   3.15617879E-03   -2.79173821E+02    2.50302407E+04
   3.19000541E-03   -2.78329654E+02    2.48827996E+04
   3.22419456E-03   -2.77481460E+02    2.47364261E+04
   3.25875014E-03   -2.76629201E+02    2.45911039E+04
   3.29367608E-03   -2.75772849E+02    2.44468174E+04
   3.32897633E-03   -2.74912387E+02    2.43035522E+04
   3.36465492E-03   -2.74047797E+02    2.41612941E+04
   3.40071590E-03   -2.73179059E+02    2.40200286E+04
   3.43716337E-03   -2.72306151E+02    2.38797413E+04
   3.47400146E-03   -2.71429050E+02    2.37404179E+04
   3.51123437E-03   -2.70547726E+02    2.36020437E+04
   3.54886632E-03   -2.69662149E+02    2.34646041E+04
   3.58690160E-03   -2.68772286E+02    2.33280844E+04
   3.62534453E-03   -2.67878100E+02    2.31924699E+04
   3.66419947E-03   -2.66979567E+02    2.30577467E+04
   3.70347084E-03   -2.66076673E+02    2.29239021E+04
   3.74316311E-03   -2.65169399E+02    2.27909233E+04
   3.78328078E-03   -2.64257727E+02    2.26587973E+04
   3.82382842E-03   -2.63341635E+02    2.25275113E+04
   3.86481063E-03   -2.62421099E+02    2.23970523E+04
   3.90623207E-03   -2.61496093E+02    2.22674070E+04
   3.94809744E-03   -2.60566586E+02    2.21385624E+04
   3.99041152E-03   -2.59632545E+02    2.20105051E+04
   4.03317909E-03   -2.58693936E+02    2.18832218E+04
   4.07640504E-03   -2.57750739E+02    2.17567004E+04
   4.12009426E-03   -2.56802939E+02    2.16309295E+04
   4.16425172E-03   -2.55850522E+02    2.15058976E+04
   4.20888245E-03   -2.54893470E+02    2.13815931E+04
   4.25399151E-03   -2.53931762E+02    2.12580046E+04
   4.29958403E-03   -2.52965377E+02    2.11351202E+04
   4.34566519E-03   -2.51994289E+02    2.10129283E+04
   4.39224023E-03   -2.51018470E+02    2.08914169E+04
   4.43931444E-03   -2.50037889E+02    2.07705742E+04
   4.48689317E-03   -2.49052514E+02    2.06503880E+04
   4.53498183E-03   -2.48062329E+02    2.05308478E+04
   4.58358589E-03   -2.47067322E+02    2.04119434E+04
   4.63271087E-03   -2.46067480E+02    2.02936645E+04
   4.68236234E-03   -2.45062789E+02    2.01760010E+04
   4.73254596E-03   -2.44053231E+02    2.00589424E+04
   4.78326743E-03   -2.43038786E+02    1.99424783E+04
   4.83453251E-03   -2.42019431E+02    1.98265981E+04
   4.88634703E-03   -2.40995143E+02    1.97112913E+04
   4.93871687E-03   -2.39965891E+02    1.95965471E+04
   4.99164799E-03   -2.38931650E+02    1.94823548E+04
   5.04514641E-03   -2.37892405E+02    1.93687050E+04
   5.09921820E-03   -2.36848149E+02    1.92555887E+04
   5.15386951E-03   -2.35798873E+02    1.91429968E+04
   5.20910654E-03   -2.34744565E+02    1.90309202E+04
   5.26493559E-03   -2.33685211E+02    1.89193498E+04
   5.32136299E-03   -2.32620796E+02    1.88082763E+04
   5.37839515E-03   -2.31551301E+02    1.86976903E+04
   5.43603857E-03   -2.30476705E+02    1.85875823E+04
   5.49429978E-03   -2.29396984E+02    1.84779427E+04
   5.55318541E-03   -2.28312115E+02    1.83687620E+04
   5.61270215E-03   -2.27222091E+02    1.82600322E+04
   5.67285676E-03   -2.26126911E+02    1.81517452E+04
   5.73365609E-03   -2.25026567E+02    1.80438931E+04
   5.79510704E-03   -2.23921055E+02    1.79364680E+04
   5.85721660E-03   -2.22810364E+02    1.78294616E+04
   5.91999182E-03   -2.21694483E+02    1.77228658E+04
   5.98343984E-03   -2.20573400E+02    1.76166723E+04
   6.04756787E-03   -2.19447098E+02    1.75108727E+04
   6.11238320E-03   -2.18315557E+02    1.74054584E+04
   6.17789319E-03   -2.17178765E+02    1.73004214E+04
   6.24410529E-03   -2.16036722E+02    1.71957546E+04
   6.31102703E-03   -2.14889432E+02    1.70914512E+04
   6.37866600E-03   -2.13736894E+02    1.69875042E+04
   6.44702990E-03   -2.12579107E+02    1.68839066E+04
   6.51612650E-03   -2.11416069E+02    1.67806513E+04
   6.58596364E-03   -2.10247775E+02    1.66777312E+04
   6.65654927E-03   -2.09074216E+02    1.65751390E+04
   6.72789141E-03   -2.07895383E+02    1.64728672E+04
   6.79999817E-03   -2.06711264E+02    1.63709084E+04
   6.87287773E-03   -2.05521856E+02    1.62692558E+04
   6.94653839E-03   -2.04327171E+02    1.61679035E+04
   7.02098851E-03   -2.03127217E+02    1.60668458E+04
   7.09623655E-03   -2.01922005E+02    1.59660767E+04
   7.17229108E-03   -2.00711540E+02    1.58655902E+04
   7.24916072E-03   -1.99495827E+02    1.57653802E+04
   7.32685423E-03   -1.98274870E+02    1.56654406E+04
   7.40538041E-03   -1.97048668E+02    1.55657652E+04
   7.48474821E-03   -1.95817220E+02    1.54663475E+04
   7.56496665E-03   -1.94580523E+02    1.53671810E+04
   7.64604483E-03   -1.93338584E+02    1.52682601E+04
   7.72799197E-03   -1.92091422E+02    1.51695799E+04
   7.81081738E-03   -1.90839058E+02    1.50711357E+04
   7.89453049E-03   -1.89581510E+02    1.49729226E+04
   7.97914080E-03   -1.88318797E+02    1.48749356E+04
   8.06465792E-03   -1.87050932E+02    1.47771698E+04
   8.15109159E-03   -1.85777931E+02    1.46796201E+04
   8.23845161E-03   -1.84499804E+02    1.45822813E+04
   8.32674792E-03   -1.83216562E+02    1.44851481E+04
   8.41599056E-03   -1.81928212E+02    1.43882151E+04
   8.50618966E-03   -1.80634768E+02    1.42914774E+04
   8.59735548E-03   -1.79336262E+02    1.41949312E+04
   8.68949837E-03   -1.78032726E+02    1.40985727E+04
   8.78262882E-03   -1.76724192E+02    1.40023983E+04
   8.87675740E-03   -1.75410688E+02    1.39064040E+04
   8.97189481E-03   -1.74092243E+02    1.38105858E+04
   9.06805186E-03   -1.72768883E+02    1.37149399E+04
   9.16523948E-03   -1.71440632E+02    1.36194620E+04
   9.26346872E-03   -1.70107515E+02    1.35241479E+04
   9.36275074E-03   -1.68769551E+02    1.34289934E+04
   9.46309683E-03   -1.67426770E+02    1.33339947E+04
   9.56451838E-03   -1.66079217E+02    1.32391491E+04
   9.66702693E-03   -1.64726937E+02    1.31444537E+04
   9.77063412E-03   -1.63369975E+02    1.30499059E+04
   9.87535173E-03   -1.62008372E+02    1.29555028E+04
   9.98119166E-03   -1.60642170E+02    1.28612414E+04
   1.00881659E-02   -1.59271410E+02    1.27671187E+04
   1.01962867E-02   -1.57896129E+02    1.26731316E+04
   1.03055663E-02   -1.56516363E+02    1.25792769E+04
   1.04160171E-02   -1.55132148E+02    1.24855513E+04
   1.05276516E-02   -1.53743535E+02    1.23919526E+04
   1.06404827E-02   -1.52350588E+02    1.22984792E+04
   1.07545229E-02   -1.50953368E+02    1.22051295E+04
   1.08697855E-02   -1.49551936E+02    1.21119019E+04
   1.09862833E-02   -1.48146354E+02    1.20187948E+04
   1.11040298E-02   -1.46736680E+02    1.19258062E+04
   1.12230381E-02   -1.45322971E+02    1.18329345E+04
   1.13433220E-02   -1.43905284E+02    1.17401775E+04
   1.14648951E-02   -1.42483673E+02    1.16475334E+04
   1.15877710E-02   -1.41058191E+02    1.15549999E+04
   1.17119640E-02   -1.39628896E+02    1.14625752E+04
   1.18374880E-02   -1.38195867E+02    1.13702588E+04
   1.19643573E-02   -1.36759183E+02    1.12780501E+04
   1.20925863E-02   -1.35318920E+02    1.11859485E+04
   1.22221896E-02   -1.33875158E+02    1.10939533E+04
   1.23531820E-02   -1.32427970E+02    1.10020638E+04
   1.24855783E-02   -1.30977433E+02    1.09102791E+04
   1.26193935E-02   -1.29523619E+02    1.08185983E+04
   1.27546430E-02   -1.28066600E+02    1.07270205E+04
   1.28913419E-02   -1.26606467E+02    1.06355457E+04
   1.30295060E-02   -1.25143316E+02    1.05441743E+04
   1.31691508E-02   -1.23677243E+02    1.04529069E+04
   1.33102923E-02   -1.22208344E+02    1.03617438E+04
   1.34529465E-02   -1.20736713E+02    1.02706853E+04
   1.35971297E-02   -1.19262443E+02    1.01797316E+04
   1.37428581E-02   -1.17785626E+02    1.00888829E+04
   1.38901483E-02   -1.16306352E+02    9.99813910E+03
   1.40390172E-02   -1.14824709E+02    9.90750024E+03
   1.41894816E-02   -1.13340800E+02    9.81696706E+03
   1.43415585E-02   -1.11854741E+02    9.72654110E+03
   1.44952654E-02   -1.10366649E+02    9.63622385E+03
   1.46506197E-02   -1.08876638E+02    9.54601675E+03
   1.48076389E-02   -1.07384822E+02    9.45592116E+03
   1.49663411E-02   -1.05891313E+02    9.36593837E+03
   1.51267441E-02   -1.04396222E+02    9.27606953E+03
   1.52888663E-02   -1.02899659E+02    9.18631572E+03
   1.54527260E-02   -1.01401734E+02    9.09667813E+03
   1.56183420E-02   -9.99025804E+01    9.00715912E+03
   1.57857329E-02   -9.84023346E+01    8.91776132E+03
   1.59549178E-02   -9.69011329E+01    8.82848729E+03
   1.61259160E-02   -9.53991105E+01    8.73933954E+03
   1.62987469E-02   -9.38964013E+01    8.65032048E+03
   1.64734301E-02   -9.23931376E+01    8.56143243E+03
   1.66499855E-02   -9.08894501E+01    8.47267760E+03
   1.68284332E-02   -8.93854671E+01    8.38405807E+03
   1.70087934E-02   -8.78813190E+01    8.29557601E+03
   1.71910866E-02   -8.63771556E+01    8.20723469E+03
   1.73753335E-02   -8.48731325E+01    8.11903767E+03
   1.75615551E-02   -8.33694039E+01    8.03098846E+03
   1.77497726E-02   -8.18661227E+01    7.94309044E+03
   1.79400073E-02   -8.03634400E+01    7.85534692E+03
   1.81322809E-02   -7.88615048E+01    7.76776106E+03
   1.83266152E-02   -7.73604661E+01    7.68033602E+03
   1.85230322E-02   -7.58604886E+01    7.59307583E+03
   1.87215544E-02   -7.43617441E+01    7.50598488E+03
   1.89222043E-02   -7.28644028E+01    7.41906749E+03
   1.91250047E-02   -7.13686332E+01    7.33232784E+03
   1.93299785E-02   -6.98746017E+01    7.24577003E+03
   1.95371492E-02   -6.83824720E+01    7.15939798E+03
   1.97465403E-02   -6.68924056E+01    7.07321551E+03
   1.99581755E-02   -6.54045751E+01    6.98722702E+03
   2.01720790E-02   -6.39191681E+01    6.90143771E+03
   2.03882750E-02   -6.24363712E+01    6.81585274E+03
   2.06067881E-02   -6.09563688E+01    6.73047716E+03
   2.08276431E-02   -5.94793430E+01    6.64531585E+03
   2.10508652E-02   -5.80054727E+01    6.56037357E+03
   2.12764796E-02   -5.65349344E+01    6.47565490E+03
   2.15045121E-02   -5.50679169E+01    6.39116513E+03
   2.17349886E-02   -5.36046221E+01    6.30691020E+03
   2.19679352E-02   -5.21452506E+01    6.22289600E+03
   2.22033784E-02   -5.06899999E+01    6.13912827E+03
   2.24413450E-02   -4.92390644E+01    6.05561257E+03
   2.26818620E-02   -4.77926349E+01    5.97235428E+03
   2.29249569E-02   -4.63508991E+01    5.88935864E+03
   2.31706570E-02   -4.49140595E+01    5.80663166E+03
   2.34189906E-02   -4.34823304E+01    5.72417996E+03
   2.36699856E-02   -4.20559232E+01    5.64201004E+03
   2.39236707E-02   -4.06350459E+01    5.56012820E+03
   2.41800747E-02   -3.92199022E+01    5.47854057E+03
   2.44392267E-02   -3.78106912E+01    5.39725304E+03
   2.47011562E-02   -3.64076160E+01    5.31627169E+03
   2.49658930E-02   -3.50108979E+01    5.23560358E+03
   2.52334671E-02   -3.36207577E+01    5.15525576E+03
   2.55039089E-02   -3.22374122E+01    5.07523507E+03
   2.57772493E-02   -3.08610733E+01    4.99554812E+03
   2.60535191E-02   -2.94919471E+01    4.91620128E+03
   2.63327500E-02   -2.81302429E+01    4.83720105E+03
   2.66149735E-02   -2.67761879E+01    4.75855489E+03
   2.69002217E-02   -2.54300090E+01    4.68027025E+03
   2.71885272E-02   -2.40919275E+01    4.60235433E+03
   2.74799226E-02   -2.27621590E+01    4.52481406E+03
   2.77744410E-02   -2.14409125E+01    4.44765608E+03
   2.80721159E-02   -2.01284025E+01    4.37088733E+03
   2.83729813E-02   -1.88248619E+01    4.29451568E+03
   2.86770711E-02   -1.75305208E+01    4.21854889E+03
   2.89844201E-02   -1.62456030E+01    4.14299445E+03
   2.92950631E-02   -1.49703250E+01    4.06785952E+03
   2.96090354E-02   -1.37048957E+01    3.99315091E+03
   2.99263728E-02   -1.24495232E+01    3.91887546E+03
   3.02471113E-02   -1.12044409E+01    3.84504123E+03
   3.05712873E-02   -9.96988382E+00    3.77165644E+03
   3.08989377E-02   -8.74607975E+00    3.69872895E+03
   3.12300997E-02   -7.53324841E+00    3.62626631E+03
   3.15648110E-02   -6.33160071E+00    3.55427568E+03
   3.19031096E-02   -5.14133804E+00    3.48276379E+03
   3.22450339E-02   -3.96266527E+00    3.41173758E+03
   3.25906228E-02   -2.79581386E+00    3.34120534E+03
   3.29399156E-02   -1.64101261E+00    3.27117523E+03
   3.32929520E-02   -4.98481139E-01    3.20165506E+03
   3.36497720E-02    6.31570888E-01    3.13265219E+03
   3.40104164E-02    1.74894459E+00    3.06417354E+03
   3.43749259E-02    2.85344836E+00    2.99622572E+03
   3.47433421E-02    3.94486698E+00    2.92881652E+03
   3.51157069E-02    5.02297855E+00    2.86195410E+03
   3.54920625E-02    6.08757168E+00    2.79564615E+03
   3.58724517E-02    7.13844655E+00    2.72989990E+03
   3.62569178E-02    8.17541575E+00    2.66472207E+03
   3.66455044E-02    9.19830023E+00    2.60011902E+03
   3.70382558E-02    1.02068978E+01    2.53609828E+03
   3.74352164E-02    1.12010026E+01    2.47266758E+03
   3.78364316E-02    1.21804210E+01    2.40983415E+03
   3.82419468E-02    1.31449734E+01    2.34760466E+03
   3.86518081E-02    1.40944944E+01    2.28598517E+03
   3.90660622E-02    1.50288202E+01    2.22498175E+03
   3.94847561E-02    1.59477548E+01    2.16460199E+03
   3.99079373E-02    1.68511064E+01    2.10485338E+03
   4.03356541E-02    1.77386972E+01    2.04574280E+03
   4.07679549E-02    1.86103650E+01    1.98727653E+03
   4.12048890E-02    1.94659638E+01    1.92946016E+03
   4.16465059E-02    2.03053649E+01    1.87229860E+03
   4.20928559E-02    2.11284256E+01    1.81579744E+03
   4.25439897E-02    2.19349731E+01    1.75996370E+03
   4.29999586E-02    2.27248469E+01    1.70480395E+03
   4.34608143E-02    2.34979031E+01    1.65032405E+03
   4.39266093E-02    2.42540162E+01    1.59652915E+03
   4.43973965E-02    2.49930799E+01    1.54342360E+03
   4.48732294E-02    2.57149898E+01    1.49101173E+03
   4.53541621E-02    2.64196057E+01    1.43929958E+03
   4.58402492E-02    2.71067944E+01    1.38829293E+03
   4.63315460E-02    2.77764419E+01    1.33799679E+03
   4.68281084E-02    2.84284542E+01    1.28841537E+03
   4.73299926E-02    2.90627590E+01    1.23955200E+03
   4.78372559E-02    2.96792821E+01    1.19141019E+03
   4.83499558E-02    3.02779195E+01    1.14399481E+03
   4.88681506E-02    3.08585815E+01    1.09731024E+03
   4.93918992E-02    3.14211998E+01    1.05135994E+03
   4.99212611E-02    3.19657273E+01    1.00614657E+03
   5.04562965E-02    3.24921053E+01    9.61673372E+02
   5.09970662E-02    3.30002699E+01    9.17943878E+02
   5.15436316E-02    3.34901795E+01    8.74960750E+02
   5.20960549E-02    3.39618113E+01    8.32725912E+02
   5.26543989E-02    3.44151268E+01    7.91242051E+02
   5.32187269E-02    3.48500944E+01    7.50511642E+02
   5.37891032E-02    3.52667071E+01    7.10536171E+02
   5.43655925E-02    3.56649679E+01    6.71316783E+02
   5.49482604E-02    3.60448624E+01    6.32855449E+02
   5.55371731E-02    3.64063949E+01    5.95153421E+02
   5.61323975E-02    3.67495938E+01    5.58210987E+02
   5.67340013E-02    3.70744791E+01    5.22028896E+02
   5.73420528E-02    3.73810700E+01    4.86607990E+02
   5.79566212E-02    3.76694125E+01    4.51948055E+02
   5.85777763E-02    3.79395615E+01    4.18048572E+02
   5.92055886E-02    3.81915570E+01    3.84909742E+02
   5.98401296E-02    3.84254611E+01    3.52530892E+02
   6.04814713E-02    3.86413568E+01    3.20910534E+02
   6.11296867E-02    3.88393147E+01    2.90047798E+02
   6.17848494E-02    3.90194207E+01    2.59941220E+02
   6.24470338E-02    3.91817774E+01    2.30588709E+02
   6.31163152E-02    3.93264760E+01    2.01988738E+02
   6.37927697E-02    3.94536289E+01    1.74138937E+02
   6.44764742E-02    3.95633645E+01    1.47036336E+02
   6.51675064E-02    3.96558064E+01    1.20678240E+02
   6.58659447E-02    3.97310879E+01    9.50616066E+01
   6.65718686E-02    3.97893536E+01    7.01829834E+01
   6.72853584E-02    3.98307560E+01    4.60386483E+01
   6.80064950E-02    3.98554562E+01    2.26245828E+01
   6.87353604E-02    3.98636191E+01   -6.33296990E-02
   6.94720375E-02    3.98554228E+01   -2.20297076E+01
   7.02166100E-02    3.98310506E+01   -4.32793295E+01
   7.09691626E-02    3.97906949E+01   -6.38172887E+01
   7.17297807E-02    3.97345544E+01   -8.36489047E+01
   7.24985508E-02    3.96628353E+01   -1.02779746E+02
   7.32755602E-02    3.95757543E+01   -1.21215783E+02
   7.40608973E-02    3.94735349E+01   -1.38963216E+02
   7.48546513E-02    3.93564030E+01   -1.56028296E+02
   7.56569125E-02    3.92245945E+01   -1.72417652E+02
   7.64677719E-02    3.90783585E+01   -1.88138434E+02
   7.72873218E-02    3.89179429E+01   -2.03197678E+02
   7.81156553E-02    3.87436059E+01   -2.17602836E+02
   7.89528666E-02    3.85556124E+01   -2.31361593E+02
   7.97990507E-02    3.83542330E+01   -2.44481844E+02
   8.06543039E-02    3.81397423E+01   -2.56971620E+02
   8.15187233E-02    3.79124284E+01   -2.68839485E+02
   8.23924072E-02    3.76725785E+01   -2.80093942E+02
   8.32754549E-02    3.74204878E+01   -2.90743810E+02
   8.41679668E-02    3.71564565E+01   -3.00798091E+02
   8.50700442E-02    3.68807924E+01   -3.10266093E+02
   8.59817897E-02    3.65938037E+01   -3.19157114E+02
   8.69033069E-02    3.62958108E+01   -3.27480972E+02
   8.78347005E-02    3.59871298E+01   -3.35247268E+02
   8.87760765E-02    3.56680907E+01   -3.42466210E+02
   8.97275417E-02    3.53390185E+01   -3.49147767E+02
   9.06892043E-02    3.50002523E+01   -3.55302523E+02
   9.16611736E-02    3.46521211E+01   -3.60940616E+02
   9.26435601E-02    3.42949718E+01   -3.66072959E+02
   9.36364754E-02    3.39291457E+01   -3.70710241E+02
   9.46400324E-02    3.35549887E+01   -3.74863347E+02
   9.56543451E-02    3.31728529E+01   -3.78543451E+02
   9.66795287E-02    3.27830824E+01   -3.81761394E+02
   9.77156999E-02    3.23860393E+01   -3.84528816E+02
   9.87629763E-02    3.19820713E+01   -3.86856766E+02
   9.98214769E-02    3.15715397E+01   -3.88756910E+02
   1.00891322E-01    3.11548044E+01   -3.90240878E+02
   1.01972634E-01    3.07322091E+01   -3.91319636E+02
   1.03065534E-01    3.03041210E+01   -3.92005223E+02
   1.04170148E-01    2.98709081E+01   -3.92309755E+02
   1.05286600E-01    2.94329142E+01   -3.92244324E+02
   1.06415018E-01    2.89905024E+01   -3.91820945E+02
   1.07555531E-01    2.85440373E+01   -3.91051753E+02
   1.08708266E-01    2.80938618E+01   -3.89947971E+02
   1.09873356E-01    2.76403369E+01   -3.88521710E+02
   1.11050933E-01    2.71838204E+01   -3.86784998E+02
   1.12241131E-01    2.67246519E+01   -3.84749134E+02
   1.13444085E-01    2.62631887E+01   -3.82426299E+02
   1.14659932E-01    2.57997761E+01   -3.79828207E+02
   1.15888810E-01    2.53347456E+01   -3.76966034E+02
   1.17130858E-01    2.48684462E+01   -3.73851874E+02
   1.18386218E-01    2.44012154E+01   -3.70497376E+02
   1.19655032E-01    2.39333744E+01   -3.66913543E+02
   1.20937446E-01    2.34652593E+01   -3.63112203E+02
   1.22233603E-01    2.29971921E+01   -3.59104625E+02
   1.23543652E-01    2.25294814E+01   -3.54901582E+02
   1.24867742E-01    2.20624486E+01   -3.50514573E+02
   1.26206023E-01    2.15963998E+01   -3.45954524E+02
   1.27558646E-01    2.11316363E+01   -3.41232256E+02
   1.28925767E-01    2.06684521E+01   -3.36358391E+02
   1.30307540E-01    2.02071348E+01   -3.31343393E+02
   1.31704122E-01    1.97479722E+01   -3.26197896E+02
   1.33115673E-01    1.92912363E+01   -3.20931917E+02
   1.34542351E-01    1.88372011E+01   -3.15555762E+02
   1.35984320E-01    1.83861232E+01   -3.10079012E+02
   1.37441744E-01    1.79382590E+01   -3.04511445E+02
   1.38914788E-01    1.74938590E+01   -2.98862727E+02
   1.40403619E-01    1.70531610E+01   -2.93142071E+02
   1.41908407E-01    1.66163967E+01   -2.87358560E+02
   1.43429322E-01    1.61837886E+01   -2.81521019E+02
   1.44966538E-01    1.57555544E+01   -2.75638250E+02
   1.46520230E-01    1.53319011E+01   -2.69718670E+02
   1.48090573E-01    1.49130249E+01   -2.63770344E+02
   1.49677746E-01    1.44991190E+01   -2.57801463E+02
   1.51281930E-01    1.40903629E+01   -2.51819646E+02
   1.52903307E-01    1.36869307E+01   -2.45832491E+02
   1.54542062E-01    1.32889851E+01   -2.39847192E+02
   1.56198380E-01    1.28966823E+01   -2.33870856E+02
   1.57872449E-01    1.25101666E+01   -2.27910124E+02
   1.59564461E-01    1.21295768E+01   -2.21971646E+02
   1.61274606E-01    1.17550397E+01   -2.16061598E+02
   1.63003081E-01    1.13866755E+01   -2.10186095E+02
   1.64750080E-01    1.10245928E+01   -2.04350750E+02
   1.66515803E-01    1.06688934E+01   -1.98561141E+02
   1.68300451E-01    1.03196697E+01   -1.92822533E+02
   1.70104225E-01    9.97700423E+00   -1.87139835E+02
   1.71927332E-01    9.64097191E+00   -1.81517870E+02
   1.73769978E-01    9.31163775E+00   -1.75961001E+02
   1.75632373E-01    8.98905900E+00   -1.70473548E+02
   1.77514728E-01    8.67328383E+00   -1.65059391E+02
   1.79417257E-01    8.36435196E+00   -1.59722297E+02
   1.81340177E-01    8.06229499E+00   -1.54465702E+02
   1.83283706E-01    7.76713590E+00   -1.49292840E+02
   1.85248065E-01    7.47889007E+00   -1.44206673E+02
   1.87233477E-01    7.19756450E+00   -1.39209938E+02
   1.89240167E-01    6.92315873E+00   -1.34305140E+02
   1.91268365E-01    6.65566452E+00   -1.29494537E+02
   1.93318300E-01    6.39506637E+00   -1.24780172E+02
   1.95390206E-01    6.14134154E+00   -1.20163849E+02
   1.97484317E-01    5.89446015E+00   -1.15647175E+02
   1.99600872E-01    5.65438579E+00   -1.11231516E+02
   2.01740112E-01    5.42107513E+00   -1.06918054E+02
   2.03902279E-01    5.19447912E+00   -1.02707748E+02
   2.06087619E-01    4.97454171E+00   -9.86013726E+01
   2.08296381E-01    4.76120054E+00   -9.45995052E+01
   2.10528815E-01    4.55439055E+00   -9.07025302E+01
   2.12785176E-01    4.35403910E+00   -8.69106569E+01
   2.15065719E-01    4.16006678E+00   -8.32239309E+01
   2.17370704E-01    3.97239194E+00   -7.96422158E+01
   2.19700393E-01    3.79092789E+00   -7.61652223E+01
   2.22055051E-01    3.61558347E+00   -7.27925053E+01
   2.24434945E-01    3.44626244E+00   -6.95234722E+01
   2.26840346E-01    3.28286528E+00   -6.63573861E+01
   2.29271527E-01    3.12529055E+00   -6.32933910E+01
   2.31728764E-01    2.97343083E+00   -6.03304837E+01
   2.34212337E-01    2.82717786E+00   -5.74675619E+01
   2.36722528E-01    2.68641931E+00   -5.47033950E+01
   2.39259622E-01    2.55104124E+00   -5.20366575E+01
   2.41823907E-01    2.42092547E+00   -4.94659016E+01
   2.44415676E-01    2.29595614E+00   -4.69896387E+01
   2.47035222E-01    2.17601317E+00   -4.46062641E+01
   2.49682843E-01    2.06097225E+00   -4.23140647E+01
   2.52358840E-01    1.95071199E+00   -4.01113028E+01
   2.55063518E-01    1.84510895E+00   -3.79961648E+01
   2.57797183E-01    1.74403813E+00   -3.59667667E+01
   2.60560147E-01    1.64737513E+00   -3.40211897E+01
   2.63352722E-01    1.55499399E+00   -3.21574494E+01
   2.66175228E-01    1.46677017E+00   -3.03735435E+01
   2.69027984E-01    1.38257698E+00   -2.86674024E+01
   2.71911314E-01    1.30229293E+00   -2.70370021E+01
   2.74825547E-01    1.22579078E+00   -2.54801994E+01
   2.77771013E-01    1.15294851E+00   -2.39949044E+01
   2.80748048E-01    1.08364232E+00   -2.25789718E+01
   2.83756989E-01    1.01775355E+00   -2.12303163E+01
   2.86798179E-01    9.55159072E-01   -1.99467567E+01
   2.89871963E-01    8.95742601E-01   -1.87262053E+01
   2.92978691E-01    8.39384865E-01   -1.75665040E+01
   2.96118715E-01    7.85972810E-01   -1.64655850E+01
   2.99292393E-01    7.35390999E-01   -1.54213224E+01
   3.02500085E-01    6.87528738E-01   -1.44316582E+01
   3.05742155E-01    6.42273990E-01   -1.34944968E+01
   3.09018973E-01    5.99524092E-01   -1.26078990E+01
   3.12330911E-01    5.59172276E-01   -1.17698391E+01
   3.15678344E-01    5.21112225E-01   -1.09782896E+01
   3.19061654E-01    4.85248185E-01   -1.02314070E+01
   3.22481224E-01    4.51478691E-01   -9.52723222E+00
   3.25937445E-01    4.19709791E-01   -8.86393962E+00
   3.29430707E-01    3.89850170E-01   -8.23974494E+00
   3.32961409E-01    3.61806162E-01   -7.65281285E+00
   3.36529951E-01    3.35493108E-01   -7.10147319E+00
   3.40136740E-01    3.10823780E-01   -6.58400050E+00
   3.43782185E-01    2.87717991E-01   -6.09880041E+00
   3.47466700E-01    2.66095059E-01   -5.64426375E+00
   3.51190704E-01    2.45878207E-01   -5.21885337E+00
   3.54954620E-01    2.26992861E-01   -4.82107083E+00
   3.58758877E-01    2.09368595E-01   -4.44949600E+00
   3.62603906E-01    1.92935567E-01   -4.10271671E+00
   3.66490145E-01    1.77628039E-01   -3.77939959E+00
   3.70418034E-01    1.63382990E-01   -3.47826230E+00
   3.74388021E-01    1.50138302E-01   -3.19803820E+00
   3.78400557E-01    1.37835407E-01   -2.93752940E+00
   3.82456097E-01    1.26419506E-01   -2.69561206E+00
   3.86555104E-01    1.15837452E-01   -2.47119382E+00
   3.90698041E-01    1.06036574E-01   -2.26319034E+00
   3.94885381E-01    9.69684582E-02   -2.07060194E+00
   3.99117599E-01    8.85876540E-02   -1.89248820E+00
   4.03395176E-01    8.08501973E-02   -1.72793781E+00
   4.07718598E-01    7.37127577E-02   -1.57605129E+00
   4.12088357E-01    6.71359217E-02   -1.43600843E+00
   4.16504950E-01    6.10833514E-02   -1.30705155E+00
   4.20968877E-01    5.55178612E-02   -1.18840468E+00
   4.25480647E-01    5.04058720E-02   -1.07936560E+00
   4.30040773E-01    4.57157602E-02   -9.79271876E-01
   4.34649772E-01    4.14172784E-02   -8.87489141E-01
   4.39308168E-01    3.74819239E-02   -8.03418715E-01
   4.44016491E-01    3.38833699E-02   -7.26506799E-01
   4.48775276E-01    3.05961056E-02   -6.56216203E-01
   4.53585063E-01    2.75967594E-02   -5.92054048E-01
   4.58446400E-01    2.48631818E-02   -5.33552738E-01
   4.63359839E-01    2.23748777E-02   -4.80279053E-01
   4.68325937E-01    2.01122160E-02   -4.31817672E-01
   4.73345261E-01    1.80571940E-02   -3.87787264E-01
   4.78418379E-01    1.61931251E-02   -3.47834011E-01
   4.83545869E-01    1.45041455E-02   -3.11621286E-01
   4.88728314E-01    1.29756821E-02   -2.78839528E-01
   4.93966301E-01    1.15942036E-02   -2.49201068E-01
   4.99260428E-01    1.03470618E-02   -2.22436802E-01
   5.04611294E-01    9.22265552E-03   -1.98299695E-01
   5.10019509E-01    8.21014437E-03   -1.76558755E-01
   5.15485687E-01    7.29951287E-03   -1.57000414E-01
   5.21010449E-01    6.48164831E-03   -1.39430215E-01
   5.26594423E-01    5.74796078E-03   -1.23664759E-01
   5.32238244E-01    5.09068292E-03   -1.09538091E-01
   5.37942553E-01    4.50263877E-03   -9.68968128E-02
   5.43707999E-01    3.97721557E-03   -8.55994879E-02
   5.49535236E-01    3.50839531E-03   -7.55173299E-02
   5.55424927E-01    3.09064997E-03   -6.65319837E-02
   5.61377741E-01    2.71889525E-03   -5.85345438E-02
   5.67394355E-01    2.38856653E-03   -5.14271881E-02
   5.73475453E-01    2.09543168E-03   -4.51191871E-02
   5.79621725E-01    1.83567366E-03   -3.95286747E-02
   5.85833871E-01    1.60582488E-03   -3.45812514E-02
   5.92112596E-01    1.40273327E-03   -3.02092640E-02
   5.98458613E-01    1.22354021E-03   -2.63513365E-02
   6.04872645E-01    1.06567774E-03   -2.29523151E-02
   6.11355419E-01    9.26798488E-04   -1.99617701E-02
   6.17907673E-01    8.04812612E-04   -1.73347898E-02
   6.24530152E-01    6.97826680E-04   -1.50306735E-02
   6.31223607E-01    6.04133444E-04   -1.30127134E-02
   6.37988801E-01    5.22212542E-04   -1.12482116E-02
   6.44826500E-01    4.50697768E-04   -9.70777949E-03
   6.51737484E-01    3.88362726E-04   -8.36503049E-03
   6.58722536E-01    3.34114977E-04   -7.19645548E-03
   6.65782451E-01    2.86983326E-04   -6.18115075E-03
   6.72918032E-01    2.46100538E-04   -5.30044723E-03
   6.80130089E-01    2.10695170E-04   -4.53773545E-03
   6.87419441E-01    1.80084076E-04   -3.87830495E-03
   6.94786918E-01    1.53662516E-04   -3.30913197E-03
   7.02233357E-01    1.30896352E-04   -2.81871196E-03
   7.09759603E-01    1.11312059E-04   -2.39684495E-03
   7.17366512E-01    9.44952483E-05   -2.03460390E-03
   7.25054950E-01    8.00790417E-05   -1.72408474E-03
   7.32825788E-01    6.77425066E-05   -1.45837280E-03
   7.40679911E-01    5.72046697E-05   -1.23141403E-03
   7.48618212E-01    4.82192650E-05   -1.03790199E-03
   7.56641592E-01    4.05714935E-05   -8.73208134E-04
   7.64750963E-01    3.40741443E-05   -7.33298314E-04
   7.72947247E-01    2.85642278E-05   -6.14660281E-04
   7.81231376E-01    2.39006249E-05   -5.14253076E-04
   7.89604290E-01    1.99606248E-05   -4.29432440E-04
   7.98066942E-01    1.66383071E-05   -3.57915971E-04
   8.06620293E-01    1.38422041E-05   -2.97732758E-04
   8.15265315E-01    1.14935481E-05   -2.47185605E-04
   8.24002991E-01    9.52461624E-06   -2.04815372E-04
   8.32834314E-01    7.87728903E-06   -1.69369892E-04
   8.41760287E-01    6.50179398E-06   -1.39776906E-04
   8.50781925E-01    5.35559576E-06   -1.15120129E-04
   8.59900253E-01    4.40241975E-06   -9.46182058E-05
   8.69116308E-01    3.61139501E-06   -7.76062340E-05
   8.78431137E-01    2.95630432E-06   -6.35195966E-05
   8.87845798E-01    2.41492995E-06   -5.18798581E-05
   8.97361361E-01    1.96848277E-06   -4.22824577E-05
   9.06978909E-01    1.60111062E-06   -3.43861122E-05
   9.16699533E-01    1.29945601E-06   -2.79032797E-05
   9.26524339E-01    1.05232044E-06   -2.25929257E-05
   9.36454443E-01    8.50288612E-07   -1.82524227E-05
   9.46490974E-01    6.85500632E-07   -1.47126411E-05
   9.56635072E-01    5.51393875E-07   -1.18323858E-05
   9.66887891E-01    4.42505326E-07   -9.49413726E-06
   9.77250595E-01    3.54296852E-07   -7.60028665E-06
   9.87724362E-01    2.83007551E-07   -6.06995497E-06
   9.98310382E-01    2.25527888E-07   -4.83628177E-06
   1.00900986E+00    1.79293020E-07   -3.84412751E-06
   1.01982401E+00    1.42192491E-07   -3.04812887E-06
   1.03075406E+00    1.12493962E-07   -2.41105640E-06
   1.04180126E+00    8.87789530E-08   -1.90243108E-06
   1.05296685E+00    6.98888519E-08   -1.49736224E-06
   1.06425211E+00    5.48796743E-08   -1.17557376E-06
   1.07565833E+00    4.29842527E-08   -9.20590495E-07
   1.08718679E+00    3.35807141E-08   -7.19060069E-07
   1.09883880E+00    2.61662553E-08   -5.60188748E-07
   1.11061570E+00    2.03353997E-08   -4.35273808E-07
   1.12251882E+00    1.57620144E-08   -3.37316856E-07
   1.13454951E+00    1.21844776E-08   -2.60704936E-07
   1.14670915E+00    9.39347982E-09   -2.00948333E-07
   1.15899910E+00    7.22200984E-09   -1.54465366E-07
   1.17142077E+00    5.53718813E-09   -1.18406915E-07
   1.18397557E+00    4.23355409E-09   -9.05122319E-08
   1.19666493E+00    3.22771385E-09   -6.89939844E-08
   1.20949029E+00    2.45383618E-09   -5.24415474E-08
   1.22245311E+00    1.86013271E-09   -3.97454407E-08
   1.23555486E+00    1.40596469E-09   -3.00352327E-08
   1.24879702E+00    1.05957762E-09   -2.26309277E-08
   1.26218111E+00    7.96153076E-10   -1.70011758E-08
   1.27570864E+00    5.96424572E-10   -1.27335806E-08
   1.28938116E+00    4.45445670E-10   -9.50828641E-09
   1.30320021E+00    3.31663124E-10   -7.07810627E-09
   1.31716737E+00    2.46179724E-10   -5.25272263E-09
   1.33128423E+00    1.82158823E-10   -3.88592708E-09
   1.34555238E+00    1.34354513E-10   -2.86555572E-09
   1.35997346E+00    9.87893644E-11   -2.10658541E-09
   1.37454909E+00    7.24018678E-11   -1.54358625E-09
   1.38928094E+00    5.28873180E-11   -1.12731403E-09
   1.40417067E+00    3.85021249E-11   -8.20522098E-10
   1.41921999E+00    2.79416692E-11   -5.95347378E-10
   1.43443060E+00    2.02083100E-11   -4.30487586E-10
   1.44980424E+00    1.45620887E-11   -3.10146366E-10
   1.46534264E+00    1.04612221E-11   -2.22760614E-10
   1.48104757E+00    7.48826134E-12   -1.59422614E-10
   1.49692083E+00    5.33867268E-12   -1.13635709E-10
   1.51296421E+00    3.79624674E-12   -8.07885420E-11
   1.52917953E+00    2.68789634E-12   -5.71901317E-11
   1.54556864E+00    1.89633339E-12   -4.03400851E-11
   1.56213341E+00    1.33235004E-12   -2.83369849E-11
   1.57887571E+00    9.34219087E-13   -1.98654948E-11
   1.59579744E+00    6.51574421E-13   -1.38525124E-11
   1.61290054E+00    4.53079335E-13   -9.63060603E-12
   1.63018694E+00    3.13340388E-13   -6.65900317E-12
   1.64765861E+00    2.16494683E-13   -4.59998980E-12
   1.66531753E+00    1.48511346E-13   -3.15488473E-12
   1.68316571E+00    1.01608015E-13   -2.15807641E-12
   1.70120519E+00    6.94082070E-14   -1.47389984E-12
   1.71943800E+00    4.68693650E-14   -9.95080315E-13
   1.73786622E+00    3.16342545E-14   -6.71491981E-13
   1.75649195E+00    2.14755910E-14   -4.55777491E-13
   1.77531731E+00    1.43973646E-14   -3.05499067E-13
   1.79434442E+00    9.57090265E-15   -2.03045584E-13
   1.81357546E+00    6.38521328E-15   -1.35436288E-13
   1.83301261E+00    4.21991108E-15   -8.94910606E-14
   1.85265808E+00    2.74338275E-15   -5.81660090E-14
   1.87251411E+00    1.79240242E-15   -3.79954419E-14
   1.89258294E+00    1.19451388E-15   -2.53177466E-14
   1.91286686E+00    7.85671369E-16   -1.66499742E-14
   1.93336817E+00    5.03550551E-16   -1.06693435E-14
   1.95408921E+00    3.20596046E-16   -6.79146547E-15
   1.97503233E+00    2.07336043E-16   -4.39131265E-15
   1.99619991E+00    1.33318257E-16   -2.82306815E-15
   2.01759435E+00    8.22588142E-17   -1.74140945E-15
   2.03921809E+00    4.95455529E-17   -1.04855613E-15
   2.06107359E+00    3.05764355E-17   -6.46945758E-16
   2.08316332E+00    2.04275092E-17   -4.32191962E-16
   2.10548980E+00    1.41147505E-17   -2.98636367E-16
   2.12805557E+00    9.46484543E-18   -2.00217559E-16
   2.15086319E+00    6.16247959E-18   -1.30270678E-16
   2.17391525E+00    3.90112497E-18   -8.23186962E-17
   2.19721437E+00    2.35264171E-18   -4.94279449E-17
   2.22076321E+00    1.16628068E-18   -2.41870451E-17
   2.24456443E+00    0.00000000E+00    0.00000000E+00
   2.26862074E+00    0.00000000E+00    0.00000000E+00
   2.29293487E+00    0.00000000E+00    0.00000000E+00
   2.31750960E+00    0.00000000E+00    0.00000000E+00
   2.34234771E+00    0.00000000E+00    0.00000000E+00
   2.36745202E+00    0.00000000E+00    0.00000000E+00
   2.39282539E+00    0.00000000E+00    0.00000000E+00
   2.41847070E+00    0.00000000E+00    0.00000000E+00
   2.44439087E+00    0.00000000E+00    0.00000000E+00
   2.47058884E+00    0.00000000E+00    0.00000000E+00
   2.49706759E+00    0.00000000E+00    0.00000000E+00
   2.52383012E+00    0.00000000E+00    0.00000000E+00
   2.55087949E+00    0.00000000E+00    0.00000000E+00
   2.57821876E+00    0.00000000E+00    0.00000000E+00
   2.60585104E+00    0.00000000E+00    0.00000000E+00
   2.63377947E+00    0.00000000E+00    0.00000000E+00
   2.66200723E+00    0.00000000E+00    0.00000000E+00
   2.69053752E+00    0.00000000E+00    0.00000000E+00
   2.71937359E+00    0.00000000E+00    0.00000000E+00
   2.74851871E+00    0.00000000E+00    0.00000000E+00
   2.77797619E+00    0.00000000E+00    0.00000000E+00
   2.80774939E+00    0.00000000E+00    0.00000000E+00
   2.83784169E+00    0.00000000E+00    0.00000000E+00
   2.86825650E+00    0.00000000E+00    0.00000000E+00
   2.89899728E+00    0.00000000E+00    0.00000000E+00
   2.93006754E+00    0.00000000E+00    0.00000000E+00
   2.96147079E+00    0.00000000E+00    0.00000000E+00
   2.99321060E+00    0.00000000E+00    0.00000000E+00
   3.02529059E+00    0.00000000E+00    0.00000000E+00
   3.05771441E+00    0.00000000E+00    0.00000000E+00
   3.09048572E+00    0.00000000E+00    0.00000000E+00
   3.12360827E+00    0.00000000E+00    0.00000000E+00
   3.15708581E+00    0.00000000E+00    0.00000000E+00
   3.19092215E+00    0.00000000E+00    0.00000000E+00
   3.22512113E+00    0.00000000E+00    0.00000000E+00
   3.25968664E+00    0.00000000E+00    0.00000000E+00
   3.29462261E+00    0.00000000E+00    0.00000000E+00
   3.32993301E+00    0.00000000E+00    0.00000000E+00
   3.36562186E+00    0.00000000E+00    0.00000000E+00
   3.40169320E+00    0.00000000E+00    0.00000000E+00
   3.43815114E+00    0.00000000E+00    0.00000000E+00
   3.47499982E+00    0.00000000E+00    0.00000000E+00
   3.51224342E+00    0.00000000E+00    0.00000000E+00
   3.54988619E+00    0.00000000E+00    0.00000000E+00
   3.58793240E+00    0.00000000E+00    0.00000000E+00
   3.62638638E+00    0.00000000E+00    0.00000000E+00
   3.66525248E+00    0.00000000E+00    0.00000000E+00
   3.70453514E+00    0.00000000E+00    0.00000000E+00
   3.74423882E+00    0.00000000E+00    0.00000000E+00
   3.78436802E+00    0.00000000E+00    0.00000000E+00
   3.82492731E+00    0.00000000E+00    0.00000000E+00
   3.86592129E+00    0.00000000E+00    0.00000000E+00
   3.90735464E+00    0.00000000E+00    0.00000000E+00
   3.94923204E+00    0.00000000E+00    0.00000000E+00
   3.99155828E+00    0.00000000E+00    0.00000000E+00
   4.03433815E+00    0.00000000E+00    0.00000000E+00
   4.07757651E+00    0.00000000E+00    0.00000000E+00
   4.12127829E+00    0.00000000E+00    0.00000000E+00
   4.16544844E+00    0.00000000E+00    0.00000000E+00
   4.21009199E+00    0.00000000E+00    0.00000000E+00
   4.25521402E+00    0.00000000E+00    0.00000000E+00
   4.30081964E+00    0.00000000E+00    0.00000000E+00
   4.34691404E+00    0.00000000E+00    0.00000000E+00
   4.39350246E+00    0.00000000E+00    0.00000000E+00
   4.44059020E+00    0.00000000E+00    0.00000000E+00
   4.48818261E+00    0.00000000E+00    0.00000000E+00
   4.53628509E+00    0.00000000E+00    0.00000000E+00
   4.58490312E+00    0.00000000E+00    0.00000000E+00
   4.63404221E+00    0.00000000E+00    0.00000000E+00
   4.68370796E+00    0.00000000E+00    0.00000000E+00
   4.73390600E+00    0.00000000E+00    0.00000000E+00
   4.78464204E+00    0.00000000E+00    0.00000000E+00
   4.83592185E+00    0.00000000E+00    0.00000000E+00
   4.88775126E+00    0.00000000E+00    0.00000000E+00
   4.94013615E+00    0.00000000E+00    0.00000000E+00
   4.99308249E+00    0.00000000E+00    0.00000000E+00
   5.04659628E+00    0.00000000E+00    0.00000000E+00
   5.10068361E+00    0.00000000E+00    0.00000000E+00
   5.15535062E+00    0.00000000E+00    0.00000000E+00
   5.21060353E+00    0.00000000E+00    0.00000000E+00
   5.26644862E+00    0.00000000E+00    0.00000000E+00
   5.32289224E+00    0.00000000E+00    0.00000000E+00
   5.37994079E+00    0.00000000E+00    0.00000000E+00
   5.43760077E+00    0.00000000E+00    0.00000000E+00
   5.49587872E+00    0.00000000E+00    0.00000000E+00
   5.55478128E+00    0.00000000E+00    0.00000000E+00
   5.61431512E+00    0.00000000E+00    0.00000000E+00
   5.67448702E+00    0.00000000E+00    0.00000000E+00
   5.73530383E+00    0.00000000E+00    0.00000000E+00
   5.79677244E+00    0.00000000E+00    0.00000000E+00
   5.85889984E+00    0.00000000E+00    0.00000000E+00
   5.92169311E+00    0.00000000E+00    0.00000000E+00
   5.98515936E+00    0.00000000E+00    0.00000000E+00
   6.04930582E+00    0.00000000E+00    0.00000000E+00
   6.11413977E+00    0.00000000E+00    0.00000000E+00
   6.17966859E+00    0.00000000E+00    0.00000000E+00
   6.24589972E+00    0.00000000E+00    0.00000000E+00
   6.31284069E+00    0.00000000E+00    0.00000000E+00
   6.38049910E+00    0.00000000E+00    0.00000000E+00
   6.44888264E+00    0.00000000E+00    0.00000000E+00
   6.51799910E+00    0.00000000E+00    0.00000000E+00
   6.58785631E+00    0.00000000E+00    0.00000000E+00
   6.65846223E+00    0.00000000E+00    0.00000000E+00
   6.72982487E+00    0.00000000E+00    0.00000000E+00
   6.80195234E+00    0.00000000E+00    0.00000000E+00
   6.87485285E+00    0.00000000E+00    0.00000000E+00
   6.94853468E+00    0.00000000E+00    0.00000000E+00
   7.02300619E+00    0.00000000E+00    0.00000000E+00
   7.09827586E+00    0.00000000E+00    0.00000000E+00
   7.17435225E+00    0.00000000E+00    0.00000000E+00
   7.25124398E+00    0.00000000E+00    0.00000000E+00
   7.32895981E+00    0.00000000E+00    0.00000000E+00
   7.40750857E+00    0.00000000E+00    0.00000000E+00
   7.48689918E+00    0.00000000E+00    0.00000000E+00
   7.56714066E+00    0.00000000E+00    0.00000000E+00
   7.64824214E+00    0.00000000E+00    0.00000000E+00
   7.73021283E+00    0.00000000E+00    0.00000000E+00
   7.81306205E+00    0.00000000E+00    0.00000000E+00
   7.89679921E+00    0.00000000E+00    0.00000000E+00
   7.98143384E+00    0.00000000E+00    0.00000000E+00
   8.06697554E+00    0.00000000E+00    0.00000000E+00
   8.15343404E+00    0.00000000E+00    0.00000000E+00
   8.24081917E+00    0.00000000E+00    0.00000000E+00
   8.32914086E+00    0.00000000E+00    0.00000000E+00
   8.41840914E+00    0.00000000E+00    0.00000000E+00
   8.50863416E+00    0.00000000E+00    0.00000000E+00
   8.59982618E+00    0.00000000E+00    0.00000000E+00
   8.69199555E+00    0.00000000E+00    0.00000000E+00
   8.78515276E+00    0.00000000E+00    0.00000000E+00
   8.87930839E+00    0.00000000E+00    0.00000000E+00
   8.97447314E+00    0.00000000E+00    0.00000000E+00
   9.07065783E+00    0.00000000E+00    0.00000000E+00
   9.16787338E+00    0.00000000E+00    0.00000000E+00
   9.26613085E+00    0.00000000E+00    0.00000000E+00
   9.36544140E+00    0.00000000E+00    0.00000000E+00
   9.46581632E+00    0.00000000E+00    0.00000000E+00
   9.56726702E+00    0.00000000E+00    0.00000000E+00
   9.66980503E+00    0.00000000E+00    0.00000000E+00
   9.77344199E+00    0.00000000E+00    0.00000000E+00
   9.87818970E+00    0.00000000E+00    0.00000000E+00
   9.98406004E+00    0.00000000E+00    0.00000000E+00
   1.00910651E+01    0.00000000E+00    0.00000000E+00
   1.01992169E+01    0.00000000E+00    0.00000000E+00
   1.03085279E+01    0.00000000E+00    0.00000000E+00
   1.04190104E+01    0.00000000E+00    0.00000000E+00
   1.05306771E+01    0.00000000E+00    0.00000000E+00
   1.06435405E+01    0.00000000E+00    0.00000000E+00
   1.07576136E+01    0.00000000E+00    0.00000000E+00
   1.08729092E+01    0.00000000E+00    0.00000000E+00
   1.09894406E+01    0.00000000E+00    0.00000000E+00
   1.11072208E+01    0.00000000E+00    0.00000000E+00
   1.12262634E+01    0.00000000E+00    0.00000000E+00
   1.13465819E+01    0.00000000E+00    0.00000000E+00
   1.14681898E+01    0.00000000E+00    0.00000000E+00
   1.15911011E+01    0.00000000E+00    0.00000000E+00
   1.17153298E+01    0.00000000E+00    0.00000000E+00
   1.18408898E+01    0.00000000E+00    0.00000000E+00
   1.19677956E+01    0.00000000E+00    0.00000000E+00
   1.20960614E+01    0.00000000E+00    0.00000000E+00
   1.22257020E+01    0.00000000E+00    0.00000000E+00
   1.23567320E+01    0.00000000E+00    0.00000000E+00
   1.24891664E+01    0.00000000E+00    0.00000000E+00
   1.26230201E+01    0.00000000E+00    0.00000000E+00
   1.27583084E+01    0.00000000E+00    0.00000000E+00
   1.28950466E+01    0.00000000E+00    0.00000000E+00
   1.30332504E+01    0.00000000E+00    0.00000000E+00
   1.31729354E+01    0.00000000E+00    0.00000000E+00
   1.33141174E+01    0.00000000E+00    0.00000000E+00
   1.34568126E+01    0.00000000E+00    0.00000000E+00
   1.36010372E+01    0.00000000E+00    0.00000000E+00
   1.37468075E+01    0.00000000E+00    0.00000000E+00
   1.38941401E+01    0.00000000E+00    0.00000000E+00
   1.40430517E+01    0.00000000E+00    0.00000000E+00
   1.41935593E+01    0.00000000E+00    0.00000000E+00
   1.43456800E+01    0.00000000E+00    0.00000000E+00
   1.44994311E+01    0.00000000E+00    0.00000000E+00
   1.46548300E+01    0.00000000E+00    0.00000000E+00
   1.48118944E+01    0.00000000E+00    0.00000000E+00
   1.49706421E+01    0.00000000E+00    0.00000000E+00
   1.51310912E+01    0.00000000E+00    0.00000000E+00
   1.52932600E+01    0.00000000E+00    0.00000000E+00
   1.54571668E+01    0.00000000E+00    0.00000000E+00
   1.56228304E+01    0.00000000E+00    0.00000000E+00
   1.57902694E+01    0.00000000E+00    0.00000000E+00
   1.59595029E+01    0.00000000E+00    0.00000000E+00
   1.61305503E+01    0.00000000E+00    0.00000000E+00
   1.63034308E+01    0.00000000E+00    0.00000000E+00
   1.64781643E+01    0.00000000E+00    0.00000000E+00
   1.66547704E+01    0.00000000E+00    0.00000000E+00
   1.68332693E+01    0.00000000E+00    0.00000000E+00
   1.70136813E+01    0.00000000E+00    0.00000000E+00
   1.71960269E+01    0.00000000E+00    0.00000000E+00
   1.73803268E+01    0.00000000E+00    0.00000000E+00
   1.75666020E+01    0.00000000E+00    0.00000000E+00
   1.77548735E+01    0.00000000E+00    0.00000000E+00
   1.79451629E+01    0.00000000E+00    0.00000000E+00
   1.81374917E+01    0.00000000E+00    0.00000000E+00
   1.83318819E+01    0.00000000E+00    0.00000000E+00
   1.85283554E+01    0.00000000E+00    0.00000000E+00
   1.87269346E+01    0.00000000E+00    0.00000000E+00
   1.89276422E+01    0.00000000E+00    0.00000000E+00
   1.91305008E+01    0.00000000E+00    0.00000000E+00
   1.93355336E+01    0.00000000E+00    0.00000000E+00
   1.95427638E+01    0.00000000E+00    0.00000000E+00
   1.97522151E+01    0.00000000E+00    0.00000000E+00
   1.99639111E+01    0.00000000E+00    0.00000000E+00
   2.01778760E+01    0.00000000E+00    0.00000000E+00
   2.03941342E+01    0.00000000E+00    0.00000000E+00
   2.06127100E+01    0.00000000E+00    0.00000000E+00
   2.08336285E+01    0.00000000E+00    0.00000000E+00
   2.10569147E+01    0.00000000E+00    0.00000000E+00
   2.12825940E+01    0.00000000E+00    0.00000000E+00
   2.15106921E+01    0.00000000E+00    0.00000000E+00
   2.17412347E+01    0.00000000E+00    0.00000000E+00
   2.19742483E+01    0.00000000E+00    0.00000000E+00
   2.22097592E+01    0.00000000E+00    0.00000000E+00
   2.24477942E+01    0.00000000E+00    0.00000000E+00
   2.26883803E+01    0.00000000E+00    0.00000000E+00
   2.29315450E+01    0.00000000E+00    0.00000000E+00
   2.31773158E+01    0.00000000E+00    0.00000000E+00
   2.34257207E+01    0.00000000E+00    0.00000000E+00
   2.36767879E+01    0.00000000E+00    0.00000000E+00
   2.39305459E+01    0.00000000E+00    0.00000000E+00
   2.41870235E+01    0.00000000E+00    0.00000000E+00
   2.44462500E+01    0.00000000E+00    0.00000000E+00
   2.47082548E+01    0.00000000E+00    0.00000000E+00
   2.49730677E+01    0.00000000E+00    0.00000000E+00
   2.52407187E+01    0.00000000E+00    0.00000000E+00
   2.55112382E+01    0.00000000E+00    0.00000000E+00
   2.57846571E+01    0.00000000E+00    0.00000000E+00
   2.60610064E+01    0.00000000E+00    0.00000000E+00
   2.63403175E+01    0.00000000E+00    0.00000000E+00
   2.66226221E+01    0.00000000E+00    0.00000000E+00
   2.69079523E+01    0.00000000E+00    0.00000000E+00
   2.71963406E+01    0.00000000E+00    0.00000000E+00
   2.74878197E+01    0.00000000E+00    0.00000000E+00
   2.77824228E+01    0.00000000E+00    0.00000000E+00
   2.80801833E+01    0.00000000E+00    0.00000000E+00
   2.83811351E+01    0.00000000E+00    0.00000000E+00
   2.86853123E+01    0.00000000E+00    0.00000000E+00
   2.89927496E+01    0.00000000E+00    0.00000000E+00
   2.93034819E+01    0.00000000E+00    0.00000000E+00
   2.96175445E+01    0.00000000E+00    0.00000000E+00
   2.99349730E+01    0.00000000E+00    0.00000000E+00
   3.02558037E+01    0.00000000E+00    0.00000000E+00
   3.05800729E+01    0.00000000E+00    0.00000000E+00
   3.09078174E+01    0.00000000E+00    0.00000000E+00
   3.12390746E+01    0.00000000E+00    0.00000000E+00
   3.15738821E+01    0.00000000E+00    0.00000000E+00
   3.19122779E+01    0.00000000E+00    0.00000000E+00
   3.22543004E+01    0.00000000E+00    0.00000000E+00
   3.25999887E+01    0.00000000E+00    0.00000000E+00
   3.29493818E+01    0.00000000E+00    0.00000000E+00
   3.33025197E+01    0.00000000E+00    0.00000000E+00
   3.36594423E+01    0.00000000E+00    0.00000000E+00
   3.40201902E+01    0.00000000E+00    0.00000000E+00
   3.43848045E+01    0.00000000E+00    0.00000000E+00
   3.47533266E+01    0.00000000E+00    0.00000000E+00
   3.51257984E+01    0.00000000E+00    0.00000000E+00
   3.55022622E+01    0.00000000E+00    0.00000000E+00
   3.58827607E+01    0.00000000E+00    0.00000000E+00
   3.62673373E+01    0.00000000E+00    0.00000000E+00
   3.66560356E+01    0.00000000E+00    0.00000000E+00
   3.70488998E+01    0.00000000E+00    0.00000000E+00
   3.74459745E+01    0.00000000E+00    0.00000000E+00
   3.78473050E+01    0.00000000E+00    0.00000000E+00
   3.82529367E+01    0.00000000E+00    0.00000000E+00
   3.86629159E+01    0.00000000E+00    0.00000000E+00
   3.90772890E+01    0.00000000E+00    0.00000000E+00
   3.94961032E+01    0.00000000E+00    0.00000000E+00
   3.99194060E+01    0.00000000E+00    0.00000000E+00
   4.03472457E+01    0.00000000E+00    0.00000000E+00
   4.07796708E+01    0.00000000E+00    0.00000000E+00
   4.12167304E+01    0.00000000E+00    0.00000000E+00
   4.16584742E+01    0.00000000E+00    0.00000000E+00
   4.21049525E+01    0.00000000E+00    0.00000000E+00
   4.25562160E+01    0.00000000E+00    0.00000000E+00
   4.30123159E+01    0.00000000E+00    0.00000000E+00
   4.34733040E+01    0.00000000E+00    0.00000000E+00
   4.39392329E+01    0.00000000E+00    0.00000000E+00
   4.44101554E+01    0.00000000E+00    0.00000000E+00
   4.48861251E+01    0.00000000E+00    0.00000000E+00
   4.53671960E+01    0.00000000E+00    0.00000000E+00
   4.58534228E+01    0.00000000E+00    0.00000000E+00
   4.63448608E+01    0.00000000E+00    0.00000000E+00
   4.68415658E+01    0.00000000E+00    0.00000000E+00
   4.73435943E+01    0.00000000E+00    0.00000000E+00
   4.78510033E+01    0.00000000E+00    0.00000000E+00
   4.83638506E+01    0.00000000E+00    0.00000000E+00
   4.88821943E+01    0.00000000E+00    0.00000000E+00
   4.94060934E+01    0.00000000E+00    0.00000000E+00
   4.99356074E+01    0.00000000E+00    0.00000000E+00
   5.04707966E+01    0.00000000E+00    0.00000000E+00
   5.10117217E+01    0.00000000E+00    0.00000000E+00
   5.15584442E+01    0.00000000E+00    0.00000000E+00
   5.21110263E+01    0.00000000E+00    0.00000000E+00
   5.26695306E+01    0.00000000E+00    0.00000000E+00
   5.32340209E+01    0.00000000E+00    0.00000000E+00
   5.38045610E+01    0.00000000E+00    0.00000000E+00
   5.43812161E+01    0.00000000E+00    0.00000000E+00
   5.49640514E+01    0.00000000E+00    0.00000000E+00
   5.55531333E+01    0.00000000E+00    0.00000000E+00
   5.61485288E+01    0.00000000E+00    0.00000000E+00
   5.67503055E+01    0.00000000E+00    0.00000000E+00
   5.73585318E+01    0.00000000E+00    0.00000000E+00
   5.79732767E+01    0.00000000E+00    0.00000000E+00
   5.85946103E+01    0.00000000E+00    0.00000000E+00
   5.92226031E+01    0.00000000E+00    0.00000000E+00
   5.98573264E+01    0.00000000E+00    0.00000000E+00
   6.04988524E+01    0.00000000E+00    0.00000000E+00
   6.11472541E+01    0.00000000E+00    0.00000000E+00
   6.18026050E+01    0.00000000E+00    0.00000000E+00
   6.24649798E+01    0.00000000E+00    0.00000000E+00
   6.31344535E+01    0.00000000E+00    0.00000000E+00
   6.38111025E+01    0.00000000E+00    0.00000000E+00
   6.44950034E+01    0.00000000E+00    0.00000000E+00
   6.51862342E+01    0.00000000E+00    0.00000000E+00
   6.58848732E+01    0.00000000E+00    0.00000000E+00
   6.65910000E+01    0.00000000E+00    0.00000000E+00
   6.73046948E+01    0.00000000E+00    0.00000000E+00
   6.80260386E+01    0.00000000E+00    0.00000000E+00
   6.87551135E+01    0.00000000E+00    0.00000000E+00
   6.94920023E+01    0.00000000E+00    0.00000000E+00
   7.02367888E+01    0.00000000E+00    0.00000000E+00
   7.09895577E+01    0.00000000E+00    0.00000000E+00
   7.17503943E+01    0.00000000E+00    0.00000000E+00
   7.25193853E+01    0.00000000E+00    0.00000000E+00
   7.32966181E+01    0.00000000E+00    0.00000000E+00
   7.40821809E+01    0.00000000E+00    0.00000000E+00
   7.48761630E+01    0.00000000E+00    0.00000000E+00
   7.56786547E+01    0.00000000E+00    0.00000000E+00
   7.64897472E+01    0.00000000E+00    0.00000000E+00
   7.73095326E+01    0.00000000E+00    0.00000000E+00
   7.81381042E+01    0.00000000E+00    0.00000000E+00
   7.89755560E+01    0.00000000E+00    0.00000000E+00
   7.98219833E+01    0.00000000E+00    0.00000000E+00
   8.06774823E+01    0.00000000E+00    0.00000000E+00
   8.15421501E+01    0.00000000E+00    0.00000000E+00
   8.24160851E+01    0.00000000E+00    0.00000000E+00
   8.32993865E+01    0.00000000E+00    0.00000000E+00
   8.41921549E+01    0.00000000E+00    0.00000000E+00
   8.50944915E+01    0.00000000E+00    0.00000000E+00
   8.60064990E+01    0.00000000E+00    0.00000000E+00
   8.69282811E+01    0.00000000E+00    0.00000000E+00
   8.78599424E+01    0.00000000E+00    0.00000000E+00
   8.88015889E+01    0.00000000E+00    0.00000000E+00
   8.97533275E+01    0.00000000E+00    0.00000000E+00
   9.07152665E+01    0.00000000E+00    0.00000000E+00
   9.16875152E+01    0.00000000E+00    0.00000000E+00
   9.26701840E+01    0.00000000E+00    0.00000000E+00
   9.36633846E+01    0.00000000E+00    0.00000000E+00
   9.46672300E+01    0.00000000E+00    0.00000000E+00
   9.56818341E+01    0.00000000E+00    0.00000000E+00
   9.67073124E+01    0.00000000E+00    0.00000000E+00
   9.77437813E+01    0.00000000E+00    0.00000000E+00
   9.87913587E+01    0.00000000E+00    0.00000000E+00
   9.98501636E+01    0.00000000E+00    0.00000000E+00
   1.00920316E+02    0.00000000E+00    0.00000000E+00
   1.02001938E+02    0.00000000E+00    0.00000000E+00
   1.03095153E+02    0.00000000E+00    0.00000000E+00
   1.04200084E+02    0.00000000E+00    0.00000000E+00
   1.05316857E+02    0.00000000E+00    0.00000000E+00
   1.06445600E+02    0.00000000E+00    0.00000000E+00
   1.07586440E+02    0.00000000E+00    0.00000000E+00
   1.08739507E+02    0.00000000E+00    0.00000000E+00
   1.09904932E+02    0.00000000E+00    0.00000000E+00
   1.11082847E+02    0.00000000E+00    0.00000000E+00
   1.12273387E+02    0.00000000E+00    0.00000000E+00
   1.13476687E+02    0.00000000E+00    0.00000000E+00
   1.14692883E+02    0.00000000E+00    0.00000000E+00
   1.15922114E+02    0.00000000E+00    0.00000000E+00
   1.17164519E+02    0.00000000E+00    0.00000000E+00
   1.18420240E+02    0.00000000E+00    0.00000000E+00
   1.19689419E+02    0.00000000E+00    0.00000000E+00
   1.20972200E+02    0.00000000E+00    0.00000000E+00
   1.22268730E+02    0.00000000E+00    0.00000000E+00
   1.23579156E+02    0.00000000E+00    0.00000000E+00
   1.24903626E+02    0.00000000E+00    0.00000000E+00
   1.26242292E+02    0.00000000E+00    0.00000000E+00
   1.27595304E+02    0.00000000E+00    0.00000000E+00
   1.28962818E+02    0.00000000E+00    0.00000000E+00
   1.30344988E+02    0.00000000E+00    0.00000000E+00
   1.31741971E+02    0.00000000E+00    0.00000000E+00
   1.33153927E+02    0.00000000E+00    0.00000000E+00
   1.34581016E+02    0.00000000E+00    0.00000000E+00
   1.36023400E+02    0.00000000E+00    0.00000000E+00
   1.37481242E+02    0.00000000E+00    0.00000000E+00
   1.38954709E+02    0.00000000E+00    0.00000000E+00
   1.40443968E+02    0.00000000E+00    0.00000000E+00
   1.41949188E+02    0.00000000E+00    0.00000000E+00
   1.43470541E+02    0.00000000E+00    0.00000000E+00
   1.45008199E+02    0.00000000E+00    0.00000000E+00
   1.46562337E+02    0.00000000E+00    0.00000000E+00
   1.48133131E+02    0.00000000E+00    0.00000000E+00
   1.49720760E+02    0.00000000E+00    0.00000000E+00
   1.51325406E+02    0.00000000E+00    0.00000000E+00
   1.52947249E+02    0.00000000E+00    0.00000000E+00
   1.54586474E+02    0.00000000E+00    0.00000000E+00
   1.56243268E+02    0.00000000E+00    0.00000000E+00
   1.57917818E+02    0.00000000E+00    0.00000000E+00
   1.59610316E+02    0.00000000E+00    0.00000000E+00
   1.61320953E+02    0.00000000E+00    0.00000000E+00
   1.63049925E+02    0.00000000E+00    0.00000000E+00
   1.64797426E+02    0.00000000E+00    0.00000000E+00
   1.66563657E+02    0.00000000E+00    0.00000000E+00
   1.68348817E+02    0.00000000E+00    0.00000000E+00
   1.70153110E+02    0.00000000E+00    0.00000000E+00
   1.71976740E+02    0.00000000E+00    0.00000000E+00
   1.73819916E+02    0.00000000E+00    0.00000000E+00
   1.75682846E+02    0.00000000E+00    0.00000000E+00
   1.77565742E+02    0.00000000E+00    0.00000000E+00
   1.79468818E+02    0.00000000E+00    0.00000000E+00
   1.81392290E+02    0.00000000E+00    0.00000000E+00
   1.83336378E+02    0.00000000E+00    0.00000000E+00
   1.85301301E+02    0.00000000E+00    0.00000000E+00
   1.87287284E+02    0.00000000E+00    0.00000000E+00
   1.89294551E+02    0.00000000E+00    0.00000000E+00
   1.91323332E+02    0.00000000E+00    0.00000000E+00
   1.93373856E+02    0.00000000E+00    0.00000000E+00
   1.95446357E+02    0.00000000E+00    0.00000000E+00
   1.97541070E+02    0.00000000E+00    0.00000000E+00
   1.99658233E+02    0.00000000E+00    0.00000000E+00
   2.01798088E+02    0.00000000E+00    0.00000000E+00
   2.03960876E+02    0.00000000E+00    0.00000000E+00
   2.06146844E+02    0.00000000E+00    0.00000000E+00
   2.08356241E+02    0.00000000E+00    0.00000000E+00
   2.10589316E+02    0.00000000E+00    0.00000000E+00
   2.12846326E+02    0.00000000E+00    0.00000000E+00
   2.15127524E+02    0.00000000E+00    0.00000000E+00
   2.17433172E+02    0.00000000E+00    0.00000000E+00
   2.19763531E+02    0.00000000E+00    0.00000000E+00
   2.22118865E+02    0.00000000E+00    0.00000000E+00
   2.24499443E+02    0.00000000E+00    0.00000000E+00
