# Peaks:     0.170104      0.694787  
   7.48331458E-05   -6.19036230E-05   -1.34549799E+00
   7.56351765E-05   -6.30005267E-05   -1.35481606E+00
   7.64458030E-05   -6.41102830E-05   -1.36407910E+00
   7.72651175E-05   -6.52341813E-05   -1.37330892E+00
   7.80932130E-05   -6.63735863E-05   -1.38252783E+00
   7.89301837E-05   -6.75299413E-05   -1.39175865E+00
   7.97761247E-05   -6.87047717E-05   -1.40102470E+00
   8.06311322E-05   -6.98996886E-05   -1.41034985E+00
   8.14953033E-05   -7.11163924E-05   -1.41975851E+00
   8.23687362E-05   -7.23564373E-05   -1.42927144E+00
   8.32515302E-05   -7.36202510E-05   -1.43888891E+00
   8.41437856E-05   -7.49078879E-05   -1.44860464E+00
   8.50456038E-05   -7.62193847E-05   -1.45841217E+00
   8.59570874E-05   -7.75547595E-05   -1.46830488E+00
   8.68783398E-05   -7.89140107E-05   -1.47827598E+00
   8.78094659E-05   -8.02971159E-05   -1.48831848E+00
   8.87505714E-05   -8.17040431E-05   -1.49842542E+00
   8.97017633E-05   -8.31350295E-05   -1.50859440E+00
   9.06631496E-05   -8.45906072E-05   -1.51882780E+00
   9.16348397E-05   -8.60713361E-05   -1.52912822E+00
   9.26169440E-05   -8.75777915E-05   -1.53949832E+00
   9.36095740E-05   -8.91105646E-05   -1.54994080E+00
   9.46128426E-05   -9.06702633E-05   -1.56045841E+00
   9.56268639E-05   -9.22575102E-05   -1.57105389E+00
   9.66517530E-05   -9.38728662E-05   -1.58172888E+00
   9.76876265E-05   -9.55168029E-05   -1.59248350E+00
   9.87346020E-05   -9.71897921E-05   -1.60331779E+00
   9.97927986E-05   -9.88923114E-05   -1.61423175E+00
   1.00862336E-04   -1.00624845E-04   -1.62522536E+00
   1.01943337E-04   -1.02387882E-04   -1.63629858E+00
   1.03035924E-04   -1.04181920E-04   -1.64745136E+00
   1.04140220E-04   -1.06007484E-04   -1.65868395E+00
   1.05256352E-04   -1.07865144E-04   -1.66999713E+00
   1.06384446E-04   -1.09755482E-04   -1.68139172E+00
   1.07524630E-04   -1.11679093E-04   -1.69286852E+00
   1.08677035E-04   -1.13636579E-04   -1.70442833E+00
   1.09841790E-04   -1.15628554E-04   -1.71607197E+00
   1.11019029E-04   -1.17655645E-04   -1.72780022E+00
   1.12208885E-04   -1.19718482E-04   -1.73961384E+00
   1.13411493E-04   -1.21817703E-04   -1.75151350E+00
   1.14626991E-04   -1.23953951E-04   -1.76349987E+00
   1.15855515E-04   -1.26127885E-04   -1.77557358E+00
   1.17097207E-04   -1.28340171E-04   -1.78773529E+00
   1.18352206E-04   -1.30591487E-04   -1.79998562E+00
   1.19620656E-04   -1.32882523E-04   -1.81232520E+00
   1.20902701E-04   -1.35213984E-04   -1.82475468E+00
   1.22198486E-04   -1.37586591E-04   -1.83727483E+00
   1.23508158E-04   -1.40001082E-04   -1.84988642E+00
   1.24831868E-04   -1.42458204E-04   -1.86259021E+00
   1.26169764E-04   -1.44958719E-04   -1.87538696E+00
   1.27521999E-04   -1.47503402E-04   -1.88827740E+00
   1.28888727E-04   -1.50093038E-04   -1.90126229E+00
   1.30270103E-04   -1.52728431E-04   -1.91434236E+00
   1.31666284E-04   -1.55410399E-04   -1.92751844E+00
   1.33077429E-04   -1.58139776E-04   -1.94079133E+00
   1.34503698E-04   -1.60917407E-04   -1.95416182E+00
   1.35945253E-04   -1.63744156E-04   -1.96763072E+00
   1.37402258E-04   -1.66620897E-04   -1.98119880E+00
   1.38874878E-04   -1.69548523E-04   -1.99486683E+00
   1.40363281E-04   -1.72527941E-04   -2.00863563E+00
   1.41867637E-04   -1.75560079E-04   -2.02250605E+00
   1.43388116E-04   -1.78645883E-04   -2.03647897E+00
   1.44924890E-04   -1.81786314E-04   -2.05055525E+00
   1.46478135E-04   -1.84982350E-04   -2.06473574E+00
   1.48048027E-04   -1.88234984E-04   -2.07902130E+00
   1.49634744E-04   -1.91545228E-04   -2.09341275E+00
   1.51238468E-04   -1.94914111E-04   -2.10791096E+00
   1.52859379E-04   -1.98342689E-04   -2.12251686E+00
   1.54497662E-04   -2.01832031E-04   -2.13723139E+00
   1.56153504E-04   -2.05383229E-04   -2.15205547E+00
   1.57827093E-04   -2.08997392E-04   -2.16699002E+00
   1.59518618E-04   -2.12675646E-04   -2.18203592E+00
   1.61228273E-04   -2.16419139E-04   -2.19719410E+00
   1.62956251E-04   -2.20229041E-04   -2.21246547E+00
   1.64702748E-04   -2.24106546E-04   -2.22785103E+00
   1.66467964E-04   -2.28052871E-04   -2.24335179E+00
   1.68252099E-04   -2.32069253E-04   -2.25896873E+00
   1.70055355E-04   -2.36156949E-04   -2.27470283E+00
   1.71877938E-04   -2.40317240E-04   -2.29055505E+00
   1.73720054E-04   -2.44551427E-04   -2.30652636E+00
   1.75581914E-04   -2.48860839E-04   -2.32261778E+00
   1.77463728E-04   -2.53246834E-04   -2.33883038E+00
   1.79365711E-04   -2.57710790E-04   -2.35516522E+00
   1.81288078E-04   -2.62254113E-04   -2.37162337E+00
   1.83231049E-04   -2.66878229E-04   -2.38820587E+00
   1.85194843E-04   -2.71584592E-04   -2.40491374E+00
   1.87179685E-04   -2.76374680E-04   -2.42174803E+00
   1.89185799E-04   -2.81250002E-04   -2.43870984E+00
   1.91213414E-04   -2.86212099E-04   -2.45580032E+00
   1.93262761E-04   -2.91262538E-04   -2.47302061E+00
   1.95334071E-04   -2.96402912E-04   -2.49037183E+00
   1.97427581E-04   -3.01634844E-04   -2.50785511E+00
   1.99543528E-04   -3.06959983E-04   -2.52547155E+00
   2.01682152E-04   -3.12380007E-04   -2.54322226E+00
   2.03843698E-04   -3.17896634E-04   -2.56110846E+00
   2.06028411E-04   -3.23511614E-04   -2.57913138E+00
   2.08236538E-04   -3.29226726E-04   -2.59729222E+00
   2.10468331E-04   -3.35043780E-04   -2.61559220E+00
   2.12724043E-04   -3.40964617E-04   -2.63403249E+00
   2.15003931E-04   -3.46991110E-04   -2.65261430E+00
   2.17308254E-04   -3.53125171E-04   -2.67133882E+00
   2.19637274E-04   -3.59368751E-04   -2.69020739E+00
   2.21991256E-04   -3.65723838E-04   -2.70922130E+00
   2.24370466E-04   -3.72192452E-04   -2.72838185E+00
   2.26775176E-04   -3.78776650E-04   -2.74769033E+00
   2.29205658E-04   -3.85478525E-04   -2.76714801E+00
   2.31662189E-04   -3.92300206E-04   -2.78675615E+00
   2.34145049E-04   -3.99243867E-04   -2.80651610E+00
   2.36654518E-04   -4.06311728E-04   -2.82642927E+00
   2.39190883E-04   -4.13506046E-04   -2.84649705E+00
   2.41754432E-04   -4.20829118E-04   -2.86672082E+00
   2.44345456E-04   -4.28283283E-04   -2.88710196E+00
   2.46964250E-04   -4.35870918E-04   -2.90764182E+00
   2.49611110E-04   -4.43594444E-04   -2.92834177E+00
   2.52286339E-04   -4.51456339E-04   -2.94920329E+00
   2.54990239E-04   -4.59459126E-04   -2.97022789E+00
   2.57723119E-04   -4.67605370E-04   -2.99141705E+00
   2.60485289E-04   -4.75897684E-04   -3.01277225E+00
   2.63277062E-04   -4.84338726E-04   -3.03429495E+00
   2.66098756E-04   -4.92931199E-04   -3.05598660E+00
   2.68950693E-04   -5.01677863E-04   -3.07784870E+00
   2.71833195E-04   -5.10581534E-04   -3.09988286E+00
   2.74746590E-04   -5.19645082E-04   -3.12209067E+00
   2.77691211E-04   -5.28871427E-04   -3.14447373E+00
   2.80667390E-04   -5.38263538E-04   -3.16703360E+00
   2.83675467E-04   -5.47824438E-04   -3.18977184E+00
   2.86715783E-04   -5.57557205E-04   -3.21269001E+00
   2.89788684E-04   -5.67464985E-04   -3.23578979E+00
   2.92894519E-04   -5.77550983E-04   -3.25907290E+00
   2.96033641E-04   -5.87818463E-04   -3.28254102E+00
   2.99206407E-04   -5.98270746E-04   -3.30619587E+00
   3.02413178E-04   -6.08911211E-04   -3.33003909E+00
   3.05654317E-04   -6.19743299E-04   -3.35407236E+00
   3.08930193E-04   -6.30770516E-04   -3.37829739E+00
   3.12241179E-04   -6.41996447E-04   -3.40271600E+00
   3.15587651E-04   -6.53424740E-04   -3.42733004E+00
   3.18969988E-04   -6.65059111E-04   -3.45214130E+00
   3.22388577E-04   -6.76903337E-04   -3.47715158E+00
   3.25843804E-04   -6.88961266E-04   -3.50236267E+00
   3.29336063E-04   -7.01236816E-04   -3.52777634E+00
   3.32865750E-04   -7.13733988E-04   -3.55339451E+00
   3.36433267E-04   -7.26456864E-04   -3.57921913E+00
   3.40039020E-04   -7.39409598E-04   -3.60525215E+00
   3.43683417E-04   -7.52596418E-04   -3.63149550E+00
   3.47366874E-04   -7.66021627E-04   -3.65795108E+00
   3.51089808E-04   -7.79689606E-04   -3.68462079E+00
   3.54852643E-04   -7.93604824E-04   -3.71150659E+00
   3.58655807E-04   -8.07771846E-04   -3.73861058E+00
   3.62499731E-04   -8.22195319E-04   -3.76593484E+00
   3.66384853E-04   -8.36879975E-04   -3.79348144E+00
   3.70311614E-04   -8.51830628E-04   -3.82125240E+00
   3.74280461E-04   -8.67052179E-04   -3.84924976E+00
   3.78291844E-04   -8.82549624E-04   -3.87747557E+00
   3.82346219E-04   -8.98328066E-04   -3.90593204E+00
   3.86444048E-04   -9.14392708E-04   -3.93462139E+00
   3.90585795E-04   -9.30748843E-04   -3.96354583E+00
   3.94771932E-04   -9.47401860E-04   -3.99270755E+00
   3.99002934E-04   -9.64357247E-04   -4.02210870E+00
   4.03279282E-04   -9.81620588E-04   -4.05175144E+00
   4.07601462E-04   -9.99197592E-04   -4.08163808E+00
   4.11969966E-04   -1.01709408E-03   -4.11177101E+00
   4.16385289E-04   -1.03531598E-03   -4.14215257E+00
   4.20847934E-04   -1.05386933E-03   -4.17278511E+00
   4.25358408E-04   -1.07276026E-03   -4.20367095E+00
   4.29917223E-04   -1.09199503E-03   -4.23481236E+00
   4.34524898E-04   -1.11158003E-03   -4.26621174E+00
   4.39181956E-04   -1.13152176E-03   -4.29787164E+00
   4.43888926E-04   -1.15182687E-03   -4.32979456E+00
   4.48646344E-04   -1.17250212E-03   -4.36198300E+00
   4.53454750E-04   -1.19355438E-03   -4.39443944E+00
   4.58314690E-04   -1.21499065E-03   -4.42716633E+00
   4.63226717E-04   -1.23681809E-03   -4.46016614E+00
   4.68191389E-04   -1.25904397E-03   -4.49344157E+00
   4.73209270E-04   -1.28167574E-03   -4.52699531E+00
   4.78280931E-04   -1.30472096E-03   -4.56083001E+00
   4.83406948E-04   -1.32818735E-03   -4.59494832E+00
   4.88587904E-04   -1.35208274E-03   -4.62935285E+00
   4.93824387E-04   -1.37641513E-03   -4.66404621E+00
   4.99116992E-04   -1.40119269E-03   -4.69903122E+00
   5.04466321E-04   -1.42642374E-03   -4.73431074E+00
   5.09872982E-04   -1.45211677E-03   -4.76988761E+00
   5.15337590E-04   -1.47828041E-03   -4.80576465E+00
   5.20860764E-04   -1.50492345E-03   -4.84194463E+00
   5.26443134E-04   -1.53205485E-03   -4.87843032E+00
   5.32085334E-04   -1.55968375E-03   -4.91522466E+00
   5.37788004E-04   -1.58781949E-03   -4.95233071E+00
   5.43551793E-04   -1.61647156E-03   -4.98975149E+00
   5.49377356E-04   -1.64564965E-03   -5.02749002E+00
   5.55265355E-04   -1.67536361E-03   -5.06554926E+00
   5.61216459E-04   -1.70562348E-03   -5.10393215E+00
   5.67231345E-04   -1.73643950E-03   -5.14264171E+00
   5.73310695E-04   -1.76782211E-03   -5.18168117E+00
   5.79455202E-04   -1.79978199E-03   -5.22105376E+00
   5.85665563E-04   -1.83232997E-03   -5.26076270E+00
   5.91942484E-04   -1.86547712E-03   -5.30081114E+00
   5.98286678E-04   -1.89923467E-03   -5.34120222E+00
   6.04698867E-04   -1.93361411E-03   -5.38193910E+00
   6.11179779E-04   -1.96862715E-03   -5.42302520E+00
   6.17730151E-04   -2.00428575E-03   -5.46446396E+00
   6.24350727E-04   -2.04060205E-03   -5.50625876E+00
   6.31042259E-04   -2.07758847E-03   -5.54841297E+00
   6.37805509E-04   -2.11525761E-03   -5.59092991E+00
   6.44641244E-04   -2.15362234E-03   -5.63381291E+00
   6.51550242E-04   -2.19269579E-03   -5.67706556E+00
   6.58533287E-04   -2.23249136E-03   -5.72069150E+00
   6.65591174E-04   -2.27302269E-03   -5.76469436E+00
   6.72724705E-04   -2.31430370E-03   -5.80907769E+00
   6.79934690E-04   -2.35634852E-03   -5.85384504E+00
   6.87221948E-04   -2.39917158E-03   -5.89899990E+00
   6.94587308E-04   -2.44278761E-03   -5.94454601E+00
   7.02031607E-04   -2.48721163E-03   -5.99048724E+00
   7.09555691E-04   -2.53245896E-03   -6.03682741E+00
   7.17160415E-04   -2.57854517E-03   -6.08357032E+00
   7.24846644E-04   -2.62548616E-03   -6.13071970E+00
   7.32615250E-04   -2.67329810E-03   -6.17827926E+00
   7.40467117E-04   -2.72199751E-03   -6.22625293E+00
   7.48403137E-04   -2.77160125E-03   -6.27464478E+00
   7.56424211E-04   -2.82212648E-03   -6.32345889E+00
   7.64531253E-04   -2.87359070E-03   -6.37269925E+00
   7.72725182E-04   -2.92601174E-03   -6.42236983E+00
   7.81006931E-04   -2.97940774E-03   -6.47247453E+00
   7.89377439E-04   -3.03379723E-03   -6.52301744E+00
   7.97837660E-04   -3.08919912E-03   -6.57400289E+00
   8.06388553E-04   -3.14563269E-03   -6.62543515E+00
   8.15031092E-04   -3.20311756E-03   -6.67731846E+00
   8.23766258E-04   -3.26167373E-03   -6.72965699E+00
   8.32595043E-04   -3.32132157E-03   -6.78245488E+00
   8.41518452E-04   -3.38208188E-03   -6.83571644E+00
   8.50537498E-04   -3.44397588E-03   -6.88944621E+00
   8.59653207E-04   -3.50702519E-03   -6.94364872E+00
   8.68866614E-04   -3.57125185E-03   -6.99832842E+00
   8.78178766E-04   -3.63667829E-03   -7.05348972E+00
   8.87590723E-04   -3.70332739E-03   -7.10913695E+00
   8.97103552E-04   -3.77122248E-03   -7.16527466E+00
   9.06718337E-04   -3.84038737E-03   -7.22190762E+00
   9.16436168E-04   -3.91084635E-03   -7.27904058E+00
   9.26258152E-04   -3.98262413E-03   -7.33667821E+00
   9.36185403E-04   -4.05574591E-03   -7.39482515E+00
   9.46219050E-04   -4.13023735E-03   -7.45348595E+00
   9.56360234E-04   -4.20612466E-03   -7.51266544E+00
   9.66610107E-04   -4.28343458E-03   -7.57236866E+00
   9.76969834E-04   -4.36219435E-03   -7.63260056E+00
   9.87440592E-04   -4.44243171E-03   -7.69336607E+00
   9.98023571E-04   -4.52417497E-03   -7.75467003E+00
   1.00871997E-03   -4.60745291E-03   -7.81651721E+00
   1.01953102E-03   -4.69229498E-03   -7.87891270E+00
   1.03045793E-03   -4.77873116E-03   -7.94186176E+00
   1.04150195E-03   -4.86679206E-03   -8.00536960E+00
   1.05266434E-03   -4.95650882E-03   -8.06944136E+00
   1.06394636E-03   -5.04791319E-03   -8.13408212E+00
   1.07534929E-03   -5.14103753E-03   -8.19929688E+00
   1.08687444E-03   -5.23591487E-03   -8.26509099E+00
   1.09852311E-03   -5.33257889E-03   -8.33146999E+00
   1.11029663E-03   -5.43106394E-03   -8.39843936E+00
   1.12219633E-03   -5.53140501E-03   -8.46600449E+00
   1.13422356E-03   -5.63363773E-03   -8.53417070E+00
   1.14637970E-03   -5.73779843E-03   -8.60294324E+00
   1.15866612E-03   -5.84392417E-03   -8.67232757E+00
   1.17108423E-03   -5.95205278E-03   -8.74232949E+00
   1.18363542E-03   -6.06222282E-03   -8.81295473E+00
   1.19632114E-03   -6.17447357E-03   -8.88420896E+00
   1.20914281E-03   -6.28884504E-03   -8.95609773E+00
   1.22210190E-03   -6.40537802E-03   -9.02862653E+00
   1.23519989E-03   -6.52411414E-03   -9.10180114E+00
   1.24843825E-03   -6.64509585E-03   -9.17562759E+00
   1.26181849E-03   -6.76836645E-03   -9.25011186E+00
   1.27534214E-03   -6.89397003E-03   -9.32525985E+00
   1.28901073E-03   -7.02195153E-03   -9.40107735E+00
   1.30282581E-03   -7.15235673E-03   -9.47757007E+00
   1.31678896E-03   -7.28523237E-03   -9.55474403E+00
   1.33090176E-03   -7.42062611E-03   -9.63260550E+00
   1.34516581E-03   -7.55858655E-03   -9.71116069E+00
   1.35958274E-03   -7.69916318E-03   -9.79041572E+00
   1.37415418E-03   -7.84240646E-03   -9.87037661E+00
   1.38888180E-03   -7.98836779E-03   -9.95104931E+00
   1.40376726E-03   -8.13709965E-03   -1.00324402E+01
   1.41881226E-03   -8.28865555E-03   -1.01145557E+01
   1.43401850E-03   -8.44309003E-03   -1.01974024E+01
   1.44938771E-03   -8.60045866E-03   -1.02809865E+01
   1.46492165E-03   -8.76081807E-03   -1.03653143E+01
   1.48062208E-03   -8.92422596E-03   -1.04503920E+01
   1.49649077E-03   -9.09074125E-03   -1.05362261E+01
   1.51252954E-03   -9.26042400E-03   -1.06228235E+01
   1.52874020E-03   -9.43333541E-03   -1.07101907E+01
   1.54512461E-03   -9.60953784E-03   -1.07983342E+01
   1.56168461E-03   -9.78909486E-03   -1.08872605E+01
   1.57842210E-03   -9.97207125E-03   -1.09769761E+01
   1.59533898E-03   -1.01585332E-02   -1.10674879E+01
   1.61243716E-03   -1.03485480E-02   -1.11588030E+01
   1.62971859E-03   -1.05421844E-02   -1.12509280E+01
   1.64718524E-03   -1.07395124E-02   -1.13438696E+01
   1.66483909E-03   -1.09406033E-02   -1.14376345E+01
   1.68268215E-03   -1.11455298E-02   -1.15322294E+01
   1.70071644E-03   -1.13543661E-02   -1.16276616E+01
   1.71894401E-03   -1.15671879E-02   -1.17239381E+01
   1.73736694E-03   -1.17840722E-02   -1.18210659E+01
   1.75598732E-03   -1.20050975E-02   -1.19190520E+01
   1.77480726E-03   -1.22303439E-02   -1.20179031E+01
   1.79382891E-03   -1.24598930E-02   -1.21176262E+01
   1.81305443E-03   -1.26938279E-02   -1.22182288E+01
   1.83248600E-03   -1.29322336E-02   -1.23197180E+01
   1.85212582E-03   -1.31751965E-02   -1.24221011E+01
   1.87197614E-03   -1.34228046E-02   -1.25253851E+01
   1.89203920E-03   -1.36751477E-02   -1.26295770E+01
   1.91231730E-03   -1.39323174E-02   -1.27346841E+01
   1.93281272E-03   -1.41944071E-02   -1.28407139E+01
   1.95352781E-03   -1.44615118E-02   -1.29476740E+01
   1.97446491E-03   -1.47337285E-02   -1.30555715E+01
   1.99562641E-03   -1.50111560E-02   -1.31644137E+01
   2.01701470E-03   -1.52938949E-02   -1.32742077E+01
   2.03863223E-03   -1.55820480E-02   -1.33849610E+01
   2.06048145E-03   -1.58757198E-02   -1.34966814E+01
   2.08256483E-03   -1.61750170E-02   -1.36093763E+01
   2.10488490E-03   -1.64800483E-02   -1.37230531E+01
   2.12744419E-03   -1.67909244E-02   -1.38377191E+01
   2.15024525E-03   -1.71077581E-02   -1.39533817E+01
   2.17329069E-03   -1.74306646E-02   -1.40700487E+01
   2.19658312E-03   -1.77597612E-02   -1.41877279E+01
   2.22012519E-03   -1.80951674E-02   -1.43064268E+01
   2.24391957E-03   -1.84370050E-02   -1.44261529E+01
   2.26796897E-03   -1.87853979E-02   -1.45469134E+01
   2.29227612E-03   -1.91404727E-02   -1.46687160E+01
   2.31684379E-03   -1.95023584E-02   -1.47915685E+01
   2.34167476E-03   -1.98711864E-02   -1.49154789E+01
   2.36677186E-03   -2.02470906E-02   -1.50404547E+01
   2.39213794E-03   -2.06302073E-02   -1.51665035E+01
   2.41777588E-03   -2.10206755E-02   -1.52936324E+01
   2.44368861E-03   -2.14186369E-02   -1.54218494E+01
   2.46987905E-03   -2.18242359E-02   -1.55511623E+01
   2.49635019E-03   -2.22376197E-02   -1.56815790E+01
   2.52310504E-03   -2.26589381E-02   -1.58131072E+01
   2.55014663E-03   -2.30883440E-02   -1.59457542E+01
   2.57747805E-03   -2.35259928E-02   -1.60795274E+01
   2.60510239E-03   -2.39720431E-02   -1.62144348E+01
   2.63302280E-03   -2.44266567E-02   -1.63504843E+01
   2.66124244E-03   -2.48899983E-02   -1.64876836E+01
   2.68976454E-03   -2.53622355E-02   -1.66260404E+01
   2.71859232E-03   -2.58435392E-02   -1.67655619E+01
   2.74772907E-03   -2.63340835E-02   -1.69062555E+01
   2.77717809E-03   -2.68340460E-02   -1.70481293E+01
   2.80694273E-03   -2.73436074E-02   -1.71911911E+01
   2.83702638E-03   -2.78629520E-02   -1.73354484E+01
   2.86743246E-03   -2.83922673E-02   -1.74809088E+01
   2.89816441E-03   -2.89317444E-02   -1.76275795E+01
   2.92922574E-03   -2.94815781E-02   -1.77754678E+01
   2.96061996E-03   -3.00419667E-02   -1.79245817E+01
   2.99235066E-03   -3.06131125E-02   -1.80749288E+01
   3.02442144E-03   -3.11952213E-02   -1.82265166E+01
   3.05683593E-03   -3.17885028E-02   -1.83793523E+01
   3.08959784E-03   -3.23931706E-02   -1.85334431E+01
   3.12271087E-03   -3.30094421E-02   -1.86887962E+01
   3.15617879E-03   -3.36375393E-02   -1.88454192E+01
   3.19000541E-03   -3.42776878E-02   -1.90033197E+01
   3.22419456E-03   -3.49301178E-02   -1.91625048E+01
   3.25875014E-03   -3.55950632E-02   -1.93229814E+01
   3.29367608E-03   -3.62727626E-02   -1.94847564E+01
   3.32897633E-03   -3.69634591E-02   -1.96478371E+01
   3.36465492E-03   -3.76674001E-02   -1.98122308E+01
   3.40071590E-03   -3.83848378E-02   -1.99779446E+01
   3.43716337E-03   -3.91160289E-02   -2.01449853E+01
   3.47400146E-03   -3.98612345E-02   -2.03133595E+01
   3.51123437E-03   -4.06207208E-02   -2.04830737E+01
   3.54886632E-03   -4.13947589E-02   -2.06541349E+01
   3.58690160E-03   -4.21836252E-02   -2.08265501E+01
   3.62534453E-03   -4.29876006E-02   -2.10003259E+01
   3.66419947E-03   -4.38069713E-02   -2.11754686E+01
   3.70347084E-03   -4.46420287E-02   -2.13519843E+01
   3.74316311E-03   -4.54930695E-02   -2.15298793E+01
   3.78328078E-03   -4.63603960E-02   -2.17091602E+01
   3.82382842E-03   -4.72443158E-02   -2.18898332E+01
   3.86481063E-03   -4.81451424E-02   -2.20719045E+01
   3.90623207E-03   -4.90631944E-02   -2.22553798E+01
   3.94809744E-03   -4.99987963E-02   -2.24402647E+01
   3.99041152E-03   -5.09522787E-02   -2.26265650E+01
   4.03317909E-03   -5.19239782E-02   -2.28142866E+01
   4.07640504E-03   -5.29142375E-02   -2.30034352E+01
   4.12009426E-03   -5.39234052E-02   -2.31940163E+01
   4.16425172E-03   -5.49518360E-02   -2.33860348E+01
   4.20888245E-03   -5.59998911E-02   -2.35794957E+01
   4.25399151E-03   -5.70679383E-02   -2.37744042E+01
   4.29958403E-03   -5.81563519E-02   -2.39707653E+01
   4.34566519E-03   -5.92655131E-02   -2.41685840E+01
   4.39224023E-03   -6.03958093E-02   -2.43678648E+01
   4.43931444E-03   -6.15476350E-02   -2.45686119E+01
   4.48689317E-03   -6.27213915E-02   -2.47708294E+01
   4.53498183E-03   -6.39174879E-02   -2.49745219E+01
   4.58358589E-03   -6.51363399E-02   -2.51796935E+01
   4.63271087E-03   -6.63783708E-02   -2.53863481E+01
   4.68236234E-03   -6.76440110E-02   -2.55944892E+01
   4.73254596E-03   -6.89336982E-02   -2.58041199E+01
   4.78326743E-03   -7.02478782E-02   -2.60152436E+01
   4.83453251E-03   -7.15870048E-02   -2.62278636E+01
   4.88634703E-03   -7.29515396E-02   -2.64419831E+01
   4.93871687E-03   -7.43419519E-02   -2.66576047E+01
   4.99164799E-03   -7.57587190E-02   -2.68747309E+01
   5.04514641E-03   -7.72023264E-02   -2.70933635E+01
   5.09921820E-03   -7.86732683E-02   -2.73135048E+01
   5.15386951E-03   -8.01720476E-02   -2.75351570E+01
   5.20910654E-03   -8.16991757E-02   -2.77583217E+01
   5.26493559E-03   -8.32551725E-02   -2.79830003E+01
   5.32136299E-03   -8.48405666E-02   -2.82091938E+01
   5.37839515E-03   -8.64558954E-02   -2.84369029E+01
   5.43603857E-03   -8.81017063E-02   -2.86661285E+01
   5.49429978E-03   -8.97785558E-02   -2.88968712E+01
   5.55318541E-03   -9.14870095E-02   -2.91291313E+01
   5.61270215E-03   -9.32276426E-02   -2.93629084E+01
   5.67285676E-03   -9.50010392E-02   -2.95982020E+01
   5.73365609E-03   -9.68077937E-02   -2.98350113E+01
   5.79510704E-03   -9.86485110E-02   -3.00733354E+01
   5.85721660E-03   -1.00523806E-01   -3.03131733E+01
   5.91999182E-03   -1.02434303E-01   -3.05545234E+01
   5.98343984E-03   -1.04380638E-01   -3.07973839E+01
   6.04756787E-03   -1.06363455E-01   -3.10417520E+01
   6.11238320E-03   -1.08383410E-01   -3.12876253E+01
   6.17789319E-03   -1.10441171E-01   -3.15350012E+01
   6.24410529E-03   -1.12537415E-01   -3.17838764E+01
   6.31102703E-03   -1.14672832E-01   -3.20342475E+01
   6.37866600E-03   -1.16848121E-01   -3.22861105E+01
   6.44702990E-03   -1.19063992E-01   -3.25394607E+01
   6.51612650E-03   -1.21321169E-01   -3.27942935E+01
   6.58596364E-03   -1.23620386E-01   -3.30506041E+01
   6.65654927E-03   -1.25962389E-01   -3.33083870E+01
   6.72789141E-03   -1.28347936E-01   -3.35676364E+01
   6.79999817E-03   -1.30777797E-01   -3.38283458E+01
   6.87287773E-03   -1.33252753E-01   -3.40905084E+01
   6.94653839E-03   -1.35773599E-01   -3.43541173E+01
   7.02098851E-03   -1.38341142E-01   -3.46191650E+01
   7.09623655E-03   -1.40956202E-01   -3.48856437E+01
   7.17229108E-03   -1.43619610E-01   -3.51535448E+01
   7.24916072E-03   -1.46332211E-01   -3.54228591E+01
   7.32685423E-03   -1.49094863E-01   -3.56935773E+01
   7.40538041E-03   -1.51908436E-01   -3.59656895E+01
   7.48474821E-03   -1.54773818E-01   -3.62391857E+01
   7.56496665E-03   -1.57691904E-01   -3.65140550E+01
   7.64604483E-03   -1.60663607E-01   -3.67902859E+01
   7.72799197E-03   -1.63689850E-01   -3.70678664E+01
   7.81081738E-03   -1.66771573E-01   -3.73467840E+01
   7.89453049E-03   -1.69909729E-01   -3.76270259E+01
   7.97914080E-03   -1.73105287E-01   -3.79085788E+01
   8.06465792E-03   -1.76359227E-01   -3.81914285E+01
   8.15109159E-03   -1.79672545E-01   -3.84755603E+01
   8.23845161E-03   -1.83046249E-01   -3.87609589E+01
   8.32674792E-03   -1.86481366E-01   -3.90476085E+01
   8.41599056E-03   -1.89978936E-01   -3.93354928E+01
   8.50618966E-03   -1.93540015E-01   -3.96245949E+01
   8.59735548E-03   -1.97165672E-01   -3.99148972E+01
   8.68949837E-03   -2.00856991E-01   -4.02063812E+01
   8.78262882E-03   -2.04615072E-01   -4.04990279E+01
   8.87675740E-03   -2.08441029E-01   -4.07928179E+01
   8.97189481E-03   -2.12335997E-01   -4.10877309E+01
   9.06805186E-03   -2.16301121E-01   -4.13837461E+01
   9.16523948E-03   -2.20337564E-01   -4.16808419E+01
   9.26346872E-03   -2.24446502E-01   -4.19789958E+01
   9.36275074E-03   -2.28629130E-01   -4.22781848E+01
   9.46309683E-03   -2.32886659E-01   -4.25783853E+01
   9.56451838E-03   -2.37220317E-01   -4.28795729E+01
   9.66702693E-03   -2.41631347E-01   -4.31817223E+01
   9.77063412E-03   -2.46121007E-01   -4.34848076E+01
   9.87535173E-03   -2.50690570E-01   -4.37888019E+01
   9.98119166E-03   -2.55341327E-01   -4.40936778E+01
   1.00881659E-02   -2.60074589E-01   -4.43994069E+01
   1.01962867E-02   -2.64891683E-01   -4.47059603E+01
   1.03055663E-02   -2.69793949E-01   -4.50133080E+01
   1.04160171E-02   -2.74782744E-01   -4.53214192E+01
   1.05276516E-02   -2.79859441E-01   -4.56302623E+01
   1.06404827E-02   -2.85025435E-01   -4.59398049E+01
   1.07545229E-02   -2.90282136E-01   -4.62500139E+01
   1.08697855E-02   -2.95630971E-01   -4.65608549E+01
   1.09862833E-02   -3.01073382E-01   -4.68722931E+01
   1.11040298E-02   -3.06610823E-01   -4.71842925E+01
   1.12230381E-02   -3.12244772E-01   -4.74968162E+01
   1.13433220E-02   -3.17976724E-01   -4.78098265E+01
   1.14648951E-02   -3.23808192E-01   -4.81232847E+01
   1.15877710E-02   -3.29740704E-01   -4.84371512E+01
   1.17119640E-02   -3.35775804E-01   -4.87513855E+01
   1.18374880E-02   -3.41915046E-01   -4.90659461E+01
   1.19643573E-02   -3.48160009E-01   -4.93807905E+01
   1.20925863E-02   -3.54512291E-01   -4.96958753E+01
   1.22221896E-02   -3.60973507E-01   -5.00111558E+01
   1.23531820E-02   -3.67545285E-01   -5.03265867E+01
   1.24855783E-02   -3.74229266E-01   -5.06421214E+01
   1.26193935E-02   -3.81027107E-01   -5.09577127E+01
   1.27546430E-02   -3.87940484E-01   -5.12733120E+01
   1.28913419E-02   -3.94971095E-01   -5.15888696E+01
   1.30295060E-02   -4.02120655E-01   -5.19043347E+01
   1.31691508E-02   -4.09390890E-01   -5.22196557E+01
   1.33102923E-02   -4.16783538E-01   -5.25347798E+01
   1.34529465E-02   -4.24300349E-01   -5.28496534E+01
   1.35971297E-02   -4.31943096E-01   -5.31642215E+01
   1.37428581E-02   -4.39713571E-01   -5.34784280E+01
   1.38901483E-02   -4.47613579E-01   -5.37922156E+01
   1.40390172E-02   -4.55644937E-01   -5.41055260E+01
   1.41894816E-02   -4.63809469E-01   -5.44183001E+01
   1.43415585E-02   -4.72109020E-01   -5.47304775E+01
   1.44952654E-02   -4.80545456E-01   -5.50419961E+01
   1.46506197E-02   -4.89120658E-01   -5.53527931E+01
   1.48076389E-02   -4.97836512E-01   -5.56628043E+01
   1.49663411E-02   -5.06694914E-01   -5.59719648E+01
   1.51267441E-02   -5.15697768E-01   -5.62802086E+01
   1.52888663E-02   -5.24846995E-01   -5.65874684E+01
   1.54527260E-02   -5.34144541E-01   -5.68936751E+01
   1.56183420E-02   -5.43592362E-01   -5.71987586E+01
   1.57857329E-02   -5.53192417E-01   -5.75026478E+01
   1.59549178E-02   -5.62946673E-01   -5.78052707E+01
   1.61259160E-02   -5.72857096E-01   -5.81065544E+01
   1.62987469E-02   -5.82925674E-01   -5.84064242E+01
   1.64734301E-02   -5.93154415E-01   -5.87048040E+01
   1.66499855E-02   -6.03545336E-01   -5.90016163E+01
   1.68284332E-02   -6.14100451E-01   -5.92967829E+01
   1.70087934E-02   -6.24821778E-01   -5.95902245E+01
   1.71910866E-02   -6.35711329E-01   -5.98818611E+01
   1.73753335E-02   -6.46771138E-01   -6.01716109E+01
   1.75615551E-02   -6.58003258E-01   -6.04593902E+01
   1.77497726E-02   -6.69409741E-01   -6.07451144E+01
   1.79400073E-02   -6.80992637E-01   -6.10286980E+01
   1.81322809E-02   -6.92753987E-01   -6.13100547E+01
   1.83266152E-02   -7.04695829E-01   -6.15890973E+01
   1.85230322E-02   -7.16820228E-01   -6.18657363E+01
   1.87215544E-02   -7.29129250E-01   -6.21398809E+01
   1.89222043E-02   -7.41624952E-01   -6.24114395E+01
   1.91250047E-02   -7.54309380E-01   -6.26803200E+01
   1.93299785E-02   -7.67184567E-01   -6.29464293E+01
   1.95371492E-02   -7.80252566E-01   -6.32096722E+01
   1.97465403E-02   -7.93515441E-01   -6.34699517E+01
   1.99581755E-02   -8.06975242E-01   -6.37271701E+01
   2.01720790E-02   -8.20634001E-01   -6.39812289E+01
   2.03882750E-02   -8.34493729E-01   -6.42320293E+01
   2.06067881E-02   -8.48556414E-01   -6.44794717E+01
   2.08276431E-02   -8.62824066E-01   -6.47234544E+01
   2.10508652E-02   -8.77298703E-01   -6.49638734E+01
   2.12764796E-02   -8.91982321E-01   -6.52006243E+01
   2.15045121E-02   -9.06876882E-01   -6.54336023E+01
   2.17349886E-02   -9.21984323E-01   -6.56627024E+01
   2.19679352E-02   -9.37306555E-01   -6.58878185E+01
   2.22033784E-02   -9.52845519E-01   -6.61088417E+01
   2.24413450E-02   -9.68603136E-01   -6.63256620E+01
   2.26818620E-02   -9.84581292E-01   -6.65381692E+01
   2.29249569E-02   -1.00078183E+00   -6.67462531E+01
   2.31706570E-02   -1.01720654E+00   -6.69498033E+01
   2.34189906E-02   -1.03385722E+00   -6.71487079E+01
   2.36699856E-02   -1.05073568E+00   -6.73428520E+01
   2.39236707E-02   -1.06784370E+00   -6.75321196E+01
   2.41800747E-02   -1.08518300E+00   -6.77163955E+01
   2.44392267E-02   -1.10275525E+00   -6.78955641E+01
   2.47011562E-02   -1.12056207E+00   -6.80695106E+01
   2.49658930E-02   -1.13860504E+00   -6.82381188E+01
   2.52334671E-02   -1.15688577E+00   -6.84012691E+01
   2.55039089E-02   -1.17540581E+00   -6.85588420E+01
   2.57772493E-02   -1.19416664E+00   -6.87107180E+01
   2.60535191E-02   -1.21316970E+00   -6.88567787E+01
   2.63327500E-02   -1.23241635E+00   -6.89969044E+01
   2.66149735E-02   -1.25190798E+00   -6.91309727E+01
   2.69002217E-02   -1.27164590E+00   -6.92588617E+01
   2.71885272E-02   -1.29163134E+00   -6.93804502E+01
   2.74799226E-02   -1.31186545E+00   -6.94956181E+01
   2.77744410E-02   -1.33234934E+00   -6.96042427E+01
   2.80721159E-02   -1.35308414E+00   -6.97061997E+01
   2.83729813E-02   -1.37407085E+00   -6.98013657E+01
   2.86770711E-02   -1.39531038E+00   -6.98896189E+01
   2.89844201E-02   -1.41680356E+00   -6.99708381E+01
   2.92950631E-02   -1.43855120E+00   -7.00448992E+01
   2.96090354E-02   -1.46055406E+00   -7.01116775E+01
   2.99263728E-02   -1.48281277E+00   -7.01710500E+01
   3.02471113E-02   -1.50532786E+00   -7.02228958E+01
   3.05712873E-02   -1.52809979E+00   -7.02670928E+01
   3.08989377E-02   -1.55112901E+00   -7.03035163E+01
   3.12300997E-02   -1.57441583E+00   -7.03320432E+01
   3.15648110E-02   -1.59796046E+00   -7.03525527E+01
   3.19031096E-02   -1.62176295E+00   -7.03649258E+01
   3.22450339E-02   -1.64582337E+00   -7.03690402E+01
   3.25906228E-02   -1.67014164E+00   -7.03647749E+01
   3.29399156E-02   -1.69471756E+00   -7.03520116E+01
   3.32929520E-02   -1.71955082E+00   -7.03306321E+01
   3.36497720E-02   -1.74464106E+00   -7.03005161E+01
   3.40104164E-02   -1.76998780E+00   -7.02615458E+01
   3.43749259E-02   -1.79559035E+00   -7.02136069E+01
   3.47433421E-02   -1.82144793E+00   -7.01565860E+01
   3.51157069E-02   -1.84755969E+00   -7.00903670E+01
   3.54920625E-02   -1.87392467E+00   -7.00148363E+01
   3.58724517E-02   -1.90054167E+00   -6.99298844E+01
   3.62569178E-02   -1.92740940E+00   -6.98354028E+01
   3.66455044E-02   -1.95452653E+00   -6.97312796E+01
   3.70382558E-02   -1.98189153E+00   -6.96174065E+01
   3.74352164E-02   -2.00950268E+00   -6.94936799E+01
   3.78364316E-02   -2.03735806E+00   -6.93599995E+01
   3.82419468E-02   -2.06545573E+00   -6.92162616E+01
   3.86518081E-02   -2.09379357E+00   -6.90623650E+01
   3.90660622E-02   -2.12236923E+00   -6.88982141E+01
   3.94847561E-02   -2.15118023E+00   -6.87237136E+01
   3.99079373E-02   -2.18022399E+00   -6.85387681E+01
   4.03356541E-02   -2.20949769E+00   -6.83432878E+01
   4.07679549E-02   -2.23899829E+00   -6.81371867E+01
   4.12048890E-02   -2.26872268E+00   -6.79203767E+01
   4.16465059E-02   -2.29866754E+00   -6.76927744E+01
   4.20928559E-02   -2.32882929E+00   -6.74543022E+01
   4.25439897E-02   -2.35920425E+00   -6.72048815E+01
   4.29999586E-02   -2.38978854E+00   -6.69444369E+01
   4.34608143E-02   -2.42057800E+00   -6.66729000E+01
   4.39266093E-02   -2.45156836E+00   -6.63902022E+01
   4.43973965E-02   -2.48275517E+00   -6.60962767E+01
   4.48732294E-02   -2.51413368E+00   -6.57910648E+01
   4.53541621E-02   -2.54569893E+00   -6.54745105E+01
   4.58402492E-02   -2.57744587E+00   -6.51465576E+01
   4.63315460E-02   -2.60936912E+00   -6.48071580E+01
   4.68281084E-02   -2.64146311E+00   -6.44562656E+01
   4.73299926E-02   -2.67372208E+00   -6.40938385E+01
   4.78372559E-02   -2.70613994E+00   -6.37198418E+01
   4.83499558E-02   -2.73871054E+00   -6.33342389E+01
   4.88681506E-02   -2.77142745E+00   -6.29369988E+01
   4.93918992E-02   -2.80428389E+00   -6.25281010E+01
   4.99212611E-02   -2.83727283E+00   -6.21075289E+01
   5.04562965E-02   -2.87038721E+00   -6.16752623E+01
   5.09970662E-02   -2.90361965E+00   -6.12312897E+01
   5.15436316E-02   -2.93696236E+00   -6.07756103E+01
   5.20960549E-02   -2.97040741E+00   -6.03082246E+01
   5.26543989E-02   -3.00394672E+00   -5.98291344E+01
   5.32187269E-02   -3.03757179E+00   -5.93383527E+01
   5.37891032E-02   -3.07127395E+00   -5.88358951E+01
   5.43655925E-02   -3.10504434E+00   -5.83217793E+01
   5.49482604E-02   -3.13887371E+00   -5.77960351E+01
   5.55371731E-02   -3.17275256E+00   -5.72586968E+01
   5.61323975E-02   -3.20667128E+00   -5.67097983E+01
   5.67340013E-02   -3.24061983E+00   -5.61493857E+01
   5.73420528E-02   -3.27458793E+00   -5.55775110E+01
   5.79566212E-02   -3.30856515E+00   -5.49942266E+01
   5.85777763E-02   -3.34254068E+00   -5.43995972E+01
   5.92055886E-02   -3.37650342E+00   -5.37936925E+01
   5.98401296E-02   -3.41044219E+00   -5.31765822E+01
   6.04814713E-02   -3.44434537E+00   -5.25483491E+01
   6.11296867E-02   -3.47820103E+00   -5.19090846E+01
   6.17848494E-02   -3.51199715E+00   -5.12588781E+01
   6.24470338E-02   -3.54572133E+00   -5.05978314E+01
   6.31163152E-02   -3.57936090E+00   -4.99260527E+01
   6.37927697E-02   -3.61290300E+00   -4.92436532E+01
   6.44764742E-02   -3.64633436E+00   -4.85507581E+01
   6.51675064E-02   -3.67964162E+00   -4.78474910E+01
   6.58659447E-02   -3.71281117E+00   -4.71339815E+01
   6.65718686E-02   -3.74582895E+00   -4.64103757E+01
   6.72853584E-02   -3.77868070E+00   -4.56768232E+01
   6.80064950E-02   -3.81135201E+00   -4.49334763E+01
   6.87353604E-02   -3.84382813E+00   -4.41804970E+01
   6.94720375E-02   -3.87609415E+00   -4.34180523E+01
   7.02166100E-02   -3.90813478E+00   -4.26463206E+01
   7.09691626E-02   -3.93993462E+00   -4.18654821E+01
   7.17297807E-02   -3.97147793E+00   -4.10757287E+01
   7.24985508E-02   -4.00274882E+00   -4.02772550E+01
   7.32755602E-02   -4.03373109E+00   -3.94702668E+01
   7.40608973E-02   -4.06440838E+00   -3.86549732E+01
   7.48546513E-02   -4.09476409E+00   -3.78315934E+01
   7.56569125E-02   -4.12478140E+00   -3.70003512E+01
   7.64677719E-02   -4.15444327E+00   -3.61614795E+01
   7.72873218E-02   -4.18373252E+00   -3.53152158E+01
   7.81156553E-02   -4.21263170E+00   -3.44618069E+01
   7.89528666E-02   -4.24112322E+00   -3.36015046E+01
   7.97990507E-02   -4.26918928E+00   -3.27345695E+01
   8.06543039E-02   -4.29681195E+00   -3.18612664E+01
   8.15187233E-02   -4.32397314E+00   -3.09818678E+01
   8.23924072E-02   -4.35065452E+00   -3.00966552E+01
   8.32754549E-02   -4.37683771E+00   -2.92059140E+01
   8.41679668E-02   -4.40250416E+00   -2.83099365E+01
   8.50700442E-02   -4.42763522E+00   -2.74090205E+01
   8.59817897E-02   -4.45221206E+00   -2.65034737E+01
   8.69033069E-02   -4.47621581E+00   -2.55936065E+01
   8.78347005E-02   -4.49962749E+00   -2.46797363E+01
   8.87760765E-02   -4.52242802E+00   -2.37621872E+01
   8.97275417E-02   -4.54459829E+00   -2.28412884E+01
   9.06892043E-02   -4.56611910E+00   -2.19173740E+01
   9.16611736E-02   -4.58697120E+00   -2.09907868E+01
   9.26435601E-02   -4.60713537E+00   -2.00618702E+01
   9.36364754E-02   -4.62659228E+00   -1.91309782E+01
   9.46400324E-02   -4.64532268E+00   -1.81984648E+01
   9.56543451E-02   -4.66330727E+00   -1.72646946E+01
   9.66795287E-02   -4.68052687E+00   -1.63300284E+01
   9.77156999E-02   -4.69696225E+00   -1.53948392E+01
   9.87629763E-02   -4.71259423E+00   -1.44595032E+01
   9.98214769E-02   -4.72740382E+00   -1.35243953E+01
   1.00891322E-01   -4.74137197E+00   -1.25899024E+01
   1.01972634E-01   -4.75447988E+00   -1.16564065E+01
   1.03065534E-01   -4.76670878E+00   -1.07242979E+01
   1.04170148E-01   -4.77804006E+00   -9.79397050E+00
   1.05286600E-01   -4.78845530E+00   -8.86581841E+00
   1.06415018E-01   -4.79793624E+00   -7.94023917E+00
   1.07555531E-01   -4.80646483E+00   -7.01763222E+00
   1.08708266E-01   -4.81402320E+00   -6.09839999E+00
   1.09873356E-01   -4.82059376E+00   -5.18294555E+00
   1.11050933E-01   -4.82615915E+00   -4.27167345E+00
   1.12241131E-01   -4.83070228E+00   -3.36498934E+00
   1.13444085E-01   -4.83420638E+00   -2.46329943E+00
   1.14659932E-01   -4.83665496E+00   -1.56701032E+00
   1.15888810E-01   -4.83803189E+00   -6.76528330E-01
   1.17130858E-01   -4.83832138E+00    2.07740219E-01
   1.18386218E-01   -4.83750802E+00    1.08539004E+00
   1.19655032E-01   -4.83557678E+00    1.95601683E+00
   1.20937446E-01   -4.83251307E+00    2.81921768E+00
   1.22233603E-01   -4.82830272E+00    3.67459149E+00
   1.23543652E-01   -4.82293202E+00    4.52174004E+00
   1.24867742E-01   -4.81638772E+00    5.36026639E+00
   1.26206023E-01   -4.80865711E+00    6.18977719E+00
   1.27558646E-01   -4.79972796E+00    7.00988278E+00
   1.28925767E-01   -4.78958858E+00    7.82019646E+00
   1.30307540E-01   -4.77822786E+00    8.62033582E+00
   1.31704122E-01   -4.76563527E+00    9.40992283E+00
   1.33115673E-01   -4.75180084E+00    1.01885847E+01
   1.34542351E-01   -4.73671527E+00    1.09559527E+01
   1.35984320E-01   -4.72036988E+00    1.17116646E+01
   1.37441744E-01   -4.70275664E+00    1.24553633E+01
   1.38914788E-01   -4.68386820E+00    1.31866985E+01
   1.40403619E-01   -4.66369793E+00    1.39053258E+01
   1.41908407E-01   -4.64223989E+00    1.46109082E+01
   1.43429322E-01   -4.61948889E+00    1.53031156E+01
   1.44966538E-01   -4.59544048E+00    1.59816257E+01
   1.46520230E-01   -4.57009100E+00    1.66461238E+01
   1.48090573E-01   -4.54343758E+00    1.72963037E+01
   1.49677746E-01   -4.51547813E+00    1.79318674E+01
   1.51281930E-01   -4.48621138E+00    1.85525265E+01
   1.52903307E-01   -4.45563695E+00    1.91580008E+01
   1.54542062E-01   -4.42375526E+00    1.97480203E+01
   1.56198380E-01   -4.39056761E+00    2.03223246E+01
   1.57872449E-01   -4.35607620E+00    2.08806633E+01
   1.59564461E-01   -4.32028413E+00    2.14227966E+01
   1.61274606E-01   -4.28319534E+00    2.19484954E+01
   1.63003081E-01   -4.24481479E+00    2.24575415E+01
   1.64750080E-01   -4.20514836E+00    2.29497280E+01
   1.66515803E-01   -4.16420273E+00    2.34248597E+01
   1.68300451E-01   -4.12198573E+00    2.38827532E+01
   1.70104225E-01   -4.07850601E+00    2.43232369E+01
   1.71927332E-01   -4.03377330E+00    2.47461523E+01
   1.73769978E-01   -3.98779817E+00    2.51513525E+01
   1.75632373E-01   -3.94059232E+00    2.55387046E+01
   1.77514728E-01   -3.89216829E+00    2.59080875E+01
   1.79417257E-01   -3.84253978E+00    2.62593947E+01
   1.81340177E-01   -3.79172124E+00    2.65925318E+01
   1.83283706E-01   -3.73972839E+00    2.69074192E+01
   1.85248065E-01   -3.68657778E+00    2.72039908E+01
   1.87233477E-01   -3.63228692E+00    2.74821937E+01
   1.89240167E-01   -3.57687445E+00    2.77419901E+01
   1.91268365E-01   -3.52035988E+00    2.79833560E+01
   1.93318300E-01   -3.46276377E+00    2.82062814E+01
   1.95390206E-01   -3.40410765E+00    2.84107713E+01
   1.97484317E-01   -3.34441392E+00    2.85968438E+01
   1.99600872E-01   -3.28370613E+00    2.87645334E+01
   2.01740112E-01   -3.22200858E+00    2.89138867E+01
   2.03902279E-01   -3.15934672E+00    2.90449669E+01
   2.06087619E-01   -3.09574668E+00    2.91578494E+01
   2.08296381E-01   -3.03123575E+00    2.92526256E+01
   2.10528815E-01   -2.96584213E+00    2.93294018E+01
   2.12785176E-01   -2.89959449E+00    2.93882937E+01
   2.15065719E-01   -2.83252275E+00    2.94294350E+01
   2.17370704E-01   -2.76465780E+00    2.94529743E+01
   2.19700393E-01   -2.69603106E+00    2.94590707E+01
   2.22055051E-01   -2.62667483E+00    2.94478976E+01
   2.24434945E-01   -2.55662226E+00    2.94196417E+01
   2.26840346E-01   -2.48590726E+00    2.93745029E+01
   2.29271527E-01   -2.41456444E+00    2.93126933E+01
   2.31728764E-01   -2.34262916E+00    2.92344377E+01
   2.34212337E-01   -2.27013750E+00    2.91399732E+01
   2.36722528E-01   -2.19712615E+00    2.90295481E+01
   2.39259622E-01   -2.12363242E+00    2.89034221E+01
   2.41823907E-01   -2.04969435E+00    2.87618674E+01
   2.44415676E-01   -1.97535047E+00    2.86051661E+01
   2.47035222E-01   -1.90063977E+00    2.84336094E+01
   2.49682843E-01   -1.82560199E+00    2.82475019E+01
   2.52358840E-01   -1.75027715E+00    2.80471548E+01
   2.55063518E-01   -1.67470580E+00    2.78328904E+01
   2.57797183E-01   -1.59892902E+00    2.76050411E+01
   2.60560147E-01   -1.52298787E+00    2.73639423E+01
   2.63352722E-01   -1.44692436E+00    2.71099465E+01
   2.66175228E-01   -1.37078026E+00    2.68434061E+01
   2.69027984E-01   -1.29459798E+00    2.65646859E+01
   2.71911314E-01   -1.21842015E+00    2.62741579E+01
   2.74825547E-01   -1.14228921E+00    2.59721952E+01
   2.77771013E-01   -1.06624797E+00    2.56591798E+01
   2.80748048E-01   -9.90339787E-01    2.53355067E+01
   2.83756989E-01   -9.14607515E-01    2.50015672E+01
   2.86798179E-01   -8.39094287E-01    2.46577617E+01
   2.89871963E-01   -7.63843178E-01    2.43044942E+01
   2.92978691E-01   -6.88897309E-01    2.39421747E+01
   2.96118715E-01   -6.14299463E-01    2.35712132E+01
   2.99292393E-01   -5.40092753E-01    2.31920307E+01
   3.02500085E-01   -4.66319532E-01    2.28050416E+01
   3.05742155E-01   -3.93022541E-01    2.24106734E+01
   3.09018973E-01   -3.20243632E-01    2.20093454E+01
   3.12330911E-01   -2.48024979E-01    2.16014896E+01
   3.15678344E-01   -1.76407813E-01    2.11875293E+01
   3.19061654E-01   -1.05433556E-01    2.07678993E+01
   3.22481224E-01   -3.51424542E-02    2.03430223E+01
   3.25937445E-01    3.44248653E-02    1.99133367E+01
   3.29430707E-01    1.03229112E-01    1.94792663E+01
   3.32961409E-01    1.71231073E-01    1.90412439E+01
   3.36529951E-01    2.38391925E-01    1.85997052E+01
   3.40136740E-01    3.04674787E-01    1.81550605E+01
   3.43782185E-01    3.70042330E-01    1.77077408E+01
   3.47466700E-01    4.34457435E-01    1.72581855E+01
   3.51190704E-01    4.97885451E-01    1.68067970E+01
   3.54954620E-01    5.60291838E-01    1.63539902E+01
   3.58758877E-01    6.21642166E-01    1.59001927E+01
   3.62603906E-01    6.81903846E-01    1.54458079E+01
   3.66490145E-01    7.41045055E-01    1.49912390E+01
   3.70418034E-01    7.99034969E-01    1.45368840E+01
   3.74388021E-01    8.55843663E-01    1.40831385E+01
   3.78400557E-01    9.11442377E-01    1.36303903E+01
   3.82456097E-01    9.65803557E-01    1.31790176E+01
   3.86555104E-01    1.01890065E+00    1.27293957E+01
   3.90698041E-01    1.07070830E+00    1.22818920E+01
   3.94885381E-01    1.12120244E+00    1.18368637E+01
   3.99117599E-01    1.17036016E+00    1.13946614E+01
   4.03395176E-01    1.21815984E+00    1.09556268E+01
   4.07718598E-01    1.26458115E+00    1.05200921E+01
   4.12088357E-01    1.30960505E+00    1.00883807E+01
   4.16504950E-01    1.35321385E+00    9.66080611E+00
   4.20968877E-01    1.39539118E+00    9.23767210E+00
   4.25480647E-01    1.43612206E+00    8.81927205E+00
   4.30040773E-01    1.47539288E+00    8.40588941E+00
   4.34649772E-01    1.51319141E+00    7.99779673E+00
   4.39308168E-01    1.54950685E+00    7.59525620E+00
   4.44016491E-01    1.58432980E+00    7.19851905E+00
   4.48775276E-01    1.61765230E+00    6.80782573E+00
   4.53585063E-01    1.64946780E+00    6.42340566E+00
   4.58446400E-01    1.67977122E+00    6.04547728E+00
   4.63359839E-01    1.70855889E+00    5.67424781E+00
   4.68325937E-01    1.73582860E+00    5.30991361E+00
   4.73345261E-01    1.76157960E+00    4.95265942E+00
   4.78418379E-01    1.78581255E+00    4.60265924E+00
   4.83545869E-01    1.80852958E+00    4.26007535E+00
   4.88728314E-01    1.82973424E+00    3.92505910E+00
   4.93966301E-01    1.84943151E+00    3.59775031E+00
   4.99260428E-01    1.86762781E+00    3.27827749E+00
   5.04611294E-01    1.88433093E+00    2.96675775E+00
   5.10019509E-01    1.89955009E+00    2.66329684E+00
   5.15485687E-01    1.91329587E+00    2.36798903E+00
   5.21010449E-01    1.92558023E+00    2.08091716E+00
   5.26594423E-01    1.93641645E+00    1.80215264E+00
   5.32238244E-01    1.94581913E+00    1.53175545E+00
   5.37942553E-01    1.95380419E+00    1.26977417E+00
   5.43707999E-01    1.96038879E+00    1.01624601E+00
   5.49535236E-01    1.96559132E+00    7.71196902E-01
   5.55424927E-01    1.96943141E+00    5.34641534E-01
   5.61377741E-01    1.97192981E+00    3.06583492E-01
   5.67394355E-01    1.97310845E+00    8.70153680E-02
   5.73475453E-01    1.97299033E+00   -1.24081090E-01
   5.79621725E-01    1.97159949E+00   -3.26734810E-01
   5.85833871E-01    1.96896100E+00   -5.20985177E-01
   5.92112596E-01    1.96510090E+00   -7.06881891E-01
   5.98458613E-01    1.96004611E+00   -8.84484499E-01
   6.04872645E-01    1.95382444E+00   -1.05386243E+00
   6.11355419E-01    1.94646457E+00   -1.21509456E+00
   6.17907673E-01    1.93799588E+00   -1.36826883E+00
   6.24530152E-01    1.92844850E+00   -1.51348199E+00
   6.31223607E-01    1.91785320E+00   -1.65083916E+00
   6.37988801E-01    1.90624141E+00   -1.78045368E+00
   6.44826500E-01    1.89364508E+00   -1.90244640E+00
   6.51737484E-01    1.88009668E+00   -2.01694556E+00
   6.58722536E-01    1.86562910E+00   -2.12408616E+00
   6.65782451E-01    1.85027569E+00   -2.22400973E+00
   6.72918032E-01    1.83407005E+00   -2.31686366E+00
   6.80130089E-01    1.81704614E+00   -2.40280105E+00
   6.87419441E-01    1.79923813E+00   -2.48198001E+00
   6.94786918E-01    1.78068035E+00   -2.55456335E+00
   7.02233357E-01    1.76140726E+00   -2.62071805E+00
   7.09759603E-01    1.74145343E+00   -2.68061492E+00
   7.17366512E-01    1.72085339E+00   -2.73442807E+00
   7.25054950E-01    1.69964169E+00   -2.78233448E+00
   7.32825788E-01    1.67785280E+00   -2.82451363E+00
   7.40679911E-01    1.65552104E+00   -2.86114702E+00
   7.48618212E-01    1.63268056E+00   -2.89241771E+00
   7.56641592E-01    1.60936533E+00   -2.91851011E+00
   7.64750963E-01    1.58560904E+00   -2.93960937E+00
   7.72947247E-01    1.56144506E+00   -2.95590108E+00
   7.81231376E-01    1.53690645E+00   -2.96757099E+00
   7.89604290E-01    1.51202586E+00   -2.97480455E+00
   7.98066942E-01    1.48683555E+00   -2.97778663E+00
   8.06620293E-01    1.46136731E+00   -2.97670117E+00
   8.15265315E-01    1.43565246E+00   -2.97173095E+00
   8.24002991E-01    1.40972176E+00   -2.96305714E+00
   8.32834314E-01    1.38360548E+00   -2.95085933E+00
   8.41760287E-01    1.35733326E+00   -2.93531492E+00
   8.50781925E-01    1.33093417E+00   -2.91659914E+00
   8.59900253E-01    1.30443662E+00   -2.89488473E+00
   8.69116308E-01    1.27786840E+00   -2.87034174E+00
   8.78431137E-01    1.25125658E+00   -2.84313736E+00
   8.87845798E-01    1.22462757E+00   -2.81343575E+00
   8.97361361E-01    1.19800706E+00   -2.78139785E+00
   9.06978909E-01    1.17141998E+00   -2.74718126E+00
   9.16699533E-01    1.14489054E+00   -2.71094010E+00
   9.26524339E-01    1.11844218E+00   -2.67282488E+00
   9.36454443E-01    1.09209755E+00   -2.63298243E+00
   9.46490974E-01    1.06587853E+00   -2.59155577E+00
   9.56635072E-01    1.03980621E+00   -2.54868402E+00
   9.66887891E-01    1.01390084E+00   -2.50450237E+00
   9.77250595E-01    9.88181912E-01   -2.45914197E+00
   9.87724362E-01    9.62668054E-01   -2.41272990E+00
   9.98310382E-01    9.37377100E-01   -2.36538914E+00
   1.00900986E+00    9.12326054E-01   -2.31723851E+00
   1.01982401E+00    8.87531096E-01   -2.26839262E+00
   1.03075406E+00    8.63007584E-01   -2.21896192E+00
   1.04180126E+00    8.38770055E-01   -2.16905262E+00
   1.05296685E+00    8.14832224E-01   -2.11876672E+00
   1.06425211E+00    7.91206993E-01   -2.06820199E+00
   1.07565833E+00    7.67906453E-01   -2.01745201E+00
   1.08718679E+00    7.44941895E-01   -1.96660613E+00
   1.09883880E+00    7.22323813E-01   -1.91574955E+00
   1.11061570E+00    7.00061915E-01   -1.86496333E+00
   1.12251882E+00    6.78165133E-01   -1.81432438E+00
   1.13454951E+00    6.56641637E-01   -1.76390557E+00
   1.14670915E+00    6.35498843E-01   -1.71377571E+00
   1.15899910E+00    6.14743429E-01   -1.66399967E+00
   1.17142077E+00    5.94381350E-01   -1.61463837E+00
   1.18397557E+00    5.74417850E-01   -1.56574888E+00
   1.19666493E+00    5.54857483E-01   -1.51738451E+00
   1.20949029E+00    5.35704126E-01   -1.46959483E+00
   1.22245311E+00    5.16960997E-01   -1.42242580E+00
   1.23555486E+00    4.98630678E-01   -1.37591984E+00
   1.24879702E+00    4.80715125E-01   -1.33011591E+00
   1.26218111E+00    4.63215698E-01   -1.28504962E+00
   1.27570864E+00    4.46133172E-01   -1.24075332E+00
   1.28938116E+00    4.29467764E-01   -1.19725622E+00
   1.30320021E+00    4.13219146E-01   -1.15458446E+00
   1.31716737E+00    3.97386475E-01   -1.11276126E+00
   1.33128423E+00    3.81968406E-01   -1.07180699E+00
   1.34555238E+00    3.66963116E-01   -1.03173935E+00
   1.35997346E+00    3.52368329E-01   -9.92573310E-01
   1.37454909E+00    3.38181331E-01   -9.54321475E-01
   1.38928094E+00    3.24398992E-01   -9.16994012E-01
   1.40417067E+00    3.11017791E-01   -8.80598819E-01
   1.41921999E+00    2.98033834E-01   -8.45141637E-01
   1.43443060E+00    2.85442875E-01   -8.10626152E-01
   1.44980424E+00    2.73240335E-01   -7.77054106E-01
   1.46534264E+00    2.61421327E-01   -7.44425406E-01
   1.48104757E+00    2.49980670E-01   -7.12738221E-01
   1.49692083E+00    2.38912909E-01   -6.81989089E-01
   1.51296421E+00    2.28212345E-01   -6.52173018E-01
   1.52917953E+00    2.17873038E-01   -6.23283574E-01
   1.54556864E+00    2.07888836E-01   -5.95312986E-01
   1.56213341E+00    1.98253392E-01   -5.68252228E-01
   1.57887571E+00    1.88960178E-01   -5.42091116E-01
   1.59579744E+00    1.80002509E-01   -5.16818388E-01
   1.61290054E+00    1.71373553E-01   -4.92421791E-01
   1.63018694E+00    1.63066353E-01   -4.68888158E-01
   1.64765861E+00    1.55073842E-01   -4.46203495E-01
   1.66531753E+00    1.47388857E-01   -4.24353042E-01
   1.68316571E+00    1.40004154E-01   -4.03321356E-01
   1.70120519E+00    1.32912426E-01   -3.83092379E-01
   1.71943800E+00    1.26106322E-01   -3.63649513E-01
   1.73786622E+00    1.19578443E-01   -3.44975661E-01
   1.75649195E+00    1.13321377E-01   -3.27053317E-01
   1.77531731E+00    1.07327698E-01   -3.09864612E-01
   1.79434442E+00    1.01589986E-01   -2.93391374E-01
   1.81357546E+00    9.61008331E-02   -2.77615179E-01
   1.83301261E+00    9.08528571E-02   -2.62517408E-01
   1.85265808E+00    8.58387185E-02   -2.48079307E-01
   1.87251411E+00    8.10511181E-02   -2.34282004E-01
   1.89258294E+00    7.64828184E-02   -2.21106588E-01
   1.91286686E+00    7.21266496E-02   -2.08534137E-01
   1.93336817E+00    6.79755145E-02   -1.96545754E-01
   1.95408921E+00    6.40224009E-02   -1.85122611E-01
   1.97503233E+00    6.02603922E-02   -1.74245998E-01
   1.99619991E+00    5.66826634E-02   -1.63897322E-01
   2.01759435E+00    5.32825026E-02   -1.54058181E-01
   2.03921809E+00    5.00533045E-02   -1.44710358E-01
   2.06107359E+00    4.69885842E-02   -1.35835871E-01
   2.08316332E+00    4.40819792E-02   -1.27416989E-01
   2.10548980E+00    4.13272544E-02   -1.19436257E-01
   2.12805557E+00    3.87183065E-02   -1.11876515E-01
   2.15086319E+00    3.62491685E-02   -1.04720921E-01
   2.17391525E+00    3.39140027E-02   -9.79529412E-02
   2.19721437E+00    3.17071470E-02   -9.15564839E-02
   2.22076321E+00    2.96230341E-02   -8.55156823E-02
   2.24456443E+00    2.76562768E-02   -7.98151386E-02
   2.26862074E+00    2.58016263E-02   -7.44398138E-02
   2.29293487E+00    2.40539833E-02   -6.93750642E-02
   2.31750960E+00    2.24083921E-02   -6.46066285E-02
   2.34234771E+00    2.08600718E-02   -6.01207228E-02
   2.36745202E+00    1.94043559E-02   -5.59038703E-02
   2.39282539E+00    1.80367527E-02   -5.19430791E-02
   2.41847070E+00    1.67529142E-02   -4.82257552E-02
   2.44439087E+00    1.55486406E-02   -4.47397199E-02
   2.47058884E+00    1.44198816E-02   -4.14732147E-02
   2.49706759E+00    1.33627322E-02   -3.84148917E-02
   2.52383012E+00    1.23734329E-02   -3.55538172E-02
   2.55087949E+00    1.14483682E-02   -3.28794686E-02
   2.57821876E+00    1.05840623E-02   -3.03817234E-02
   2.60585104E+00    9.77718029E-03   -2.80508639E-02
   2.63377947E+00    9.02452211E-03   -2.58775618E-02
   2.66200723E+00    8.32302305E-03   -2.38528800E-02
   2.69053752E+00    7.66974421E-03   -2.19682459E-02
   2.71937359E+00    7.06189394E-03   -2.02155145E-02
   2.74851871E+00    6.49677812E-03   -1.85868248E-02
   2.77797619E+00    5.97184525E-03   -1.70747309E-02
   2.80774939E+00    5.48465653E-03   -1.56721159E-02
   2.83784169E+00    5.03288928E-03   -1.43722020E-02
   2.86825650E+00    4.61433450E-03   -1.31685436E-02
   2.89899728E+00    4.22689233E-03   -1.20550146E-02
   2.93006754E+00    3.86856833E-03   -1.10257972E-02
   2.96147079E+00    3.53747143E-03   -1.00753769E-02
   2.99321060E+00    3.23180875E-03   -9.19852629E-03
   3.02529059E+00    2.94988431E-03   -8.39030237E-03
   3.05771441E+00    2.69009295E-03   -7.64602834E-03
   3.09048572E+00    2.45091916E-03   -6.96129018E-03
   3.12360827E+00    2.23093240E-03   -6.33192317E-03
   3.15708581E+00    2.02878423E-03   -5.75400324E-03
   3.19092215E+00    1.84320493E-03   -5.22383717E-03
   3.22512113E+00    1.67299961E-03   -4.73795112E-03
   3.25968664E+00    1.51704550E-03   -4.29308273E-03
   3.29462261E+00    1.37428948E-03   -3.88617369E-03
   3.32993301E+00    1.24374256E-03   -3.51435362E-03
   3.36562186E+00    1.12447933E-03   -3.17493842E-03
   3.40169320E+00    1.01563357E-03   -2.86541721E-03
   3.43815114E+00    9.16395860E-04   -2.58344544E-03
   3.47499982E+00    8.26010215E-04   -2.32683485E-03
   3.51224342E+00    7.43771815E-04   -2.09354683E-03
   3.54988619E+00    6.69023968E-04   -1.88168341E-03
   3.58793240E+00    6.01155497E-04   -1.68947959E-03
   3.62638638E+00    5.39598499E-04   -1.51529670E-03
   3.66525248E+00    4.83825550E-04   -1.35761416E-03
   3.70453514E+00    4.33347763E-04   -1.21502373E-03
   3.74423882E+00    3.87711942E-04   -1.08622116E-03
   3.78436802E+00    3.46498945E-04   -9.70001331E-04
   3.82492731E+00    3.09321447E-04   -8.65251652E-04
   3.86592129E+00    2.75821731E-04   -7.70945577E-04
   3.90735464E+00    2.45670209E-04   -6.86138223E-04
   3.94923204E+00    2.18563101E-04   -6.09959566E-04
   3.99155828E+00    1.94221144E-04   -5.41610627E-04
   4.03433815E+00    1.72387676E-04   -4.80357839E-04
   4.07757651E+00    1.52827253E-04   -4.25528994E-04
   4.12127829E+00    1.35324029E-04   -3.76508489E-04
   4.16544844E+00    1.19680417E-04   -3.32733401E-04
   4.21009199E+00    1.05715780E-04   -2.93689649E-04
   4.25521402E+00    9.32651999E-05   -2.58908402E-04
   4.30081964E+00    8.21782353E-05   -2.27962441E-04
   4.34691404E+00    7.23178967E-05   -2.00463180E-04
   4.39350246E+00    6.35595065E-05   -1.76057339E-04
   4.44059020E+00    5.57898885E-05   -1.54424581E-04
   4.48818261E+00    4.89062725E-05   -1.35274338E-04
   4.53628509E+00    4.28155675E-05   -1.18343696E-04
   4.58490312E+00    3.74335463E-05   -1.03395033E-04
   4.63404221E+00    3.26840657E-05   -9.02137668E-05
   4.68370796E+00    2.84984274E-05   -7.86065031E-05
   4.73390600E+00    2.48146900E-05   -6.83990554E-05
   4.78464204E+00    2.15771551E-05   -5.94349604E-05
   4.83592185E+00    1.87356910E-05   -5.15735398E-05
   4.88775126E+00    1.62453660E-05   -4.46888390E-05
   4.94013615E+00    1.40658702E-05   -3.86679773E-05
   4.99308249E+00    1.21611430E-05   -3.34100762E-05
   5.04659628E+00    1.04989525E-05   -2.88250594E-05
   5.10068361E+00    9.05054833E-06   -2.48326611E-05
   5.15535062E+00    7.79029427E-06   -2.13613809E-05
   5.21060353E+00    6.69539317E-06   -1.83476987E-05
   5.26644862E+00    5.74558227E-06   -1.57352108E-05
   5.32289224E+00    4.92290295E-06   -1.34739755E-05
   5.37994079E+00    4.21143892E-06   -1.15197723E-05
   5.43760077E+00    3.59711116E-06   -9.83352188E-06
   5.49587872E+00    3.06749593E-06   -8.38077114E-06
   5.55478128E+00    2.61164430E-06   -7.13118468E-06
   5.61431512E+00    2.21991163E-06   -6.05806461E-06
   5.67448702E+00    1.88383070E-06   -5.13799312E-06
   5.73530383E+00    1.59596899E-06   -4.35043197E-06
   5.79677244E+00    1.34981896E-06   -3.67741440E-06
   5.85889984E+00    1.13969298E-06   -3.10325062E-06
   5.92169311E+00    9.60622755E-07   -2.61424667E-06
   5.98515936E+00    8.08281761E-07   -2.19848724E-06
   6.04930582E+00    6.78905408E-07   -1.84561304E-06
   6.11413977E+00    5.69225212E-07   -1.54663712E-06
   6.17966859E+00    4.76407948E-07   -1.29377543E-06
   6.24589972E+00    3.98002241E-07   -1.08029823E-06
   6.31284069E+00    3.31890764E-07   -9.00397288E-07
   6.38049910E+00    2.76247955E-07   -7.49068495E-07
   6.44888264E+00    2.29503135E-07   -6.22009589E-07
   6.51799910E+00    1.90307461E-07   -5.15528641E-07
   6.58785631E+00    1.57503630E-07   -4.26460246E-07
   6.65846223E+00    1.30102098E-07   -3.52099765E-07
   6.72982487E+00    1.07257731E-07   -2.90138865E-07
   6.80195234E+00    8.82497370E-08   -2.38610174E-07
   6.87485285E+00    7.24652503E-08   -1.95842032E-07
   6.94853468E+00    5.93838633E-08   -1.60415906E-07
   7.02300619E+00    4.85646044E-08   -1.31130574E-07
   7.09827586E+00    3.96346019E-08   -1.06970974E-07
   7.17435225E+00    3.22791955E-08   -8.70810539E-08
   7.25124398E+00    2.62333901E-08   -7.07403243E-08
   7.32895981E+00    2.12745215E-08   -5.73437614E-08
   7.40750857E+00    1.72158853E-08   -4.63843570E-08
   7.48689918E+00    1.39012186E-08   -3.74380193E-08
   7.56714066E+00    1.12000581E-08   -3.01508841E-08
   7.64824214E+00    9.00370318E-09   -2.42282838E-08
   7.73021283E+00    7.22180207E-09   -1.94254308E-08
   7.81306205E+00    5.77940691E-09   -1.55393837E-08
   7.89679921E+00    4.61447821E-09   -1.24022462E-08
   7.98143384E+00    3.67581152E-09   -9.87551997E-09
   8.06697554E+00    2.92121677E-09   -7.84514933E-09
   8.15343404E+00    2.31602649E-09   -6.21746444E-09
   8.24081917E+00    1.83181434E-09   -4.91569835E-09
   8.32914086E+00    1.44533361E-09   -3.87710399E-09
   8.41840914E+00    1.13759797E-09   -3.05045948E-09
   8.50863416E+00    8.93176346E-10   -2.39415516E-09
   8.59982618E+00    6.99517071E-10   -1.87436205E-09
   8.69199555E+00    5.46464041E-10   -1.46372087E-09
   8.78515276E+00    4.25809052E-10   -1.14013022E-09
   8.87930839E+00    3.30937583E-10   -8.85788212E-10
   8.97447314E+00    2.56532710E-10   -6.86391809E-10
   9.07065783E+00    1.98332077E-10   -5.30480117E-10
   9.16787338E+00    1.52927315E-10   -4.08892602E-10
   9.26613085E+00    1.17599964E-10   -3.14326227E-10
   9.36544140E+00    9.01879290E-11   -2.40975154E-10
   9.46581632E+00    6.89749094E-11   -1.84232619E-10
   9.56726702E+00    5.26052788E-11   -1.40461522E-10
   9.66980503E+00    4.00079097E-11   -1.06789272E-10
   9.77344199E+00    3.03409398E-11   -8.09590796E-11
   9.87818970E+00    2.29437789E-11   -6.12008228E-11
   9.98406004E+00    1.72997398E-11   -4.61305511E-11
   1.00910651E+01    1.30059376E-11   -3.46695705E-11
   1.01992169E+01    9.74890674E-12   -2.59789364E-11
   1.03085279E+01    7.28566778E-12   -1.94086077E-11
   1.04190104E+01    5.42836637E-12   -1.44562160E-11
   1.05306771E+01    4.03212227E-12   -1.07344665E-11
   1.06435405E+01    2.98578544E-12   -7.94634706E-12
   1.07576136E+01    2.20409377E-12   -5.86410858E-12
   1.08729092E+01    1.62184965E-12   -4.31366345E-12
   1.09894406E+01    1.18972736E-12   -3.16335426E-12
   1.11072208E+01    8.69906972E-13   -2.31227044E-12
   1.12262634E+01    6.33968588E-13   -1.68461123E-12
   1.13465819E+01    4.60462135E-13   -1.22318631E-12
   1.14681898E+01    3.33387433E-13   -8.85351459E-13
   1.15911011E+01    2.40562574E-13   -6.38650102E-13
   1.17153298E+01    1.72963242E-13   -4.59047461E-13
   1.18408898E+01    1.23961507E-13   -3.28897528E-13
   1.19677956E+01    8.85328735E-14   -2.34827494E-13
   1.20960614E+01    6.29796634E-14   -1.66999544E-13
   1.22257020E+01    4.46793959E-14   -1.18439040E-13
   1.23567320E+01    3.15677257E-14   -8.36571948E-14
   1.24891664E+01    2.22132912E-14   -5.88498593E-14
   1.26230201E+01    1.55827827E-14   -4.12716142E-14
   1.27583084E+01    1.08958034E-14   -2.88497008E-14
   1.28950466E+01    7.58549572E-15   -2.00789494E-14
   1.30332504E+01    5.25924270E-15   -1.39173168E-14
   1.31729354E+01    3.63248118E-15   -9.60973468E-15
   1.33141174E+01    2.50278437E-15   -6.61927824E-15
   1.34568126E+01    1.71103827E-15   -4.52398187E-15
   1.36010372E+01    1.17035483E-15   -3.09356077E-15
   1.37468075E+01    7.96500910E-16   -2.10479106E-15
   1.38941401E+01    5.34892013E-16   -1.41305244E-15
   1.40430517E+01    3.59778520E-16   -9.50171258E-16
   1.41935593E+01    2.44791397E-16   -6.46338182E-16
   1.43456800E+01    1.64917507E-16   -4.35336311E-16
   1.44994311E+01    1.09582846E-16   -2.89188733E-16
   1.46548300E+01    7.25969567E-17   -1.91529048E-16
   1.48118944E+01    4.75716635E-17   -1.25468281E-16
   1.49706421E+01    3.06935122E-17   -8.09260026E-17
   1.51310912E+01    1.99911598E-17   -5.26931152E-17
   1.52932600E+01    1.33970453E-17   -3.53063639E-17
   1.54571668E+01    8.91000090E-18   -2.34780935E-17
   1.56228304E+01    5.75758417E-18   -1.51684056E-17
   1.57902694E+01    3.66387780E-18   -9.64989056E-18
   1.59595029E+01    2.33475261E-18   -6.14713587E-18
   1.61305503E+01    1.46428525E-18   -3.85363357E-18
   1.63034308E+01    8.76658164E-19    0.00000000E+00
   1.64781643E+01    5.13235032E-19    0.00000000E+00
   1.66547704E+01    3.15312193E-19    0.00000000E+00
   1.68332693E+01    2.20092668E-19    0.00000000E+00
   1.70136813E+01    1.63923807E-19    0.00000000E+00
   1.71960269E+01    1.19497713E-19    0.00000000E+00
   1.73803268E+01    8.43661509E-20    0.00000000E+00
   1.75666020E+01    5.63615757E-20    0.00000000E+00
   1.77548735E+01    3.31638312E-20    0.00000000E+00
   1.79451629E+01    0.00000000E+00    0.00000000E+00
   1.81374917E+01    0.00000000E+00    0.00000000E+00
   1.83318819E+01    0.00000000E+00    0.00000000E+00
   1.85283554E+01    0.00000000E+00    0.00000000E+00
   1.87269346E+01    0.00000000E+00    0.00000000E+00
   1.89276422E+01    0.00000000E+00    0.00000000E+00
   1.91305008E+01    0.00000000E+00    0.00000000E+00
   1.93355336E+01    0.00000000E+00    0.00000000E+00
   1.95427638E+01    0.00000000E+00    0.00000000E+00
   1.97522151E+01    0.00000000E+00    0.00000000E+00
   1.99639111E+01    0.00000000E+00    0.00000000E+00
   2.01778760E+01    0.00000000E+00    0.00000000E+00
   2.03941342E+01    0.00000000E+00    0.00000000E+00
   2.06127100E+01    0.00000000E+00    0.00000000E+00
   2.08336285E+01    0.00000000E+00    0.00000000E+00
   2.10569147E+01    0.00000000E+00    0.00000000E+00
   2.12825940E+01    0.00000000E+00    0.00000000E+00
   2.15106921E+01    0.00000000E+00    0.00000000E+00
   2.17412347E+01    0.00000000E+00    0.00000000E+00
   2.19742483E+01    0.00000000E+00    0.00000000E+00
   2.22097592E+01    0.00000000E+00    0.00000000E+00
   2.24477942E+01    0.00000000E+00    0.00000000E+00
   2.26883803E+01    0.00000000E+00    0.00000000E+00
   2.29315450E+01    0.00000000E+00    0.00000000E+00
   2.31773158E+01    0.00000000E+00    0.00000000E+00
   2.34257207E+01    0.00000000E+00    0.00000000E+00
   2.36767879E+01    0.00000000E+00    0.00000000E+00
   2.39305459E+01    0.00000000E+00    0.00000000E+00
   2.41870235E+01    0.00000000E+00    0.00000000E+00
   2.44462500E+01    0.00000000E+00    0.00000000E+00
   2.47082548E+01    0.00000000E+00    0.00000000E+00
   2.49730677E+01    0.00000000E+00    0.00000000E+00
   2.52407187E+01    0.00000000E+00    0.00000000E+00
   2.55112382E+01    0.00000000E+00    0.00000000E+00
   2.57846571E+01    0.00000000E+00    0.00000000E+00
   2.60610064E+01    0.00000000E+00    0.00000000E+00
   2.63403175E+01    0.00000000E+00    0.00000000E+00
   2.66226221E+01    0.00000000E+00    0.00000000E+00
   2.69079523E+01    0.00000000E+00    0.00000000E+00
   2.71963406E+01    0.00000000E+00    0.00000000E+00
   2.74878197E+01    0.00000000E+00    0.00000000E+00
   2.77824228E+01    0.00000000E+00    0.00000000E+00
   2.80801833E+01    0.00000000E+00    0.00000000E+00
   2.83811351E+01    0.00000000E+00    0.00000000E+00
   2.86853123E+01    0.00000000E+00    0.00000000E+00
   2.89927496E+01    0.00000000E+00    0.00000000E+00
   2.93034819E+01    0.00000000E+00    0.00000000E+00
   2.96175445E+01    0.00000000E+00    0.00000000E+00
   2.99349730E+01    0.00000000E+00    0.00000000E+00
   3.02558037E+01    0.00000000E+00    0.00000000E+00
   3.05800729E+01    0.00000000E+00    0.00000000E+00
   3.09078174E+01    0.00000000E+00    0.00000000E+00
   3.12390746E+01    0.00000000E+00    0.00000000E+00
   3.15738821E+01    0.00000000E+00    0.00000000E+00
   3.19122779E+01    0.00000000E+00    0.00000000E+00
   3.22543004E+01    0.00000000E+00    0.00000000E+00
   3.25999887E+01    0.00000000E+00    0.00000000E+00
   3.29493818E+01    0.00000000E+00    0.00000000E+00
   3.33025197E+01    0.00000000E+00    0.00000000E+00
   3.36594423E+01    0.00000000E+00    0.00000000E+00
   3.40201902E+01    0.00000000E+00    0.00000000E+00
   3.43848045E+01    0.00000000E+00    0.00000000E+00
   3.47533266E+01    0.00000000E+00    0.00000000E+00
   3.51257984E+01    0.00000000E+00    0.00000000E+00
   3.55022622E+01    0.00000000E+00    0.00000000E+00
   3.58827607E+01    0.00000000E+00    0.00000000E+00
   3.62673373E+01    0.00000000E+00    0.00000000E+00
   3.66560356E+01    0.00000000E+00    0.00000000E+00
   3.70488998E+01    0.00000000E+00    0.00000000E+00
   3.74459745E+01    0.00000000E+00    0.00000000E+00
   3.78473050E+01    0.00000000E+00    0.00000000E+00
   3.82529367E+01    0.00000000E+00    0.00000000E+00
   3.86629159E+01    0.00000000E+00    0.00000000E+00
   3.90772890E+01    0.00000000E+00    0.00000000E+00
   3.94961032E+01    0.00000000E+00    0.00000000E+00
   3.99194060E+01    0.00000000E+00    0.00000000E+00
   4.03472457E+01    0.00000000E+00    0.00000000E+00
   4.07796708E+01    0.00000000E+00    0.00000000E+00
   4.12167304E+01    0.00000000E+00    0.00000000E+00
   4.16584742E+01    0.00000000E+00    0.00000000E+00
   4.21049525E+01    0.00000000E+00    0.00000000E+00
   4.25562160E+01    0.00000000E+00    0.00000000E+00
   4.30123159E+01    0.00000000E+00    0.00000000E+00
   4.34733040E+01    0.00000000E+00    0.00000000E+00
   4.39392329E+01    0.00000000E+00    0.00000000E+00
   4.44101554E+01    0.00000000E+00    0.00000000E+00
   4.48861251E+01    0.00000000E+00    0.00000000E+00
   4.53671960E+01    0.00000000E+00    0.00000000E+00
   4.58534228E+01    0.00000000E+00    0.00000000E+00
   4.63448608E+01    0.00000000E+00    0.00000000E+00
   4.68415658E+01    0.00000000E+00    0.00000000E+00
   4.73435943E+01    0.00000000E+00    0.00000000E+00
   4.78510033E+01    0.00000000E+00    0.00000000E+00
   4.83638506E+01    0.00000000E+00    0.00000000E+00
   4.88821943E+01    0.00000000E+00    0.00000000E+00
   4.94060934E+01    0.00000000E+00    0.00000000E+00
   4.99356074E+01    0.00000000E+00    0.00000000E+00
   5.04707966E+01    0.00000000E+00    0.00000000E+00
   5.10117217E+01    0.00000000E+00    0.00000000E+00
   5.15584442E+01    0.00000000E+00    0.00000000E+00
   5.21110263E+01    0.00000000E+00    0.00000000E+00
   5.26695306E+01    0.00000000E+00    0.00000000E+00
   5.32340209E+01    0.00000000E+00    0.00000000E+00
   5.38045610E+01    0.00000000E+00    0.00000000E+00
   5.43812161E+01    0.00000000E+00    0.00000000E+00
   5.49640514E+01    0.00000000E+00    0.00000000E+00
   5.55531333E+01    0.00000000E+00    0.00000000E+00
   5.61485288E+01    0.00000000E+00    0.00000000E+00
   5.67503055E+01    0.00000000E+00    0.00000000E+00
   5.73585318E+01    0.00000000E+00    0.00000000E+00
   5.79732767E+01    0.00000000E+00    0.00000000E+00
   5.85946103E+01    0.00000000E+00    0.00000000E+00
   5.92226031E+01    0.00000000E+00    0.00000000E+00
   5.98573264E+01    0.00000000E+00    0.00000000E+00
   6.04988524E+01    0.00000000E+00    0.00000000E+00
   6.11472541E+01    0.00000000E+00    0.00000000E+00
   6.18026050E+01    0.00000000E+00    0.00000000E+00
   6.24649798E+01    0.00000000E+00    0.00000000E+00
   6.31344535E+01    0.00000000E+00    0.00000000E+00
   6.38111025E+01    0.00000000E+00    0.00000000E+00
   6.44950034E+01    0.00000000E+00    0.00000000E+00
   6.51862342E+01    0.00000000E+00    0.00000000E+00
   6.58848732E+01    0.00000000E+00    0.00000000E+00
   6.65910000E+01    0.00000000E+00    0.00000000E+00
   6.73046948E+01    0.00000000E+00    0.00000000E+00
   6.80260386E+01    0.00000000E+00    0.00000000E+00
   6.87551135E+01    0.00000000E+00    0.00000000E+00
   6.94920023E+01    0.00000000E+00    0.00000000E+00
   7.02367888E+01    0.00000000E+00    0.00000000E+00
   7.09895577E+01    0.00000000E+00    0.00000000E+00
   7.17503943E+01    0.00000000E+00    0.00000000E+00
   7.25193853E+01    0.00000000E+00    0.00000000E+00
   7.32966181E+01    0.00000000E+00    0.00000000E+00
   7.40821809E+01    0.00000000E+00    0.00000000E+00
   7.48761630E+01    0.00000000E+00    0.00000000E+00
   7.56786547E+01    0.00000000E+00    0.00000000E+00
   7.64897472E+01    0.00000000E+00    0.00000000E+00
   7.73095326E+01    0.00000000E+00    0.00000000E+00
   7.81381042E+01    0.00000000E+00    0.00000000E+00
   7.89755560E+01    0.00000000E+00    0.00000000E+00
   7.98219833E+01    0.00000000E+00    0.00000000E+00
   8.06774823E+01    0.00000000E+00    0.00000000E+00
   8.15421501E+01    0.00000000E+00    0.00000000E+00
   8.24160851E+01    0.00000000E+00    0.00000000E+00
   8.32993865E+01    0.00000000E+00    0.00000000E+00
   8.41921549E+01    0.00000000E+00    0.00000000E+00
   8.50944915E+01    0.00000000E+00    0.00000000E+00
   8.60064990E+01    0.00000000E+00    0.00000000E+00
   8.69282811E+01    0.00000000E+00    0.00000000E+00
   8.78599424E+01    0.00000000E+00    0.00000000E+00
   8.88015889E+01    0.00000000E+00    0.00000000E+00
   8.97533275E+01    0.00000000E+00    0.00000000E+00
   9.07152665E+01    0.00000000E+00    0.00000000E+00
   9.16875152E+01    0.00000000E+00    0.00000000E+00
   9.26701840E+01    0.00000000E+00    0.00000000E+00
   9.36633846E+01    0.00000000E+00    0.00000000E+00
   9.46672300E+01    0.00000000E+00    0.00000000E+00
   9.56818341E+01    0.00000000E+00    0.00000000E+00
   9.67073124E+01    0.00000000E+00    0.00000000E+00
   9.77437813E+01    0.00000000E+00    0.00000000E+00
   9.87913587E+01    0.00000000E+00    0.00000000E+00
   9.98501636E+01    0.00000000E+00    0.00000000E+00
   1.00920316E+02    0.00000000E+00    0.00000000E+00
   1.02001938E+02    0.00000000E+00    0.00000000E+00
   1.03095153E+02    0.00000000E+00    0.00000000E+00
   1.04200084E+02    0.00000000E+00    0.00000000E+00
   1.05316857E+02    0.00000000E+00    0.00000000E+00
   1.06445600E+02    0.00000000E+00    0.00000000E+00
   1.07586440E+02    0.00000000E+00    0.00000000E+00
   1.08739507E+02    0.00000000E+00    0.00000000E+00
   1.09904932E+02    0.00000000E+00    0.00000000E+00
   1.11082847E+02    0.00000000E+00    0.00000000E+00
   1.12273387E+02    0.00000000E+00    0.00000000E+00
   1.13476687E+02    0.00000000E+00    0.00000000E+00
   1.14692883E+02    0.00000000E+00    0.00000000E+00
   1.15922114E+02    0.00000000E+00    0.00000000E+00
   1.17164519E+02    0.00000000E+00    0.00000000E+00
   1.18420240E+02    0.00000000E+00    0.00000000E+00
   1.19689419E+02    0.00000000E+00    0.00000000E+00
   1.20972200E+02    0.00000000E+00    0.00000000E+00
   1.22268730E+02    0.00000000E+00    0.00000000E+00
   1.23579156E+02    0.00000000E+00    0.00000000E+00
   1.24903626E+02    0.00000000E+00    0.00000000E+00
   1.26242292E+02    0.00000000E+00    0.00000000E+00
   1.27595304E+02    0.00000000E+00    0.00000000E+00
   1.28962818E+02    0.00000000E+00    0.00000000E+00
   1.30344988E+02    0.00000000E+00    0.00000000E+00
   1.31741971E+02    0.00000000E+00    0.00000000E+00
   1.33153927E+02    0.00000000E+00    0.00000000E+00
   1.34581016E+02    0.00000000E+00    0.00000000E+00
   1.36023400E+02    0.00000000E+00    0.00000000E+00
   1.37481242E+02    0.00000000E+00    0.00000000E+00
   1.38954709E+02    0.00000000E+00    0.00000000E+00
   1.40443968E+02    0.00000000E+00    0.00000000E+00
   1.41949188E+02    0.00000000E+00    0.00000000E+00
   1.43470541E+02    0.00000000E+00    0.00000000E+00
   1.45008199E+02    0.00000000E+00    0.00000000E+00
   1.46562337E+02    0.00000000E+00    0.00000000E+00
   1.48133131E+02    0.00000000E+00    0.00000000E+00
   1.49720760E+02    0.00000000E+00    0.00000000E+00
   1.51325406E+02    0.00000000E+00    0.00000000E+00
   1.52947249E+02    0.00000000E+00    0.00000000E+00
   1.54586474E+02    0.00000000E+00    0.00000000E+00
   1.56243268E+02    0.00000000E+00    0.00000000E+00
   1.57917818E+02    0.00000000E+00    0.00000000E+00
   1.59610316E+02    0.00000000E+00    0.00000000E+00
   1.61320953E+02    0.00000000E+00    0.00000000E+00
   1.63049925E+02    0.00000000E+00    0.00000000E+00
   1.64797426E+02    0.00000000E+00    0.00000000E+00
   1.66563657E+02    0.00000000E+00    0.00000000E+00
   1.68348817E+02    0.00000000E+00    0.00000000E+00
   1.70153110E+02    0.00000000E+00    0.00000000E+00
   1.71976740E+02    0.00000000E+00    0.00000000E+00
   1.73819916E+02    0.00000000E+00    0.00000000E+00
   1.75682846E+02    0.00000000E+00    0.00000000E+00
   1.77565742E+02    0.00000000E+00    0.00000000E+00
   1.79468818E+02    0.00000000E+00    0.00000000E+00
   1.81392290E+02    0.00000000E+00    0.00000000E+00
   1.83336378E+02    0.00000000E+00    0.00000000E+00
   1.85301301E+02    0.00000000E+00    0.00000000E+00
   1.87287284E+02    0.00000000E+00    0.00000000E+00
   1.89294551E+02    0.00000000E+00    0.00000000E+00
   1.91323332E+02    0.00000000E+00    0.00000000E+00
   1.93373856E+02    0.00000000E+00    0.00000000E+00
   1.95446357E+02    0.00000000E+00    0.00000000E+00
   1.97541070E+02    0.00000000E+00    0.00000000E+00
   1.99658233E+02    0.00000000E+00    0.00000000E+00
   2.01798088E+02    0.00000000E+00    0.00000000E+00
   2.03960876E+02    0.00000000E+00    0.00000000E+00
   2.06146844E+02    0.00000000E+00    0.00000000E+00
   2.08356241E+02    0.00000000E+00    0.00000000E+00
   2.10589316E+02    0.00000000E+00    0.00000000E+00
   2.12846326E+02    0.00000000E+00    0.00000000E+00
   2.15127524E+02    0.00000000E+00    0.00000000E+00
   2.17433172E+02    0.00000000E+00    0.00000000E+00
   2.19763531E+02    0.00000000E+00    0.00000000E+00
   2.22118865E+02    0.00000000E+00    0.00000000E+00
   2.24499443E+02    0.00000000E+00    0.00000000E+00
