# Peaks:     0.011588      0.072499      0.217371      0.532238      1.465343  
   7.48331458E-05    4.10590452E+01   -4.87189460E+04
   7.56351765E-05    4.10209792E+01   -4.82119230E+04
   7.64458030E-05    4.09825600E+01   -4.77102075E+04
   7.72651175E-05    4.09438416E+01   -4.72136880E+04
   7.80932130E-05    4.09048813E+01   -4.67222521E+04
   7.89301837E-05    4.08657404E+01   -4.62357868E+04
   7.97761247E-05    4.08264843E+01   -4.57541782E+04
   8.06311322E-05    4.07871823E+01   -4.52773116E+04
   8.14953033E-05    4.07479083E+01   -4.48050713E+04
   8.23687362E-05    4.07087305E+01   -4.43373520E+04
   8.32515302E-05    4.06696566E+01   -4.38741171E+04
   8.41437856E-05    4.06306693E+01   -4.34153581E+04
   8.50456038E-05    4.05917493E+01   -4.29610685E+04
   8.59570874E-05    4.05528757E+01   -4.25112430E+04
   8.68783398E-05    4.05140260E+01   -4.20658781E+04
   8.78094659E-05    4.04751760E+01   -4.16249720E+04
   8.87505714E-05    4.04362995E+01   -4.11885240E+04
   8.97017633E-05    4.03973823E+01   -4.07565180E+04
   9.06631496E-05    4.03584295E+01   -4.03289134E+04
   9.16348397E-05    4.03194477E+01   -3.99056682E+04
   9.26169440E-05    4.02804439E+01   -3.94867412E+04
   9.36095740E-05    4.02414253E+01   -3.90720916E+04
   9.46128426E-05    4.02023993E+01   -3.86616796E+04
   9.56268639E-05    4.01633733E+01   -3.82554658E+04
   9.66517530E-05    4.01243529E+01   -3.78534125E+04
   9.76876265E-05    4.00853382E+01   -3.74554859E+04
   9.87346020E-05    4.00463281E+01   -3.70616531E+04
   9.97927986E-05    4.00073210E+01   -3.66718819E+04
   1.00862336E-04    3.99683150E+01   -3.62861413E+04
   1.01943337E-04    3.99293076E+01   -3.59044005E+04
   1.03035924E-04    3.98902961E+01   -3.55266300E+04
   1.04140220E-04    3.98512777E+01   -3.51528000E+04
   1.05256352E-04    3.98122526E+01   -3.47828765E+04
   1.06384446E-04    3.97732219E+01   -3.44168240E+04
   1.07524630E-04    3.97341866E+01   -3.40546078E+04
   1.08677035E-04    3.96951473E+01   -3.36961937E+04
   1.09841790E-04    3.96561046E+01   -3.33415482E+04
   1.11019029E-04    3.96170586E+01   -3.29906384E+04
   1.12208885E-04    3.95780095E+01   -3.26434318E+04
   1.13411493E-04    3.95389573E+01   -3.22998953E+04
   1.14626991E-04    3.94999026E+01   -3.19599949E+04
   1.15855515E-04    3.94608458E+01   -3.16236972E+04
   1.17097207E-04    3.94217868E+01   -3.12909691E+04
   1.18352206E-04    3.93827254E+01   -3.09617782E+04
   1.19620656E-04    3.93436611E+01   -3.06360925E+04
   1.20902701E-04    3.93045930E+01   -3.03138808E+04
   1.22198486E-04    3.92655202E+01   -2.99951116E+04
   1.23508158E-04    3.92264431E+01   -2.96797524E+04
   1.24831868E-04    3.91873622E+01   -2.93677703E+04
   1.26169764E-04    3.91482780E+01   -2.90591330E+04
   1.27521999E-04    3.91091906E+01   -2.87538085E+04
   1.28888727E-04    3.90700997E+01   -2.84517655E+04
   1.30270103E-04    3.90310048E+01   -2.81529728E+04
   1.31666284E-04    3.89919053E+01   -2.78574001E+04
   1.33077429E-04    3.89528006E+01   -2.75650165E+04
   1.34503698E-04    3.89136914E+01   -2.72757905E+04
   1.35945253E-04    3.88745781E+01   -2.69896910E+04
   1.37402258E-04    3.88354608E+01   -2.67066873E+04
   1.38874878E-04    3.87963395E+01   -2.64267489E+04
   1.40363281E-04    3.87572138E+01   -2.61498459E+04
   1.41867637E-04    3.87180828E+01   -2.58759488E+04
   1.43388116E-04    3.86789457E+01   -2.56050283E+04
   1.44924890E-04    3.86398024E+01   -2.53370548E+04
   1.46478135E-04    3.86006533E+01   -2.50719985E+04
   1.48048027E-04    3.85614989E+01   -2.48098300E+04
   1.49634744E-04    3.85223392E+01   -2.45505202E+04
   1.51238468E-04    3.84831740E+01   -2.42940402E+04
   1.52859379E-04    3.84440029E+01   -2.40403617E+04
   1.54497662E-04    3.84048251E+01   -2.37894566E+04
   1.56153504E-04    3.83656395E+01   -2.35412969E+04
   1.57827093E-04    3.83264462E+01   -2.32958547E+04
   1.59518618E-04    3.82872456E+01   -2.30531021E+04
   1.61228273E-04    3.82480381E+01   -2.28130112E+04
   1.62956251E-04    3.82088238E+01   -2.25755548E+04
   1.64702748E-04    3.81696022E+01   -2.23407057E+04
   1.66467964E-04    3.81303729E+01   -2.21084372E+04
   1.68252099E-04    3.80911351E+01   -2.18787226E+04
   1.70055355E-04    3.80518875E+01   -2.16515357E+04
   1.71877938E-04    3.80126302E+01   -2.14268503E+04
   1.73720054E-04    3.79733637E+01   -2.12046402E+04
   1.75581914E-04    3.79340883E+01   -2.09848795E+04
   1.77463728E-04    3.78948040E+01   -2.07675424E+04
   1.79365711E-04    3.78555104E+01   -2.05526037E+04
   1.81288078E-04    3.78162070E+01   -2.03400382E+04
   1.83231049E-04    3.77768928E+01   -2.01298210E+04
   1.85194843E-04    3.77375668E+01   -1.99219274E+04
   1.87179685E-04    3.76982286E+01   -1.97163329E+04
   1.89185799E-04    3.76588789E+01   -1.95130131E+04
   1.91213414E-04    3.76195178E+01   -1.93119440E+04
   1.93262761E-04    3.75801454E+01   -1.91131016E+04
   1.95334071E-04    3.75407613E+01   -1.89164622E+04
   1.97427581E-04    3.75013650E+01   -1.87220024E+04
   1.99543528E-04    3.74619556E+01   -1.85296989E+04
   2.01682152E-04    3.74225318E+01   -1.83395286E+04
   2.03843698E-04    3.73830931E+01   -1.81514688E+04
   2.06028411E-04    3.73436399E+01   -1.79654969E+04
   2.08236538E-04    3.73041727E+01   -1.77815904E+04
   2.10468331E-04    3.72646912E+01   -1.75997272E+04
   2.12724043E-04    3.72251954E+01   -1.74198852E+04
   2.15003931E-04    3.71856846E+01   -1.72420426E+04
   2.17308254E-04    3.71461580E+01   -1.70661779E+04
   2.19637274E-04    3.71066144E+01   -1.68922695E+04
   2.21991256E-04    3.70670528E+01   -1.67202964E+04
   2.24370466E-04    3.70274735E+01   -1.65502374E+04
   2.26775176E-04    3.69878767E+01   -1.63820720E+04
   2.29205658E-04    3.69482626E+01   -1.62157796E+04
   2.31662189E-04    3.69086309E+01   -1.60513398E+04
   2.34145049E-04    3.68689813E+01   -1.58887325E+04
   2.36654518E-04    3.68293129E+01   -1.57279375E+04
   2.39190883E-04    3.67896245E+01   -1.55689351E+04
   2.41754432E-04    3.67499149E+01   -1.54117055E+04
   2.44345456E-04    3.67101838E+01   -1.52562293E+04
   2.46964250E-04    3.66704316E+01   -1.51024875E+04
   2.49611110E-04    3.66306584E+01   -1.49504611E+04
   2.52286339E-04    3.65908641E+01   -1.48001313E+04
   2.54990239E-04    3.65510483E+01   -1.46514795E+04
   2.57723119E-04    3.65112105E+01   -1.45044871E+04
   2.60485289E-04    3.64713495E+01   -1.43591359E+04
   2.63277062E-04    3.64314641E+01   -1.42154076E+04
   2.66098756E-04    3.63915530E+01   -1.40732841E+04
   2.68950693E-04    3.63516167E+01   -1.39327480E+04
   2.71833195E-04    3.63116552E+01   -1.37937817E+04
   2.74746590E-04    3.62716687E+01   -1.36563680E+04
   2.77691211E-04    3.62316568E+01   -1.35204897E+04
   2.80667390E-04    3.61916190E+01   -1.33861298E+04
   2.83675467E-04    3.61515544E+01   -1.32532714E+04
   2.86715783E-04    3.61114620E+01   -1.31218977E+04
   2.89788684E-04    3.60713403E+01   -1.29919921E+04
   2.92894519E-04    3.60311884E+01   -1.28635381E+04
   2.96033641E-04    3.59910068E+01   -1.27365199E+04
   2.99206407E-04    3.59507956E+01   -1.26109214E+04
   3.02413178E-04    3.59105546E+01   -1.24867271E+04
   3.05654317E-04    3.58702835E+01   -1.23639212E+04
   3.08930193E-04    3.58299816E+01   -1.22424883E+04
   3.12241179E-04    3.57896479E+01   -1.21224128E+04
   3.15587651E-04    3.57492812E+01   -1.20036795E+04
   3.18969988E-04    3.57088798E+01   -1.18862733E+04
   3.22388577E-04    3.56684435E+01   -1.17701792E+04
   3.25843804E-04    3.56279723E+01   -1.16553828E+04
   3.29336063E-04    3.55874665E+01   -1.15418696E+04
   3.32865750E-04    3.55469258E+01   -1.14296254E+04
   3.36433267E-04    3.55063496E+01   -1.13186359E+04
   3.40039020E-04    3.54657373E+01   -1.12088869E+04
   3.43683417E-04    3.54250877E+01   -1.11003645E+04
   3.47366874E-04    3.53843994E+01   -1.09930547E+04
   3.51089808E-04    3.53436709E+01   -1.08869436E+04
   3.54852643E-04    3.53029019E+01   -1.07820179E+04
   3.58655807E-04    3.52620926E+01   -1.06782644E+04
   3.62499731E-04    3.52212430E+01   -1.05756700E+04
   3.66384853E-04    3.51803527E+01   -1.04742217E+04
   3.70311614E-04    3.51394212E+01   -1.03739065E+04
   3.74280461E-04    3.50984477E+01   -1.02747117E+04
   3.78291844E-04    3.50574309E+01   -1.01766245E+04
   3.82346219E-04    3.50163695E+01   -1.00796322E+04
   3.86444048E-04    3.49752617E+01   -9.98372224E+03
   3.90585795E-04    3.49341074E+01   -9.88888249E+03
   3.94771932E-04    3.48929066E+01   -9.79510099E+03
   3.99002934E-04    3.48516593E+01   -9.70236589E+03
   4.03279282E-04    3.48103650E+01   -9.61066541E+03
   4.07601462E-04    3.47690233E+01   -9.51998783E+03
   4.11969966E-04    3.47276331E+01   -9.43032151E+03
   4.16385289E-04    3.46861933E+01   -9.34165488E+03
   4.20847934E-04    3.46447023E+01   -9.25397643E+03
   4.25358408E-04    3.46031585E+01   -9.16727476E+03
   4.29917223E-04    3.45615613E+01   -9.08153883E+03
   4.34524898E-04    3.45199109E+01   -8.99675785E+03
   4.39181956E-04    3.44782072E+01   -8.91292107E+03
   4.43888926E-04    3.44364497E+01   -8.83001784E+03
   4.48646344E-04    3.43946379E+01   -8.74803754E+03
   4.53454750E-04    3.43527707E+01   -8.66696963E+03
   4.58314690E-04    3.43108470E+01   -8.58680364E+03
   4.63226717E-04    3.42688651E+01   -8.50752912E+03
   4.68191389E-04    3.42268232E+01   -8.42913572E+03
   4.73209270E-04    3.41847207E+01   -8.35161342E+03
   4.78280931E-04    3.41425576E+01   -8.27495245E+03
   4.83406948E-04    3.41003337E+01   -8.19914311E+03
   4.88587904E-04    3.40580486E+01   -8.12417575E+03
   4.93824387E-04    3.40157016E+01   -8.05004077E+03
   4.99116992E-04    3.39732919E+01   -7.97672865E+03
   5.04466321E-04    3.39308181E+01   -7.90422990E+03
   5.09872982E-04    3.38882786E+01   -7.83253507E+03
   5.15337590E-04    3.38456716E+01   -7.76163478E+03
   5.20860764E-04    3.38029960E+01   -7.69151988E+03
   5.26443134E-04    3.37602516E+01   -7.62218155E+03
   5.32085334E-04    3.37174383E+01   -7.55361102E+03
   5.37788004E-04    3.36745558E+01   -7.48579957E+03
   5.43551793E-04    3.36316033E+01   -7.41873856E+03
   5.49377356E-04    3.35885799E+01   -7.35241935E+03
   5.55265355E-04    3.35454843E+01   -7.28683338E+03
   5.61216459E-04    3.35023149E+01   -7.22197212E+03
   5.67231345E-04    3.34590700E+01   -7.15782706E+03
   5.73310695E-04    3.34157478E+01   -7.09438986E+03
   5.79455202E-04    3.33723481E+01   -7.03165251E+03
   5.85665563E-04    3.33288707E+01   -6.96960711E+03
   5.91942484E-04    3.32853152E+01   -6.90824579E+03
   5.98286678E-04    3.32416810E+01   -6.84756074E+03
   6.04698867E-04    3.31979670E+01   -6.78754418E+03
   6.11179779E-04    3.31541720E+01   -6.72818837E+03
   6.17730151E-04    3.31102946E+01   -6.66948559E+03
   6.24350727E-04    3.30663329E+01   -6.61142819E+03
   6.31042259E-04    3.30222848E+01   -6.55400855E+03
   6.37805509E-04    3.29781497E+01   -6.49721937E+03
   6.44641244E-04    3.29339273E+01   -6.44105352E+03
   6.51550242E-04    3.28896173E+01   -6.38550392E+03
   6.58533287E-04    3.28452190E+01   -6.33056351E+03
   6.65591174E-04    3.28007314E+01   -6.27622528E+03
   6.72724705E-04    3.27561534E+01   -6.22248224E+03
   6.79934690E-04    3.27114835E+01   -6.16932746E+03
   6.87221948E-04    3.26667199E+01   -6.11675399E+03
   6.94587308E-04    3.26218604E+01   -6.06475495E+03
   7.02031607E-04    3.25769036E+01   -6.01332362E+03
   7.09555691E-04    3.25318492E+01   -5.96245358E+03
   7.17160415E-04    3.24866968E+01   -5.91213842E+03
   7.24846644E-04    3.24414457E+01   -5.86237181E+03
   7.32615250E-04    3.23960950E+01   -5.81314742E+03
   7.40467117E-04    3.23506437E+01   -5.76445896E+03
   7.48403137E-04    3.23050903E+01   -5.71630016E+03
   7.56424211E-04    3.22594329E+01   -5.66866477E+03
   7.64531253E-04    3.22136697E+01   -5.62154659E+03
   7.72725182E-04    3.21677983E+01   -5.57493944E+03
   7.81006931E-04    3.21218181E+01   -5.52883746E+03
   7.89377439E-04    3.20757287E+01   -5.48323491E+03
   7.97837660E-04    3.20295295E+01   -5.43812605E+03
   8.06388553E-04    3.19832195E+01   -5.39350521E+03
   8.15031092E-04    3.19367978E+01   -5.34936671E+03
   8.23766258E-04    3.18902629E+01   -5.30570491E+03
   8.32595043E-04    3.18436131E+01   -5.26251418E+03
   8.41518452E-04    3.17968465E+01   -5.21978891E+03
   8.50537498E-04    3.17499607E+01   -5.17752353E+03
   8.59653207E-04    3.17029540E+01   -5.13571259E+03
   8.68866614E-04    3.16558260E+01   -5.09435093E+03
   8.78178766E-04    3.16085762E+01   -5.05343338E+03
   8.87590723E-04    3.15612037E+01   -5.01295484E+03
   8.97103552E-04    3.15137073E+01   -4.97291019E+03
   9.06718337E-04    3.14660859E+01   -4.93329436E+03
   9.16436168E-04    3.14183377E+01   -4.89410228E+03
   9.26258152E-04    3.13704609E+01   -4.85532889E+03
   9.36185403E-04    3.13224531E+01   -4.81696916E+03
   9.46219050E-04    3.12743121E+01   -4.77901811E+03
   9.56360234E-04    3.12260367E+01   -4.74147097E+03
   9.66610107E-04    3.11776265E+01   -4.70432313E+03
   9.76969834E-04    3.11290806E+01   -4.66756996E+03
   9.87440592E-04    3.10803980E+01   -4.63120689E+03
   9.98023571E-04    3.10315774E+01   -4.59522934E+03
   1.00871997E-03    3.09826173E+01   -4.55963274E+03
   1.01953102E-03    3.09335158E+01   -4.52441256E+03
   1.03045793E-03    3.08842707E+01   -4.48956426E+03
   1.04150195E-03    3.08348796E+01   -4.45508332E+03
   1.05266434E-03    3.07853405E+01   -4.42096531E+03
   1.06394636E-03    3.07356524E+01   -4.38720605E+03
   1.07534929E-03    3.06858148E+01   -4.35380140E+03
   1.08687444E-03    3.06358266E+01   -4.32074722E+03
   1.09852311E-03    3.05856866E+01   -4.28803941E+03
   1.11029663E-03    3.05353932E+01   -4.25567386E+03
   1.12219633E-03    3.04849447E+01   -4.22364647E+03
   1.13422356E-03    3.04343390E+01   -4.19195318E+03
   1.14637970E-03    3.03835738E+01   -4.16058990E+03
   1.15866612E-03    3.03326463E+01   -4.12955257E+03
   1.17108423E-03    3.02815551E+01   -4.09883733E+03
   1.18363542E-03    3.02302994E+01   -4.06844045E+03
   1.19632114E-03    3.01788782E+01   -4.03835821E+03
   1.20914281E-03    3.01272903E+01   -4.00858692E+03
   1.22210190E-03    3.00755344E+01   -3.97912288E+03
   1.23519989E-03    3.00236086E+01   -3.94996242E+03
   1.24843825E-03    2.99715110E+01   -3.92110186E+03
   1.26181849E-03    2.99192393E+01   -3.89253754E+03
   1.27534214E-03    2.98667909E+01   -3.86426579E+03
   1.28901073E-03    2.98141633E+01   -3.83628301E+03
   1.30282581E-03    2.97613551E+01   -3.80858577E+03
   1.31678896E-03    2.97083655E+01   -3.78117075E+03
   1.33090176E-03    2.96551934E+01   -3.75403463E+03
   1.34516581E-03    2.96018373E+01   -3.72717407E+03
   1.35958274E-03    2.95482957E+01   -3.70058578E+03
   1.37415418E-03    2.94945665E+01   -3.67426646E+03
   1.38888180E-03    2.94406477E+01   -3.64821280E+03
   1.40376726E-03    2.93865367E+01   -3.62242150E+03
   1.41881226E-03    2.93322306E+01   -3.59688928E+03
   1.43401850E-03    2.92777273E+01   -3.57161294E+03
   1.44938771E-03    2.92230256E+01   -3.54658947E+03
   1.46492165E-03    2.91681245E+01   -3.52181587E+03
   1.48062208E-03    2.91130226E+01   -3.49728917E+03
   1.49649077E-03    2.90577183E+01   -3.47300639E+03
   1.51252954E-03    2.90022098E+01   -3.44896455E+03
   1.52874020E-03    2.89464949E+01   -3.42516069E+03
   1.54512461E-03    2.88905713E+01   -3.40159184E+03
   1.56168461E-03    2.88344362E+01   -3.37825504E+03
   1.57842210E-03    2.87780867E+01   -3.35514732E+03
   1.59533898E-03    2.87215209E+01   -3.33226590E+03
   1.61243716E-03    2.86647377E+01   -3.30960806E+03
   1.62971859E-03    2.86077359E+01   -3.28717115E+03
   1.64718524E-03    2.85505139E+01   -3.26495247E+03
   1.66483909E-03    2.84930699E+01   -3.24294937E+03
   1.68268215E-03    2.84354018E+01   -3.22115916E+03
   1.70071644E-03    2.83775075E+01   -3.19957918E+03
   1.71894401E-03    2.83193842E+01   -3.17820676E+03
   1.73736694E-03    2.82610291E+01   -3.15703923E+03
   1.75598732E-03    2.82024392E+01   -3.13607394E+03
   1.77480726E-03    2.81436130E+01   -3.11530843E+03
   1.79382891E-03    2.80845491E+01   -3.09474029E+03
   1.81305443E-03    2.80252463E+01   -3.07436711E+03
   1.83248600E-03    2.79657026E+01   -3.05418650E+03
   1.85212582E-03    2.79059163E+01   -3.03419604E+03
   1.87197614E-03    2.78458850E+01   -3.01439334E+03
   1.89203920E-03    2.77856062E+01   -2.99477600E+03
   1.91231730E-03    2.77250773E+01   -2.97534160E+03
   1.93281272E-03    2.76642951E+01   -2.95608775E+03
   1.95352781E-03    2.76032568E+01   -2.93701211E+03
   1.97446491E-03    2.75419611E+01   -2.91811247E+03
   1.99562641E-03    2.74804065E+01   -2.89938669E+03
   2.01701470E-03    2.74185915E+01   -2.88083261E+03
   2.03863223E-03    2.73565141E+01   -2.86244805E+03
   2.06048145E-03    2.72941722E+01   -2.84423087E+03
   2.08256483E-03    2.72315634E+01   -2.82617890E+03
   2.10488490E-03    2.71686850E+01   -2.80828997E+03
   2.12744419E-03    2.71055341E+01   -2.79056191E+03
   2.15024525E-03    2.70421074E+01   -2.77299255E+03
   2.17329069E-03    2.69784026E+01   -2.75557984E+03
   2.19658312E-03    2.69144183E+01   -2.73832183E+03
   2.22012519E-03    2.68501529E+01   -2.72121657E+03
   2.24391957E-03    2.67856047E+01   -2.70426212E+03
   2.26796897E-03    2.67207715E+01   -2.68745653E+03
   2.29227612E-03    2.66556512E+01   -2.67079786E+03
   2.31684379E-03    2.65902411E+01   -2.65428416E+03
   2.34167476E-03    2.65245383E+01   -2.63791348E+03
   2.36677186E-03    2.64585399E+01   -2.62168384E+03
   2.39213794E-03    2.63922424E+01   -2.60559331E+03
   2.41777588E-03    2.63256440E+01   -2.58964007E+03
   2.44368861E-03    2.62587431E+01   -2.57382238E+03
   2.46987905E-03    2.61915382E+01   -2.55813849E+03
   2.49635019E-03    2.61240271E+01   -2.54258665E+03
   2.52310504E-03    2.60562078E+01   -2.52716512E+03
   2.55014663E-03    2.59880778E+01   -2.51187213E+03
   2.57747805E-03    2.59196345E+01   -2.49670592E+03
   2.60510239E-03    2.58508748E+01   -2.48166474E+03
   2.63302280E-03    2.57817955E+01   -2.46674680E+03
   2.66124244E-03    2.57123935E+01   -2.45195036E+03
   2.68976454E-03    2.56426671E+01   -2.43727383E+03
   2.71859232E-03    2.55726146E+01   -2.42271564E+03
   2.74772907E-03    2.55022342E+01   -2.40827421E+03
   2.77717809E-03    2.54315240E+01   -2.39394797E+03
   2.80694273E-03    2.53604816E+01   -2.37973534E+03
   2.83702638E-03    2.52891046E+01   -2.36563474E+03
   2.86743246E-03    2.52173901E+01   -2.35164458E+03
   2.89816441E-03    2.51453351E+01   -2.33776326E+03
   2.92922574E-03    2.50729362E+01   -2.32398917E+03
   2.96061996E-03    2.50001906E+01   -2.31032078E+03
   2.99235066E-03    2.49270967E+01   -2.29675665E+03
   3.02442144E-03    2.48536527E+01   -2.28329538E+03
   3.05683593E-03    2.47798568E+01   -2.26993556E+03
   3.08959784E-03    2.47057070E+01   -2.25667576E+03
   3.12271087E-03    2.46312009E+01   -2.24351455E+03
   3.15617879E-03    2.45563359E+01   -2.23045052E+03
   3.19000541E-03    2.44811091E+01   -2.21748222E+03
   3.22419456E-03    2.44055175E+01   -2.20460820E+03
   3.25875014E-03    2.43295576E+01   -2.19182702E+03
   3.29367608E-03    2.42532270E+01   -2.17913731E+03
   3.32897633E-03    2.41765241E+01   -2.16653780E+03
   3.36465492E-03    2.40994473E+01   -2.15402721E+03
   3.40071590E-03    2.40219946E+01   -2.14160429E+03
   3.43716337E-03    2.39441639E+01   -2.12926774E+03
   3.47400146E-03    2.38659529E+01   -2.11701629E+03
   3.51123437E-03    2.37873591E+01   -2.10484864E+03
   3.54886632E-03    2.37083794E+01   -2.09276349E+03
   3.58690160E-03    2.36290109E+01   -2.08075953E+03
   3.62534453E-03    2.35492502E+01   -2.06883545E+03
   3.66419947E-03    2.34690951E+01   -2.05699004E+03
   3.70347084E-03    2.33885441E+01   -2.04522217E+03
   3.74316311E-03    2.33075957E+01   -2.03353070E+03
   3.78328078E-03    2.32262479E+01   -2.02191447E+03
   3.82382842E-03    2.31444987E+01   -2.01037235E+03
   3.86481063E-03    2.30623459E+01   -1.99890317E+03
   3.90623207E-03    2.29797869E+01   -1.98750576E+03
   3.94809744E-03    2.28968189E+01   -1.97617896E+03
   3.99041152E-03    2.28134388E+01   -1.96492157E+03
   4.03317909E-03    2.27296436E+01   -1.95373242E+03
   4.07640504E-03    2.26454312E+01   -1.94261043E+03
   4.12009426E-03    2.25608004E+01   -1.93155459E+03
   4.16425172E-03    2.24757495E+01   -1.92056387E+03
   4.20888245E-03    2.23902771E+01   -1.90963724E+03
   4.25399151E-03    2.23043809E+01   -1.89877367E+03
   4.29958403E-03    2.22180591E+01   -1.88797212E+03
   4.34566519E-03    2.21313090E+01   -1.87723154E+03
   4.39224023E-03    2.20441281E+01   -1.86655086E+03
   4.43931444E-03    2.19565136E+01   -1.85592902E+03
   4.48689317E-03    2.18684623E+01   -1.84536496E+03
   4.53498183E-03    2.17799729E+01   -1.83485771E+03
   4.58358589E-03    2.16910442E+01   -1.82440639E+03
   4.63271087E-03    2.16016747E+01   -1.81401006E+03
   4.68236234E-03    2.15118631E+01   -1.80366781E+03
   4.73254596E-03    2.14216076E+01   -1.79337872E+03
   4.78326743E-03    2.13309062E+01   -1.78314184E+03
   4.83453251E-03    2.12397569E+01   -1.77295623E+03
   4.88634703E-03    2.11481572E+01   -1.76282095E+03
   4.93871687E-03    2.10561044E+01   -1.75273501E+03
   4.99164799E-03    2.09635960E+01   -1.74269747E+03
   5.04514641E-03    2.08706308E+01   -1.73270750E+03
   5.09921820E-03    2.07772078E+01   -1.72276427E+03
   5.15386951E-03    2.06833262E+01   -1.71286699E+03
   5.20910654E-03    2.05889846E+01   -1.70301481E+03
   5.26493559E-03    2.04941816E+01   -1.69320692E+03
   5.32136299E-03    2.03989158E+01   -1.68344248E+03
   5.37839515E-03    2.03031851E+01   -1.67372064E+03
   5.43603857E-03    2.02069877E+01   -1.66404055E+03
   5.49429978E-03    2.01103211E+01   -1.65440134E+03
   5.55318541E-03    2.00131832E+01   -1.64480217E+03
   5.61270215E-03    1.99155735E+01   -1.63524230E+03
   5.67285676E-03    1.98174915E+01   -1.62572102E+03
   5.73365609E-03    1.97189364E+01   -1.61623759E+03
   5.79510704E-03    1.96199075E+01   -1.60679130E+03
   5.85721660E-03    1.95204038E+01   -1.59738140E+03
   5.91999182E-03    1.94204241E+01   -1.58800715E+03
   5.98343984E-03    1.93199670E+01   -1.57866779E+03
   6.04756787E-03    1.92190308E+01   -1.56936256E+03
   6.11238320E-03    1.91176138E+01   -1.56009069E+03
   6.17789319E-03    1.90157146E+01   -1.55085144E+03
   6.24410529E-03    1.89133333E+01   -1.54164418E+03
   6.31102703E-03    1.88104699E+01   -1.53246829E+03
   6.37866600E-03    1.87071242E+01   -1.52332312E+03
   6.44702990E-03    1.86032960E+01   -1.51420803E+03
   6.51612650E-03    1.84989848E+01   -1.50512237E+03
   6.58596364E-03    1.83941898E+01   -1.49606547E+03
   6.65654927E-03    1.82889102E+01   -1.48703667E+03
   6.72789141E-03    1.81831450E+01   -1.47803529E+03
   6.79999817E-03    1.80768928E+01   -1.46906064E+03
   6.87287773E-03    1.79701536E+01   -1.46011211E+03
   6.94653839E-03    1.78629281E+01   -1.45118916E+03
   7.02098851E-03    1.77552170E+01   -1.44229125E+03
   7.09623655E-03    1.76470209E+01   -1.43341783E+03
   7.17229108E-03    1.75383401E+01   -1.42456833E+03
   7.24916072E-03    1.74291750E+01   -1.41574220E+03
   7.32685423E-03    1.73195255E+01   -1.40693885E+03
   7.40538041E-03    1.72093916E+01   -1.39815771E+03
   7.48474821E-03    1.70987730E+01   -1.38939819E+03
   7.56496665E-03    1.69876690E+01   -1.38065967E+03
   7.64604483E-03    1.68760804E+01   -1.37194164E+03
   7.72799197E-03    1.67640089E+01   -1.36324364E+03
   7.81081738E-03    1.66514559E+01   -1.35456522E+03
   7.89453049E-03    1.65384230E+01   -1.34590590E+03
   7.97914080E-03    1.64249116E+01   -1.33726524E+03
   8.06465792E-03    1.63109228E+01   -1.32864274E+03
   8.15109159E-03    1.61964576E+01   -1.32003793E+03
   8.23845161E-03    1.60815171E+01   -1.31145031E+03
   8.32674792E-03    1.59661018E+01   -1.30287938E+03
   8.41599056E-03    1.58502123E+01   -1.29432463E+03
   8.50618966E-03    1.57338501E+01   -1.28578560E+03
   8.59735548E-03    1.56170178E+01   -1.27726194E+03
   8.68949837E-03    1.54997182E+01   -1.26875326E+03
   8.78262882E-03    1.53819537E+01   -1.26025921E+03
   8.87675740E-03    1.52637269E+01   -1.25177939E+03
   8.97189481E-03    1.51450402E+01   -1.24331343E+03
   9.06805186E-03    1.50258957E+01   -1.23486091E+03
   9.16523948E-03    1.49062954E+01   -1.22642146E+03
   9.26346872E-03    1.47862414E+01   -1.21799463E+03
   9.36275074E-03    1.46657352E+01   -1.20958003E+03
   9.46309683E-03    1.45447798E+01   -1.20117729E+03
   9.56451838E-03    1.44233792E+01   -1.19278614E+03
   9.66702693E-03    1.43015372E+01   -1.18440630E+03
   9.77063412E-03    1.41792577E+01   -1.17603747E+03
   9.87535173E-03    1.40565444E+01   -1.16767936E+03
   9.98119166E-03    1.39334009E+01   -1.15933167E+03
   1.00881659E-02    1.38098307E+01   -1.15099409E+03
   1.01962867E-02    1.36858371E+01   -1.14266629E+03
   1.03055663E-02    1.35614234E+01   -1.13434796E+03
   1.04160171E-02    1.34365927E+01   -1.12603876E+03
   1.05276516E-02    1.33113499E+01   -1.11773847E+03
   1.06404827E-02    1.31857004E+01   -1.10944690E+03
   1.07545229E-02    1.30596498E+01   -1.10116387E+03
   1.08697855E-02    1.29332034E+01   -1.09288917E+03
   1.09862833E-02    1.28063666E+01   -1.08462261E+03
   1.11040298E-02    1.26791445E+01   -1.07636398E+03
   1.12230381E-02    1.25515423E+01   -1.06811306E+03
   1.13433220E-02    1.24235649E+01   -1.05986964E+03
   1.14648951E-02    1.22952172E+01   -1.05163347E+03
   1.15877710E-02    1.21665040E+01   -1.04340433E+03
   1.17119640E-02    1.20374315E+01   -1.03518206E+03
   1.18374880E-02    1.19080070E+01   -1.02696658E+03
   1.19643573E-02    1.17782373E+01   -1.01875777E+03
   1.20925863E-02    1.16481296E+01   -1.01055552E+03
   1.22221896E-02    1.15176908E+01   -1.00235973E+03
   1.23531820E-02    1.13869276E+01   -9.94170263E+02
   1.24855783E-02    1.12558467E+01   -9.85987001E+02
   1.26193935E-02    1.11244549E+01   -9.77809800E+02
   1.27546430E-02    1.09927589E+01   -9.69638539E+02
   1.28913419E-02    1.08607672E+01   -9.61473185E+02
   1.30295060E-02    1.07284887E+01   -9.53313731E+02
   1.31691508E-02    1.05959323E+01   -9.45160163E+02
   1.33102923E-02    1.04631066E+01   -9.37012464E+02
   1.34529465E-02    1.03300205E+01   -9.28870607E+02
   1.35971297E-02    1.01966825E+01   -9.20734564E+02
   1.37428581E-02    1.00631012E+01   -9.12604294E+02
   1.38901483E-02    9.92928494E+00   -9.04479749E+02
   1.40390172E-02    9.79524213E+00   -8.96360877E+02
   1.41894816E-02    9.66098250E+00   -8.88247703E+02
   1.43415585E-02    9.52651687E+00   -8.80140312E+02
   1.44952654E-02    9.39185603E+00   -8.72038787E+02
   1.46506197E-02    9.25701077E+00   -8.63943205E+02
   1.48076389E-02    9.12199178E+00   -8.55853639E+02
   1.49663411E-02    8.98680968E+00   -8.47770154E+02
   1.51267441E-02    8.85147501E+00   -8.39692805E+02
   1.52888663E-02    8.71599816E+00   -8.31621642E+02
   1.54527260E-02    8.58038982E+00   -8.23556725E+02
   1.56183420E-02    8.44466239E+00   -8.15498211E+02
   1.57857329E-02    8.30882873E+00   -8.07446281E+02
   1.59549178E-02    8.17290168E+00   -7.99401110E+02
   1.61259160E-02    8.03689399E+00   -7.91362866E+02
   1.62987469E-02    7.90081838E+00   -7.83331715E+02
   1.64734301E-02    7.76468745E+00   -7.75307812E+02
   1.66499855E-02    7.62851369E+00   -7.67291303E+02
   1.68284332E-02    7.49230946E+00   -7.59282327E+02
   1.70087934E-02    7.35608764E+00   -7.51281049E+02
   1.71910866E-02    7.21986294E+00   -7.43287730E+02
   1.73753335E-02    7.08365029E+00   -7.35302645E+02
   1.75615551E-02    6.94746461E+00   -7.27326063E+02
   1.77497726E-02    6.81132071E+00   -7.19358246E+02
   1.79400073E-02    6.67523333E+00   -7.11399449E+02
   1.81322809E-02    6.53921708E+00   -7.03449919E+02
   1.83266152E-02    6.40328642E+00   -6.95509893E+02
   1.85230322E-02    6.26745619E+00   -6.87579625E+02
   1.87215544E-02    6.13174294E+00   -6.79659460E+02
   1.89222043E-02    5.99616352E+00   -6.71749758E+02
   1.91250047E-02    5.86073470E+00   -6.63850871E+02
   1.93299785E-02    5.72547316E+00   -6.55963147E+02
   1.95371492E-02    5.59039544E+00   -6.48086920E+02
   1.97465403E-02    5.45551792E+00   -6.40222520E+02
   1.99581755E-02    5.32085691E+00   -6.32370267E+02
   2.01720790E-02    5.18643004E+00   -6.24530551E+02
   2.03882750E-02    5.05225594E+00   -6.16703812E+02
   2.06067881E-02    4.91835315E+00   -6.08890487E+02
   2.08276431E-02    4.78474006E+00   -6.01091000E+02
   2.10508652E-02    4.65143493E+00   -5.93305768E+02
   2.12764796E-02    4.51845581E+00   -5.85535198E+02
   2.15045121E-02    4.38582063E+00   -5.77779688E+02
   2.17349886E-02    4.25354866E+00   -5.70039704E+02
   2.19679352E-02    4.12166024E+00   -5.62315768E+02
   2.22033784E-02    3.99017557E+00   -5.54608391E+02
   2.24413450E-02    3.85911468E+00   -5.46918079E+02
   2.26818620E-02    3.72849740E+00   -5.39245323E+02
   2.29249569E-02    3.59834331E+00   -5.31590603E+02
   2.31706570E-02    3.46867180E+00   -5.23954390E+02
   2.34189906E-02    3.33950358E+00   -5.16337219E+02
   2.36699856E-02    3.21086039E+00   -5.08739682E+02
   2.39236707E-02    3.08276383E+00   -5.01162357E+02
   2.41800747E-02    2.95523523E+00   -4.93605814E+02
   2.44392267E-02    2.82829564E+00   -4.86070608E+02
   2.47011562E-02    2.70196580E+00   -4.78557280E+02
   2.49658930E-02    2.57626672E+00   -4.71066383E+02
   2.52334671E-02    2.45122130E+00   -4.63598567E+02
   2.55039089E-02    2.32685264E+00   -4.56154490E+02
   2.57772493E-02    2.20318354E+00   -4.48734798E+02
   2.60535191E-02    2.08023651E+00   -4.41340122E+02
   2.63327500E-02    1.95803364E+00   -4.33971079E+02
   2.66149735E-02    1.83659665E+00   -4.26628266E+02
   2.69002217E-02    1.71594734E+00   -4.19312285E+02
   2.71885272E-02    1.59610956E+00   -4.12023843E+02
   2.74799226E-02    1.47710741E+00   -4.04763656E+02
   2.77744410E-02    1.35896462E+00   -3.97532430E+02
   2.80721159E-02    1.24170449E+00   -3.90330848E+02
   2.83729813E-02    1.12534983E+00   -3.83159577E+02
   2.86770711E-02    1.00992296E+00   -3.76019262E+02
   2.89844201E-02    8.95447322E-01   -3.68910604E+02
   2.92950631E-02    7.81947969E-01   -3.61834382E+02
   2.96090354E-02    6.69449633E-01   -3.54791364E+02
   2.99263728E-02    5.57976539E-01   -3.47782298E+02
   3.02471113E-02    4.47552347E-01   -3.40807911E+02
   3.05712873E-02    3.38200097E-01   -3.33868904E+02
   3.08989377E-02    2.29942218E-01   -3.26965955E+02
   3.12300997E-02    1.22802478E-01   -3.20099808E+02
   3.15648110E-02    1.68062178E-02   -3.13271284E+02
   3.19031096E-02   -8.80217163E-02   -3.06481186E+02
   3.22450339E-02   -1.91657135E-01   -2.99730291E+02
   3.25906228E-02   -2.94076572E-01   -2.93019351E+02
   3.29399156E-02   -3.95257355E-01   -2.86349087E+02
   3.32929520E-02   -4.95176844E-01   -2.79720224E+02
   3.36497720E-02   -5.93810057E-01   -2.73133599E+02
   3.40104164E-02   -6.91131983E-01   -2.66590053E+02
   3.43749259E-02   -7.87118389E-01   -2.60090403E+02
   3.47433421E-02   -8.81745887E-01   -2.53635432E+02
   3.51157069E-02   -9.74992019E-01   -2.47225891E+02
   3.54920625E-02   -1.06683524E+00   -2.40862497E+02
   3.58724517E-02   -1.15725275E+00   -2.34546030E+02
   3.62569178E-02   -1.24622007E+00   -2.28277350E+02
   3.66455044E-02   -1.33371352E+00   -2.22057291E+02
   3.70382558E-02   -1.41971042E+00   -2.15886649E+02
   3.74352164E-02   -1.50418918E+00   -2.09766184E+02
   3.78364316E-02   -1.58712931E+00   -2.03696618E+02
   3.82419468E-02   -1.66850912E+00   -1.97678729E+02
   3.86518081E-02   -1.74830519E+00   -1.91713380E+02
   3.90660622E-02   -1.82649503E+00   -1.85801402E+02
   3.94847561E-02   -1.90305735E+00   -1.79943587E+02
   3.99079373E-02   -1.97797209E+00   -1.74140680E+02
   4.03356541E-02   -2.05122047E+00   -1.68393386E+02
   4.07679549E-02   -2.12278266E+00   -1.62702463E+02
   4.12048890E-02   -2.19263795E+00   -1.57068713E+02
   4.16465059E-02   -2.26076692E+00   -1.51492899E+02
   4.20928559E-02   -2.32715121E+00   -1.45975748E+02
   4.25439897E-02   -2.39177129E+00   -1.40518044E+02
   4.29999586E-02   -2.45460803E+00   -1.35120569E+02
   4.34608143E-02   -2.51564384E+00   -1.29784050E+02
   4.39266093E-02   -2.57486273E+00   -1.24509160E+02
   4.43973965E-02   -2.63224893E+00   -1.19296574E+02
   4.48732294E-02   -2.68778483E+00   -1.14147055E+02
   4.53541621E-02   -2.74145391E+00   -1.09061333E+02
   4.58402492E-02   -2.79324140E+00   -1.04040078E+02
   4.63315460E-02   -2.84313400E+00   -9.90839122E+01
   4.68281084E-02   -2.89111701E+00   -9.41935280E+01
   4.73299926E-02   -2.93717576E+00   -8.93696278E+01
   4.78372559E-02   -2.98129745E+00   -8.46128524E+01
   4.83499558E-02   -3.02347111E+00   -7.99237805E+01
   4.88681506E-02   -3.06368526E+00   -7.53030249E+01
   4.93918992E-02   -3.10192792E+00   -7.07512316E+01
   4.99212611E-02   -3.13818903E+00   -6.62689825E+01
   5.04562965E-02   -3.17246011E+00   -6.18568108E+01
   5.09970662E-02   -3.20473153E+00   -5.75153078E+01
   5.15436316E-02   -3.23499469E+00   -5.32450376E+01
   5.20960549E-02   -3.26324323E+00   -4.90464902E+01
   5.26543989E-02   -3.28947118E+00   -4.49201535E+01
   5.32187269E-02   -3.31367165E+00   -4.08665648E+01
   5.37891032E-02   -3.33583979E+00   -3.68861954E+01
   5.43655925E-02   -3.35597274E+00   -3.29794541E+01
   5.49482604E-02   -3.37406675E+00   -2.91467961E+01
   5.55371731E-02   -3.39011919E+00   -2.53886490E+01
   5.61323975E-02   -3.40412948E+00   -2.17053732E+01
   5.67340013E-02   -3.41609658E+00   -1.80973626E+01
   5.73420528E-02   -3.42602075E+00   -1.45649735E+01
   5.79566212E-02   -3.43390428E+00   -1.11084989E+01
   5.85777763E-02   -3.43974875E+00   -7.72827243E+00
   5.92055886E-02   -3.44355749E+00   -4.42457603E+00
   5.98401296E-02   -3.44533568E+00   -1.19763303E+00
   6.04814713E-02   -3.44508776E+00    1.95228903E+00
   6.11296867E-02   -3.44282011E+00    5.02498463E+00
   6.17848494E-02   -3.43854082E+00    8.02029742E+00
   6.24470338E-02   -3.43225781E+00    1.09380521E+01
   6.31163152E-02   -3.42398086E+00    1.37781296E+01
   6.37927697E-02   -3.41372014E+00    1.65404115E+01
   6.44764742E-02   -3.40148773E+00    1.92248381E+01
   6.51675064E-02   -3.38729599E+00    2.18313468E+01
   6.58659447E-02   -3.37115909E+00    2.43599296E+01
   6.65718686E-02   -3.35309164E+00    2.68105819E+01
   6.72853584E-02   -3.33311004E+00    2.91833522E+01
   6.80064950E-02   -3.31123115E+00    3.14782939E+01
   6.87353604E-02   -3.28747359E+00    3.36955132E+01
   6.94720375E-02   -3.26185655E+00    3.58351242E+01
   7.02166100E-02   -3.23440095E+00    3.78972938E+01
   7.09691626E-02   -3.20512809E+00    3.98821894E+01
   7.17297807E-02   -3.17406118E+00    4.17900389E+01
   7.24985508E-02   -3.14122434E+00    4.36210902E+01
   7.32755602E-02   -3.10664326E+00    4.53756382E+01
   7.40608973E-02   -3.07034288E+00    4.70539391E+01
   7.48546513E-02   -3.03235087E+00    4.86563374E+01
   7.56569125E-02   -2.99269733E+00    5.01832585E+01
   7.64677719E-02   -2.95141103E+00    5.16350653E+01
   7.72873218E-02   -2.90852303E+00    5.30121964E+01
   7.81156553E-02   -2.86406586E+00    5.43151333E+01
   7.89528666E-02   -2.81807175E+00    5.55443378E+01
   7.97990507E-02   -2.77057599E+00    5.67003733E+01
   8.06543039E-02   -2.72161362E+00    5.77837857E+01
   8.15187233E-02   -2.67122090E+00    5.87951562E+01
   8.23924072E-02   -2.61943626E+00    5.97351378E+01
   8.32754549E-02   -2.56629745E+00    6.06043497E+01
   8.41679668E-02   -2.51184497E+00    6.14035046E+01
   8.50700442E-02   -2.45611935E+00    6.21333096E+01
   8.59817897E-02   -2.39916232E+00    6.27945072E+01
   8.69033069E-02   -2.34101731E+00    6.33878981E+01
   8.78347005E-02   -2.28172724E+00    6.39142561E+01
   8.87760765E-02   -2.22133792E+00    6.43744568E+01
   8.97275417E-02   -2.15989463E+00    6.47693512E+01
   9.06892043E-02   -2.09744374E+00    6.50998255E+01
   9.16611736E-02   -2.03403391E+00    6.53668461E+01
   9.26435601E-02   -1.96971254E+00    6.55713297E+01
   9.36364754E-02   -1.90452966E+00    6.57142873E+01
   9.46400324E-02   -1.83853548E+00    6.57967336E+01
   9.56543451E-02   -1.77177999E+00    6.58196729E+01
   9.66795287E-02   -1.70431615E+00    6.57842201E+01
   9.77156999E-02   -1.63619574E+00    6.56914445E+01
   9.87629763E-02   -1.56747171E+00    6.55424587E+01
   9.98214769E-02   -1.49819883E+00    6.53384453E+01
   1.00891322E-01   -1.42843010E+00    6.50805207E+01
   1.01972634E-01   -1.35822107E+00    6.47699002E+01
   1.03065534E-01   -1.28762795E+00    6.44078264E+01
   1.04170148E-01   -1.21670548E+00    6.39954896E+01
   1.05286600E-01   -1.14551113E+00    6.35341896E+01
   1.06415018E-01   -1.07410151E+00    6.30251963E+01
   1.07555531E-01   -1.00253305E+00    6.24697808E+01
   1.08708266E-01   -9.30864637E-01    6.18693151E+01
   1.09873356E-01   -8.59153114E-01    6.12250992E+01
   1.11050933E-01   -7.87456421E-01    6.05384852E+01
   1.12241131E-01   -7.15833856E-01    5.98108878E+01
   1.13444085E-01   -6.44342335E-01    5.90436390E+01
   1.14659932E-01   -5.73040776E-01    5.82381619E+01
   1.15888810E-01   -5.01989568E-01    5.73959503E+01
   1.17130858E-01   -4.31244707E-01    5.65183362E+01
   1.18386218E-01   -3.60862810E-01    5.56066919E+01
   1.19655032E-01   -2.90903235E-01    5.46625166E+01
   1.20937446E-01   -2.21426895E-01    5.36873895E+01
   1.22233603E-01   -1.52489712E-01    5.26827046E+01
   1.23543652E-01   -8.41471279E-02    5.16498568E+01
   1.24867742E-01   -1.64569607E-02    5.05903611E+01
   1.26206023E-01    5.05219986E-02    4.95057954E+01
   1.27558646E-01    1.16735644E-01    4.83975631E+01
   1.28925767E-01    1.82129917E-01    4.72670919E+01
   1.30307540E-01    2.46648754E-01    4.61159234E+01
   1.31704122E-01    3.10236490E-01    4.49456096E+01
   1.33115673E-01    3.72841418E-01    4.37575598E+01
   1.34542351E-01    4.34411028E-01    4.25532523E+01
   1.35984320E-01    4.94892391E-01    4.13342176E+01
   1.37441744E-01    5.54235773E-01    4.01018763E+01
   1.38914788E-01    6.12391247E-01    3.88576969E+01
   1.40403619E-01    6.69309291E-01    3.76031686E+01
   1.41908407E-01    7.24942921E-01    3.63397033E+01
   1.43429322E-01    7.79245028E-01    3.50687641E+01
   1.44966538E-01    8.32170721E-01    3.37917517E+01
   1.46520230E-01    8.83675872E-01    3.25100802E+01
   1.48090573E-01    9.33717382E-01    3.12251632E+01
   1.49677746E-01    9.82254416E-01    2.99383534E+01
   1.51281930E-01    1.02924654E+00    2.86510426E+01
   1.52903307E-01    1.07465573E+00    2.73645515E+01
   1.54542062E-01    1.11844490E+00    2.60802196E+01
   1.56198380E-01    1.16057878E+00    2.47993493E+01
   1.57872449E-01    1.20102386E+00    2.35232171E+01
   1.59564461E-01    1.23974797E+00    2.22530977E+01
   1.61274606E-01    1.27672119E+00    2.09902085E+01
   1.63003081E-01    1.31191481E+00    1.97357821E+01
   1.64750080E-01    1.34530251E+00    1.84909843E+01
   1.66515803E-01    1.37685938E+00    1.72569901E+01
   1.68300451E-01    1.40656276E+00    1.60349162E+01
   1.70104225E-01    1.43439173E+00    1.48258727E+01
   1.71927332E-01    1.46032747E+00    1.36309255E+01
   1.73769978E-01    1.48435311E+00    1.24511203E+01
   1.75632373E-01    1.50645389E+00    1.12874601E+01
   1.77514728E-01    1.52661714E+00    1.01409140E+01
   1.79417257E-01    1.54483220E+00    9.01243776E+00
   1.81340177E-01    1.56109064E+00    7.90293189E+00
   1.83283706E-01    1.57538615E+00    6.81326774E+00
   1.85248065E-01    1.58771462E+00    5.74428610E+00
   1.87233477E-01    1.59807405E+00    4.69678115E+00
   1.89240167E-01    1.60646475E+00    3.67152024E+00
   1.91268365E-01    1.61288915E+00    2.66922855E+00
   1.93318300E-01    1.61735192E+00    1.69059134E+00
   1.95390206E-01    1.61986002E+00    7.36261220E-01
   1.97484317E-01    1.62042257E+00   -1.93152419E-01
   1.99600872E-01    1.61905089E+00   -1.09708043E+00
   2.01740112E-01    1.61575860E+00   -1.97498928E+00
   2.03902279E-01    1.61056144E+00   -2.82638906E+00
   2.06087619E-01    1.60347744E+00   -3.65082644E+00
   2.08296381E-01    1.59452673E+00   -4.44789079E+00
   2.10528815E-01    1.58373165E+00   -5.21721011E+00
   2.12785176E-01    1.57111670E+00   -5.95845307E+00
   2.15065719E-01    1.55670847E+00   -6.67132842E+00
   2.17370704E-01    1.54053563E+00   -7.35558507E+00
   2.19700393E-01    1.52262895E+00   -8.01101132E+00
   2.22055051E-01    1.50302124E+00   -8.63743530E+00
   2.24434945E-01    1.48174728E+00   -9.23472460E+00
   2.26840346E-01    1.45884377E+00   -9.80278569E+00
   2.29271527E-01    1.43434938E+00   -1.03415636E+01
   2.31728764E-01    1.40830467E+00   -1.08510417E+01
   2.34212337E-01    1.38075189E+00   -1.13312409E+01
   2.36722528E-01    1.35173516E+00   -1.17822193E+01
   2.39259622E-01    1.32130035E+00   -1.22040717E+01
   2.41823907E-01    1.28949485E+00   -1.25969286E+01
   2.44415676E-01    1.25636774E+00   -1.29609558E+01
   2.47035222E-01    1.22196961E+00   -1.32963538E+01
   2.49682843E-01    1.18635253E+00   -1.36033568E+01
   2.52358840E-01    1.14957003E+00   -1.38822324E+01
   2.55063518E-01    1.11167666E+00   -1.41332780E+01
   2.57797183E-01    1.07272871E+00   -1.43568260E+01
   2.60560147E-01    1.03278329E+00   -1.45532358E+01
   2.63352722E-01    9.91898758E-01   -1.47228981E+01
   2.66175228E-01    9.50134613E-01   -1.48662324E+01
   2.69027984E-01    9.07550867E-01   -1.49836817E+01
   2.71911314E-01    8.64209052E-01   -1.50757215E+01
   2.74825547E-01    8.20170886E-01   -1.51428469E+01
   2.77771013E-01    7.75499139E-01   -1.51855807E+01
   2.80748048E-01    7.30257323E-01   -1.52044704E+01
   2.83756989E-01    6.84508693E-01   -1.52000768E+01
   2.86798179E-01    6.38318019E-01   -1.51729939E+01
   2.89871963E-01    5.91749561E-01   -1.51238253E+01
   2.92978691E-01    5.44868460E-01   -1.50532009E+01
   2.96118715E-01    4.97739399E-01   -1.49617605E+01
   2.99292393E-01    4.50428078E-01   -1.48501723E+01
   3.02500085E-01    4.02999138E-01   -1.47191058E+01
   3.05742155E-01    3.55516521E-01   -1.45692369E+01
   3.09018973E-01    3.08046758E-01   -1.44012914E+01
   3.12330911E-01    2.60653251E-01   -1.42159684E+01
   3.15678344E-01    2.13400413E-01   -1.40139975E+01
   3.19061654E-01    1.66352548E-01   -1.37961217E+01
   3.22481224E-01    1.19570391E-01   -1.35630497E+01
   3.25937445E-01    7.31171904E-02   -1.33155431E+01
   3.29430707E-01    2.70562032E-02   -1.30543799E+01
   3.32961409E-01   -1.85540240E-02   -1.27802853E+01
   3.36529951E-01   -6.36531801E-02   -1.24940290E+01
   3.40136740E-01   -1.08181270E-01   -1.21963935E+01
   3.43782185E-01   -1.52082900E-01   -1.18881069E+01
   3.47466700E-01   -1.95301187E-01   -1.15699406E+01
   3.51190704E-01   -2.37779178E-01   -1.12426860E+01
   3.54954620E-01   -2.79465349E-01   -1.09070637E+01
   3.58758877E-01   -3.20307688E-01   -1.05638242E+01
   3.62603906E-01   -3.60253783E-01   -1.02137455E+01
   3.66490145E-01   -3.99255269E-01   -9.85755682E+00
   3.70418034E-01   -4.37264854E-01   -9.49599105E+00
   3.74388021E-01   -4.74237098E-01   -9.12977003E+00
   3.78400557E-01   -5.10127858E-01   -8.75961559E+00
   3.82456097E-01   -5.44895265E-01   -8.38623193E+00
   3.86555104E-01   -5.78499424E-01   -8.01031030E+00
   3.90698041E-01   -6.10902214E-01   -7.63253430E+00
   3.94885381E-01   -6.42067697E-01   -7.25357048E+00
   3.99117599E-01   -6.71961977E-01   -6.87407280E+00
   4.03395176E-01   -7.00553328E-01   -6.49467866E+00
   4.07718598E-01   -7.27812143E-01   -6.11601158E+00
   4.12088357E-01   -7.53711160E-01   -5.73867420E+00
   4.16504950E-01   -7.78225265E-01   -5.36325493E+00
   4.20968877E-01   -8.01331565E-01   -4.99032529E+00
   4.25480647E-01   -8.23009610E-01   -4.62043454E+00
   4.30040773E-01   -8.43241193E-01   -4.25411470E+00
   4.34649772E-01   -8.62010485E-01   -3.89187702E+00
   4.39308168E-01   -8.79303971E-01   -3.53421376E+00
   4.44016491E-01   -8.95110525E-01   -3.18159581E+00
   4.48775276E-01   -9.09421383E-01   -2.83447308E+00
   4.53585063E-01   -9.22230135E-01   -2.49327493E+00
   4.58446400E-01   -9.33532744E-01   -2.15840870E+00
   4.63359839E-01   -9.43327525E-01   -1.83026030E+00
   4.68325937E-01   -9.51615134E-01   -1.50919365E+00
   4.73345261E-01   -9.58398556E-01   -1.19555078E+00
   4.78418379E-01   -9.63683078E-01   -8.89651636E-01
   4.83545869E-01   -9.67476273E-01   -5.91793860E-01
   4.88728314E-01   -9.69787966E-01   -3.02253173E-01
   4.93966301E-01   -9.70630204E-01   -2.12828761E-02
   4.99260428E-01   -9.70017219E-01    2.50885845E-01
   5.04611294E-01   -9.67965389E-01    5.14043876E-01
   5.10019509E-01   -9.64493190E-01    7.68004140E-01
   5.15485687E-01   -9.59621150E-01    1.01260142E+00
   5.21010449E-01   -9.53371799E-01    1.24769217E+00
   5.26594423E-01   -9.45769602E-01    1.47315442E+00
   5.32238244E-01   -9.36840925E-01    1.68888726E+00
   5.37942553E-01   -9.26613942E-01    1.89481090E+00
   5.43707999E-01   -9.15118586E-01    2.09086613E+00
   5.49535236E-01   -9.02386469E-01    2.27701403E+00
   5.55424927E-01   -8.88450823E-01    2.45323556E+00
   5.61377741E-01   -8.73346397E-01    2.61953111E+00
   5.67394355E-01   -8.57109428E-01    2.77592002E+00
   5.73475453E-01   -8.39777505E-01    2.92244011E+00
   5.79621725E-01   -8.21389521E-01    3.05914710E+00
   5.85833871E-01   -8.01985565E-01    3.18611405E+00
   5.92112596E-01   -7.81606859E-01    3.30343074E+00
   5.98458613E-01   -7.60295635E-01    3.41120298E+00
   6.04872645E-01   -7.38095102E-01    3.50955207E+00
   6.11355419E-01   -7.15049292E-01    3.59861396E+00
   6.17907673E-01   -6.91203008E-01    3.67853866E+00
   6.24530152E-01   -6.66601708E-01    3.74948939E+00
   6.31223607E-01   -6.41291439E-01    3.81164194E+00
   6.37988801E-01   -6.15318705E-01    3.86518375E+00
   6.44826500E-01   -5.88730439E-01    3.91031342E+00
   6.51737484E-01   -5.61573840E-01    3.94723958E+00
   6.58722536E-01   -5.33896329E-01    3.97618036E+00
   6.65782451E-01   -5.05745432E-01    3.99736245E+00
   6.72918032E-01   -4.77168712E-01    4.01102039E+00
   6.80130089E-01   -4.48213680E-01    4.01739582E+00
   6.87419441E-01   -4.18927665E-01    4.01673643E+00
   6.94786918E-01   -3.89357829E-01    4.00929577E+00
   7.02233357E-01   -3.59550976E-01    3.99533187E+00
   7.09759603E-01   -3.29553521E-01    3.97510674E+00
   7.17366512E-01   -2.99411434E-01    3.94888581E+00
   7.25054950E-01   -2.69170149E-01    3.91693713E+00
   7.32825788E-01   -2.38874425E-01    3.87953026E+00
   7.40679911E-01   -2.08568358E-01    3.83693603E+00
   7.48618212E-01   -1.78295343E-01    3.78942627E+00
   7.56641592E-01   -1.48097949E-01    3.73727266E+00
   7.64750963E-01   -1.18017742E-01    3.68074529E+00
   7.72947247E-01   -8.80955015E-02    3.62011414E+00
   7.81231376E-01   -5.83709552E-02    3.55564695E+00
   7.89604290E-01   -2.88828783E-02    3.48760995E+00
   7.98066942E-01    3.31435142E-04    3.41626338E+00
   8.06620293E-01    2.92352525E-02    3.34186896E+00
   8.15265315E-01    5.77935245E-02    3.26468051E+00
   8.24002991E-01    8.59719724E-02    3.18495161E+00
   8.32834314E-01    1.13738158E-01    3.10292632E+00
   8.41760287E-01    1.41060322E-01    3.01884913E+00
   8.50781925E-01    1.67908416E-01    2.93295596E+00
   8.59900253E-01    1.94253663E-01    2.84547787E+00
   8.69116308E-01    2.20068606E-01    2.75664061E+00
   8.78431137E-01    2.45327238E-01    2.66666337E+00
   8.87845798E-01    2.70004939E-01    2.57575923E+00
   8.97361361E-01    2.94078526E-01    2.48413467E+00
   9.06978909E-01    3.17526256E-01    2.39198946E+00
   9.16699533E-01    3.40327829E-01    2.29951648E+00
   9.26524339E-01    3.62464406E-01    2.20690152E+00
   9.36454443E-01    3.83918593E-01    2.11432328E+00
   9.46490974E-01    4.04674458E-01    2.02195313E+00
   9.56635072E-01    4.24717520E-01    1.92995506E+00
   9.66887891E-01    4.44034740E-01    1.83848569E+00
   9.77250595E-01    4.62614516E-01    1.74769413E+00
   9.87724362E-01    4.80446671E-01    1.65772195E+00
   9.98310382E-01    4.97522437E-01    1.56870325E+00
   1.00900986E+00    5.13834440E-01    1.48076460E+00
   1.01982401E+00    5.29376678E-01    1.39402508E+00
   1.03075406E+00    5.44144501E-01    1.30859633E+00
   1.04180126E+00    5.58134589E-01    1.22458257E+00
   1.05296685E+00    5.71344922E-01    1.14208072E+00
   1.06425211E+00    5.83774755E-01    1.06118046E+00
   1.07565833E+00    5.95424587E-01    9.81964343E-01
   1.08718679E+00    6.06296129E-01    9.04507879E-01
   1.09883880E+00    6.16392272E-01    8.28879718E-01
   1.11061570E+00    6.25717047E-01    7.55141737E-01
   1.12251882E+00    6.34275597E-01    6.83349237E-01
   1.13454951E+00    6.42074135E-01    6.13551106E-01
   1.14670915E+00    6.49119898E-01    5.45789927E-01
   1.15899910E+00    6.55421125E-01    4.80102273E-01
   1.17142077E+00    6.60986997E-01    4.16518818E-01
   1.18397557E+00    6.65827611E-01    3.55064565E-01
   1.19666493E+00    6.69953931E-01    2.95759050E-01
   1.20949029E+00    6.73377740E-01    2.38616538E-01
   1.22245311E+00    6.76111615E-01    1.83646273E-01
   1.23555486E+00    6.78168866E-01    1.30852659E-01
   1.24879702E+00    6.79563502E-01    8.02354951E-02
   1.26218111E+00    6.80310189E-01    3.17901905E-02
   1.27570864E+00    6.80424201E-01   -1.44920148E-02
   1.28938116E+00    6.79921385E-01   -5.86238353E-02
   1.30320021E+00    6.78818111E-01   -1.00621724E-01
   1.31716737E+00    6.77131236E-01   -1.40505661E-01
   1.33128423E+00    6.74878059E-01   -1.78298942E-01
   1.34555238E+00    6.72076279E-01   -2.14027981E-01
   1.35997346E+00    6.68743954E-01   -2.47722095E-01
   1.37454909E+00    6.64899466E-01   -2.79413327E-01
   1.38928094E+00    6.60561471E-01   -3.09136233E-01
   1.40417067E+00    6.55748869E-01   -3.36927713E-01
   1.41921999E+00    6.50480761E-01   -3.62826820E-01
   1.43443060E+00    6.44776417E-01   -3.86874595E-01
   1.44980424E+00    6.38655205E-01   -4.09113819E-01
   1.46534264E+00    6.32136611E-01   -4.29588977E-01
   1.48104757E+00    6.25240174E-01   -4.48346016E-01
   1.49692083E+00    6.17985438E-01   -4.65432174E-01
   1.51296421E+00    6.10391933E-01   -4.80895841E-01
   1.52917953E+00    6.02479140E-01   -4.94786421E-01
   1.54556864E+00    5.94266455E-01   -5.07154169E-01
   1.56213341E+00    5.85773165E-01   -5.18050069E-01
   1.57887571E+00    5.77018408E-01   -5.27525671E-01
   1.59579744E+00    5.68021151E-01   -5.35632986E-01
   1.61290054E+00    5.58800148E-01   -5.42424301E-01
   1.63018694E+00    5.49373940E-01   -5.47952156E-01
   1.64765861E+00    5.39760797E-01   -5.52269116E-01
   1.66531753E+00    5.29978716E-01   -5.55427723E-01
   1.68316571E+00    5.20045383E-01   -5.57480352E-01
   1.70120519E+00    5.09978161E-01   -5.58479129E-01
   1.71943800E+00    4.99794062E-01   -5.58475811E-01
   1.73786622E+00    4.89509731E-01   -5.57521699E-01
   1.75649195E+00    4.79141423E-01   -5.55667540E-01
   1.77531731E+00    4.68704988E-01   -5.52963444E-01
   1.79434442E+00    4.58215860E-01   -5.49458809E-01
   1.81357546E+00    4.47689032E-01   -5.45202229E-01
   1.83301261E+00    4.37139048E-01   -5.40241425E-01
   1.85265808E+00    4.26579997E-01   -5.34623208E-01
   1.87251411E+00    4.16025492E-01   -5.28393369E-01
   1.89258294E+00    4.05488666E-01   -5.21596668E-01
   1.91286686E+00    3.94982163E-01   -5.14276751E-01
   1.93336817E+00    3.84518132E-01   -5.06476125E-01
   1.95408921E+00    3.74108218E-01   -4.98236095E-01
   1.97503233E+00    3.63763566E-01   -4.89596761E-01
   1.99619991E+00    3.53494807E-01   -4.80596946E-01
   2.01759435E+00    3.43312067E-01   -4.71274145E-01
   2.03921809E+00    3.33224949E-01   -4.61664807E-01
   2.06107359E+00    3.23242635E-01   -4.51799992E-01
   2.08316332E+00    3.13373636E-01   -4.41721120E-01
   2.10548980E+00    3.03626037E-01   -4.31455907E-01
   2.12805557E+00    2.94007420E-01   -4.21035706E-01
   2.15086319E+00    2.84524861E-01   -4.10490021E-01
   2.17391525E+00    2.75184949E-01   -3.99847045E-01
   2.19721437E+00    2.65993780E-01   -3.89133621E-01
   2.22076321E+00    2.56956972E-01   -3.78375260E-01
   2.24456443E+00    2.48079667E-01   -3.67596143E-01
   2.26862074E+00    2.39366544E-01   -3.56819146E-01
   2.29293487E+00    2.30821824E-01   -3.46065850E-01
   2.31750960E+00    2.22449283E-01   -3.35356554E-01
   2.34234771E+00    2.14252261E-01   -3.24710313E-01
   2.36745202E+00    2.06233673E-01   -3.14144947E-01
   2.39282539E+00    1.98396019E-01   -3.03677074E-01
   2.41847070E+00    1.90741396E-01   -2.93322129E-01
   2.44439087E+00    1.83271515E-01   -2.83094400E-01
   2.47058884E+00    1.75987705E-01   -2.73007063E-01
   2.49706759E+00    1.68890934E-01   -2.63072198E-01
   2.52383012E+00    1.61981817E-01   -2.53300830E-01
   2.55087949E+00    1.55260630E-01   -2.43702962E-01
   2.57821876E+00    1.48727328E-01   -2.34287609E-01
   2.60585104E+00    1.42381552E-01   -2.25062827E-01
   2.63377947E+00    1.36222647E-01   -2.16035758E-01
   2.66200723E+00    1.30249678E-01   -2.07212651E-01
   2.69053752E+00    1.24461439E-01   -1.98598912E-01
   2.71937359E+00    1.18856470E-01   -1.90199131E-01
   2.74851871E+00    1.13433072E-01   -1.82017119E-01
   2.77797619E+00    1.08189316E-01   -1.74055947E-01
   2.80774939E+00    1.03123067E-01   -1.66317975E-01
   2.83784169E+00    9.82319868E-02   -1.58804897E-01
   2.86825650E+00    9.35135549E-02   -1.51517767E-01
   2.89899728E+00    8.89650787E-02   -1.44457039E-01
   2.93006754E+00    8.45837099E-02   -1.37622601E-01
   2.96147079E+00    8.03664550E-02   -1.31013808E-01
   2.99321060E+00    7.63101911E-02   -1.24629516E-01
   3.02529059E+00    7.24116751E-02   -1.18468114E-01
   3.05771441E+00    6.86675596E-02   -1.12527560E-01
   3.09048572E+00    6.50744039E-02   -1.06805410E-01
   3.12360827E+00    6.16286855E-02   -1.01298848E-01
   3.15708581E+00    5.83268118E-02   -9.60047208E-02
   3.19092215E+00    5.51651322E-02   -9.09195632E-02
   3.22512113E+00    5.21399474E-02   -8.60396302E-02
   3.25968664E+00    4.92475219E-02   -8.13609240E-02
   3.29462261E+00    4.64840917E-02   -7.68792209E-02
   3.32993301E+00    4.38458754E-02   -7.25900979E-02
   3.36562186E+00    4.13290834E-02   -6.84889585E-02
   3.40169320E+00    3.89299259E-02   -6.45710567E-02
   3.43815114E+00    3.66446217E-02   -6.08315206E-02
   3.47499982E+00    3.44694053E-02   -5.72653739E-02
   3.51224342E+00    3.24005369E-02   -5.38675606E-02
   3.54988619E+00    3.04343042E-02   -5.06329589E-02
   3.58793240E+00    2.85670345E-02   -4.75564072E-02
   3.62638638E+00    2.67950970E-02   -4.46327175E-02
   3.66525248E+00    2.51149088E-02   -4.18566931E-02
   3.70453514E+00    2.35229433E-02   -3.92231483E-02
   3.74423882E+00    2.20157289E-02   -3.67269156E-02
   3.78436802E+00    2.05898583E-02   -3.43628658E-02
   3.82492731E+00    1.92419914E-02   -3.21259192E-02
   3.86592129E+00    1.79688558E-02   -3.00110530E-02
   3.90735464E+00    1.67672531E-02   -2.80133167E-02
   3.94923204E+00    1.56340613E-02   -2.61278402E-02
   3.99155828E+00    1.45662336E-02   -2.43498385E-02
   4.03433815E+00    1.35608052E-02   -2.26746251E-02
   4.07757651E+00    1.26148917E-02   -2.10976143E-02
   4.12127829E+00    1.17256905E-02   -1.96143274E-02
   4.16544844E+00    1.08904833E-02   -1.82203993E-02
   4.21009199E+00    1.01066357E-02   -1.69115814E-02
   4.25521402E+00    9.37159854E-03   -1.56837463E-02
   4.30081964E+00    8.68290588E-03   -1.45328871E-02
   4.34691404E+00    8.03817820E-03   -1.34551246E-02
   4.39350246E+00    7.43511940E-03   -1.24467047E-02
   4.44059020E+00    6.87151748E-03   -1.15040009E-02
   4.48818261E+00    6.34524381E-03   -1.06235152E-02
   4.53628509E+00    5.85425200E-03   -9.80187703E-03
   4.58490312E+00    5.39657774E-03   -9.03584464E-03
   4.63404221E+00    4.97033533E-03   -8.32230042E-03
   4.68370796E+00    4.57372056E-03   -7.65825654E-03
   4.73390600E+00    4.20500447E-03   -7.04084564E-03
   4.78464204E+00    3.86253451E-03   -6.46732335E-03
   4.83592185E+00    3.54473371E-03   -5.93506766E-03
   4.88775126E+00    3.25009635E-03   -5.44157233E-03
   4.94013615E+00    2.97718835E-03   -4.98444805E-03
   4.99308249E+00    2.72464440E-03   -4.56141803E-03
   5.04659628E+00    2.49116669E-03   -4.17031638E-03
   5.10068361E+00    2.27552158E-03   -3.80908286E-03
   5.15535062E+00    2.07654055E-03   -3.47576475E-03
   5.21060353E+00    1.89311384E-03   -3.16850649E-03
   5.26644862E+00    1.72419221E-03   -2.88555282E-03
   5.32289224E+00    1.56878345E-03   -2.62524322E-03
   5.37994079E+00    1.42594968E-03   -2.38600745E-03
   5.43760077E+00    1.29480688E-03   -2.16636495E-03
   5.49587872E+00    1.17452108E-03   -1.96491859E-03
   5.55478128E+00    1.06430750E-03   -1.78035336E-03
   5.61431512E+00    9.63428017E-04   -1.61143210E-03
   5.67448702E+00    8.71189649E-04   -1.45699317E-03
   5.73530383E+00    7.86941820E-04   -1.31594582E-03
   5.79677244E+00    7.10075149E-04   -1.18726828E-03
   5.85889984E+00    6.40019163E-04   -1.07000391E-03
   5.92169311E+00    5.76239451E-04   -9.63256512E-04
   5.98515936E+00    5.18240630E-04   -8.66195288E-04
   6.04930582E+00    4.65555428E-04   -7.78036579E-04
   6.11413977E+00    4.17751812E-04   -6.98055823E-04
   6.17966859E+00    3.74427191E-04   -6.25577851E-04
   6.24589972E+00    3.35207113E-04   -5.59974704E-04
   6.31284069E+00    2.99744131E-04   -5.00663740E-04
   6.38049910E+00    2.67716076E-04   -4.47104742E-04
   6.44888264E+00    2.38824606E-04   -3.98797480E-04
   6.51799910E+00    2.12794085E-04   -3.55279841E-04
   6.58785631E+00    1.89369486E-04   -3.16124304E-04
   6.65846223E+00    1.68315919E-04   -2.80937142E-04
   6.72982487E+00    1.49416805E-04   -2.49355368E-04
   6.80195234E+00    1.32472943E-04   -2.21045161E-04
   6.87485285E+00    1.17301255E-04   -1.95699755E-04
   6.94853468E+00    1.03733760E-04   -1.73037726E-04
   7.02300619E+00    9.16165457E-05   -1.52801249E-04
   7.09827586E+00    8.08086800E-05   -1.34754282E-04
   7.17435225E+00    7.11814012E-05   -1.18681197E-04
   7.25124398E+00    6.26171789E-05   -1.04385206E-04
   7.32895981E+00    5.50089043E-05   -9.16869990E-05
   7.40750857E+00    4.82590607E-05   -8.04233510E-05
   7.48689918E+00    4.22789941E-05   -7.04458958E-05
   7.56714066E+00    3.69883215E-05   -6.16201320E-05
   7.64824214E+00    3.23141152E-05   -5.38240535E-05
   7.73021283E+00    2.81903856E-05   -4.69472806E-05
   7.81306205E+00    2.45575437E-05   -4.08901578E-05
   7.89679921E+00    2.13617651E-05   -3.55626860E-05
   7.98143384E+00    1.85545846E-05   -3.08838413E-05
   8.06697554E+00    1.60923926E-05   -2.67807308E-05
   8.15343404E+00    1.39360184E-05   -2.31878937E-05
   8.24081917E+00    1.20503275E-05   -2.00466242E-05
   8.32914086E+00    1.04038459E-05   -1.73043432E-05
   8.41840914E+00    8.96845251E-06   -1.49140813E-05
   8.50863416E+00    7.71902180E-06   -1.28338808E-05
   8.59982618E+00    6.63317574E-06   -1.10263787E-05
   8.69199555E+00    5.69099313E-06   -9.45832058E-06
   8.78515276E+00    4.87477862E-06   -8.10017339E-06
   8.87930839E+00    4.16883564E-06   -6.92574499E-06
   8.97447314E+00    3.55926720E-06   -5.91185069E-06
   9.07065783E+00    3.03378468E-06   -5.03799316E-06
   9.16787338E+00    2.58154619E-06   -4.28609181E-06
   9.26613085E+00    2.19299953E-06   -3.64022000E-06
   9.36544140E+00    1.85974724E-06   -3.08637935E-06
   9.46581632E+00    1.57440678E-06   -2.61226578E-06
   9.56726702E+00    1.33052084E-06   -2.20711953E-06
   9.66980503E+00    1.12242878E-06   -1.86151031E-06
   9.77344199E+00    9.45196213E-07   -1.56721947E-06
   9.87818970E+00    7.94513394E-07   -1.31707030E-06
   9.98406004E+00    6.66639626E-07   -1.10483506E-06
   1.00910651E+01    5.58317860E-07   -9.25092413E-07
   1.01992169E+01    4.66730075E-07   -7.73152836E-07
   1.03085279E+01    3.89434122E-07   -6.44953228E-07
   1.04190104E+01    3.24324366E-07   -5.36991169E-07
   1.05306771E+01    2.69583698E-07   -4.46244869E-07
   1.06435405E+01    2.23649017E-07   -3.70115562E-07
   1.07576136E+01    1.85179060E-07   -3.06373840E-07
   1.08729092E+01    1.53023930E-07   -2.53108848E-07
   1.09894406E+01    1.26200359E-07   -2.08687036E-07
   1.11072208E+01    1.03869215E-07   -1.71714662E-07
   1.12262634E+01    8.53157908E-08   -1.41004950E-07
   1.13465819E+01    6.99326101E-08   -1.15549447E-07
   1.14681898E+01    5.72041555E-08   -9.44925786E-08
   1.15911011E+01    4.66943318E-08   -7.71107799E-08
   1.17153298E+01    3.80347482E-08   -6.27929851E-08
   1.18408898E+01    3.09148764E-08   -5.10242488E-08
   1.19677956E+01    2.50735319E-08   -4.13715732E-08
   1.20960614E+01    2.02915295E-08   -3.34716903E-08
   1.22257020E+01    1.63853443E-08   -2.70205209E-08
   1.23567320E+01    1.32016360E-08   -2.17640726E-08
   1.24891664E+01    1.06126167E-08   -1.74907393E-08
   1.26230201E+01    8.51194366E-09   -1.40244793E-08
   1.27583084E+01    6.81140617E-09   -1.12193108E-08
   1.28950466E+01    5.43796715E-09   -8.95439994E-09
   1.30332504E+01    4.33129550E-09   -7.12996462E-09
   1.31729354E+01    3.44167708E-09   -5.66380792E-09
   1.33141174E+01    2.72824240E-09   -4.48837782E-09
   1.34568126E+01    2.15747450E-09   -3.54829270E-09
   1.36010372E+01    1.70195265E-09   -2.79825863E-09
   1.37468075E+01    1.33929860E-09   -2.20132283E-09
   1.38941401E+01    1.05129439E-09   -1.72741223E-09
   1.40430517E+01    8.23146286E-10   -1.35211429E-09
   1.41935593E+01    6.42871596E-10   -1.05566180E-09
   1.43456800E+01    5.00788409E-10   -8.22088404E-10
   1.44994311E+01    3.89097771E-10   -6.38537245E-10
   1.46548300E+01    3.01522157E-10   -4.94663105E-10
   1.48118944E+01    2.33041594E-10   -3.82196037E-10
   1.49706421E+01    1.79631800E-10   -2.94508661E-10
   1.51310912E+01    1.38087980E-10   -2.26325004E-10
   1.52932600E+01    1.05862429E-10   -1.73452308E-10
   1.54571668E+01    8.09331993E-11   -1.32564214E-10
   1.56228304E+01    6.17021558E-11   -1.01032508E-10
   1.57902694E+01    4.69077765E-11   -7.67832890E-11
   1.59595029E+01    3.55597870E-11   -5.81891543E-11
   1.61305503E+01    2.68794437E-11   -4.39707786E-11
   1.63034308E+01    2.02590295E-11   -3.31301586E-11
   1.64781643E+01    1.52244360E-11   -2.48889827E-11
   1.66547704E+01    1.14069005E-11   -1.86420948E-11
   1.68332693E+01    8.52125193E-12   -1.39216844E-11
   1.70136813E+01    6.34625012E-12   -1.03649458E-11
   1.71960269E+01    4.71194532E-12   -7.69328438E-12
   1.73803268E+01    3.48768492E-12   -5.69260082E-12
   1.75666020E+01    2.57337452E-12   -4.19893032E-12
   1.77548735E+01    1.89279509E-12   -3.08746352E-12
   1.79451629E+01    1.38779582E-12   -2.26301158E-12
   1.81374917E+01    1.01421049E-12   -1.65330360E-12
   1.83318819E+01    7.38855883E-13   -1.20406015E-12
   1.85283554E+01    5.36415488E-13   -8.73884296E-13
   1.87269346E+01    3.88167966E-13   -6.32174690E-13
   1.89276422E+01    2.79954046E-13   -4.55794997E-13
   1.91305008E+01    2.01216192E-13   -3.27500230E-13
   1.93355336E+01    1.44127842E-13   -2.34510936E-13
   1.95427638E+01    1.02880992E-13   -1.67346858E-13
   1.97522151E+01    7.31617473E-14   -1.18969017E-13
   1.99639111E+01    5.18720670E-14   -8.43242466E-14
   2.01778760E+01    3.66361707E-14   -5.95385473E-14
   2.03941342E+01    2.57613996E-14   -4.18529869E-14
   2.06127100E+01    1.80696997E-14   -2.93480513E-14
   2.08336285E+01    1.26247459E-14   -2.04985473E-14
   2.10569147E+01    8.78654437E-15   -1.42623410E-14
   2.12825940E+01    6.08721068E-15   -9.87786573E-15
   2.15106921E+01    4.20395570E-15   -6.81987853E-15
   2.17412347E+01    2.89414824E-15   -4.69370365E-15
   2.19742483E+01    1.97953545E-15   -3.20945322E-15
   2.22097592E+01    1.35422450E-15   -2.19501667E-15
   2.24477942E+01    9.18395848E-16   -1.48816857E-15
   2.26883803E+01    6.19347679E-16   -1.00329582E-15
   2.29315450E+01    4.19885595E-16   -6.80003700E-16
   2.31773158E+01    2.82652544E-16   -4.57634904E-16
   2.34257207E+01    1.88061217E-16   -3.04397449E-16
   2.36767879E+01    1.25412164E-16   -2.02937777E-16
   2.39305459E+01    8.34597397E-17   -1.35016718E-16
   2.41870235E+01    5.44749236E-17   -8.81004823E-17
   2.44462500E+01    3.54516583E-17   -5.73177246E-17
   2.47082548E+01    2.34900267E-17   -3.79696823E-17
   2.49730677E+01    1.55720088E-17   -2.51662680E-17
   2.52407187E+01    9.99728014E-18   -1.61530210E-17
   2.55112382E+01    6.29584044E-18   -1.01695116E-17
   2.57846571E+01    4.00980267E-18   -6.47503426E-18
   2.60610064E+01    2.64918526E-18   -4.27696618E-18
   2.63403175E+01    1.73806532E-18   -2.80543405E-18
   2.66226221E+01    1.09764315E-18    0.00000000E+00
   2.69079523E+01    6.76206995E-19    0.00000000E+00
   2.71963406E+01    4.18808503E-19    0.00000000E+00
   2.74878197E+01    2.66655497E-19    0.00000000E+00
   2.77824228E+01    1.64855734E-19    0.00000000E+00
   2.80801833E+01    9.55365799E-20    0.00000000E+00
   2.83811351E+01    5.26512486E-20    0.00000000E+00
   2.86853123E+01    2.97240252E-20    0.00000000E+00
   2.89927496E+01    1.98254413E-20    0.00000000E+00
   2.93034819E+01    0.00000000E+00    0.00000000E+00
   2.96175445E+01    0.00000000E+00    0.00000000E+00
   2.99349730E+01    0.00000000E+00    0.00000000E+00
   3.02558037E+01    0.00000000E+00    0.00000000E+00
   3.05800729E+01    0.00000000E+00    0.00000000E+00
   3.09078174E+01    0.00000000E+00    0.00000000E+00
   3.12390746E+01    0.00000000E+00    0.00000000E+00
   3.15738821E+01    0.00000000E+00    0.00000000E+00
   3.19122779E+01    0.00000000E+00    0.00000000E+00
   3.22543004E+01    0.00000000E+00    0.00000000E+00
   3.25999887E+01    0.00000000E+00    0.00000000E+00
   3.29493818E+01    0.00000000E+00    0.00000000E+00
   3.33025197E+01    0.00000000E+00    0.00000000E+00
   3.36594423E+01    0.00000000E+00    0.00000000E+00
   3.40201902E+01    0.00000000E+00    0.00000000E+00
   3.43848045E+01    0.00000000E+00    0.00000000E+00
   3.47533266E+01    0.00000000E+00    0.00000000E+00
   3.51257984E+01    0.00000000E+00    0.00000000E+00
   3.55022622E+01    0.00000000E+00    0.00000000E+00
   3.58827607E+01    0.00000000E+00    0.00000000E+00
   3.62673373E+01    0.00000000E+00    0.00000000E+00
   3.66560356E+01    0.00000000E+00    0.00000000E+00
   3.70488998E+01    0.00000000E+00    0.00000000E+00
   3.74459745E+01    0.00000000E+00    0.00000000E+00
   3.78473050E+01    0.00000000E+00    0.00000000E+00
   3.82529367E+01    0.00000000E+00    0.00000000E+00
   3.86629159E+01    0.00000000E+00    0.00000000E+00
   3.90772890E+01    0.00000000E+00    0.00000000E+00
   3.94961032E+01    0.00000000E+00    0.00000000E+00
   3.99194060E+01    0.00000000E+00    0.00000000E+00
   4.03472457E+01    0.00000000E+00    0.00000000E+00
   4.07796708E+01    0.00000000E+00    0.00000000E+00
   4.12167304E+01    0.00000000E+00    0.00000000E+00
   4.16584742E+01    0.00000000E+00    0.00000000E+00
   4.21049525E+01    0.00000000E+00    0.00000000E+00
   4.25562160E+01    0.00000000E+00    0.00000000E+00
   4.30123159E+01    0.00000000E+00    0.00000000E+00
   4.34733040E+01    0.00000000E+00    0.00000000E+00
   4.39392329E+01    0.00000000E+00    0.00000000E+00
   4.44101554E+01    0.00000000E+00    0.00000000E+00
   4.48861251E+01    0.00000000E+00    0.00000000E+00
   4.53671960E+01    0.00000000E+00    0.00000000E+00
   4.58534228E+01    0.00000000E+00    0.00000000E+00
   4.63448608E+01    0.00000000E+00    0.00000000E+00
   4.68415658E+01    0.00000000E+00    0.00000000E+00
   4.73435943E+01    0.00000000E+00    0.00000000E+00
   4.78510033E+01    0.00000000E+00    0.00000000E+00
   4.83638506E+01    0.00000000E+00    0.00000000E+00
   4.88821943E+01    0.00000000E+00    0.00000000E+00
   4.94060934E+01    0.00000000E+00    0.00000000E+00
   4.99356074E+01    0.00000000E+00    0.00000000E+00
   5.04707966E+01    0.00000000E+00    0.00000000E+00
   5.10117217E+01    0.00000000E+00    0.00000000E+00
   5.15584442E+01    0.00000000E+00    0.00000000E+00
   5.21110263E+01    0.00000000E+00    0.00000000E+00
   5.26695306E+01    0.00000000E+00    0.00000000E+00
   5.32340209E+01    0.00000000E+00    0.00000000E+00
   5.38045610E+01    0.00000000E+00    0.00000000E+00
   5.43812161E+01    0.00000000E+00    0.00000000E+00
   5.49640514E+01    0.00000000E+00    0.00000000E+00
   5.55531333E+01    0.00000000E+00    0.00000000E+00
   5.61485288E+01    0.00000000E+00    0.00000000E+00
   5.67503055E+01    0.00000000E+00    0.00000000E+00
   5.73585318E+01    0.00000000E+00    0.00000000E+00
   5.79732767E+01    0.00000000E+00    0.00000000E+00
   5.85946103E+01    0.00000000E+00    0.00000000E+00
   5.92226031E+01    0.00000000E+00    0.00000000E+00
   5.98573264E+01    0.00000000E+00    0.00000000E+00
   6.04988524E+01    0.00000000E+00    0.00000000E+00
   6.11472541E+01    0.00000000E+00    0.00000000E+00
   6.18026050E+01    0.00000000E+00    0.00000000E+00
   6.24649798E+01    0.00000000E+00    0.00000000E+00
   6.31344535E+01    0.00000000E+00    0.00000000E+00
   6.38111025E+01    0.00000000E+00    0.00000000E+00
   6.44950034E+01    0.00000000E+00    0.00000000E+00
   6.51862342E+01    0.00000000E+00    0.00000000E+00
   6.58848732E+01    0.00000000E+00    0.00000000E+00
   6.65910000E+01    0.00000000E+00    0.00000000E+00
   6.73046948E+01    0.00000000E+00    0.00000000E+00
   6.80260386E+01    0.00000000E+00    0.00000000E+00
   6.87551135E+01    0.00000000E+00    0.00000000E+00
   6.94920023E+01    0.00000000E+00    0.00000000E+00
   7.02367888E+01    0.00000000E+00    0.00000000E+00
   7.09895577E+01    0.00000000E+00    0.00000000E+00
   7.17503943E+01    0.00000000E+00    0.00000000E+00
   7.25193853E+01    0.00000000E+00    0.00000000E+00
   7.32966181E+01    0.00000000E+00    0.00000000E+00
   7.40821809E+01    0.00000000E+00    0.00000000E+00
   7.48761630E+01    0.00000000E+00    0.00000000E+00
   7.56786547E+01    0.00000000E+00    0.00000000E+00
   7.64897472E+01    0.00000000E+00    0.00000000E+00
   7.73095326E+01    0.00000000E+00    0.00000000E+00
   7.81381042E+01    0.00000000E+00    0.00000000E+00
   7.89755560E+01    0.00000000E+00    0.00000000E+00
   7.98219833E+01    0.00000000E+00    0.00000000E+00
   8.06774823E+01    0.00000000E+00    0.00000000E+00
   8.15421501E+01    0.00000000E+00    0.00000000E+00
   8.24160851E+01    0.00000000E+00    0.00000000E+00
   8.32993865E+01    0.00000000E+00    0.00000000E+00
   8.41921549E+01    0.00000000E+00    0.00000000E+00
   8.50944915E+01    0.00000000E+00    0.00000000E+00
   8.60064990E+01    0.00000000E+00    0.00000000E+00
   8.69282811E+01    0.00000000E+00    0.00000000E+00
   8.78599424E+01    0.00000000E+00    0.00000000E+00
   8.88015889E+01    0.00000000E+00    0.00000000E+00
   8.97533275E+01    0.00000000E+00    0.00000000E+00
   9.07152665E+01    0.00000000E+00    0.00000000E+00
   9.16875152E+01    0.00000000E+00    0.00000000E+00
   9.26701840E+01    0.00000000E+00    0.00000000E+00
   9.36633846E+01    0.00000000E+00    0.00000000E+00
   9.46672300E+01    0.00000000E+00    0.00000000E+00
   9.56818341E+01    0.00000000E+00    0.00000000E+00
   9.67073124E+01    0.00000000E+00    0.00000000E+00
   9.77437813E+01    0.00000000E+00    0.00000000E+00
   9.87913587E+01    0.00000000E+00    0.00000000E+00
   9.98501636E+01    0.00000000E+00    0.00000000E+00
   1.00920316E+02    0.00000000E+00    0.00000000E+00
   1.02001938E+02    0.00000000E+00    0.00000000E+00
   1.03095153E+02    0.00000000E+00    0.00000000E+00
   1.04200084E+02    0.00000000E+00    0.00000000E+00
   1.05316857E+02    0.00000000E+00    0.00000000E+00
   1.06445600E+02    0.00000000E+00    0.00000000E+00
   1.07586440E+02    0.00000000E+00    0.00000000E+00
   1.08739507E+02    0.00000000E+00    0.00000000E+00
   1.09904932E+02    0.00000000E+00    0.00000000E+00
   1.11082847E+02    0.00000000E+00    0.00000000E+00
   1.12273387E+02    0.00000000E+00    0.00000000E+00
   1.13476687E+02    0.00000000E+00    0.00000000E+00
   1.14692883E+02    0.00000000E+00    0.00000000E+00
   1.15922114E+02    0.00000000E+00    0.00000000E+00
   1.17164519E+02    0.00000000E+00    0.00000000E+00
   1.18420240E+02    0.00000000E+00    0.00000000E+00
   1.19689419E+02    0.00000000E+00    0.00000000E+00
   1.20972200E+02    0.00000000E+00    0.00000000E+00
   1.22268730E+02    0.00000000E+00    0.00000000E+00
   1.23579156E+02    0.00000000E+00    0.00000000E+00
   1.24903626E+02    0.00000000E+00    0.00000000E+00
   1.26242292E+02    0.00000000E+00    0.00000000E+00
   1.27595304E+02    0.00000000E+00    0.00000000E+00
   1.28962818E+02    0.00000000E+00    0.00000000E+00
   1.30344988E+02    0.00000000E+00    0.00000000E+00
   1.31741971E+02    0.00000000E+00    0.00000000E+00
   1.33153927E+02    0.00000000E+00    0.00000000E+00
   1.34581016E+02    0.00000000E+00    0.00000000E+00
   1.36023400E+02    0.00000000E+00    0.00000000E+00
   1.37481242E+02    0.00000000E+00    0.00000000E+00
   1.38954709E+02    0.00000000E+00    0.00000000E+00
   1.40443968E+02    0.00000000E+00    0.00000000E+00
   1.41949188E+02    0.00000000E+00    0.00000000E+00
   1.43470541E+02    0.00000000E+00    0.00000000E+00
   1.45008199E+02    0.00000000E+00    0.00000000E+00
   1.46562337E+02    0.00000000E+00    0.00000000E+00
   1.48133131E+02    0.00000000E+00    0.00000000E+00
   1.49720760E+02    0.00000000E+00    0.00000000E+00
   1.51325406E+02    0.00000000E+00    0.00000000E+00
   1.52947249E+02    0.00000000E+00    0.00000000E+00
   1.54586474E+02    0.00000000E+00    0.00000000E+00
   1.56243268E+02    0.00000000E+00    0.00000000E+00
   1.57917818E+02    0.00000000E+00    0.00000000E+00
   1.59610316E+02    0.00000000E+00    0.00000000E+00
   1.61320953E+02    0.00000000E+00    0.00000000E+00
   1.63049925E+02    0.00000000E+00    0.00000000E+00
   1.64797426E+02    0.00000000E+00    0.00000000E+00
   1.66563657E+02    0.00000000E+00    0.00000000E+00
   1.68348817E+02    0.00000000E+00    0.00000000E+00
   1.70153110E+02    0.00000000E+00    0.00000000E+00
   1.71976740E+02    0.00000000E+00    0.00000000E+00
   1.73819916E+02    0.00000000E+00    0.00000000E+00
   1.75682846E+02    0.00000000E+00    0.00000000E+00
   1.77565742E+02    0.00000000E+00    0.00000000E+00
   1.79468818E+02    0.00000000E+00    0.00000000E+00
   1.81392290E+02    0.00000000E+00    0.00000000E+00
   1.83336378E+02    0.00000000E+00    0.00000000E+00
   1.85301301E+02    0.00000000E+00    0.00000000E+00
   1.87287284E+02    0.00000000E+00    0.00000000E+00
   1.89294551E+02    0.00000000E+00    0.00000000E+00
   1.91323332E+02    0.00000000E+00    0.00000000E+00
   1.93373856E+02    0.00000000E+00    0.00000000E+00
   1.95446357E+02    0.00000000E+00    0.00000000E+00
   1.97541070E+02    0.00000000E+00    0.00000000E+00
   1.99658233E+02    0.00000000E+00    0.00000000E+00
   2.01798088E+02    0.00000000E+00    0.00000000E+00
   2.03960876E+02    0.00000000E+00    0.00000000E+00
   2.06146844E+02    0.00000000E+00    0.00000000E+00
   2.08356241E+02    0.00000000E+00    0.00000000E+00
   2.10589316E+02    0.00000000E+00    0.00000000E+00
   2.12846326E+02    0.00000000E+00    0.00000000E+00
   2.15127524E+02    0.00000000E+00    0.00000000E+00
   2.17433172E+02    0.00000000E+00    0.00000000E+00
   2.19763531E+02    0.00000000E+00    0.00000000E+00
   2.22118865E+02    0.00000000E+00    0.00000000E+00
   2.24499443E+02    0.00000000E+00    0.00000000E+00
