# Peaks:     0.309146  
   6.55743836E-05    2.89322555E-05    7.24207048E-01
   6.63951444E-05    2.95372986E-05    7.30228310E-01
   6.72261782E-05    3.01507191E-05    7.36211623E-01
   6.80676137E-05    3.07734741E-05    7.42175138E-01
   6.89195809E-05    3.14065852E-05    7.48137483E-01
   6.97822118E-05    3.20511429E-05    7.54117786E-01
   7.06556398E-05    3.27083092E-05    7.60135685E-01
   7.15400001E-05    3.33793221E-05    7.66211351E-01
   7.24354294E-05    3.40654180E-05    7.72363909E-01
   7.33420664E-05    3.47671038E-05    7.78597222E-01
   7.42600513E-05    3.54844394E-05    7.84906216E-01
   7.51895261E-05    3.62174645E-05    7.91285556E-01
   7.61306347E-05    3.69662033E-05    7.97729735E-01
   7.70835226E-05    3.77306626E-05    8.04233074E-01
   7.80483374E-05    3.85108311E-05    8.10789712E-01
   7.90252283E-05    3.93067635E-05    8.17395163E-01
   8.00143463E-05    4.01188130E-05    8.24050473E-01
   8.10158447E-05    4.09474137E-05    8.30757987E-01
   8.20298783E-05    4.17930139E-05    8.37520097E-01
   8.30566041E-05    4.26560766E-05    8.44339237E-01
   8.40961808E-05    4.35370800E-05    8.51217894E-01
   8.51487694E-05    4.44365020E-05    8.58158330E-01
   8.62145327E-05    4.53547380E-05    8.65161223E-01
   8.72936356E-05    4.62921544E-05    8.72226640E-01
   8.83862451E-05    4.72491233E-05    8.79354628E-01
   8.94925302E-05    4.82260222E-05    8.86545210E-01
   9.06126621E-05    4.92232345E-05    8.93798388E-01
   9.17468142E-05    5.02411540E-05    9.01114217E-01
   9.28951618E-05    5.12802128E-05    9.08493264E-01
   9.40578827E-05    5.23408652E-05    9.15936306E-01
   9.52351568E-05    5.34235752E-05    9.23444121E-01
   9.64271662E-05    5.45288166E-05    9.31017481E-01
   9.76340954E-05    5.56570732E-05    9.38657161E-01
   9.88561311E-05    5.68088379E-05    9.46363916E-01
   1.00093462E-04    5.79846073E-05    9.54138420E-01
   1.01346281E-04    5.91848853E-05    9.61981312E-01
   1.02614780E-04    6.04101857E-05    9.69893222E-01
   1.03899156E-04    6.16610326E-05    9.77874774E-01
   1.05199608E-04    6.29379603E-05    9.85926580E-01
   1.06516338E-04    6.42415147E-05    9.94049264E-01
   1.07849548E-04    6.55722580E-05    1.00224354E+00
   1.09199445E-04    6.69307659E-05    1.01051015E+00
   1.10566238E-04    6.83176256E-05    1.01884983E+00
   1.11950139E-04    6.97334363E-05    1.02726331E+00
   1.13351361E-04    7.11788091E-05    1.03575131E+00
   1.14770122E-04    7.26543682E-05    1.04431456E+00
   1.16206640E-04    7.41607525E-05    1.05295382E+00
   1.17661139E-04    7.56986146E-05    1.06166988E+00
   1.19133843E-04    7.72686203E-05    1.07046351E+00
   1.20624980E-04    7.88714488E-05    1.07933548E+00
   1.22134781E-04    8.05077930E-05    1.08828654E+00
   1.23663479E-04    8.21783609E-05    1.09731747E+00
   1.25211311E-04    8.38838787E-05    1.10642909E+00
   1.26778517E-04    8.56250880E-05    1.11562226E+00
   1.28365338E-04    8.74027455E-05    1.12489780E+00
   1.29972021E-04    8.92176235E-05    1.13425653E+00
   1.31598814E-04    9.10705095E-05    1.14369929E+00
   1.33245968E-04    9.29622089E-05    1.15322690E+00
   1.34913739E-04    9.48935471E-05    1.16284026E+00
   1.36602385E-04    9.68653668E-05    1.17254028E+00
   1.38312167E-04    9.88785281E-05    1.18232785E+00
   1.40043349E-04    1.00933908E-04    1.19220384E+00
   1.41796200E-04    1.03032402E-04    1.20216915E+00
   1.43570990E-04    1.05174927E-04    1.21222467E+00
   1.45367994E-04    1.07362420E-04    1.22237138E+00
   1.47187490E-04    1.09595841E-04    1.23261025E+00
   1.49029760E-04    1.11876166E-04    1.24294222E+00
   1.50895089E-04    1.14204393E-04    1.25336825E+00
   1.52783765E-04    1.16581540E-04    1.26388927E+00
   1.54696081E-04    1.19008651E-04    1.27450629E+00
   1.56632332E-04    1.21486792E-04    1.28522034E+00
   1.58592818E-04    1.24017054E-04    1.29603246E+00
   1.60577843E-04    1.26600548E-04    1.30694367E+00
   1.62587713E-04    1.29238408E-04    1.31795498E+00
   1.64622740E-04    1.31931793E-04    1.32906741E+00
   1.66683238E-04    1.34681892E-04    1.34028205E+00
   1.68769526E-04    1.37489919E-04    1.35160002E+00
   1.70881927E-04    1.40357112E-04    1.36302242E+00
   1.73020768E-04    1.43284738E-04    1.37455034E+00
   1.75186380E-04    1.46274086E-04    1.38618487E+00
   1.77379098E-04    1.49326477E-04    1.39792711E+00
   1.79599261E-04    1.52443264E-04    1.40977826E+00
   1.81847212E-04    1.55625828E-04    1.42173951E+00
   1.84123300E-04    1.58875580E-04    1.43381202E+00
   1.86427876E-04    1.62193960E-04    1.44599699E+00
   1.88761298E-04    1.65582437E-04    1.45829556E+00
   1.91123926E-04    1.69042516E-04    1.47070896E+00
   1.93516126E-04    1.72575739E-04    1.48323847E+00
   1.95938268E-04    1.76183677E-04    1.49588537E+00
   1.98390726E-04    1.79867938E-04    1.50865090E+00
   2.00873881E-04    1.83630160E-04    1.52153633E+00
   2.03388115E-04    1.87472017E-04    1.53454291E+00
   2.05933820E-04    1.91395227E-04    1.54767199E+00
   2.08511387E-04    1.95401544E-04    1.56092494E+00
   2.11121217E-04    1.99492760E-04    1.57430311E+00
   2.13763713E-04    2.03670704E-04    1.58780785E+00
   2.16439283E-04    2.07937243E-04    1.60144051E+00
   2.19148342E-04    2.12294288E-04    1.61520245E+00
   2.21891309E-04    2.16743795E-04    1.62909516E+00
   2.24668608E-04    2.21287766E-04    1.64312008E+00
   2.27480669E-04    2.25928240E-04    1.65727867E+00
   2.30327928E-04    2.30667302E-04    1.67157238E+00
   2.33210824E-04    2.35507081E-04    1.68600263E+00
   2.36129804E-04    2.40449758E-04    1.70057096E+00
   2.39085319E-04    2.45497565E-04    1.71527894E+00
   2.42077827E-04    2.50652781E-04    1.73012814E+00
   2.45107790E-04    2.55917733E-04    1.74512010E+00
   2.48175678E-04    2.61294797E-04    1.76025637E+00
   2.51281965E-04    2.66786402E-04    1.77553851E+00
   2.54427132E-04    2.72395040E-04    1.79096820E+00
   2.57611666E-04    2.78123256E-04    1.80654712E+00
   2.60836058E-04    2.83973647E-04    1.82227694E+00
   2.64100809E-04    2.89948868E-04    1.83815931E+00
   2.67406423E-04    2.96051630E-04    1.85419589E+00
   2.70753411E-04    3.02284709E-04    1.87038841E+00
   2.74142292E-04    3.08650948E-04    1.88673869E+00
   2.77573590E-04    3.15153250E-04    1.90324852E+00
   2.81047836E-04    3.21794580E-04    1.91991968E+00
   2.84565567E-04    3.28577965E-04    1.93675393E+00
   2.88127327E-04    3.35506503E-04    1.95375307E+00
   2.91733669E-04    3.42583367E-04    1.97091903E+00
   2.95385149E-04    3.49811802E-04    1.98825374E+00
   2.99082333E-04    3.57195119E-04    2.00575910E+00
   3.02825792E-04    3.64736704E-04    2.02343701E+00
   3.06616107E-04    3.72440012E-04    2.04128936E+00
   3.10453863E-04    3.80308588E-04    2.05931817E+00
   3.14339654E-04    3.88346057E-04    2.07752550E+00
   3.18274081E-04    3.96556122E-04    2.09591341E+00
   3.22257754E-04    4.04942565E-04    2.11448393E+00
   3.26291289E-04    4.13509250E-04    2.13323906E+00
   3.30375309E-04    4.22260132E-04    2.15218092E+00
   3.34510446E-04    4.31199264E-04    2.17131170E+00
   3.38697341E-04    4.40330786E-04    2.19063360E+00
   3.42936641E-04    4.49658927E-04    2.21014880E+00
   3.47229003E-04    4.59188007E-04    2.22985947E+00
   3.51575089E-04    4.68922445E-04    2.24976778E+00
   3.55975574E-04    4.78866770E-04    2.26987607E+00
   3.60431137E-04    4.89025611E-04    2.29018671E+00
   3.64942468E-04    4.99403700E-04    2.31070202E+00
   3.69510264E-04    5.10005869E-04    2.33142431E+00
   3.74135234E-04    5.20837057E-04    2.35235591E+00
   3.78818092E-04    5.31902326E-04    2.37349924E+00
   3.83559563E-04    5.43206855E-04    2.39485684E+00
   3.88360381E-04    5.54755936E-04    2.41643120E+00
   3.93221288E-04    5.66554978E-04    2.43822481E+00
   3.98143036E-04    5.78609506E-04    2.46024011E+00
   4.03126387E-04    5.90925176E-04    2.48247967E+00
   4.08172113E-04    6.03507784E-04    2.50494616E+00
   4.13280993E-04    6.16363254E-04    2.52764227E+00
   4.18453818E-04    6.29497636E-04    2.55057065E+00
   4.23691389E-04    6.42917117E-04    2.57373392E+00
   4.28994516E-04    6.56628022E-04    2.59713474E+00
   4.34364020E-04    6.70636834E-04    2.62077598E+00
   4.39800730E-04    6.84950186E-04    2.64466049E+00
   4.45305490E-04    6.99574852E-04    2.66879110E+00
   4.50879149E-04    7.14517757E-04    2.69317062E+00
   4.56522571E-04    7.29785980E-04    2.71780187E+00
   4.62236629E-04    7.45386776E-04    2.74268784E+00
   4.68022207E-04    7.61327570E-04    2.76783158E+00
   4.73880200E-04    7.77615949E-04    2.79323613E+00
   4.79811515E-04    7.94259668E-04    2.81890447E+00
   4.85817068E-04    8.11266653E-04    2.84483959E+00
   4.91897790E-04    8.28645025E-04    2.87104464E+00
   4.98054622E-04    8.46403099E-04    2.89752287E+00
   5.04288515E-04    8.64549373E-04    2.92427751E+00
   5.10600434E-04    8.83092533E-04    2.95131175E+00
   5.16991357E-04    9.02041460E-04    2.97862878E+00
   5.23462272E-04    9.21405244E-04    3.00623187E+00
   5.30014179E-04    9.41193198E-04    3.03412449E+00
   5.36648094E-04    9.61414845E-04    3.06231008E+00
   5.43365042E-04    9.82079918E-04    3.09079205E+00
   5.50166062E-04    1.00319837E-03    3.11957378E+00
   5.57052208E-04    1.02478037E-03    3.14865872E+00
   5.64024543E-04    1.04683637E-03    3.17805054E+00
   5.71084148E-04    1.06937703E-03    3.20775290E+00
   5.78232114E-04    1.09241326E-03    3.23776943E+00
   5.85469548E-04    1.11595621E-03    3.26810373E+00
   5.92797569E-04    1.14001730E-03    3.29875943E+00
   6.00217310E-04    1.16460820E-03    3.32974040E+00
   6.07729921E-04    1.18974090E-03    3.36105054E+00
   6.15336564E-04    1.21542760E-03    3.39269371E+00
   6.23038415E-04    1.24168082E-03    3.42467373E+00
   6.30836666E-04    1.26851334E-03    3.45699444E+00
   6.38732524E-04    1.29593827E-03    3.48965990E+00
   6.46727210E-04    1.32396901E-03    3.52267428E+00
   6.54821961E-04    1.35261928E-03    3.55604168E+00
   6.63018030E-04    1.38190310E-03    3.58976617E+00
   6.71316686E-04    1.41183481E-03    3.62385178E+00
   6.79719211E-04    1.44242909E-03    3.65830279E+00
   6.88226906E-04    1.47370097E-03    3.69312359E+00
   6.96841088E-04    1.50566585E-03    3.72831856E+00
   7.05563089E-04    1.53833944E-03    3.76389202E+00
   7.14394259E-04    1.57173782E-03    3.79984824E+00
   7.23335964E-04    1.60587747E-03    3.83619172E+00
   7.32389588E-04    1.64077524E-03    3.87292711E+00
   7.41556531E-04    1.67644839E-03    3.91005904E+00
   7.50838212E-04    1.71291456E-03    3.94759210E+00
   7.60236068E-04    1.75019178E-03    3.98553082E+00
   7.69751551E-04    1.78829853E-03    4.02387990E+00
   7.79386135E-04    1.82725372E-03    4.06264427E+00
   7.89141310E-04    1.86707671E-03    4.10182884E+00
   7.99018585E-04    1.90778729E-03    4.14143845E+00
   8.09019489E-04    1.94940569E-03    4.18147792E+00
   8.19145570E-04    1.99195264E-03    4.22195217E+00
   8.29398393E-04    2.03544936E-03    4.26286642E+00
   8.39779545E-04    2.07991757E-03    4.30422585E+00
   8.50290634E-04    2.12537948E-03    4.34603558E+00
   8.60933284E-04    2.17185778E-03    4.38830070E+00
   8.71709142E-04    2.21937574E-03    4.43102640E+00
   8.82619877E-04    2.26795717E-03    4.47421817E+00
   8.93667175E-04    2.31762645E-03    4.51788148E+00
   9.04852747E-04    2.36840848E-03    4.56202177E+00
   9.16178323E-04    2.42032877E-03    4.60664439E+00
   9.27645655E-04    2.47341339E-03    4.65175478E+00
   9.39256518E-04    2.52768909E-03    4.69735873E+00
   9.51012708E-04    2.58318321E-03    4.74346203E+00
   9.62916044E-04    2.63992371E-03    4.79007038E+00
   9.74968369E-04    2.69793923E-03    4.83718947E+00
   9.87171546E-04    2.75725902E-03    4.88482501E+00
   9.99527464E-04    2.81791310E-03    4.93298307E+00
   1.01203803E-03    2.87993217E-03    4.98166975E+00
   1.02470519E-03    2.94334761E-03    5.03089107E+00
   1.03753090E-03    3.00819155E-03    5.08065297E+00
   1.05051714E-03    3.07449685E-03    5.13096151E+00
   1.06366592E-03    3.14229721E-03    5.18182309E+00
   1.07697928E-03    3.21162706E-03    5.23324410E+00
   1.09045928E-03    3.28252166E-03    5.28523086E+00
   1.10410799E-03    3.35501706E-03    5.33778964E+00
   1.11792754E-03    3.42915016E-03    5.39092678E+00
   1.13192007E-03    3.50495877E-03    5.44464899E+00
   1.14608773E-03    3.58248156E-03    5.49896301E+00
   1.16043272E-03    3.66175810E-03    5.55387549E+00
   1.17495726E-03    3.74282887E-03    5.60939300E+00
   1.18966359E-03    3.82573530E-03    5.66552219E+00
   1.20455400E-03    3.91051982E-03    5.72227011E+00
   1.21963078E-03    3.99722586E-03    5.77964381E+00
   1.23489627E-03    4.08589783E-03    5.83765028E+00
   1.25035283E-03    4.17658118E-03    5.89629640E+00
   1.26600285E-03    4.26932242E-03    5.95558917E+00
   1.28184876E-03    4.36416918E-03    6.01553596E+00
   1.29789300E-03    4.46117022E-03    6.07614417E+00
   1.31413806E-03    4.56037541E-03    6.13742110E+00
   1.33058645E-03    4.66183574E-03    6.19937395E+00
   1.34724071E-03    4.76560345E-03    6.26201006E+00
   1.36410343E-03    4.87173201E-03    6.32533716E+00
   1.38117721E-03    4.98027615E-03    6.38936298E+00
   1.39846470E-03    5.09129185E-03    6.45409518E+00
   1.41596856E-03    5.20483638E-03    6.51954130E+00
   1.43369151E-03    5.32096835E-03    6.58570897E+00
   1.45163629E-03    5.43974780E-03    6.65260625E+00
   1.46980567E-03    5.56123616E-03    6.72024124E+00
   1.48820247E-03    5.68549627E-03    6.78862193E+00
   1.50682954E-03    5.81259242E-03    6.85775622E+00
   1.52568974E-03    5.94259041E-03    6.92765209E+00
   1.54478602E-03    6.07555763E-03    6.99831794E+00
   1.56412131E-03    6.21156302E-03    7.06976220E+00
   1.58369861E-03    6.35067712E-03    7.14199319E+00
   1.60352095E-03    6.49297210E-03    7.21501912E+00
   1.62359140E-03    6.63852181E-03    7.28884837E+00
   1.64391305E-03    6.78740188E-03    7.36348972E+00
   1.66448907E-03    6.93968971E-03    7.43895190E+00
   1.68532262E-03    7.09546444E-03    7.51524357E+00
   1.70641693E-03    7.25480707E-03    7.59237327E+00
   1.72777528E-03    7.41780049E-03    7.67034972E+00
   1.74940095E-03    7.58452957E-03    7.74918206E+00
   1.77129730E-03    7.75508116E-03    7.82887937E+00
   1.79346772E-03    7.92954408E-03    7.90945064E+00
   1.81591563E-03    8.10800921E-03    7.99090474E+00
   1.83864451E-03    8.29056957E-03    8.07325073E+00
   1.86165788E-03    8.47732038E-03    8.15649810E+00
   1.88495929E-03    8.66835909E-03    8.24065625E+00
   1.90855235E-03    8.86378534E-03    8.32573450E+00
   1.93244072E-03    9.06370111E-03    8.41174206E+00
   1.95662809E-03    9.26821074E-03    8.49868834E+00
   1.98111819E-03    9.47742107E-03    8.58658315E+00
   2.00591483E-03    9.69144139E-03    8.67543624E+00
   2.03102183E-03    9.91038350E-03    8.76525722E+00
   2.05644309E-03    1.01343617E-02    8.85605560E+00
   2.08218252E-03    1.03634932E-02    8.94784118E+00
   2.10824413E-03    1.05978977E-02    9.04062407E+00
   2.13463194E-03    1.08376977E-02    9.13441431E+00
   2.16135003E-03    1.10830187E-02    9.22922184E+00
   2.18840253E-03    1.13339890E-02    9.32505647E+00
   2.21579364E-03    1.15907396E-02    9.42192832E+00
   2.24352759E-03    1.18534051E-02    9.51984781E+00
   2.27160867E-03    1.21221228E-02    9.61882529E+00
   2.30004122E-03    1.23970334E-02    9.71887096E+00
   2.32882965E-03    1.26782804E-02    9.81999493E+00
   2.35797842E-03    1.29660112E-02    9.92220763E+00
   2.38749202E-03    1.32603763E-02    1.00255198E+01
   2.41737502E-03    1.35615297E-02    1.01299420E+01
   2.44763206E-03    1.38696289E-02    1.02354847E+01
   2.47826781E-03    1.41848352E-02    1.03421583E+01
   2.50928702E-03    1.45073133E-02    1.04499736E+01
   2.54069447E-03    1.48372321E-02    1.05589414E+01
   2.57249503E-03    1.51747641E-02    1.06690728E+01
   2.60469363E-03    1.55200857E-02    1.07803782E+01
   2.63729524E-03    1.58733777E-02    1.08928684E+01
   2.67030490E-03    1.62348245E-02    1.10065544E+01
   2.70372774E-03    1.66046154E-02    1.11214474E+01
   2.73756890E-03    1.69829435E-02    1.12375584E+01
   2.77183364E-03    1.73700065E-02    1.13548983E+01
   2.80652726E-03    1.77660066E-02    1.14734780E+01
   2.84165511E-03    1.81711506E-02    1.15933086E+01
   2.87722265E-03    1.85856502E-02    1.17144017E+01
   2.91323536E-03    1.90097217E-02    1.18367683E+01
   2.94969883E-03    1.94435865E-02    1.19604196E+01
   2.98661869E-03    1.98874708E-02    1.20853665E+01
   3.02400066E-03    2.03416062E-02    1.22116206E+01
   3.06185052E-03    2.08062294E-02    1.23391932E+01
   3.10017412E-03    2.12815827E-02    1.24680957E+01
   3.13897741E-03    2.17679136E-02    1.25983394E+01
   3.17826637E-03    2.22654753E-02    1.27299353E+01
   3.21804709E-03    2.27745269E-02    1.28628951E+01
   3.25832573E-03    2.32953332E-02    1.29972302E+01
   3.29910852E-03    2.38281651E-02    1.31329521E+01
   3.34040176E-03    2.43732994E-02    1.32700721E+01
   3.38221185E-03    2.49310193E-02    1.34086013E+01
   3.42454525E-03    2.55016143E-02    1.35485514E+01
   3.46740852E-03    2.60853808E-02    1.36899339E+01
   3.51080829E-03    2.66826213E-02    1.38327603E+01
   3.55475127E-03    2.72936453E-02    1.39770419E+01
   3.59924426E-03    2.79187693E-02    1.41227897E+01
   3.64429415E-03    2.85583169E-02    1.42700155E+01
   3.68990790E-03    2.92126190E-02    1.44187307E+01
   3.73609258E-03    2.98820137E-02    1.45689467E+01
   3.78285532E-03    3.05668467E-02    1.47206747E+01
   3.83020338E-03    3.12674715E-02    1.48739257E+01
   3.87814406E-03    3.19842494E-02    1.50287113E+01
   3.92668479E-03    3.27175499E-02    1.51850429E+01
   3.97583308E-03    3.34677505E-02    1.53429317E+01
   4.02559654E-03    3.42352371E-02    1.55023885E+01
   4.07598286E-03    3.50204041E-02    1.56634245E+01
   4.12699984E-03    3.58236548E-02    1.58260508E+01
   4.17865537E-03    3.66454014E-02    1.59902786E+01
   4.23095744E-03    3.74860652E-02    1.61561189E+01
   4.28391416E-03    3.83460763E-02    1.63235823E+01
   4.33753371E-03    3.92258749E-02    1.64926795E+01
   4.39182438E-03    4.01259105E-02    1.66634216E+01
   4.44679459E-03    4.10466429E-02    1.68358192E+01
   4.50245283E-03    4.19885413E-02    1.70098829E+01
   4.55880771E-03    4.29520856E-02    1.71856230E+01
   4.61586796E-03    4.39377659E-02    1.73630498E+01
   4.67364240E-03    4.49460833E-02    1.75421739E+01
   4.73213998E-03    4.59775497E-02    1.77230055E+01
   4.79136973E-03    4.70326880E-02    1.79055546E+01
   4.85134084E-03    4.81120324E-02    1.80898309E+01
   4.91206258E-03    4.92161286E-02    1.82758443E+01
   4.97354434E-03    5.03455345E-02    1.84636047E+01
   5.03579563E-03    5.15008198E-02    1.86531218E+01
   5.09882609E-03    5.26825663E-02    1.88444048E+01
   5.16264547E-03    5.38913683E-02    1.90374628E+01
   5.22726364E-03    5.51278328E-02    1.92323050E+01
   5.29269061E-03    5.63925803E-02    1.94289404E+01
   5.35893649E-03    5.76862442E-02    1.96273779E+01
   5.42601154E-03    5.90094713E-02    1.98276261E+01
   5.49392614E-03    6.03629219E-02    2.00296930E+01
   5.56269078E-03    6.17472709E-02    2.02335870E+01
   5.63231612E-03    6.31632073E-02    2.04393162E+01
   5.70281292E-03    6.46114347E-02    2.06468885E+01
   5.77419209E-03    6.60926714E-02    2.08563114E+01
   5.84646468E-03    6.76076504E-02    2.10675919E+01
   5.91964187E-03    6.91571208E-02    2.12807372E+01
   5.99373497E-03    7.07418474E-02    2.14957545E+01
   6.06875547E-03    7.23626106E-02    2.17126502E+01
   6.14471496E-03    7.40202070E-02    2.19314307E+01
   6.22162519E-03    7.57154497E-02    2.21521017E+01
   6.29949807E-03    7.74491691E-02    2.23746692E+01
   6.37834564E-03    7.92222127E-02    2.25991388E+01
   6.45818011E-03    8.10354455E-02    2.28255157E+01
   6.53901382E-03    8.28897499E-02    2.30538045E+01
   6.62085929E-03    8.47860262E-02    2.32840098E+01
   6.70372918E-03    8.67251939E-02    2.35161357E+01
   6.78763630E-03    8.87081915E-02    2.37501863E+01
   6.87259365E-03    9.07359758E-02    2.39861650E+01
   6.95861437E-03    9.28095230E-02    2.42240749E+01
   7.04571176E-03    9.49298290E-02    2.44639186E+01
   7.13389931E-03    9.70979105E-02    2.47056984E+01
   7.22319065E-03    9.93148047E-02    2.49494164E+01
   7.31359961E-03    1.01581569E-01    2.51950742E+01
   7.40514017E-03    1.03899282E-01    2.54426727E+01
   7.49782649E-03    1.06269043E-01    2.56922124E+01
   7.59167293E-03    1.08691974E-01    2.59436937E+01
   7.68669399E-03    1.11169222E-01    2.61971163E+01
   7.78290438E-03    1.13701951E-01    2.64524795E+01
   7.88031899E-03    1.16291352E-01    2.67097818E+01
   7.97895288E-03    1.18938637E-01    2.69690214E+01
   8.07882132E-03    1.21645043E-01    2.72301962E+01
   8.17993977E-03    1.24411832E-01    2.74933033E+01
   8.28232386E-03    1.27240289E-01    2.77583393E+01
   8.38598945E-03    1.30131723E-01    2.80253002E+01
   8.49095256E-03    1.33087469E-01    2.82941813E+01
   8.59722944E-03    1.36108888E-01    2.85649776E+01
   8.70483653E-03    1.39197369E-01    2.88376834E+01
   8.81379049E-03    1.42354323E-01    2.91122922E+01
   8.92410817E-03    1.45581189E-01    2.93887970E+01
   9.03580663E-03    1.48879435E-01    2.96671899E+01
   9.14890317E-03    1.52250555E-01    2.99474627E+01
   9.26341528E-03    1.55696072E-01    3.02296064E+01
   9.37936068E-03    1.59217538E-01    3.05136111E+01
   9.49675731E-03    1.62816529E-01    3.07994662E+01
   9.61562333E-03    1.66494654E-01    3.10871604E+01
   9.73597713E-03    1.70253551E-01    3.13766818E+01
   9.85783735E-03    1.74094890E-01    3.16680176E+01
   9.98122282E-03    1.78020368E-01    3.19611541E+01
   1.01061526E-02    1.82031712E-01    3.22560768E+01
   1.02326462E-02    1.86130681E-01    3.25527705E+01
   1.03607229E-02    1.90319067E-01    3.28512191E+01
   1.04904028E-02    1.94598694E-01    3.31514055E+01
   1.06217057E-02    1.98971416E-01    3.34533119E+01
   1.07546521E-02    2.03439118E-01    3.37569194E+01
   1.08892626E-02    2.08003721E-01    3.40622083E+01
   1.10255579E-02    2.12667182E-01    3.43691579E+01
   1.11635591E-02    2.17431488E-01    3.46777466E+01
   1.13032876E-02    2.22298658E-01    3.49879516E+01
   1.14447651E-02    2.27270746E-01    3.52997493E+01
   1.15880133E-02    2.32349843E-01    3.56131150E+01
   1.17330545E-02    2.37538078E-01    3.59280230E+01
   1.18799111E-02    2.42837611E-01    3.62444464E+01
   1.20286058E-02    2.48250637E-01    3.65623573E+01
   1.21791617E-02    2.53779386E-01    3.68817267E+01
   1.23316020E-02    2.59426129E-01    3.72025244E+01
   1.24859503E-02    2.65193175E-01    3.75247192E+01
   1.26422305E-02    2.71082866E-01    3.78482784E+01
   1.28004668E-02    2.77097579E-01    3.81731684E+01
   1.29606836E-02    2.83239729E-01    3.84993544E+01
   1.31229058E-02    2.89511775E-01    3.88268002E+01
   1.32871585E-02    2.95916212E-01    3.91554682E+01
   1.34534670E-02    3.02455571E-01    3.94853199E+01
   1.36218571E-02    3.09132421E-01    3.98163153E+01
   1.37923549E-02    3.15949366E-01    4.01484131E+01
   1.39649867E-02    3.22909058E-01    4.04815706E+01
   1.41397793E-02    3.30014186E-01    4.08157437E+01
   1.43167596E-02    3.37267477E-01    4.11508870E+01
   1.44959551E-02    3.44671694E-01    4.14869537E+01
   1.46773935E-02    3.52229635E-01    4.18238957E+01
   1.48611029E-02    3.59944150E-01    4.21616632E+01
   1.50471117E-02    3.67818129E-01    4.25002048E+01
   1.52354486E-02    3.75854495E-01    4.28394680E+01
   1.54261429E-02    3.84056207E-01    4.31793986E+01
   1.56192240E-02    3.92426265E-01    4.35199410E+01
   1.58147217E-02    4.00967715E-01    4.38610380E+01
   1.60126665E-02    4.09683647E-01    4.42026304E+01
   1.62130888E-02    4.18577184E-01    4.45446578E+01
   1.64160196E-02    4.27651480E-01    4.48870585E+01
   1.66214905E-02    4.36909734E-01    4.52297689E+01
   1.68295331E-02    4.46355194E-01    4.55727233E+01
   1.70401797E-02    4.55991146E-01    4.59158547E+01
   1.72534629E-02    4.65820909E-01    4.62590945E+01
   1.74694156E-02    4.75847832E-01    4.66023724E+01
   1.76880713E-02    4.86075304E-01    4.69456166E+01
   1.79094638E-02    4.96506769E-01    4.72887531E+01
   1.81336273E-02    5.07145706E-01    4.76317058E+01
   1.83605966E-02    5.17995624E-01    4.79743976E+01
   1.85904067E-02    5.29060059E-01    4.83167497E+01
   1.88230933E-02    5.40342582E-01    4.86586813E+01
   1.90586922E-02    5.51846823E-01    4.90001095E+01
   1.92972401E-02    5.63576443E-01    4.93409493E+01
   1.95387737E-02    5.75535130E-01    4.96811144E+01
   1.97833304E-02    5.87726594E-01    5.00205169E+01
   2.00309482E-02    6.00154574E-01    5.03590672E+01
   2.02816653E-02    6.12822869E-01    5.06966728E+01
   2.05355204E-02    6.25735311E-01    5.10332396E+01
   2.07925530E-02    6.38895747E-01    5.13686718E+01
   2.10528026E-02    6.52308045E-01    5.17028721E+01
   2.13163097E-02    6.65976091E-01    5.20357418E+01
   2.15831150E-02    6.79903831E-01    5.23671790E+01
   2.18532597E-02    6.94095237E-01    5.26970799E+01
   2.21267857E-02    7.08554294E-01    5.30253394E+01
   2.24037353E-02    7.23284993E-01    5.33518510E+01
   2.26841513E-02    7.38291349E-01    5.36765062E+01
   2.29680772E-02    7.53577434E-01    5.39991933E+01
   2.32555568E-02    7.69147333E-01    5.43197990E+01
   2.35466346E-02    7.85005131E-01    5.46382087E+01
   2.38413557E-02    8.01154910E-01    5.49543067E+01
   2.41397657E-02    8.17600763E-01    5.52679753E+01
   2.44419107E-02    8.34346848E-01    5.55790933E+01
   2.47478375E-02    8.51397328E-01    5.58875376E+01
   2.50575934E-02    8.68756355E-01    5.61931842E+01
   2.53712264E-02    8.86428063E-01    5.64959079E+01
   2.56887850E-02    9.04416580E-01    5.67955821E+01
   2.60103183E-02    9.22726089E-01    5.70920768E+01
   2.63358761E-02    9.41360774E-01    5.73852597E+01
   2.66655087E-02    9.60324790E-01    5.76749981E+01
   2.69992671E-02    9.79622262E-01    5.79611580E+01
   2.73372030E-02    9.99257331E-01    5.82436032E+01
   2.76793687E-02    1.01923416E+00    5.85221943E+01
   2.80258171E-02    1.03955688E+00    5.87967916E+01
   2.83766018E-02    1.06022957E+00    5.90672544E+01
   2.87317772E-02    1.08125628E+00    5.93334403E+01
   2.90913980E-02    1.10264111E+00    5.95952037E+01
   2.94555201E-02    1.12438812E+00    5.98523980E+01
   2.98241996E-02    1.14650127E+00    6.01048767E+01
   3.01974938E-02    1.16898452E+00    6.03524915E+01
   3.05754603E-02    1.19184184E+00    6.05950907E+01
   3.09581576E-02    1.21507712E+00    6.08325224E+01
   3.13456449E-02    1.23869419E+00    6.10646350E+01
   3.17379822E-02    1.26269684E+00    6.12912744E+01
   3.21352302E-02    1.28708885E+00    6.15122836E+01
   3.25374503E-02    1.31187392E+00    6.17275065E+01
   3.29447048E-02    1.33705563E+00    6.19367871E+01
   3.33570567E-02    1.36263754E+00    6.21399664E+01
   3.37745698E-02    1.38862321E+00    6.23368835E+01
   3.41973087E-02    1.41501604E+00    6.25273785E+01
   3.46253388E-02    1.44181931E+00    6.27112922E+01
   3.50587263E-02    1.46903630E+00    6.28884618E+01
   3.54975384E-02    1.49667022E+00    6.30587237E+01
   3.59418428E-02    1.52472410E+00    6.32219159E+01
   3.63917083E-02    1.55320086E+00    6.33778764E+01
   3.68472046E-02    1.58210343E+00    6.35264396E+01
   3.73084021E-02    1.61143457E+00    6.36674410E+01
   3.77753721E-02    1.64119684E+00    6.38007184E+01
   3.82481870E-02    1.67139276E+00    6.39261069E+01
   3.87269199E-02    1.70202477E+00    6.40434407E+01
   3.92116448E-02    1.73309507E+00    6.41525565E+01
   3.97024367E-02    1.76460573E+00    6.42532918E+01
   4.01993717E-02    1.79655875E+00    6.43454807E+01
   4.07025265E-02    1.82895592E+00    6.44289604E+01
   4.12119791E-02    1.86179882E+00    6.45035702E+01
   4.17278082E-02    1.89508897E+00    6.45691460E+01
   4.22500937E-02    1.92882768E+00    6.46255260E+01
   4.27789164E-02    1.96301600E+00    6.46725521E+01
   4.33143580E-02    1.99765486E+00    6.47100643E+01
   4.38565016E-02    2.03274502E+00    6.47379034E+01
   4.44054308E-02    2.06828693E+00    6.47559151E+01
   4.49612307E-02    2.10428091E+00    6.47639434E+01
   4.55239873E-02    2.14072715E+00    6.47618314E+01
   4.60937876E-02    2.17762547E+00    6.47494281E+01
   4.66707198E-02    2.21497539E+00    6.47265871E+01
   4.72548732E-02    2.25277637E+00    6.46931582E+01
   4.78463381E-02    2.29102757E+00    6.46489947E+01
   4.84452060E-02    2.32972779E+00    6.45939553E+01
   4.90515697E-02    2.36887572E+00    6.45278969E+01
   4.96655230E-02    2.40846967E+00    6.44506818E+01
   5.02871608E-02    2.44850763E+00    6.43621768E+01
   5.09165793E-02    2.48898746E+00    6.42622465E+01
   5.15538759E-02    2.52990663E+00    6.41507617E+01
   5.21991492E-02    2.57126221E+00    6.40275997E+01
   5.28524990E-02    2.61305110E+00    6.38926362E+01
   5.35140266E-02    2.65526981E+00    6.37457538E+01
   5.41838341E-02    2.69791446E+00    6.35868400E+01
   5.48620252E-02    2.74098105E+00    6.34157796E+01
   5.55487049E-02    2.78446509E+00    6.32324665E+01
   5.62439795E-02    2.82836156E+00    6.30368049E+01
   5.69479564E-02    2.87266530E+00    6.28286962E+01
   5.76607446E-02    2.91737084E+00    6.26080448E+01
   5.83824545E-02    2.96247211E+00    6.23747672E+01
   5.91131976E-02    3.00796270E+00    6.21287842E+01
   5.98530871E-02    3.05383601E+00    6.18700148E+01
   6.06022373E-02    3.10008484E+00    6.15983903E+01
   6.13607643E-02    3.14670151E+00    6.13138507E+01
   6.21287854E-02    3.19367819E+00    6.10163329E+01
   6.29064194E-02    3.24100646E+00    6.07057848E+01
   6.36937867E-02    3.28867736E+00    6.03821661E+01
   6.44910090E-02    3.33668173E+00    6.00454337E+01
   6.52982098E-02    3.38500988E+00    5.96955549E+01
   6.61155138E-02    3.43365149E+00    5.93325100E+01
   6.69430477E-02    3.48259606E+00    5.89562771E+01
   6.77809393E-02    3.53183251E+00    5.85668456E+01
   6.86293184E-02    3.58134914E+00    5.81642178E+01
   6.94883163E-02    3.63113406E+00    5.77483938E+01
   7.03580658E-02    3.68117474E+00    5.73193875E+01
   7.12387014E-02    3.73145808E+00    5.68772234E+01
   7.21303596E-02    3.78197071E+00    5.64219272E+01
   7.30331781E-02    3.83269856E+00    5.59535395E+01
   7.39472968E-02    3.88362724E+00    5.54721046E+01
   7.48728571E-02    3.93474172E+00    5.49776791E+01
   7.58100021E-02    3.98602653E+00    5.44703268E+01
   7.67588768E-02    4.03746579E+00    5.39501171E+01
   7.77196281E-02    4.08904286E+00    5.34171371E+01
   7.86924047E-02    4.14074088E+00    5.28714741E+01
   7.96773570E-02    4.19254231E+00    5.23132290E+01
   8.06746375E-02    4.24442910E+00    5.17425135E+01
   8.16844004E-02    4.29638285E+00    5.11594425E+01
   8.27068019E-02    4.34838440E+00    5.05641496E+01
   8.37420004E-02    4.40041434E+00    4.99567687E+01
   8.47901559E-02    4.45245262E+00    4.93374486E+01
   8.58514306E-02    4.50447865E+00    4.87063485E+01
   8.69259887E-02    4.55647146E+00    4.80636342E+01
   8.80139966E-02    4.60840950E+00    4.74094831E+01
   8.91156225E-02    4.66027074E+00    4.67440829E+01
   9.02310368E-02    4.71203272E+00    4.60676291E+01
   9.13604122E-02    4.76367251E+00    4.53803263E+01
   9.25039235E-02    4.81516655E+00    4.46823948E+01
   9.36617474E-02    4.86649096E+00    4.39740594E+01
   9.48340633E-02    4.91762140E+00    4.32555553E+01
   9.60210524E-02    4.96853303E+00    4.25271283E+01
   9.72228985E-02    5.01920059E+00    4.17890347E+01
   9.84397875E-02    5.06959839E+00    4.10415393E+01
   9.96719076E-02    5.11970033E+00    4.02849167E+01
   1.00919450E-01    5.16947989E+00    3.95194521E+01
   1.02182606E-01    5.21891018E+00    3.87454381E+01
   1.03461573E-01    5.26796390E+00    3.79631793E+01
   1.04756549E-01    5.31661342E+00    3.71729872E+01
   1.06067732E-01    5.36483073E+00    3.63751847E+01
   1.07395328E-01    5.41258752E+00    3.55701015E+01
   1.08739540E-01    5.45985514E+00    3.47580777E+01
   1.10100576E-01    5.50660465E+00    3.39394622E+01
   1.11478649E-01    5.55280685E+00    3.31146113E+01
   1.12873969E-01    5.59843225E+00    3.22838912E+01
   1.14286755E-01    5.64345116E+00    3.14476759E+01
   1.15717223E-01    5.68783367E+00    3.06063460E+01
   1.17165596E-01    5.73154964E+00    2.97602928E+01
   1.18632098E-01    5.77456882E+00    2.89099128E+01
   1.20116954E-01    5.81686079E+00    2.80556106E+01
   1.21620397E-01    5.85839502E+00    2.71977985E+01
   1.23142656E-01    5.89914088E+00    2.63368950E+01
   1.24683970E-01    5.93906771E+00    2.54733255E+01
   1.26244575E-01    5.97814477E+00    2.46075224E+01
   1.27824713E-01    6.01634139E+00    2.37399213E+01
   1.29424629E-01    6.05362685E+00    2.28709677E+01
   1.31044571E-01    6.08997055E+00    2.20011087E+01
   1.32684788E-01    6.12534196E+00    2.11307984E+01
   1.34345535E-01    6.15971066E+00    2.02604950E+01
   1.36027069E-01    6.19304643E+00    1.93906598E+01
   1.37729650E-01    6.22531921E+00    1.85217599E+01
   1.39453541E-01    6.25649918E+00    1.76542638E+01
   1.41199009E-01    6.28655680E+00    1.67886444E+01
   1.42966324E-01    6.31546284E+00    1.59253746E+01
   1.44755760E-01    6.34318837E+00    1.50649323E+01
   1.46567594E-01    6.36970487E+00    1.42077951E+01
   1.48402105E-01    6.39498425E+00    1.33544404E+01
   1.50259577E-01    6.41899884E+00    1.25053489E+01
   1.52140299E-01    6.44172151E+00    1.16609976E+01
   1.54044561E-01    6.46312561E+00    1.08218662E+01
   1.55972657E-01    6.48318512E+00    9.98842882E+00
   1.57924887E-01    6.50187460E+00    9.16116245E+00
   1.59901551E-01    6.51916928E+00    8.34053709E+00
   1.61902957E-01    6.53504508E+00    7.52702280E+00
   1.63929413E-01    6.54947865E+00    6.72108372E+00
   1.65981233E-01    6.56244742E+00    5.92318044E+00
   1.68058734E-01    6.57392962E+00    5.13376802E+00
   1.70162239E-01    6.58390435E+00    4.35329680E+00
   1.72292072E-01    6.59235160E+00    3.58220954E+00
   1.74448563E-01    6.59925226E+00    2.82094268E+00
   1.76632046E-01    6.60458822E+00    2.06992494E+00
   1.78842858E-01    6.60834235E+00    1.32957684E+00
   1.81081342E-01    6.61049856E+00    6.00310234E-01
   1.83347844E-01    6.61104185E+00   -1.17472451E-01
   1.85642715E-01    6.60995829E+00   -8.23378654E-01
   1.87966309E-01    6.60723514E+00   -1.51702626E+00
   1.90318986E-01    6.60286078E+00   -2.19804405E+00
   1.92701111E-01    6.59682485E+00   -2.86607220E+00
   1.95113052E-01    6.58911816E+00   -3.52076313E+00
   1.97555181E-01    6.57973284E+00   -4.16178099E+00
   2.00027878E-01    6.56866227E+00   -4.78880325E+00
   2.02531524E-01    6.55590118E+00   -5.40152021E+00
   2.05066507E-01    6.54144563E+00   -5.99963588E+00
   2.07633218E-01    6.52529305E+00   -6.58286807E+00
   2.10232056E-01    6.50744221E+00   -7.15094892E+00
   2.12863423E-01    6.48789339E+00   -7.70362501E+00
   2.15527725E-01    6.46664822E+00   -8.24065787E+00
   2.18225374E-01    6.44370980E+00   -8.76182413E+00
   2.20956789E-01    6.41908271E+00   -9.26691592E+00
   2.23722391E-01    6.39277298E+00   -9.75574101E+00
   2.26522609E-01    6.36478817E+00   -1.02281232E+01
   2.29357876E-01    6.33513730E+00   -1.06839025E+01
   2.32228631E-01    6.30383093E+00   -1.11229355E+01
   2.35135317E-01    6.27088114E+00   -1.15450954E+01
   2.38078384E-01    6.23630149E+00   -1.19502724E+01
   2.41058289E-01    6.20010712E+00   -1.23383739E+01
   2.44075491E-01    6.16231465E+00   -1.27093248E+01
   2.47130459E-01    6.12294224E+00   -1.30630675E+01
   2.50223663E-01    6.08200954E+00   -1.33995622E+01
   2.53355584E-01    6.03953774E+00   -1.37187871E+01
   2.56526705E-01    5.99554948E+00   -1.40207384E+01
   2.59737518E-01    5.95006891E+00   -1.43054307E+01
   2.62988519E-01    5.90312162E+00   -1.45728967E+01
   2.66280211E-01    5.85473463E+00   -1.48231875E+01
   2.69613103E-01    5.80493641E+00   -1.50563725E+01
   2.72987711E-01    5.75375678E+00   -1.52725396E+01
   2.76404558E-01    5.70122694E+00   -1.54717946E+01
   2.79864171E-01    5.64737940E+00   -1.56542619E+01
   2.83367087E-01    5.59224797E+00   -1.58200835E+01
   2.86913847E-01    5.53586772E+00   -1.59694194E+01
   2.90505000E-01    5.47827487E+00   -1.61024469E+01
   2.94141101E-01    5.41950690E+00   -1.62193608E+01
   2.97822714E-01    5.35960233E+00   -1.63203726E+01
   3.01550408E-01    5.29860075E+00   -1.64057099E+01
   3.05324759E-01    5.23654283E+00   -1.64756172E+01
   3.09146352E-01    5.17347013E+00   -1.65303536E+01
   3.13015777E-01    5.10942516E+00   -1.65701937E+01
   3.16933635E-01    5.04445126E+00   -1.65954261E+01
   3.20900530E-01    4.97859255E+00   -1.66063533E+01
   3.24917076E-01    4.91189389E+00   -1.66032911E+01
   3.28983896E-01    4.84440080E+00   -1.65865673E+01
   3.33101618E-01    4.77615940E+00   -1.65565214E+01
   3.37270880E-01    4.70721635E+00   -1.65135040E+01
   3.41492326E-01    4.63761878E+00   -1.64578756E+01
   3.45766609E-01    4.56741420E+00   -1.63900061E+01
   3.50094392E-01    4.49665050E+00   -1.63102736E+01
   3.54476343E-01    4.42537581E+00   -1.62190640E+01
   3.58913141E-01    4.35363848E+00   -1.61167701E+01
   3.63405472E-01    4.28148699E+00   -1.60037904E+01
   3.67954031E-01    4.20896989E+00   -1.58805286E+01
   3.72559522E-01    4.13613576E+00   -1.57473926E+01
   3.77222658E-01    4.06303310E+00   -1.56047936E+01
   3.81944159E-01    3.98971031E+00   -1.54531455E+01
   3.86724758E-01    3.91621559E+00   -1.52928639E+01
   3.91565192E-01    3.84259690E+00   -1.51243654E+01
   3.96466212E-01    3.76890190E+00   -1.49480666E+01
   4.01428576E-01    3.69517789E+00   -1.47643836E+01
   4.06453051E-01    3.62147175E+00   -1.45737315E+01
   4.11540414E-01    3.54782985E+00   -1.43765227E+01
   4.16691454E-01    3.47429811E+00   -1.41731680E+01
   4.21906966E-01    3.40092177E+00   -1.39640737E+01
   4.27187758E-01    3.32774548E+00   -1.37496428E+01
   4.32534647E-01    3.25481325E+00   -1.35302743E+01
   4.37948461E-01    3.18216827E+00   -1.33063611E+01
   4.43430036E-01    3.10985302E+00   -1.30782915E+01
   4.48980221E-01    3.03790915E+00   -1.28464473E+01
   4.54599876E-01    2.96637741E+00   -1.26112043E+01
   4.60289868E-01    2.89529769E+00   -1.23729310E+01
   4.66051080E-01    2.82470893E+00   -1.21319895E+01
   4.71884401E-01    2.75464906E+00   -1.18887333E+01
   4.77790735E-01    2.68515504E+00   -1.16435093E+01
   4.83770996E-01    2.61626274E+00   -1.13966555E+01
   4.89826108E-01    2.54800699E+00   -1.11485022E+01
   4.95957009E-01    2.48042149E+00   -1.08993708E+01
   5.02164648E-01    2.41353881E+00   -1.06495745E+01
   5.08449984E-01    2.34739034E+00   -1.03994172E+01
   5.14813991E-01    2.28200628E+00   -1.01491937E+01
   5.21257652E-01    2.21741563E+00   -9.89919045E+00
   5.27781966E-01    2.15364617E+00   -9.64968450E+00
   5.34387941E-01    2.09072439E+00   -9.40094314E+00
   5.41076599E-01    2.02867550E+00   -9.15322502E+00
   5.47848977E-01    1.96752343E+00   -8.90677862E+00
   5.54706120E-01    1.90729082E+00   -8.66184385E+00
   5.61649091E-01    1.84799896E+00   -8.41865081E+00
   5.68678963E-01    1.78966780E+00   -8.17742001E+00
   5.75796825E-01    1.73231595E+00   -7.93836257E+00
   5.83003778E-01    1.67596069E+00   -7.70167987E+00
   5.90300936E-01    1.62061789E+00   -7.46756409E+00
   5.97689428E-01    1.56630209E+00   -7.23619753E+00
   6.05170399E-01    1.51302644E+00   -7.00775305E+00
   6.12745006E-01    1.46080274E+00   -6.78239386E+00
   6.20414419E-01    1.40964141E+00   -6.56027357E+00
   6.28179827E-01    1.35955150E+00   -6.34153620E+00
   6.36042430E-01    1.31054071E+00   -6.12631615E+00
   6.44003446E-01    1.26261540E+00   -5.91473823E+00
   6.52064106E-01    1.21578059E+00   -5.70691768E+00
   6.60225656E-01    1.17003998E+00   -5.50296020E+00
   6.68489361E-01    1.12539598E+00   -5.30296197E+00
   6.76856498E-01    1.08184970E+00   -5.10700978E+00
   6.85328362E-01    1.03940100E+00   -4.91518105E+00
   6.93906264E-01    9.98048511E-01   -4.72754397E+00
   7.02591532E-01    9.57789654E-01   -4.54415759E+00
   7.11385508E-01    9.18620677E-01   -4.36507204E+00
   7.20289554E-01    8.80536684E-01   -4.19032863E+00
   7.29305048E-01    8.43531672E-01   -4.01996010E+00
   7.38433383E-01    8.07598562E-01   -3.85399084E+00
   7.47675974E-01    7.72729243E-01   -3.69243709E+00
   7.57034249E-01    7.38914608E-01   -3.53530727E+00
   7.66509657E-01    7.06144595E-01   -3.38260224E+00
   7.76103663E-01    6.74408216E-01   -3.23431553E+00
   7.85817753E-01    6.43693634E-01   -3.09043387E+00
   7.95653429E-01    6.13988156E-01   -2.95093718E+00
   8.05612214E-01    5.85278306E-01   -2.81579914E+00
   8.15695647E-01    5.57549893E-01   -2.68498750E+00
   8.25905289E-01    5.30787983E-01   -2.55846427E+00
   8.36242720E-01    5.04977002E-01   -2.43618616E+00
   8.46709540E-01    4.80100757E-01   -2.31810488E+00
   8.57307367E-01    4.56142524E-01   -2.20416757E+00
   8.68037842E-01    4.33084984E-01   -2.09431681E+00
   8.78902625E-01    4.10910380E-01   -1.98849126E+00
   8.89903396E-01    3.89600492E-01   -1.88662574E+00
   9.01041859E-01    3.69136740E-01   -1.78865177E+00
   9.12319736E-01    3.49500133E-01   -1.69449748E+00
   9.23738772E-01    3.30671396E-01   -1.60408821E+00
   9.35300735E-01    3.12630965E-01   -1.51734664E+00
   9.47007412E-01    2.95359077E-01   -1.43419319E+00
   9.58860616E-01    2.78835732E-01   -1.35454600E+00
   9.70862181E-01    2.63040798E-01   -1.27832147E+00
   9.83013963E-01    2.47954023E-01   -1.20543435E+00
   9.95317843E-01    2.33555079E-01   -1.13579798E+00
   1.00777572E+00    2.19823595E-01   -1.06932458E+00
   1.02038953E+00    2.06739208E-01   -1.00592550E+00
   1.03316122E+00    1.94281560E-01   -9.45511223E-01
   1.04609277E+00    1.82430388E-01   -8.87991905E-01
   1.05918618E+00    1.71165506E-01   -8.33277290E-01
   1.07244346E+00    1.60466860E-01   -7.81277042E-01
   1.08586669E+00    1.50314573E-01   -7.31900983E-01
   1.09945792E+00    1.40688934E-01   -6.85059100E-01
   1.11321927E+00    1.31570465E-01   -6.40661903E-01
   1.12715286E+00    1.22939929E-01   -5.98620494E-01
   1.14126085E+00    1.14778354E-01   -5.58846739E-01
   1.15554543E+00    1.07067070E-01   -5.21253463E-01
   1.17000879E+00    9.97877123E-02   -4.85754522E-01
   1.18465319E+00    9.29222550E-02   -4.52264994E-01
   1.19948089E+00    8.64530321E-02   -4.20701309E-01
   1.21449417E+00    8.03627164E-02   -3.90981190E-01
   1.22969537E+00    7.46344684E-02   -3.63024389E-01
   1.24508683E+00    6.92517077E-02   -3.36751643E-01
   1.26067094E+00    6.41983643E-02   -3.12085885E-01
   1.27645011E+00    5.94587720E-02   -2.88951775E-01
   1.29242678E+00    5.50176923E-02   -2.67275837E-01
   1.30860342E+00    5.08603335E-02   -2.46986581E-01
   1.32498254E+00    4.69723594E-02   -2.28014560E-01
   1.34156666E+00    4.33398773E-02   -2.10292343E-01
   1.35835836E+00    3.99494601E-02   -1.93754635E-01
   1.37536023E+00    3.67881392E-02   -1.78338266E-01
   1.39257491E+00    3.38434054E-02   -1.63982212E-01
   1.41000505E+00    3.11032124E-02   -1.50627624E-01
   1.42765336E+00    2.85559717E-02   -1.38217825E-01
   1.44552256E+00    2.61905509E-02   -1.26698305E-01
   1.46361542E+00    2.39962711E-02   -1.16016730E-01
   1.48193474E+00    2.19629009E-02   -1.06122916E-01
   1.50048336E+00    2.00806494E-02   -9.69688065E-02
   1.51926413E+00    1.83401615E-02   -8.85084583E-02
   1.53827998E+00    1.67325083E-02   -8.06980012E-02
   1.55753384E+00    1.52491852E-02   -7.34956341E-02
   1.57702869E+00    1.38820885E-02   -6.68615167E-02
   1.59676754E+00    1.26235272E-02   -6.07578310E-02
   1.61675346E+00    1.14661897E-02   -5.51486227E-02
   1.63698953E+00    1.04031492E-02   -4.99998298E-02
   1.65747889E+00    9.42785196E-03   -4.52792273E-02
   1.67822469E+00    8.53409408E-03   -4.09563168E-02
   1.69923017E+00    7.71602172E-03   -3.70023265E-02
   1.72049856E+00    6.96811778E-03   -3.33901489E-02
   1.74203315E+00    6.28517297E-03   -3.00941979E-02
   1.76383728E+00    5.66232678E-03   -2.70906113E-02
   1.78591433E+00    5.09496273E-03   -2.43567356E-02
   1.80826770E+00    4.57878595E-03   -2.18715073E-02
   1.83090085E+00    4.10976556E-03   -1.96151693E-02
   1.85381730E+00    3.68413167E-03   -1.75692554E-02
   1.87702057E+00    3.29836429E-03   -1.57165355E-02
   1.90051427E+00    2.94918013E-03   -1.40409497E-02
   1.92430203E+00    2.63352217E-03   -1.25275565E-02
   1.94838753E+00    2.34854763E-03   -1.11624725E-02
   1.97277449E+00    2.09161646E-03   -9.93281538E-03
   1.99746669E+00    1.86028077E-03   -8.82665074E-03
   2.02246796E+00    1.65227462E-03   -7.83294126E-03
   2.04778215E+00    1.46550186E-03   -6.94148609E-03
   2.07341318E+00    1.29802916E-03   -6.14288580E-03
   2.09936503E+00    1.14807232E-03   -5.42847446E-03
   2.12564170E+00    1.01399089E-03   -4.79029232E-03
   2.15224726E+00    8.94276119E-04   -4.22102615E-03
   2.17918583E+00    7.87543766E-04   -3.71397329E-03
   2.20646158E+00    6.92526550E-04   -3.26300389E-03
   2.23407872E+00    6.08063368E-04   -2.86250775E-03
   2.26204153E+00    5.33095387E-04   -2.50737443E-03
   2.29035434E+00    4.66655795E-04   -2.19294277E-03
   2.31902153E+00    4.07865182E-04   -1.91497780E-03
   2.34804753E+00    3.55923661E-04   -1.66963181E-03
   2.37743683E+00    3.10105455E-04   -1.45341763E-03
   2.40719398E+00    2.69752963E-04   -1.26317927E-03
   2.43732359E+00    2.34271342E-04   -1.09606525E-03
   2.46783031E+00    2.03123355E-04   -9.49503256E-04
   2.49871887E+00    1.75824736E-04   -8.21177304E-04
   2.52999405E+00    1.51939579E-04   -7.09005164E-04
   2.56166068E+00    1.31076268E-04   -6.11118370E-04
   2.59372367E+00    1.12883493E-04   -5.25842763E-04
   2.62618798E+00    9.70468597E-05   -4.51681875E-04
   2.65905862E+00    8.32852153E-05   -3.87299054E-04
   2.69234069E+00    7.13478036E-05   -3.31503578E-04
   2.72603933E+00    6.10113073E-05   -2.83236277E-04
   2.76015976E+00    5.20771903E-05   -2.41556632E-04
   2.79470726E+00    4.43693268E-05   -2.05631278E-04
   2.82968717E+00    3.77316984E-05   -1.74722858E-04
   2.86510490E+00    3.20264235E-05   -1.48180500E-04
   2.90096595E+00    2.71318224E-05   -1.25430487E-04
   2.93727584E+00    2.29407700E-05   -1.05968314E-04
   2.97404021E+00    1.93590988E-05   -8.93510150E-05
   3.01126474E+00    1.63042083E-05   -7.51904833E-05
   3.04895519E+00    1.37038386E-05   -6.31475888E-05
   3.08711740E+00    1.14947852E-05   -5.29260373E-05
   3.12575725E+00    9.62200822E-06   -4.42681017E-05
   3.16488075E+00    8.03757500E-06   -3.69495862E-05
   3.20449393E+00    6.69990251E-06   -3.07762115E-05
   3.24460293E+00    5.57293748E-06   -2.55797197E-05
   3.28521396E+00    4.62552372E-06   -2.12148664E-05
   3.32633329E+00    3.83077988E-06   -1.75564719E-05
   3.36796729E+00    3.16556496E-06   -1.44968902E-05
   3.41012240E+00    2.61000308E-06   -1.19437623E-05
   3.45280515E+00    2.14706078E-06   -9.81802076E-06
   3.49602213E+00    1.76218011E-06   -8.05215989E-06
   3.53978004E+00    1.44293124E-06   -6.58860136E-06
   3.58408564E+00    1.17873598E-06   -5.37839444E-06
   3.62894580E+00    9.60620164E-07   -4.38005313E-06
   3.67436744E+00    7.80978336E-07   -3.55845367E-06
   3.72035761E+00    6.33380001E-07   -2.88392790E-06
   3.76692341E+00    5.12406918E-07   -2.33150232E-06
   3.81407205E+00    4.13501647E-07   -1.88019121E-06
   3.86181082E+00    3.32842242E-07   -1.51241241E-06
   3.91014712E+00    2.67229203E-07   -1.21346102E-06
   3.95908842E+00    2.13992790E-07   -9.71078339E-07
   4.00864229E+00    1.70910680E-07   -7.75069455E-07
   4.05881640E+00    1.36139775E-07   -6.16986829E-07
   4.10961852E+00    1.08150300E-07   -4.89825196E-07
   4.16105650E+00    8.56802040E-08   -3.87810409E-07
   4.21313830E+00    6.76917561E-08   -3.06198787E-07
   4.26587198E+00    5.33301843E-08   -2.41086304E-07
   4.31926570E+00    4.18963395E-08   -1.89282445E-07
   4.37332773E+00    3.28196210E-08   -1.48185494E-07
   4.42806642E+00    2.56347414E-08   -1.15675659E-07
   4.48349024E+00    1.99639443E-08   -9.00333332E-08
   4.53960778E+00    1.55012684E-08   -6.98668449E-08
   4.59642772E+00    1.19998920E-08   -5.40544101E-08
   4.65395884E+00    9.26108589E-09   -4.16935218E-08
   4.71221004E+00    7.12525548E-09   -3.20599544E-08
   4.77119035E+00    5.46485321E-09   -2.45753474E-08
   4.83090888E+00    4.17812150E-09   -1.87786275E-08
   4.89137488E+00    3.18409253E-09   -1.43031903E-08
   4.95259770E+00    2.41867704E-09   -1.08590644E-08
   5.01458681E+00    1.83122816E-09   -8.21726150E-09
   5.07735182E+00    1.38184350E-09   -6.19749819E-09
   5.14090241E+00    1.03921586E-09   -4.65842315E-09
   5.20524844E+00    7.78879564E-10   -3.48964973E-09
   5.27039986E+00    5.81746007E-10   -2.60510959E-09
   5.33636674E+00    4.32983147E-10   -1.93797095E-09
   5.40315929E+00    3.21119935E-10   -1.43658008E-09
   5.47078785E+00    2.37305643E-10   -1.06110794E-09
   5.53926289E+00    1.74728608E-10   -7.80920738E-10
   5.60859499E+00    1.28179894E-10   -5.72607196E-10
   5.67879489E+00    9.36829371E-11   -4.18305770E-10
   5.74987344E+00    6.82117172E-11   -3.04432656E-10
   5.82184164E+00    4.94759812E-11   -2.20713022E-10
   5.89471064E+00    3.57477118E-11   -1.59398946E-10
   5.96849169E+00    2.57280353E-11   -1.14670011E-10
   6.04319623E+00    1.84432090E-11   -8.21652203E-11
   6.11883580E+00    1.31677486E-11   -5.86372470E-11
   6.19542212E+00    9.36334557E-12   -4.16779069E-11
   6.27296703E+00    6.63064454E-12   -2.95015986E-11
   6.35148253E+00    4.67600650E-12   -2.07961072E-11
   6.43098076E+00    3.28353303E-12   -1.45971303E-11
   6.51147404E+00    2.29600220E-12   -1.02028088E-11
   6.59297481E+00    1.59852854E-12   -7.10053732E-12
   6.67549568E+00    1.10797394E-12   -4.91955235E-12
   6.75904942E+00    7.64673233E-13   -3.39390308E-12
   6.84364896E+00    5.25351170E-13   -2.33078691E-12
   6.92930739E+00    3.59284009E-13   -1.59338946E-12
   7.01603796E+00    2.44545837E-13   -1.08411935E-12
   7.10385410E+00    1.65704303E-13   -7.34320374E-13
   7.19276938E+00    1.11735553E-13   -4.94970921E-13
   7.28279757E+00    7.50051781E-14   -3.32137767E-13
   7.37395260E+00    5.00923986E-14   -2.21737374E-13
   7.46624856E+00    3.32847624E-14   -1.47283473E-13
   7.55969975E+00    2.20125782E-14   -9.73694889E-14
   7.65432062E+00    1.44890085E-14   -6.40673285E-14
   7.75012581E+00    9.48865950E-15   -4.19420767E-14
   7.84713015E+00    6.17167439E-15   -2.72705746E-14
   7.94534863E+00    4.00480561E-15   -1.76898928E-14
   8.04479647E+00    2.57356587E-15   -1.13638820E-14
   8.14548904E+00    1.65231312E-15   -7.29353667E-15
   8.24744194E+00    1.05228874E-15   -4.64339965E-15
   8.35067092E+00    6.60531157E-16   -2.91364661E-15
   8.45519197E+00    4.18612579E-16   -1.84594034E-15
   8.56102125E+00    2.66039631E-16   -1.17282139E-15
   8.66817515E+00    1.65546973E-16   -7.29571376E-16
   8.77667023E+00    1.02408132E-16   -4.51165316E-16
   8.88652329E+00    6.23692819E-17   -2.74672313E-16
   8.99775133E+00    3.74193608E-17   -1.64729913E-16
   9.11037155E+00    2.30366660E-17   -1.01385441E-16
   9.22440138E+00    1.44554316E-17   -6.36095614E-17
   9.33985846E+00    8.74123814E-18   -3.84567746E-17
   9.45676066E+00    5.16294349E-18   -2.27070959E-17
   9.57512606E+00    3.05262283E-18   -1.34201720E-17
   9.69497298E+00    1.74467231E-18   -7.66583961E-18
   9.81631997E+00    9.42627754E-19   -4.13876777E-18
   9.93918579E+00    5.17006685E-19    0.00000000E+00
   1.00635895E+01    3.28497001E-19    0.00000000E+00
   1.01895502E+01    2.32388795E-19    0.00000000E+00
   1.03170876E+01    1.59957868E-19    0.00000000E+00
   1.04462213E+01    1.04928563E-19    0.00000000E+00
   1.05769712E+01    6.22438487E-20    0.00000000E+00
   1.07093577E+01    2.64324356E-20    0.00000000E+00
   1.08434012E+01    0.00000000E+00    0.00000000E+00
   1.09791225E+01    0.00000000E+00    0.00000000E+00
   1.11165425E+01    0.00000000E+00    0.00000000E+00
   1.12556826E+01    0.00000000E+00    0.00000000E+00
   1.13965642E+01    0.00000000E+00    0.00000000E+00
   1.15392091E+01    0.00000000E+00    0.00000000E+00
   1.16836394E+01    0.00000000E+00    0.00000000E+00
   1.18298775E+01    0.00000000E+00    0.00000000E+00
   1.19779460E+01    0.00000000E+00    0.00000000E+00
   1.21278678E+01    0.00000000E+00    0.00000000E+00
   1.22796661E+01    0.00000000E+00    0.00000000E+00
   1.24333643E+01    0.00000000E+00    0.00000000E+00
   1.25889863E+01    0.00000000E+00    0.00000000E+00
   1.27465562E+01    0.00000000E+00    0.00000000E+00
   1.29060983E+01    0.00000000E+00    0.00000000E+00
   1.30676373E+01    0.00000000E+00    0.00000000E+00
   1.32311981E+01    0.00000000E+00    0.00000000E+00
   1.33968062E+01    0.00000000E+00    0.00000000E+00
   1.35644872E+01    0.00000000E+00    0.00000000E+00
   1.37342669E+01    0.00000000E+00    0.00000000E+00
   1.39061716E+01    0.00000000E+00    0.00000000E+00
   1.40802280E+01    0.00000000E+00    0.00000000E+00
   1.42564630E+01    0.00000000E+00    0.00000000E+00
   1.44349038E+01    0.00000000E+00    0.00000000E+00
   1.46155780E+01    0.00000000E+00    0.00000000E+00
   1.47985137E+01    0.00000000E+00    0.00000000E+00
   1.49837391E+01    0.00000000E+00    0.00000000E+00
   1.51712828E+01    0.00000000E+00    0.00000000E+00
   1.53611739E+01    0.00000000E+00    0.00000000E+00
   1.55534419E+01    0.00000000E+00    0.00000000E+00
   1.57481163E+01    0.00000000E+00    0.00000000E+00
   1.59452273E+01    0.00000000E+00    0.00000000E+00
   1.61448055E+01    0.00000000E+00    0.00000000E+00
   1.63468818E+01    0.00000000E+00    0.00000000E+00
   1.65514873E+01    0.00000000E+00    0.00000000E+00
   1.67586537E+01    0.00000000E+00    0.00000000E+00
   1.69684131E+01    0.00000000E+00    0.00000000E+00
   1.71807980E+01    0.00000000E+00    0.00000000E+00
   1.73958412E+01    0.00000000E+00    0.00000000E+00
   1.76135760E+01    0.00000000E+00    0.00000000E+00
   1.78340361E+01    0.00000000E+00    0.00000000E+00
   1.80572555E+01    0.00000000E+00    0.00000000E+00
   1.82832689E+01    0.00000000E+00    0.00000000E+00
   1.85121111E+01    0.00000000E+00    0.00000000E+00
   1.87438177E+01    0.00000000E+00    0.00000000E+00
   1.89784244E+01    0.00000000E+00    0.00000000E+00
   1.92159676E+01    0.00000000E+00    0.00000000E+00
   1.94564840E+01    0.00000000E+00    0.00000000E+00
   1.97000108E+01    0.00000000E+00    0.00000000E+00
   1.99465856E+01    0.00000000E+00    0.00000000E+00
   2.01962468E+01    0.00000000E+00    0.00000000E+00
   2.04490328E+01    0.00000000E+00    0.00000000E+00
   2.07049828E+01    0.00000000E+00    0.00000000E+00
   2.09641364E+01    0.00000000E+00    0.00000000E+00
   2.12265337E+01    0.00000000E+00    0.00000000E+00
   2.14922153E+01    0.00000000E+00    0.00000000E+00
   2.17612223E+01    0.00000000E+00    0.00000000E+00
   2.20335963E+01    0.00000000E+00    0.00000000E+00
   2.23093795E+01    0.00000000E+00    0.00000000E+00
   2.25886145E+01    0.00000000E+00    0.00000000E+00
   2.28713446E+01    0.00000000E+00    0.00000000E+00
   2.31576134E+01    0.00000000E+00    0.00000000E+00
   2.34474653E+01    0.00000000E+00    0.00000000E+00
   2.37409452E+01    0.00000000E+00    0.00000000E+00
   2.40380984E+01    0.00000000E+00    0.00000000E+00
   2.43389709E+01    0.00000000E+00    0.00000000E+00
   2.46436092E+01    0.00000000E+00    0.00000000E+00
   2.49520606E+01    0.00000000E+00    0.00000000E+00
   2.52643727E+01    0.00000000E+00    0.00000000E+00
   2.55805938E+01    0.00000000E+00    0.00000000E+00
   2.59007730E+01    0.00000000E+00    0.00000000E+00
   2.62249596E+01    0.00000000E+00    0.00000000E+00
   2.65532039E+01    0.00000000E+00    0.00000000E+00
   2.68855567E+01    0.00000000E+00    0.00000000E+00
   2.72220694E+01    0.00000000E+00    0.00000000E+00
   2.75627940E+01    0.00000000E+00    0.00000000E+00
   2.79077833E+01    0.00000000E+00    0.00000000E+00
   2.82570906E+01    0.00000000E+00    0.00000000E+00
   2.86107701E+01    0.00000000E+00    0.00000000E+00
   2.89688764E+01    0.00000000E+00    0.00000000E+00
   2.93314649E+01    0.00000000E+00    0.00000000E+00
   2.96985917E+01    0.00000000E+00    0.00000000E+00
   3.00703137E+01    0.00000000E+00    0.00000000E+00
   3.04466883E+01    0.00000000E+00    0.00000000E+00
   3.08277738E+01    0.00000000E+00    0.00000000E+00
   3.12136292E+01    0.00000000E+00    0.00000000E+00
   3.16043141E+01    0.00000000E+00    0.00000000E+00
   3.19998891E+01    0.00000000E+00    0.00000000E+00
   3.24004152E+01    0.00000000E+00    0.00000000E+00
   3.28059545E+01    0.00000000E+00    0.00000000E+00
   3.32165697E+01    0.00000000E+00    0.00000000E+00
   3.36323244E+01    0.00000000E+00    0.00000000E+00
   3.40532829E+01    0.00000000E+00    0.00000000E+00
   3.44795103E+01    0.00000000E+00    0.00000000E+00
   3.49110726E+01    0.00000000E+00    0.00000000E+00
   3.53480365E+01    0.00000000E+00    0.00000000E+00
   3.57904697E+01    0.00000000E+00    0.00000000E+00
   3.62384406E+01    0.00000000E+00    0.00000000E+00
   3.66920185E+01    0.00000000E+00    0.00000000E+00
   3.71512736E+01    0.00000000E+00    0.00000000E+00
   3.76162769E+01    0.00000000E+00    0.00000000E+00
   3.80871005E+01    0.00000000E+00    0.00000000E+00
   3.85638171E+01    0.00000000E+00    0.00000000E+00
   3.90465006E+01    0.00000000E+00    0.00000000E+00
   3.95352255E+01    0.00000000E+00    0.00000000E+00
   4.00300676E+01    0.00000000E+00    0.00000000E+00
   4.05311033E+01    0.00000000E+00    0.00000000E+00
   4.10384103E+01    0.00000000E+00    0.00000000E+00
   4.15520669E+01    0.00000000E+00    0.00000000E+00
   4.20721527E+01    0.00000000E+00    0.00000000E+00
   4.25987482E+01    0.00000000E+00    0.00000000E+00
   4.31319348E+01    0.00000000E+00    0.00000000E+00
   4.36717950E+01    0.00000000E+00    0.00000000E+00
   4.42184124E+01    0.00000000E+00    0.00000000E+00
   4.47718715E+01    0.00000000E+00    0.00000000E+00
   4.53322579E+01    0.00000000E+00    0.00000000E+00
   4.58996585E+01    0.00000000E+00    0.00000000E+00
   4.64741609E+01    0.00000000E+00    0.00000000E+00
   4.70558540E+01    0.00000000E+00    0.00000000E+00
   4.76448279E+01    0.00000000E+00    0.00000000E+00
   4.82411737E+01    0.00000000E+00    0.00000000E+00
   4.88449836E+01    0.00000000E+00    0.00000000E+00
   4.94563511E+01    0.00000000E+00    0.00000000E+00
   5.00753708E+01    0.00000000E+00    0.00000000E+00
   5.07021384E+01    0.00000000E+00    0.00000000E+00
   5.13367510E+01    0.00000000E+00    0.00000000E+00
   5.19793066E+01    0.00000000E+00    0.00000000E+00
   5.26299049E+01    0.00000000E+00    0.00000000E+00
   5.32886463E+01    0.00000000E+00    0.00000000E+00
   5.39556328E+01    0.00000000E+00    0.00000000E+00
   5.46309677E+01    0.00000000E+00    0.00000000E+00
   5.53147554E+01    0.00000000E+00    0.00000000E+00
   5.60071017E+01    0.00000000E+00    0.00000000E+00
   5.67081137E+01    0.00000000E+00    0.00000000E+00
   5.74179000E+01    0.00000000E+00    0.00000000E+00
   5.81365703E+01    0.00000000E+00    0.00000000E+00
   5.88642358E+01    0.00000000E+00    0.00000000E+00
   5.96010091E+01    0.00000000E+00    0.00000000E+00
   6.03470043E+01    0.00000000E+00    0.00000000E+00
   6.11023366E+01    0.00000000E+00    0.00000000E+00
   6.18671231E+01    0.00000000E+00    0.00000000E+00
   6.26414821E+01    0.00000000E+00    0.00000000E+00
   6.34255332E+01    0.00000000E+00    0.00000000E+00
   6.42193980E+01    0.00000000E+00    0.00000000E+00
   6.50231991E+01    0.00000000E+00    0.00000000E+00
   6.58370610E+01    0.00000000E+00    0.00000000E+00
   6.66611096E+01    0.00000000E+00    0.00000000E+00
   6.74954724E+01    0.00000000E+00    0.00000000E+00
   6.83402784E+01    0.00000000E+00    0.00000000E+00
   6.91956585E+01    0.00000000E+00    0.00000000E+00
   7.00617449E+01    0.00000000E+00    0.00000000E+00
   7.09386717E+01    0.00000000E+00    0.00000000E+00
   7.18265745E+01    0.00000000E+00    0.00000000E+00
   7.27255908E+01    0.00000000E+00    0.00000000E+00
   7.36358596E+01    0.00000000E+00    0.00000000E+00
   7.45575217E+01    0.00000000E+00    0.00000000E+00
   7.54907198E+01    0.00000000E+00    0.00000000E+00
   7.64355983E+01    0.00000000E+00    0.00000000E+00
   7.73923033E+01    0.00000000E+00    0.00000000E+00
   7.83609829E+01    0.00000000E+00    0.00000000E+00
   7.93417870E+01    0.00000000E+00    0.00000000E+00
   8.03348673E+01    0.00000000E+00    0.00000000E+00
   8.13403774E+01    0.00000000E+00    0.00000000E+00
   8.23584730E+01    0.00000000E+00    0.00000000E+00
   8.33893116E+01    0.00000000E+00    0.00000000E+00
   8.44330527E+01    0.00000000E+00    0.00000000E+00
   8.54898577E+01    0.00000000E+00    0.00000000E+00
   8.65598903E+01    0.00000000E+00    0.00000000E+00
   8.76433158E+01    0.00000000E+00    0.00000000E+00
   8.87403021E+01    0.00000000E+00    0.00000000E+00
   8.98510188E+01    0.00000000E+00    0.00000000E+00
   9.09756377E+01    0.00000000E+00    0.00000000E+00
   9.21143329E+01    0.00000000E+00    0.00000000E+00
   9.32672806E+01    0.00000000E+00    0.00000000E+00
   9.44346591E+01    0.00000000E+00    0.00000000E+00
   9.56166491E+01    0.00000000E+00    0.00000000E+00
   9.68134335E+01    0.00000000E+00    0.00000000E+00
   9.80251973E+01    0.00000000E+00    0.00000000E+00
   9.92521283E+01    0.00000000E+00    0.00000000E+00
   1.00494416E+02    0.00000000E+00    0.00000000E+00
   1.01752253E+02    0.00000000E+00    0.00000000E+00
   1.03025833E+02    0.00000000E+00    0.00000000E+00
   1.04315355E+02    0.00000000E+00    0.00000000E+00
   1.05621016E+02    0.00000000E+00    0.00000000E+00
   1.06943020E+02    0.00000000E+00    0.00000000E+00
   1.08281571E+02    0.00000000E+00    0.00000000E+00
   1.09636876E+02    0.00000000E+00    0.00000000E+00
   1.11009144E+02    0.00000000E+00    0.00000000E+00
   1.12398588E+02    0.00000000E+00    0.00000000E+00
   1.13805423E+02    0.00000000E+00    0.00000000E+00
   1.15229867E+02    0.00000000E+00    0.00000000E+00
   1.16672140E+02    0.00000000E+00    0.00000000E+00
   1.18132465E+02    0.00000000E+00    0.00000000E+00
   1.19611069E+02    0.00000000E+00    0.00000000E+00
   1.21108179E+02    0.00000000E+00    0.00000000E+00
   1.22624027E+02    0.00000000E+00    0.00000000E+00
   1.24158849E+02    0.00000000E+00    0.00000000E+00
   1.25712882E+02    0.00000000E+00    0.00000000E+00
   1.27286365E+02    0.00000000E+00    0.00000000E+00
   1.28879543E+02    0.00000000E+00    0.00000000E+00
   1.30492662E+02    0.00000000E+00    0.00000000E+00
   1.32125971E+02    0.00000000E+00    0.00000000E+00
   1.33779724E+02    0.00000000E+00    0.00000000E+00
   1.35454176E+02    0.00000000E+00    0.00000000E+00
   1.37149586E+02    0.00000000E+00    0.00000000E+00
   1.38866217E+02    0.00000000E+00    0.00000000E+00
   1.40604334E+02    0.00000000E+00    0.00000000E+00
   1.42364206E+02    0.00000000E+00    0.00000000E+00
   1.44146105E+02    0.00000000E+00    0.00000000E+00
   1.45950308E+02    0.00000000E+00    0.00000000E+00
   1.47777093E+02    0.00000000E+00    0.00000000E+00
   1.49626742E+02    0.00000000E+00    0.00000000E+00
   1.51499543E+02    0.00000000E+00    0.00000000E+00
   1.53395785E+02    0.00000000E+00    0.00000000E+00
   1.55315761E+02    0.00000000E+00    0.00000000E+00
   1.57259768E+02    0.00000000E+00    0.00000000E+00
   1.59228108E+02    0.00000000E+00    0.00000000E+00
   1.61221084E+02    0.00000000E+00    0.00000000E+00
   1.63239006E+02    0.00000000E+00    0.00000000E+00
   1.65282184E+02    0.00000000E+00    0.00000000E+00
   1.67350936E+02    0.00000000E+00    0.00000000E+00
   1.69445582E+02    0.00000000E+00    0.00000000E+00
   1.71566445E+02    0.00000000E+00    0.00000000E+00
   1.73713854E+02    0.00000000E+00    0.00000000E+00
   1.75888140E+02    0.00000000E+00    0.00000000E+00
   1.78089642E+02    0.00000000E+00    0.00000000E+00
   1.80318698E+02    0.00000000E+00    0.00000000E+00
   1.82575654E+02    0.00000000E+00    0.00000000E+00
   1.84860860E+02    0.00000000E+00    0.00000000E+00
   1.87174668E+02    0.00000000E+00    0.00000000E+00
   1.89517437E+02    0.00000000E+00    0.00000000E+00
   1.91889529E+02    0.00000000E+00    0.00000000E+00
   1.94291311E+02    0.00000000E+00    0.00000000E+00
   1.96723156E+02    0.00000000E+00    0.00000000E+00
