# Peaks:   194.291311  
   6.55743836E-05    5.98758339E-19    2.38254374E-14
   6.63951444E-05    6.19035433E-19    2.43277947E-14
   6.72261782E-05    6.39651913E-19    2.48281180E-14
   6.80676137E-05    6.60702662E-19    2.53296750E-14
   6.89195809E-05    6.82289398E-19    2.58358228E-14
   6.97822118E-05    7.04521028E-19    2.63500111E-14
   7.06556398E-05    7.27514022E-19    2.68757858E-14
   7.15400001E-05    7.51372740E-19    2.74160976E-14
   7.24354294E-05    7.76121592E-19    2.79710135E-14
   7.33420664E-05    8.01762129E-19    2.85398092E-14
   7.42600513E-05    8.28294746E-19    2.91217394E-14
   7.51895261E-05    8.55718609E-19    2.97160374E-14
   7.61306347E-05    8.84031942E-19    3.03219260E-14
   7.70835226E-05    9.13248424E-19    3.09391475E-14
   7.80483374E-05    9.43405050E-19    3.15681838E-14
   7.90252283E-05    9.74542108E-19    3.22095843E-14
   8.00143463E-05    1.00670164E-18    3.28639127E-14
   8.10158447E-05    1.03992753E-18    3.35317480E-14
   8.20298783E-05    1.07426313E-18    3.42136107E-14
   8.30566041E-05    1.10974473E-18    3.49097671E-14
   8.40961808E-05    1.14640779E-18    3.56204294E-14
   8.51487694E-05    1.18428886E-18    3.63458150E-14
   8.62145327E-05    1.22342563E-18    3.70861461E-14
   8.72936356E-05    1.26385712E-18    3.78416559E-14
   8.83862451E-05    1.30562573E-18    3.86126424E-14
   8.94925302E-05    1.34877667E-18    3.93994503E-14
   9.06126621E-05    1.39335679E-18    4.02024338E-14
   9.17468142E-05    1.43941452E-18    4.10219558E-14
   9.28951618E-05    1.48700000E-18    4.18583882E-14
   9.40578827E-05    1.53616457E-18    4.27120971E-14
   9.52351568E-05    1.58696061E-18    4.35834366E-14
   9.64271662E-05    1.63944220E-18    4.44727684E-14
   9.76340954E-05    1.69366527E-18    4.53804631E-14
   9.88561311E-05    1.74968762E-18    4.63069007E-14
   1.00093462E-04    1.80756910E-18    4.72524712E-14
   1.01346281E-04    1.86737168E-18    4.82175750E-14
   1.02614780E-04    1.92915946E-18    4.92026233E-14
   1.03899156E-04    1.99299875E-18    5.02080372E-14
   1.05199608E-04    2.05895809E-18    5.12342488E-14
   1.06516338E-04    2.12710835E-18    5.22816990E-14
   1.07849548E-04    2.19752259E-18    5.33508327E-14
   1.09199445E-04    2.27027632E-18    5.44421044E-14
   1.10566238E-04    2.34544762E-18    5.55559800E-14
   1.11950139E-04    2.42311725E-18    5.66929373E-14
   1.13351361E-04    2.50336870E-18    5.78534652E-14
   1.14770122E-04    2.58628816E-18    5.90380591E-14
   1.16206640E-04    2.67196474E-18    6.02472254E-14
   1.17661139E-04    2.76049059E-18    6.14814834E-14
   1.19133843E-04    2.85196102E-18    6.27413655E-14
   1.20624980E-04    2.94647455E-18    6.40274166E-14
   1.22134781E-04    3.04413291E-18    6.53401886E-14
   1.23663479E-04    3.14504122E-18    6.66802450E-14
   1.25211311E-04    3.24930822E-18    6.80481636E-14
   1.26778517E-04    3.35704635E-18    6.94445370E-14
   1.28365338E-04    3.46837188E-18    7.08699719E-14
   1.29972021E-04    3.58340486E-18    7.23250828E-14
   1.31598814E-04    3.70226937E-18    7.38104974E-14
   1.33245968E-04    3.82509375E-18    7.53268594E-14
   1.34913739E-04    3.95201073E-18    7.68748290E-14
   1.36602385E-04    4.08315755E-18    7.84550819E-14
   1.38312167E-04    4.21867590E-18    8.00683025E-14
   1.40043349E-04    4.35871230E-18    8.17151904E-14
   1.41796200E-04    4.50341824E-18    8.33964630E-14
   1.43570990E-04    4.65295043E-18    8.51128559E-14
   1.45367994E-04    4.80747088E-18    8.68651219E-14
   1.47187490E-04    4.96714692E-18    8.86540234E-14
   1.49029760E-04    5.13215152E-18    9.04803402E-14
   1.50895089E-04    5.30266362E-18    9.23448723E-14
   1.52783765E-04    5.47886826E-18    9.42484403E-14
   1.54696081E-04    5.66095676E-18    9.61918824E-14
   1.56632332E-04    5.84912673E-18    9.81760484E-14
   1.58592818E-04    6.04358248E-18    1.00201808E-13
   1.60577843E-04    6.24453537E-18    1.02270054E-13
   1.62587713E-04    6.45220399E-18    1.04381702E-13
   1.64622740E-04    6.66681431E-18    1.06537685E-13
   1.66683238E-04    6.88859975E-18    1.08738951E-13
   1.68769526E-04    7.11780172E-18    1.10986470E-13
   1.70881927E-04    7.35466994E-18    1.13281240E-13
   1.73020768E-04    7.59946270E-18    1.15624281E-13
   1.75186380E-04    7.85244694E-18    1.18016633E-13
   1.77379098E-04    8.11389849E-18    1.20459355E-13
   1.79599261E-04    8.38410265E-18    1.22953528E-13
   1.81847212E-04    8.66335456E-18    1.25500268E-13
   1.84123300E-04    8.95195950E-18    1.28100713E-13
   1.86427876E-04    9.25023288E-18    1.30756022E-13
   1.88761298E-04    9.55850074E-18    1.33467375E-13
   1.91123926E-04    9.87710037E-18    1.36235984E-13
   1.93516126E-04    1.02063807E-17    1.39063092E-13
   1.95938268E-04    1.05467026E-17    1.41949972E-13
   1.98390726E-04    1.08984388E-17    1.44897913E-13
   2.00873881E-04    1.12619749E-17    1.47908236E-13
   2.03388115E-04    1.16377098E-17    1.50982295E-13
   2.05933820E-04    1.20260561E-17    1.54121480E-13
   2.08511387E-04    1.24274403E-17    1.57327208E-13
   2.11121217E-04    1.28423035E-17    1.60600920E-13
   2.13763713E-04    1.32711015E-17    1.63944093E-13
   2.16439283E-04    1.37143061E-17    1.67358240E-13
   2.19148342E-04    1.41724055E-17    1.70844915E-13
   2.21891309E-04    1.46459042E-17    1.74405699E-13
   2.24668608E-04    1.51353236E-17    1.78042202E-13
   2.27480669E-04    1.56412034E-17    1.81756074E-13
   2.30327928E-04    1.61641017E-17    1.85549011E-13
   2.33210824E-04    1.67045961E-17    1.89422749E-13
   2.36129804E-04    1.72632833E-17    1.93379049E-13
   2.39085319E-04    1.78407804E-17    1.97419712E-13
   2.42077827E-04    1.84377262E-17    2.01546588E-13
   2.45107790E-04    1.90547813E-17    2.05761574E-13
   2.48175678E-04    1.96926290E-17    2.10066607E-13
   2.51281965E-04    2.03519757E-17    2.14463653E-13
   2.54427132E-04    2.10335519E-17    2.18954732E-13
   2.57611666E-04    2.17381137E-17    2.23541912E-13
   2.60836058E-04    2.24664434E-17    2.28227319E-13
   2.64100809E-04    2.32193497E-17    2.33013110E-13
   2.67406423E-04    2.39976688E-17    2.37901488E-13
   2.70753411E-04    2.48022660E-17    2.42894714E-13
   2.74142292E-04    2.56340368E-17    2.47995108E-13
   2.77573590E-04    2.64939073E-17    2.53205043E-13
   2.81047836E-04    2.73828352E-17    2.58526929E-13
   2.84565567E-04    2.83018109E-17    2.63963235E-13
   2.88127327E-04    2.92518596E-17    2.69516494E-13
   2.91733669E-04    3.02340421E-17    2.75189307E-13
   2.95385149E-04    3.12494551E-17    2.80984320E-13
   2.99082333E-04    3.22992331E-17    2.86904231E-13
   3.02825792E-04    3.33845499E-17    2.92951809E-13
   3.06616107E-04    3.45066202E-17    2.99129896E-13
   3.10453863E-04    3.56667009E-17    3.05441401E-13
   3.14339654E-04    3.68660915E-17    3.11889278E-13
   3.18274081E-04    3.81061364E-17    3.18476552E-13
   3.22257754E-04    3.93882270E-17    3.25206331E-13
   3.26291289E-04    4.07138034E-17    3.32081802E-13
   3.30375309E-04    4.20843548E-17    3.39106210E-13
   3.34510446E-04    4.35014217E-17    3.46282867E-13
   3.38697341E-04    4.49665980E-17    3.53615166E-13
   3.42936641E-04    4.64815339E-17    3.61106595E-13
   3.47229003E-04    4.80479366E-17    3.68760722E-13
   3.51575089E-04    4.96675713E-17    3.76581173E-13
   3.55975574E-04    5.13422651E-17    3.84571663E-13
   3.60431137E-04    5.30739088E-17    3.92736004E-13
   3.64942468E-04    5.48644594E-17    4.01078108E-13
   3.69510264E-04    5.67159411E-17    4.09601961E-13
   3.74135234E-04    5.86304481E-17    4.18311626E-13
   3.78818092E-04    6.06101478E-17    4.27211276E-13
   3.83559563E-04    6.26572837E-17    4.36305193E-13
   3.88360381E-04    6.47741776E-17    4.45597758E-13
   3.93221288E-04    6.69632305E-17    4.55093424E-13
   3.98143036E-04    6.92269276E-17    4.64796758E-13
   4.03126387E-04    7.15678414E-17    4.74712448E-13
   4.08172113E-04    7.39886347E-17    4.84845300E-13
   4.13280993E-04    7.64920619E-17    4.95200207E-13
   4.18453818E-04    7.90809731E-17    5.05782168E-13
   4.23691389E-04    8.17583187E-17    5.16596316E-13
   4.28994516E-04    8.45271530E-17    5.27647918E-13
   4.34364020E-04    8.73906366E-17    5.38942353E-13
   4.39800730E-04    9.03520390E-17    5.50485100E-13
   4.45305490E-04    9.34147449E-17    5.62281779E-13
   4.50879149E-04    9.65822584E-17    5.74338161E-13
   4.56522571E-04    9.98582064E-17    5.86660155E-13
   4.62236629E-04    1.03246341E-16    5.99253774E-13
   4.68022207E-04    1.06750546E-16    6.12125176E-13
   4.73880200E-04    1.10374842E-16    6.25280681E-13
   4.79811515E-04    1.14123393E-16    6.38726776E-13
   4.85817068E-04    1.18000505E-16    6.52470067E-13
   4.91897790E-04    1.22010635E-16    6.66517304E-13
   4.98054622E-04    1.26158400E-16    6.80875413E-13
   5.04288515E-04    1.30448576E-16    6.95551504E-13
   5.10600434E-04    1.34886111E-16    7.10552843E-13
   5.16991357E-04    1.39476121E-16    7.25886832E-13
   5.23462272E-04    1.44223905E-16    7.41561063E-13
   5.30014179E-04    1.49134949E-16    7.57583329E-13
   5.36648094E-04    1.54214932E-16    7.73961615E-13
   5.43365042E-04    1.59469732E-16    7.90704049E-13
   5.50166062E-04    1.64905432E-16    8.07818955E-13
   5.57052208E-04    1.70528334E-16    8.25314877E-13
   5.64024543E-04    1.76344959E-16    8.43200580E-13
   5.71084148E-04    1.82362060E-16    8.61484998E-13
   5.78232114E-04    1.88586624E-16    8.80177261E-13
   5.85469548E-04    1.95025888E-16    8.99286739E-13
   5.92797569E-04    2.01687346E-16    9.18823047E-13
   6.00217310E-04    2.08578754E-16    9.38796009E-13
   6.07729921E-04    2.15708142E-16    9.59215643E-13
   6.15336564E-04    2.23083824E-16    9.80092228E-13
   6.23038415E-04    2.30714408E-16    1.00143631E-12
   6.30836666E-04    2.38608811E-16    1.02325869E-12
   6.38732524E-04    2.46776259E-16    1.04557037E-12
   6.46727210E-04    2.55226305E-16    1.06838262E-12
   6.54821961E-04    2.63968844E-16    1.09170702E-12
   6.63018030E-04    2.73014124E-16    1.11555542E-12
   6.71316686E-04    2.82372749E-16    1.13993992E-12
   6.79719211E-04    2.92055701E-16    1.16487290E-12
   6.88226906E-04    3.02074354E-16    1.19036704E-12
   6.96841088E-04    3.12440487E-16    1.21643538E-12
   7.05563089E-04    3.23166294E-16    1.24309120E-12
   7.14394259E-04    3.34264400E-16    1.27034809E-12
   7.23335964E-04    3.45747883E-16    1.29821998E-12
   7.32389588E-04    3.57630284E-16    1.32672117E-12
   7.41556531E-04    3.69925629E-16    1.35586628E-12
   7.50838212E-04    3.82648434E-16    1.38567021E-12
   7.60236068E-04    3.95813738E-16    1.41614827E-12
   7.69751551E-04    4.09437115E-16    1.44731614E-12
   7.79386135E-04    4.23534695E-16    1.47918990E-12
   7.89141310E-04    4.38123178E-16    1.51178592E-12
   7.99018585E-04    4.53219858E-16    1.54512100E-12
   8.09019489E-04    4.68842652E-16    1.57921236E-12
   8.19145570E-04    4.85010114E-16    1.61407765E-12
   8.29398393E-04    5.01741457E-16    1.64973489E-12
   8.39779545E-04    5.19056576E-16    1.68620251E-12
   8.50290634E-04    5.36976084E-16    1.72349942E-12
   8.60933284E-04    5.55521331E-16    1.76164500E-12
   8.71709142E-04    5.74714422E-16    1.80065907E-12
   8.82619877E-04    5.94578253E-16    1.84056185E-12
   8.93667175E-04    6.15136539E-16    1.88137412E-12
   9.04852747E-04    6.36413851E-16    1.92311717E-12
   9.16178323E-04    6.58435631E-16    1.96581276E-12
   9.27645655E-04    6.81228227E-16    2.00948313E-12
   9.39256518E-04    7.04818935E-16    2.05415108E-12
   9.51012708E-04    7.29236034E-16    2.09984000E-12
   9.62916044E-04    7.54508811E-16    2.14657380E-12
   9.74968369E-04    7.80667595E-16    2.19437692E-12
   9.87171546E-04    8.07743807E-16    2.24327439E-12
   9.99527464E-04    8.35769999E-16    2.29329190E-12
   1.01203803E-03    8.64779892E-16    2.34445574E-12
   1.02470519E-03    8.94808401E-16    2.39679275E-12
   1.03753090E-03    9.25891703E-16    2.45033042E-12
   1.05051714E-03    9.58067277E-16    2.50509697E-12
   1.06366592E-03    9.91373949E-16    2.56112127E-12
   1.07697928E-03    1.02585193E-15    2.61843283E-12
   1.09045928E-03    1.06154287E-15    2.67706184E-12
   1.10410799E-03    1.09848993E-15    2.73703929E-12
   1.11792754E-03    1.13673783E-15    2.79839691E-12
   1.13192007E-03    1.17633286E-15    2.86116710E-12
   1.14608773E-03    1.21732302E-15    2.92538305E-12
   1.16043272E-03    1.25975799E-15    2.99107878E-12
   1.17495726E-03    1.30368929E-15    3.05828915E-12
   1.18966359E-03    1.34917025E-15    3.12704976E-12
   1.20455400E-03    1.39625614E-15    3.19739708E-12
   1.21963078E-03    1.44500420E-15    3.26936844E-12
   1.23489627E-03    1.49547377E-15    3.34300217E-12
   1.25035283E-03    1.54772629E-15    3.41833737E-12
   1.26600285E-03    1.60182543E-15    3.49541409E-12
   1.28184876E-03    1.65783713E-15    3.57427335E-12
   1.29789300E-03    1.71582977E-15    3.65495722E-12
   1.31413806E-03    1.77587413E-15    3.73750868E-12
   1.33058645E-03    1.83804355E-15    3.82197172E-12
   1.34724071E-03    1.90241405E-15    3.90839139E-12
   1.36410343E-03    1.96906437E-15    3.99681389E-12
   1.38117721E-03    2.03807611E-15    4.08728644E-12
   1.39846470E-03    2.10953377E-15    4.17985735E-12
   1.41596856E-03    2.18352493E-15    4.27457610E-12
   1.43369151E-03    2.26014034E-15    4.37149342E-12
   1.45163629E-03    2.33947405E-15    4.47066119E-12
   1.46980567E-03    2.42162343E-15    4.57213245E-12
   1.48820247E-03    2.50668941E-15    4.67596156E-12
   1.50682954E-03    2.59477660E-15    4.78220420E-12
   1.52568974E-03    2.68599335E-15    4.89091736E-12
   1.54478602E-03    2.78045193E-15    5.00215930E-12
   1.56412131E-03    2.87826866E-15    5.11598970E-12
   1.58369861E-03    2.97956410E-15    5.23246970E-12
   1.60352095E-03    3.08446316E-15    5.35166188E-12
   1.62359140E-03    3.19309522E-15    5.47363022E-12
   1.64391305E-03    3.30559438E-15    5.59844024E-12
   1.66448907E-03    3.42209960E-15    5.72615906E-12
   1.68532262E-03    3.54275488E-15    5.85685541E-12
   1.70641693E-03    3.66770937E-15    5.99059953E-12
   1.72777528E-03    3.79711763E-15    6.12746334E-12
   1.74940095E-03    3.93113987E-15    6.26752053E-12
   1.77129730E-03    4.06994210E-15    6.41084655E-12
   1.79346772E-03    4.21369625E-15    6.55751851E-12
   1.81591563E-03    4.36258053E-15    6.70761537E-12
   1.83864451E-03    4.51677961E-15    6.86121799E-12
   1.86165788E-03    4.67648489E-15    7.01840920E-12
   1.88495929E-03    4.84189461E-15    7.17927365E-12
   1.90855235E-03    5.01321420E-15    7.34389797E-12
   1.93244072E-03    5.19065660E-15    7.51237095E-12
   1.95662809E-03    5.37444248E-15    7.68478345E-12
   1.98111819E-03    5.56480039E-15    7.86122837E-12
   2.00591483E-03    5.76196720E-15    8.04180080E-12
   2.03102183E-03    5.96618841E-15    8.22659815E-12
   2.05644309E-03    6.17771845E-15    8.41572011E-12
   2.08218252E-03    6.39682087E-15    8.60926864E-12
   2.10824413E-03    6.62376875E-15    8.80734806E-12
   2.13463194E-03    6.85884517E-15    9.01006522E-12
   2.16135003E-03    7.10234350E-15    9.21752951E-12
   2.18840253E-03    7.35456760E-15    9.42985275E-12
   2.21579364E-03    7.61583237E-15    9.64714940E-12
   2.24352759E-03    7.88646420E-15    9.86953666E-12
   2.27160867E-03    8.16680136E-15    1.00971345E-11
   2.30004122E-03    8.45719424E-15    1.03300655E-11
   2.32882965E-03    8.75800590E-15    1.05684554E-11
   2.35797842E-03    9.06961269E-15    1.08124325E-11
   2.38749202E-03    9.39240468E-15    1.10621284E-11
   2.41737502E-03    9.72678585E-15    1.13176776E-11
   2.44763206E-03    1.00731749E-14    1.15792178E-11
   2.47826781E-03    1.04320057E-14    1.18468899E-11
   2.50928702E-03    1.08037280E-14    1.21208381E-11
   2.54069447E-03    1.11888077E-14    1.24012097E-11
   2.57249503E-03    1.15877275E-14    1.26881558E-11
   2.60469363E-03    1.20009877E-14    1.29818308E-11
   2.63729524E-03    1.24291070E-14    1.32823926E-11
   2.67030490E-03    1.28726224E-14    1.35900030E-11
   2.70372774E-03    1.33320904E-14    1.39048272E-11
   2.73756890E-03    1.38080881E-14    1.42270345E-11
   2.77183364E-03    1.43012134E-14    1.45567980E-11
   2.80652726E-03    1.48120854E-14    1.48942949E-11
   2.84165511E-03    1.53413459E-14    1.52397063E-11
   2.87722265E-03    1.58896601E-14    1.55932176E-11
   2.91323536E-03    1.64577173E-14    1.59550185E-11
   2.94969883E-03    1.70462315E-14    1.63253028E-11
   2.98661869E-03    1.76559425E-14    1.67042691E-11
   3.02400066E-03    1.82876173E-14    1.70921204E-11
   3.06185052E-03    1.89420504E-14    1.74890643E-11
   3.10017412E-03    1.96200651E-14    1.78953132E-11
   3.13897741E-03    2.03225141E-14    1.83110845E-11
   3.17826637E-03    2.10502816E-14    1.87366002E-11
   3.21804709E-03    2.18042838E-14    1.91720879E-11
   3.25832573E-03    2.25854694E-14    1.96177799E-11
   3.29910852E-03    2.33948215E-14    2.00739141E-11
   3.34040176E-03    2.42333595E-14    2.05407336E-11
   3.38221185E-03    2.51021392E-14    2.10184874E-11
   3.42454525E-03    2.60022542E-14    2.15074296E-11
   3.46740852E-03    2.69348379E-14    2.20078205E-11
   3.51080829E-03    2.79010649E-14    2.25199262E-11
   3.55475127E-03    2.89021523E-14    2.30440188E-11
   3.59924426E-03    2.99393605E-14    2.35803765E-11
   3.64429415E-03    3.10139957E-14    2.41292838E-11
   3.68990790E-03    3.21274117E-14    2.46910318E-11
   3.73609258E-03    3.32810112E-14    2.52659178E-11
   3.78285532E-03    3.44762464E-14    2.58542462E-11
   3.83020338E-03    3.57146227E-14    2.64563279E-11
   3.87814406E-03    3.69977002E-14    2.70724811E-11
   3.92668479E-03    3.83270951E-14    2.77030308E-11
   3.97583308E-03    3.97044809E-14    2.83483095E-11
   4.02559654E-03    4.11315918E-14    2.90086570E-11
   4.07598286E-03    4.26102257E-14    2.96844209E-11
   4.12699984E-03    4.41422443E-14    3.03759564E-11
   4.17865537E-03    4.57295757E-14    3.10836265E-11
   4.23095744E-03    4.73742180E-14    3.18078025E-11
   4.28391416E-03    4.90782421E-14    3.25488638E-11
   4.33753371E-03    5.08437928E-14    3.33071983E-11
   4.39182438E-03    5.26730909E-14    3.40832024E-11
   4.44679459E-03    5.45684378E-14    3.48772813E-11
   4.50245283E-03    5.65322191E-14    3.56898492E-11
   4.55880771E-03    5.85669047E-14    3.65213294E-11
   4.61586796E-03    6.06750522E-14    3.73721544E-11
   4.67364240E-03    6.28593124E-14    3.82427664E-11
   4.73213998E-03    6.51224322E-14    3.91336171E-11
   4.79136973E-03    6.74672557E-14    4.00451682E-11
   4.85134084E-03    6.98967278E-14    4.09778914E-11
   4.91206258E-03    7.24139007E-14    4.19322690E-11
   4.97354434E-03    7.50219374E-14    4.29087933E-11
   5.03579563E-03    7.77241116E-14    4.39079677E-11
   5.09882609E-03    8.05238138E-14    4.49303064E-11
   5.16264547E-03    8.34245575E-14    4.59763347E-11
   5.22726364E-03    8.64299836E-14    4.70465892E-11
   5.29269061E-03    8.95438600E-14    4.81416184E-11
   5.35893649E-03    9.27700888E-14    4.92619822E-11
   5.42601154E-03    9.61127140E-14    5.04082527E-11
   5.49392614E-03    9.95759256E-14    5.15810144E-11
   5.56269078E-03    1.03164059E-13    5.27808641E-11
   5.63231612E-03    1.06881604E-13    5.40084115E-11
   5.70281292E-03    1.10733214E-13    5.52642794E-11
   5.77419209E-03    1.14723709E-13    5.65491033E-11
   5.84646468E-03    1.18858077E-13    5.78635330E-11
   5.91964187E-03    1.23141483E-13    5.92082314E-11
   5.99373497E-03    1.27579279E-13    6.05838758E-11
   6.06875547E-03    1.32177010E-13    6.19911575E-11
   6.14471496E-03    1.36940410E-13    6.34307825E-11
   6.22162519E-03    1.41875420E-13    6.49034717E-11
   6.29949807E-03    1.46988197E-13    6.64099610E-11
   6.37834564E-03    1.52285113E-13    6.79510013E-11
   6.45818011E-03    1.57772763E-13    6.95273599E-11
   6.53901382E-03    1.63457975E-13    7.11398195E-11
   6.62085929E-03    1.69347829E-13    7.27891791E-11
   6.70372918E-03    1.75449648E-13    7.44762541E-11
   6.78763630E-03    1.81771010E-13    7.62018772E-11
   6.87259365E-03    1.88319766E-13    7.79668978E-11
   6.95861437E-03    1.95104050E-13    7.97721826E-11
   7.04571176E-03    2.02132276E-13    8.16186162E-11
   7.13389931E-03    2.09413152E-13    8.35071015E-11
   7.22319065E-03    2.16955697E-13    8.54385596E-11
   7.31359961E-03    2.24769256E-13    8.74139297E-11
   7.40514017E-03    2.32863492E-13    8.94341706E-11
   7.49782649E-03    2.41248405E-13    9.15002604E-11
   7.59167293E-03    2.49934356E-13    9.36131968E-11
   7.68669399E-03    2.58932073E-13    9.57739969E-11
   7.78290438E-03    2.68252653E-13    9.79836986E-11
   7.88031899E-03    2.77907575E-13    1.00243361E-10
   7.97895288E-03    2.87908733E-13    1.02554063E-10
   8.07882132E-03    2.98268444E-13    1.04916905E-10
   8.17993977E-03    3.08999437E-13    1.07333010E-10
   8.28232386E-03    3.20114891E-13    1.09803522E-10
   8.38598945E-03    3.31628454E-13    1.12329609E-10
   8.49095256E-03    3.43554256E-13    1.14912459E-10
   8.59722944E-03    3.55906898E-13    1.17553285E-10
   8.70483653E-03    3.68701497E-13    1.20253323E-10
   8.81379049E-03    3.81953710E-13    1.23013833E-10
   8.92410817E-03    3.95679739E-13    1.25836098E-10
   9.03580663E-03    4.09896325E-13    1.28721428E-10
   9.14890317E-03    4.24620801E-13    1.31671155E-10
   9.26341528E-03    4.39871119E-13    1.34686638E-10
   9.37936068E-03    4.55665847E-13    1.37769260E-10
   9.49675731E-03    4.72024170E-13    1.40920433E-10
   9.61562333E-03    4.88965952E-13    1.44141592E-10
   9.73597713E-03    5.06511766E-13    1.47434200E-10
   9.85783735E-03    5.24682879E-13    1.50799748E-10
   9.98122282E-03    5.43501268E-13    1.54239752E-10
   1.01061526E-02    5.62989686E-13    1.57755760E-10
   1.02326462E-02    5.83171695E-13    1.61349343E-10
   1.03607229E-02    6.04071639E-13    1.65022104E-10
   1.04904028E-02    6.25714680E-13    1.68775675E-10
   1.06217057E-02    6.48126868E-13    1.72611715E-10
   1.07546521E-02    6.71335169E-13    1.76531914E-10
   1.08892626E-02    6.95367437E-13    1.80537992E-10
   1.10255579E-02    7.20252461E-13    1.84631700E-10
   1.11635591E-02    7.46020046E-13    1.88814819E-10
   1.13032876E-02    7.72701039E-13    1.93089159E-10
   1.14447651E-02    8.00327287E-13    1.97456565E-10
   1.15880133E-02    8.28931712E-13    2.01918914E-10
   1.17330545E-02    8.58548398E-13    2.06478111E-10
   1.18799111E-02    8.89212604E-13    2.11136095E-10
   1.20286058E-02    9.20960713E-13    2.15894840E-10
   1.21791617E-02    9.53830355E-13    2.20756352E-10
   1.23316020E-02    9.87860478E-13    2.25722670E-10
   1.24859503E-02    1.02309136E-12    2.30795865E-10
   1.26422305E-02    1.05956453E-12    2.35978046E-10
   1.28004668E-02    1.09732299E-12    2.41271354E-10
   1.29606836E-02    1.13641120E-12    2.46677964E-10
   1.31229058E-02    1.17687513E-12    2.52200085E-10
   1.32871585E-02    1.21876219E-12    2.57839966E-10
   1.34534670E-02    1.26212142E-12    2.63599888E-10
   1.36218571E-02    1.30700358E-12    2.69482167E-10
   1.37923549E-02    1.35346109E-12    2.75489154E-10
   1.39649867E-02    1.40154800E-12    2.81623241E-10
   1.41397793E-02    1.45132026E-12    2.87886855E-10
   1.43167596E-02    1.50283573E-12    2.94282455E-10
   1.44959551E-02    1.55615413E-12    3.00812539E-10
   1.46773935E-02    1.61133707E-12    3.07479646E-10
   1.48611029E-02    1.66844829E-12    3.14286350E-10
   1.50471117E-02    1.72755372E-12    3.21235256E-10
   1.52354486E-02    1.78872133E-12    3.28329014E-10
   1.54261429E-02    1.85202128E-12    3.35570311E-10
   1.56192240E-02    1.91752614E-12    3.42961869E-10
   1.58147217E-02    1.98531093E-12    3.50506446E-10
   1.60126665E-02    2.05545299E-12    3.58206839E-10
   1.62130888E-02    2.12803213E-12    3.66065889E-10
   1.64160196E-02    2.20313090E-12    3.74086466E-10
   1.66214905E-02    2.28083461E-12    3.82271478E-10
   1.68295331E-02    2.36123112E-12    3.90623876E-10
   1.70401797E-02    2.44441116E-12    3.99146650E-10
   1.72534629E-02    2.53046856E-12    4.07842821E-10
   1.74694156E-02    2.61950020E-12    4.16715443E-10
   1.76880713E-02    2.71160585E-12    4.25767622E-10
   1.79094638E-02    2.80688852E-12    4.35002494E-10
   1.81336273E-02    2.90545476E-12    4.44423226E-10
   1.83605966E-02    3.00741448E-12    4.54033023E-10
   1.85904067E-02    3.11288084E-12    4.63835135E-10
   1.88230933E-02    3.22197071E-12    4.73832845E-10
   1.90586922E-02    3.33480491E-12    4.84029463E-10
   1.92972401E-02    3.45150803E-12    4.94428336E-10
   1.95387737E-02    3.57220828E-12    5.05032857E-10
   1.97833304E-02    3.69703809E-12    5.15846447E-10
   2.00309482E-02    3.82613436E-12    5.26872553E-10
   2.02816653E-02    3.95963809E-12    5.38114657E-10
   2.05355204E-02    4.09769442E-12    5.49576288E-10
   2.07925530E-02    4.24045325E-12    5.61260998E-10
   2.10528026E-02    4.38806948E-12    5.73172358E-10
   2.13163097E-02    4.54070253E-12    5.85313978E-10
   2.15831150E-02    4.69851650E-12    5.97689513E-10
   2.18532597E-02    4.86168085E-12    6.10302633E-10
   2.21267857E-02    5.03037060E-12    6.23157022E-10
   2.24037353E-02    5.20476585E-12    6.36256405E-10
   2.26841513E-02    5.38505187E-12    6.49604547E-10
   2.29680772E-02    5.57141998E-12    6.63205221E-10
   2.32555568E-02    5.76406774E-12    6.77062212E-10
   2.35466346E-02    5.96319822E-12    6.91179343E-10
   2.38413557E-02    6.16902039E-12    7.05560470E-10
   2.41397657E-02    6.38174999E-12    7.20209452E-10
   2.44419107E-02    6.60160968E-12    7.35130153E-10
   2.47478375E-02    6.82882815E-12    7.50326475E-10
   2.50575934E-02    7.06364073E-12    7.65802346E-10
   2.53712264E-02    7.30629036E-12    7.81561688E-10
   2.56887850E-02    7.55702760E-12    7.97608417E-10
   2.60103183E-02    7.81610966E-12    8.13946494E-10
   2.63358761E-02    8.08380124E-12    8.30579889E-10
   2.66655087E-02    8.36037555E-12    8.47512556E-10
   2.69992671E-02    8.64611401E-12    8.64748444E-10
   2.73372030E-02    8.94130532E-12    8.82291542E-10
   2.76793687E-02    9.24624697E-12    9.00145829E-10
   2.80258171E-02    9.56124582E-12    9.18315252E-10
   2.83766018E-02    9.88661710E-12    9.36803773E-10
   2.87317772E-02    1.02226846E-11    9.55615373E-10
   2.90913980E-02    1.05697822E-11    9.74753991E-10
   2.94555201E-02    1.09282537E-11    9.94223541E-10
   2.98241996E-02    1.12984517E-11    1.01402797E-09
   3.01974938E-02    1.16807390E-11    1.03417118E-09
   3.05754603E-02    1.20754898E-11    1.05465703E-09
   3.09581576E-02    1.24830878E-11    1.07548941E-09
   3.13456449E-02    1.29039272E-11    1.09667214E-09
   3.17379822E-02    1.33384145E-11    1.11820904E-09
   3.21352302E-02    1.37869671E-11    1.14010384E-09
   3.25374503E-02    1.42500128E-11    1.16236033E-09
   3.29447048E-02    1.47279925E-11    1.18498219E-09
   3.33570567E-02    1.52213600E-11    1.20797303E-09
   3.37745698E-02    1.57305794E-11    1.23133650E-09
   3.41973087E-02    1.62561278E-11    1.25507618E-09
   3.46253388E-02    1.67984966E-11    1.27919555E-09
   3.50587263E-02    1.73581910E-11    1.30369800E-09
   3.54975384E-02    1.79357275E-11    1.32858696E-09
   3.59418428E-02    1.85316370E-11    1.35386576E-09
   3.63917083E-02    1.91464661E-11    1.37953761E-09
   3.68472046E-02    1.97807754E-11    1.40560564E-09
   3.73084021E-02    2.04351380E-11    1.43207300E-09
   3.77753721E-02    2.11101434E-11    1.45894272E-09
   3.82481870E-02    2.18063982E-11    1.48621764E-09
   3.87269199E-02    2.25245239E-11    1.51390055E-09
   3.92116448E-02    2.32651557E-11    1.54199424E-09
   3.97024367E-02    2.40289465E-11    1.57050133E-09
   4.01993717E-02    2.48165676E-11    1.59942426E-09
   4.07025265E-02    2.56287056E-11    1.62876542E-09
   4.12119791E-02    2.64660630E-11    1.65852713E-09
   4.17278082E-02    2.73293618E-11    1.68871153E-09
   4.22500937E-02    2.82193435E-11    1.71932053E-09
   4.27789164E-02    2.91367645E-11    1.75035607E-09
   4.33143580E-02    3.00823994E-11    1.78181993E-09
   4.38565016E-02    3.10570443E-11    1.81371366E-09
   4.44054308E-02    3.20615162E-11    1.84603859E-09
   4.49612307E-02    3.30966473E-11    1.87879603E-09
   4.55239873E-02    3.41632898E-11    1.91198715E-09
   4.60937876E-02    3.52623188E-11    1.94561283E-09
   4.66707198E-02    3.63946308E-11    1.97967373E-09
   4.72548732E-02    3.75611393E-11    2.01417047E-09
   4.78463381E-02    3.87627807E-11    2.04910342E-09
   4.84452060E-02    4.00005146E-11    2.08447268E-09
   4.90515697E-02    4.12753196E-11    2.12027826E-09
   4.96655230E-02    4.25881966E-11    2.15651993E-09
   5.02871608E-02    4.39401720E-11    2.19319713E-09
   5.09165793E-02    4.53322918E-11    2.23030920E-09
   5.15538759E-02    4.67656258E-11    2.26785522E-09
   5.21991492E-02    4.82412692E-11    2.30583391E-09
   5.28524990E-02    4.97603368E-11    2.34424395E-09
   5.35140266E-02    5.13239674E-11    2.38308375E-09
   5.41838341E-02    5.29333277E-11    2.42235129E-09
   5.48620252E-02    5.45896090E-11    2.46204428E-09
   5.55487049E-02    5.62940227E-11    2.50216035E-09
   5.62439795E-02    5.80478077E-11    2.54269675E-09
   5.69479564E-02    5.98522291E-11    2.58365038E-09
   5.76607446E-02    6.17085738E-11    2.62501801E-09
   5.83824545E-02    6.36181570E-11    2.66679599E-09
   5.91131976E-02    6.55823215E-11    2.70898028E-09
   5.98530871E-02    6.76024304E-11    2.75156678E-09
   6.06022373E-02    6.96798755E-11    2.79455097E-09
   6.13607643E-02    7.18160788E-11    2.83792781E-09
   6.21287854E-02    7.40124843E-11    2.88169215E-09
   6.29064194E-02    7.62705612E-11    2.92583856E-09
   6.36937867E-02    7.85918101E-11    2.97036103E-09
   6.44910090E-02    8.09777568E-11    3.01525331E-09
   6.52982098E-02    8.34299500E-11    3.06050898E-09
   6.61155138E-02    8.59499695E-11    3.10612103E-09
   6.69430477E-02    8.85394235E-11    3.15208205E-09
   6.77809393E-02    9.11999416E-11    3.19838453E-09
   6.86293184E-02    9.39331835E-11    3.24502042E-09
   6.94883163E-02    9.67408386E-11    3.29198117E-09
   7.03580658E-02    9.96246173E-11    3.33925814E-09
   7.12387014E-02    1.02586259E-10    3.38684218E-09
   7.21303596E-02    1.05627535E-10    3.43472356E-09
   7.30331781E-02    1.08750235E-10    3.48289244E-09
   7.39472968E-02    1.11956179E-10    3.53133852E-09
   7.48728571E-02    1.15247216E-10    3.58005088E-09
   7.58100021E-02    1.18625216E-10    3.62901851E-09
   7.67588768E-02    1.22092077E-10    3.67822986E-09
   7.77196281E-02    1.25649724E-10    3.72767283E-09
   7.86924047E-02    1.29300105E-10    3.77733519E-09
   7.96773570E-02    1.33045193E-10    3.82720411E-09
   8.06746375E-02    1.36886989E-10    3.87726628E-09
   8.16844004E-02    1.40827513E-10    3.92750829E-09
   8.27068019E-02    1.44868811E-10    3.97791606E-09
   8.37420004E-02    1.49012955E-10    4.02847500E-09
   8.47901559E-02    1.53262035E-10    4.07917041E-09
   8.58514306E-02    1.57618167E-10    4.12998697E-09
   8.69259887E-02    1.62083486E-10    4.18090893E-09
   8.80139966E-02    1.66660147E-10    4.23192033E-09
   8.91156225E-02    1.71350331E-10    4.28300453E-09
   9.02310368E-02    1.76156232E-10    4.33414466E-09
   9.13604122E-02    1.81080065E-10    4.38532347E-09
   9.25039235E-02    1.86124065E-10    4.43652310E-09
   9.36617474E-02    1.91290481E-10    4.48772552E-09
   9.48340633E-02    1.96581581E-10    4.53891215E-09
   9.60210524E-02    2.01999647E-10    4.59006415E-09
   9.72228985E-02    2.07546973E-10    4.64116217E-09
   9.84397875E-02    2.13225870E-10    4.69218659E-09
   9.96719076E-02    2.19038660E-10    4.74311733E-09
   1.00919450E-01    2.24987675E-10    4.79393402E-09
   1.02182606E-01    2.31075256E-10    4.84461593E-09
   1.03461573E-01    2.37303756E-10    4.89514191E-09
   1.04756549E-01    2.43675531E-10    4.94549059E-09
   1.06067732E-01    2.50192947E-10    4.99564017E-09
   1.07395328E-01    2.56858372E-10    5.04556865E-09
   1.08739540E-01    2.63674177E-10    5.09525361E-09
   1.10100576E-01    2.70642736E-10    5.14467249E-09
   1.11478649E-01    2.77766423E-10    5.19380229E-09
   1.12873969E-01    2.85047611E-10    5.24261994E-09
   1.14286755E-01    2.92488666E-10    5.29110196E-09
   1.15717223E-01    3.00091956E-10    5.33922481E-09
   1.17165596E-01    3.07859836E-10    5.38696459E-09
   1.18632098E-01    3.15794657E-10    5.43429738E-09
   1.20116954E-01    3.23898759E-10    5.48119895E-09
   1.21620397E-01    3.32174470E-10    5.52764505E-09
   1.23142656E-01    3.40624103E-10    5.57361121E-09
   1.24683970E-01    3.49249958E-10    5.61907296E-09
   1.26244575E-01    3.58054316E-10    5.66400566E-09
   1.27824713E-01    3.67039438E-10    5.70838472E-09
   1.29424629E-01    3.76207564E-10    5.75218543E-09
   1.31044571E-01    3.85560913E-10    5.79538319E-09
   1.32684788E-01    3.95101673E-10    5.83795333E-09
   1.34345535E-01    4.04832010E-10    5.87987132E-09
   1.36027069E-01    4.14754052E-10    5.92111261E-09
   1.37729650E-01    4.24869910E-10    5.96165295E-09
   1.39453541E-01    4.35181648E-10    6.00146807E-09
   1.41199009E-01    4.45691293E-10    6.04053387E-09
   1.42966324E-01    4.56400847E-10    6.07882658E-09
   1.44755760E-01    4.67312248E-10    6.11632251E-09
   1.46567594E-01    4.78427422E-10    6.15299838E-09
   1.48402105E-01    4.89748241E-10    6.18883117E-09
   1.50259577E-01    5.01276505E-10    6.22379805E-09
   1.52140299E-01    5.13013991E-10    6.25787667E-09
   1.54044561E-01    5.24962416E-10    6.29104502E-09
   1.55972657E-01    5.37123450E-10    6.32328151E-09
   1.57924887E-01    5.49498707E-10    6.35456498E-09
   1.59901551E-01    5.62089730E-10    6.38487474E-09
   1.61902957E-01    5.74898015E-10    6.41419057E-09
   1.63929413E-01    5.87924996E-10    6.44249278E-09
   1.65981233E-01    6.01172049E-10    6.46976222E-09
   1.68058734E-01    6.14640464E-10    6.49598031E-09
   1.70162239E-01    6.28331480E-10    6.52112908E-09
   1.72292072E-01    6.42246270E-10    6.54519112E-09
   1.74448563E-01    6.56385922E-10    6.56814972E-09
   1.76632046E-01    6.70751462E-10    6.58998879E-09
   1.78842858E-01    6.85343836E-10    6.61069294E-09
   1.81081342E-01    7.00163913E-10    6.63024750E-09
   1.83347844E-01    7.15212487E-10    6.64863850E-09
   1.85642715E-01    7.30490272E-10    6.66585274E-09
   1.87966309E-01    7.45997897E-10    6.68187782E-09
   1.90318986E-01    7.61735912E-10    6.69670208E-09
   1.92701111E-01    7.77704781E-10    6.71031475E-09
   1.95113052E-01    7.93904875E-10    6.72270594E-09
   1.97555181E-01    8.10336501E-10    6.73386646E-09
   2.00027878E-01    8.26999864E-10    6.74378815E-09
   2.02531524E-01    8.43895065E-10    6.75246389E-09
   2.05066507E-01    8.61022138E-10    6.75988735E-09
   2.07633218E-01    8.78381020E-10    6.76605325E-09
   2.10232056E-01    8.95971556E-10    6.77095731E-09
   2.12863423E-01    9.13793502E-10    6.77459633E-09
   2.15527725E-01    9.31846519E-10    6.77696817E-09
   2.18225374E-01    9.50130179E-10    6.77807178E-09
   2.20956789E-01    9.68643968E-10    6.77790723E-09
   2.23722391E-01    9.87387273E-10    6.77647576E-09
   2.26522609E-01    1.00635939E-09    6.77377980E-09
   2.29357876E-01    1.02555954E-09    6.76982289E-09
   2.32228631E-01    1.04498684E-09    6.76460984E-09
   2.35135317E-01    1.06464033E-09    6.75814665E-09
   2.38078384E-01    1.08451895E-09    6.75044055E-09
   2.41058289E-01    1.10462158E-09    6.74149987E-09
   2.44075491E-01    1.12494699E-09    6.73133431E-09
   2.47130459E-01    1.14549388E-09    6.71995472E-09
   2.50223663E-01    1.16626089E-09    6.70737296E-09
   2.53355584E-01    1.18724654E-09    6.69360234E-09
   2.56526705E-01    1.20844934E-09    6.67865693E-09
   2.59737518E-01    1.22986765E-09    6.66255225E-09
   2.62988519E-01    1.25149983E-09    6.64530461E-09
   2.66280211E-01    1.27334413E-09    6.62693144E-09
   2.69613103E-01    1.29539875E-09    6.60745105E-09
   2.72987711E-01    1.31766184E-09    6.58688270E-09
   2.76404558E-01    1.34013146E-09    6.56524647E-09
   2.79864171E-01    1.36280566E-09    6.54256314E-09
   2.83367087E-01    1.38568239E-09    6.51885430E-09
   2.86913847E-01    1.40875958E-09    6.49414209E-09
   2.90505000E-01    1.43203510E-09    6.46844926E-09
   2.94141101E-01    1.45550677E-09    6.44179901E-09
   2.97822714E-01    1.47917238E-09    6.41421500E-09
   3.01550408E-01    1.50302967E-09    6.38572119E-09
   3.05324759E-01    1.52707634E-09    6.35634185E-09
   3.09146352E-01    1.55131006E-09    6.32610142E-09
   3.13015777E-01    1.57572845E-09    6.29502451E-09
   3.16933635E-01    1.60032912E-09    6.26313576E-09
   3.20900530E-01    1.62510964E-09    6.23045984E-09
   3.24917076E-01    1.65006753E-09    6.19702138E-09
   3.28983896E-01    1.67520030E-09    6.16284486E-09
   3.33101618E-01    1.70050544E-09    6.12795464E-09
   3.37270880E-01    1.72598040E-09    6.09237489E-09
   3.41492326E-01    1.75162260E-09    6.05612953E-09
   3.45766609E-01    1.77742944E-09    6.01924220E-09
   3.50094392E-01    1.80339831E-09    5.98173629E-09
   3.54476343E-01    1.82952654E-09    5.94363485E-09
   3.58913141E-01    1.85581148E-09    5.90496063E-09
   3.63405472E-01    1.88225044E-09    5.86573606E-09
   3.67954031E-01    1.90884068E-09    5.82598323E-09
   3.72559522E-01    1.93557949E-09    5.78572397E-09
   3.77222658E-01    1.96246409E-09    5.74497980E-09
   3.81944159E-01    1.98949172E-09    5.70377197E-09
   3.86724758E-01    2.01665957E-09    5.66212153E-09
   3.91565192E-01    2.04396483E-09    5.62004933E-09
   3.96466212E-01    2.07140467E-09    5.57757606E-09
   4.01428576E-01    2.09897623E-09    5.53472234E-09
   4.06453051E-01    2.12667666E-09    5.49150876E-09
   4.11540414E-01    2.15450309E-09    5.44795590E-09
   4.16691454E-01    2.18245263E-09    5.40408445E-09
   4.21906966E-01    2.21052241E-09    5.35991523E-09
   4.27187758E-01    2.23870952E-09    5.31546931E-09
   4.32534647E-01    2.26701110E-09    5.27076801E-09
   4.37948461E-01    2.29542427E-09    5.22583303E-09
   4.43430036E-01    2.32394617E-09    5.18068647E-09
   4.48980221E-01    2.35257395E-09    5.13535092E-09
   4.54599876E-01    2.38130480E-09    5.08984953E-09
   4.60289868E-01    2.41013594E-09    5.04420603E-09
   4.66051080E-01    2.43906464E-09    4.99844481E-09
   4.71884401E-01    2.46808819E-09    4.95259096E-09
   4.77790735E-01    2.49720398E-09    4.90667029E-09
   4.83770996E-01    2.52640945E-09    4.86070936E-09
   4.89826108E-01    2.55570211E-09    4.81473552E-09
   4.95957009E-01    2.58507959E-09    4.76877684E-09
   5.02164648E-01    2.61453960E-09    4.72286222E-09
   5.08449984E-01    2.64407997E-09    4.67702123E-09
   5.14813991E-01    2.67369866E-09    4.63128420E-09
   5.21257652E-01    2.70339378E-09    4.58568207E-09
   5.27781966E-01    2.73316358E-09    4.54024636E-09
   5.34387941E-01    2.76300649E-09    4.49500914E-09
   5.41076599E-01    2.79292111E-09    4.45000285E-09
   5.47848977E-01    2.82290623E-09    4.40526023E-09
   5.54706120E-01    2.85296085E-09    4.36081425E-09
   5.61649091E-01    2.88308419E-09    4.31669788E-09
   5.68678963E-01    2.91327569E-09    4.27294405E-09
   5.75796825E-01    2.94353504E-09    4.22958546E-09
   5.83003778E-01    2.97386217E-09    4.18665444E-09
   5.90300936E-01    3.00425728E-09    4.14418281E-09
   5.97689428E-01    3.03472082E-09    4.10220175E-09
   6.05170399E-01    3.06525354E-09    4.06074167E-09
   6.12745006E-01    3.09585644E-09    4.01983209E-09
   6.20414419E-01    3.12653084E-09    3.97950154E-09
   6.28179827E-01    3.15727834E-09    3.93977751E-09
   6.36042430E-01    3.18810083E-09    3.90068637E-09
   6.44003446E-01    3.21900051E-09    3.86225339E-09
   6.52064106E-01    3.24997989E-09    3.82450272E-09
   6.60225656E-01    3.28104179E-09    3.78745747E-09
   6.68489361E-01    3.31218934E-09    3.75113976E-09
   6.76856498E-01    3.34342599E-09    3.71557086E-09
   6.85328362E-01    3.37475554E-09    3.68077133E-09
   6.93906264E-01    3.40618210E-09    3.64676118E-09
   7.02591532E-01    3.43771012E-09    3.61356004E-09
   7.11385508E-01    3.46934443E-09    3.58118739E-09
   7.20289554E-01    3.50109021E-09    3.54966275E-09
   7.29305048E-01    3.53295303E-09    3.51900588E-09
   7.38433383E-01    3.56493887E-09    3.48923696E-09
   7.47675974E-01    3.59705410E-09    3.46037680E-09
   7.57034249E-01    3.62930556E-09    3.43244694E-09
   7.66509657E-01    3.66170056E-09    3.40546981E-09
   7.76103663E-01    3.69424689E-09    3.37946877E-09
   7.85817753E-01    3.72695285E-09    3.35446824E-09
   7.95653429E-01    3.75982731E-09    3.33049362E-09
   8.05612214E-01    3.79287972E-09    3.30757136E-09
   8.15695647E-01    3.82612012E-09    3.28572881E-09
   8.25905289E-01    3.85955922E-09    3.26499422E-09
   8.36242720E-01    3.89320838E-09    3.24539656E-09
   8.46709540E-01    3.92707967E-09    3.22696543E-09
   8.57307367E-01    3.96118591E-09    3.20973082E-09
   8.68037842E-01    3.99554067E-09    3.19372304E-09
   8.78902625E-01    4.03015832E-09    3.17897244E-09
   8.89903396E-01    4.06505407E-09    3.16550926E-09
   9.01041859E-01    4.10024396E-09    3.15336342E-09
   9.12319736E-01    4.13574490E-09    3.14256433E-09
   9.23738772E-01    4.17157472E-09    3.13314070E-09
   9.35300735E-01    4.20775215E-09    3.12512038E-09
   9.47007412E-01    4.24429687E-09    3.11853013E-09
   9.58860616E-01    4.28122950E-09    3.11339553E-09
   9.70862181E-01    4.31857164E-09    3.10974080E-09
   9.83013963E-01    4.35634590E-09    3.10758869E-09
   9.95317843E-01    4.39457585E-09    3.10696034E-09
   1.00777572E+00    4.43328609E-09    3.10787525E-09
   1.02038953E+00    4.47250224E-09    3.11035114E-09
   1.03316122E+00    4.51225093E-09    3.11440392E-09
   1.04609277E+00    4.55255983E-09    3.12004768E-09
   1.05918618E+00    4.59345767E-09    3.12729462E-09
   1.07244346E+00    4.63497418E-09    3.13615508E-09
   1.08586669E+00    4.67714017E-09    3.14663753E-09
   1.09945792E+00    4.71998748E-09    3.15874861E-09
   1.11321927E+00    4.76354901E-09    3.17249317E-09
   1.12715286E+00    4.80785872E-09    3.18787431E-09
   1.14126085E+00    4.85295160E-09    3.20489345E-09
   1.15554543E+00    4.89886372E-09    3.22355039E-09
   1.17000879E+00    4.94563220E-09    3.24384344E-09
   1.18465319E+00    4.99329522E-09    3.26576944E-09
   1.19948089E+00    5.04189203E-09    3.28932391E-09
   1.21449417E+00    5.09146295E-09    3.31450114E-09
   1.22969537E+00    5.14204936E-09    3.34129426E-09
   1.24508683E+00    5.19369374E-09    3.36969540E-09
   1.26067094E+00    5.24643962E-09    3.39969576E-09
   1.27645011E+00    5.30033166E-09    3.43128575E-09
   1.29242678E+00    5.35541560E-09    3.46445507E-09
   1.30860342E+00    5.41173829E-09    3.49919283E-09
   1.32498254E+00    5.46934771E-09    3.53548766E-09
   1.34156666E+00    5.52829297E-09    3.57332780E-09
   1.35835836E+00    5.58862433E-09    3.61270119E-09
   1.37536023E+00    5.65039323E-09    3.65359560E-09
   1.39257491E+00    5.71365228E-09    3.69599866E-09
   1.41000505E+00    5.77845528E-09    3.73989799E-09
   1.42765336E+00    5.84485727E-09    3.78528122E-09
   1.44552256E+00    5.91291454E-09    3.83213611E-09
   1.46361542E+00    5.98268463E-09    3.88045058E-09
   1.48193474E+00    6.05422640E-09    3.93021276E-09
   1.50048336E+00    6.12760000E-09    3.98141105E-09
   1.51926413E+00    6.20286695E-09    4.03403414E-09
   1.53827998E+00    6.28009014E-09    4.08807103E-09
   1.55753384E+00    6.35933386E-09    4.14351108E-09
   1.57702869E+00    6.44066385E-09    4.20034402E-09
   1.59676754E+00    6.52414732E-09    4.25855992E-09
   1.61675346E+00    6.60985297E-09    4.31814924E-09
   1.63698953E+00    6.69785106E-09    4.37910279E-09
   1.65747889E+00    6.78821340E-09    4.44141174E-09
   1.67822469E+00    6.88101343E-09    4.50506761E-09
   1.69923017E+00    6.97632621E-09    4.57006222E-09
   1.72049856E+00    7.07422850E-09    4.63638769E-09
   1.74203315E+00    7.17479877E-09    4.70403645E-09
   1.76383728E+00    7.27811723E-09    4.77300113E-09
   1.78591433E+00    7.38426590E-09    4.84327463E-09
   1.80826770E+00    7.49332863E-09    4.91484999E-09
   1.83090085E+00    7.60539111E-09    4.98772048E-09
   1.85381730E+00    7.72054096E-09    5.06187946E-09
   1.87702057E+00    7.83886773E-09    5.13732045E-09
   1.90051427E+00    7.96046295E-09    5.21403705E-09
   1.92430203E+00    8.08542017E-09    5.29202295E-09
   1.94838753E+00    8.21383500E-09    5.37127193E-09
   1.97277449E+00    8.34580515E-09    5.45177780E-09
   1.99746669E+00    8.48143045E-09    5.53353445E-09
   2.02246796E+00    8.62081293E-09    5.61653586E-09
   2.04778215E+00    8.76405683E-09    5.70077603E-09
   2.07341318E+00    8.91126864E-09    5.78624907E-09
   2.09936503E+00    9.06255718E-09    5.87294919E-09
   2.12564170E+00    9.21803360E-09    5.96087072E-09
   2.15224726E+00    9.37781146E-09    6.05000812E-09
   2.17918583E+00    9.54200677E-09    6.14035605E-09
   2.20646158E+00    9.71073801E-09    6.23190937E-09
   2.23407872E+00    9.88412624E-09    6.32466317E-09
   2.26204153E+00    1.00622951E-08    6.41861285E-09
   2.29035434E+00    1.02453709E-08    6.51375412E-09
   2.31902153E+00    1.04334827E-08    6.61008307E-09
   2.34804753E+00    1.06267622E-08    6.70759621E-09
   2.37743683E+00    1.08253442E-08    6.80629047E-09
   2.40719398E+00    1.10293661E-08    6.90616329E-09
   2.43732359E+00    1.12389686E-08    7.00721267E-09
   2.46783031E+00    1.14542952E-08    7.10943716E-09
   2.49871887E+00    1.16754927E-08    7.21283594E-09
   2.52999405E+00    1.19027110E-08    7.31740882E-09
   2.56166068E+00    1.21361034E-08    7.42315633E-09
   2.59372367E+00    1.23758266E-08    7.53007969E-09
   2.62618798E+00    1.26220405E-08    7.63818088E-09
   2.65905862E+00    1.28749090E-08    7.74746267E-09
   2.69234069E+00    1.31345994E-08    7.85792861E-09
   2.72603933E+00    1.34012827E-08    7.96958313E-09
   2.76015976E+00    1.36751342E-08    8.08243147E-09
   2.79470726E+00    1.39563326E-08    8.19647978E-09
   2.82968717E+00    1.42450612E-08    8.31173515E-09
   2.86510490E+00    1.45415073E-08    8.42820555E-09
   2.90096595E+00    1.48458626E-08    8.54589997E-09
   2.93727584E+00    1.51583232E-08    8.66482839E-09
   2.97404021E+00    1.54790899E-08    8.78500180E-09
   3.01126474E+00    1.58083683E-08    8.90643229E-09
   3.04895519E+00    1.61463689E-08    9.02913304E-09
   3.08711740E+00    1.64933071E-08    9.15311840E-09
   3.12575725E+00    1.68494036E-08    9.27840393E-09
   3.16488075E+00    1.72148845E-08    9.40500643E-09
   3.20449393E+00    1.75899816E-08    9.53294404E-09
   3.24460293E+00    1.79749322E-08    9.66223629E-09
   3.28521396E+00    1.83699796E-08    9.79290418E-09
   3.32633329E+00    1.87753733E-08    9.92497025E-09
   3.36796729E+00    1.91913691E-08    1.00584587E-08
   3.41012240E+00    1.96182294E-08    1.01933954E-08
   3.45280515E+00    2.00562235E-08    1.03298081E-08
   3.49602213E+00    2.05056276E-08    1.04677266E-08
   3.53978004E+00    2.09667252E-08    1.06071826E-08
   3.58408564E+00    2.14398076E-08    1.07482102E-08
   3.62894580E+00    2.19251738E-08    1.08908454E-08
   3.67436744E+00    2.24231312E-08    1.10351271E-08
   3.72035761E+00    2.29339955E-08    1.11810966E-08
   3.76692341E+00    2.34580915E-08    1.13287983E-08
   3.81407205E+00    2.39957530E-08    1.14782793E-08
   3.86181082E+00    2.45473238E-08    1.16295899E-08
   3.91014712E+00    2.51131575E-08    1.17827838E-08
   3.95908842E+00    2.56936184E-08    1.19379183E-08
   4.00864229E+00    2.62890814E-08    1.20950542E-08
   4.05881640E+00    2.68999334E-08    1.22542563E-08
   4.10961852E+00    2.75265730E-08    1.24155935E-08
   4.16105650E+00    2.81694114E-08    1.25791391E-08
   4.21313830E+00    2.88288729E-08    1.27449708E-08
   4.26587198E+00    2.95053956E-08    1.29131711E-08
   4.31926570E+00    3.01994322E-08    1.30838275E-08
   4.37332773E+00    3.09114503E-08    1.32570324E-08
   4.42806642E+00    3.16419335E-08    1.34328840E-08
   4.48349024E+00    3.23913821E-08    1.36114859E-08
   4.53960778E+00    3.31603137E-08    1.37929475E-08
   4.59642772E+00    3.39492644E-08    1.39773844E-08
   4.65395884E+00    3.47587895E-08    1.41649182E-08
   4.71221004E+00    3.55894646E-08    1.43556772E-08
   4.77119035E+00    3.64418864E-08    1.45497964E-08
   4.83090888E+00    3.73166742E-08    1.47474175E-08
   4.89137488E+00    3.82144704E-08    1.49486894E-08
   4.95259770E+00    3.91359423E-08    1.51537684E-08
   5.01458681E+00    4.00817828E-08    1.53628179E-08
   5.07735182E+00    4.10527123E-08    1.55760094E-08
   5.14090241E+00    4.20494795E-08    1.57935218E-08
   5.20524844E+00    4.30728631E-08    1.60155424E-08
   5.27039986E+00    4.41236733E-08    1.62422662E-08
   5.33636674E+00    4.52027532E-08    1.64738967E-08
   5.40315929E+00    4.63109807E-08    1.67106460E-08
   5.47078785E+00    4.74492699E-08    1.69527344E-08
   5.53926289E+00    4.86185733E-08    1.72003911E-08
   5.60859499E+00    4.98198831E-08    1.74538540E-08
   5.67879489E+00    5.10542335E-08    1.77133700E-08
   5.74987344E+00    5.23227029E-08    1.79791947E-08
   5.82184164E+00    5.36264153E-08    1.82515931E-08
   5.89471064E+00    5.49665434E-08    1.85308391E-08
   5.96849169E+00    5.63443101E-08    1.88172159E-08
   6.04319623E+00    5.77609912E-08    1.91110159E-08
   6.11883580E+00    5.92179179E-08    1.94125409E-08
   6.19542212E+00    6.07164792E-08    1.97221020E-08
   6.27296703E+00    6.22581248E-08    2.00400196E-08
   6.35148253E+00    6.38443673E-08    2.03666238E-08
   6.43098076E+00    6.54767857E-08    2.07022538E-08
   6.51147404E+00    6.71570279E-08    2.10472587E-08
   6.59297481E+00    6.88868139E-08    2.14019968E-08
   6.67549568E+00    7.06679392E-08    2.17668362E-08
   6.75904942E+00    7.25022777E-08    2.21421543E-08
   6.84364896E+00    7.43917851E-08    2.25283384E-08
   6.92930739E+00    7.63385030E-08    2.29257853E-08
   7.01603796E+00    7.83445619E-08    2.33349017E-08
   7.10385410E+00    8.04121853E-08    2.37561036E-08
   7.19276938E+00    8.25436935E-08    2.41898174E-08
   7.28279757E+00    8.47415080E-08    2.46364789E-08
   7.37395260E+00    8.70081550E-08    2.50965340E-08
   7.46624856E+00    8.93462707E-08    2.55704389E-08
   7.55969975E+00    9.17586050E-08    2.60586598E-08
   7.65432062E+00    9.42480266E-08    2.65616726E-08
   7.75012581E+00    9.68175277E-08    2.70799641E-08
   7.84713015E+00    9.94702291E-08    2.76140315E-08
   7.94534863E+00    1.02209385E-07    2.81643826E-08
   8.04479647E+00    1.05038391E-07    2.87315363E-08
   8.14548904E+00    1.07960783E-07    2.93160221E-08
   8.24744194E+00    1.10980252E-07    2.99183810E-08
   8.35067092E+00    1.14100643E-07    3.05391653E-08
   8.45519197E+00    1.17325965E-07    3.11789388E-08
   8.56102125E+00    1.20660395E-07    3.18382773E-08
   8.66817515E+00    1.24108289E-07    3.25177685E-08
   8.77667023E+00    1.27674182E-07    3.32180124E-08
   8.88652329E+00    1.31362801E-07    3.39396216E-08
   8.99775133E+00    1.35179072E-07    3.46832214E-08
   9.11037155E+00    1.39128125E-07    3.54494500E-08
   9.22440138E+00    1.43215302E-07    3.62389588E-08
   9.33985846E+00    1.47446170E-07    3.70524127E-08
   9.45676066E+00    1.51826523E-07    3.78904901E-08
   9.57512606E+00    1.56362397E-07    3.87538833E-08
   9.69497298E+00    1.61060075E-07    3.96432986E-08
   9.81631997E+00    1.65926097E-07    4.05594563E-08
   9.93918579E+00    1.70967273E-07    4.15030912E-08
   1.00635895E+01    1.76190690E-07    4.24749525E-08
   1.01895502E+01    1.81603724E-07    4.34758041E-08
   1.03170876E+01    1.87214050E-07    4.45064230E-08
   1.04462213E+01    1.93029654E-07    4.55676025E-08
   1.05769712E+01    1.99058844E-07    4.66601526E-08
   1.07093577E+01    2.05310263E-07    4.77848958E-08
   1.08434012E+01    2.11792902E-07    4.89426703E-08
   1.09791225E+01    2.18516110E-07    5.01343293E-08
   1.11165425E+01    2.25489609E-07    5.13607411E-08
   1.12556826E+01    2.32723509E-07    5.26227893E-08
   1.13965642E+01    2.40228319E-07    5.39213729E-08
   1.15392091E+01    2.48014965E-07    5.52574065E-08
   1.16836394E+01    2.56094803E-07    5.66318201E-08
   1.18298775E+01    2.64479633E-07    5.80455598E-08
   1.19779460E+01    2.73181719E-07    5.94995875E-08
   1.21278678E+01    2.82213802E-07    6.09948816E-08
   1.22796661E+01    2.91589120E-07    6.25324370E-08
   1.24333643E+01    3.01321423E-07    6.41132657E-08
   1.25889863E+01    3.11424993E-07    6.57383970E-08
   1.27465562E+01    3.21914662E-07    6.74088780E-08
   1.29060983E+01    3.32805833E-07    6.91257740E-08
   1.30676373E+01    3.44114498E-07    7.08901696E-08
   1.32311981E+01    3.55857263E-07    7.27031685E-08
   1.33968062E+01    3.68051363E-07    7.45658951E-08
   1.35644872E+01    3.80714692E-07    7.64794945E-08
   1.37342669E+01    3.93865821E-07    7.84451338E-08
   1.39061716E+01    4.07524027E-07    8.04640028E-08
   1.40802280E+01    4.21709313E-07    8.25373148E-08
   1.42564630E+01    4.36442437E-07    8.46663079E-08
   1.44349038E+01    4.51744940E-07    8.68522458E-08
   1.46155780E+01    4.67639171E-07    8.90964190E-08
   1.47985137E+01    4.84148319E-07    9.14001460E-08
   1.49837391E+01    5.01296443E-07    9.37647742E-08
   1.51712828E+01    5.19108503E-07    9.61916814E-08
   1.53611739E+01    5.37610393E-07    9.86822772E-08
   1.55534419E+01    5.56828974E-07    1.01238004E-07
   1.57481163E+01    5.76792111E-07    1.03860338E-07
   1.59452273E+01    5.97528710E-07    1.06550793E-07
   1.61448055E+01    6.19068755E-07    1.09310916E-07
   1.63468818E+01    6.41443348E-07    1.12142297E-07
   1.65514873E+01    6.64684752E-07    1.15046563E-07
   1.67586537E+01    6.88826433E-07    1.18025384E-07
   1.69684131E+01    7.13903104E-07    1.21080472E-07
   1.71807980E+01    7.39950773E-07    1.24213584E-07
   1.73958412E+01    7.67006789E-07    1.27426523E-07
   1.76135760E+01    7.95109897E-07    1.30721141E-07
   1.78340361E+01    8.24300285E-07    1.34099338E-07
   1.80572555E+01    8.54619643E-07    1.37563066E-07
   1.82832689E+01    8.86111215E-07    1.41114329E-07
   1.85121111E+01    9.18819863E-07    1.44755177E-07
   1.87438177E+01    9.52792121E-07    1.48487733E-07
   1.89784244E+01    9.88076265E-07    1.52314148E-07
   1.92159676E+01    1.02472239E-06    1.56236774E-07
   1.94564840E+01    1.06278241E-06    1.60257415E-07
   1.97000108E+01    1.10231037E-06    1.64380380E-07
   1.99465856E+01    1.14336170E-06    1.68600189E-07
   2.01962468E+01    1.18599732E-06    1.72970935E-07
   2.04490328E+01    1.23029263E-06    1.77493046E-07
   2.07049828E+01    1.27631195E-06    1.82111407E-07
   2.09641364E+01    1.32411836E-06    1.86839590E-07
   2.12265337E+01    1.37377820E-06    1.91677870E-07
   2.14922153E+01    1.42536018E-06    1.96630396E-07
   2.17612223E+01    1.47893579E-06    2.01700275E-07
   2.20335963E+01    1.53457930E-06    2.06890981E-07
   2.23093795E+01    1.59236786E-06    2.12205961E-07
   2.25886145E+01    1.65238167E-06    2.17648746E-07
   2.28713446E+01    1.71470400E-06    2.23222930E-07
   2.31576134E+01    1.77942138E-06    2.28932154E-07
   2.34474653E+01    1.84662369E-06    2.34780149E-07
   2.37409452E+01    1.91640428E-06    2.40770745E-07
   2.40380984E+01    1.98886012E-06    2.46907821E-07
   2.43389709E+01    2.06409190E-06    2.53195340E-07
   2.46436092E+01    2.14220422E-06    2.59637351E-07
   2.49520606E+01    2.22330568E-06    2.66237988E-07
   2.52643727E+01    2.30750908E-06    2.73001475E-07
   2.55805938E+01    2.39493153E-06    2.79932128E-07
   2.59007730E+01    2.48569467E-06    2.87034361E-07
   2.62249596E+01    2.57992477E-06    2.94312686E-07
   2.65532039E+01    2.67775296E-06    3.01771718E-07
   2.68855567E+01    2.77931539E-06    3.09416177E-07
   2.72220694E+01    2.88475342E-06    3.17250894E-07
   2.75627940E+01    2.99421383E-06    3.25280811E-07
   2.79077833E+01    3.10784900E-06    3.33510986E-07
   2.82570906E+01    3.22581715E-06    3.41946596E-07
   2.86107701E+01    3.34828253E-06    3.50592942E-07
   2.89688764E+01    3.47541568E-06    3.59455451E-07
   2.93314649E+01    3.60739364E-06    3.68539679E-07
   2.96985917E+01    3.74440022E-06    3.77851317E-07
   3.00703137E+01    3.88662625E-06    3.87396193E-07
   3.04466883E+01    4.03426980E-06    3.97180276E-07
   3.08277738E+01    4.18753656E-06    4.07209681E-07
   3.12136292E+01    4.34664001E-06    4.17490672E-07
   3.16043141E+01    4.51180180E-06    4.28029666E-07
   3.19998891E+01    4.68325201E-06    4.38833238E-07
   3.24004152E+01    4.86122951E-06    4.49908123E-07
   3.28059545E+01    5.04598225E-06    4.61261224E-07
   3.32165697E+01    5.23776766E-06    4.72899615E-07
   3.36323244E+01    5.43685295E-06    4.84830542E-07
   3.40532829E+01    5.64351551E-06    4.97061433E-07
   3.44795103E+01    5.85804331E-06    5.09599901E-07
   3.49110726E+01    6.08073529E-06    5.22453745E-07
   3.53480365E+01    6.31190175E-06    5.35630961E-07
   3.57904697E+01    6.55186484E-06    5.49139743E-07
   3.62384406E+01    6.80095895E-06    5.62988489E-07
   3.66920185E+01    7.05953122E-06    5.77185809E-07
   3.71512736E+01    7.32794199E-06    5.91740526E-07
   3.76162769E+01    7.60656533E-06    6.06661683E-07
   3.80871005E+01    7.89578955E-06    6.21958551E-07
   3.85638171E+01    8.19601774E-06    6.37640633E-07
   3.90465006E+01    8.50766833E-06    6.53717670E-07
   3.95352255E+01    8.83117569E-06    6.70199647E-07
   4.00300676E+01    9.16699070E-06    6.87096800E-07
   4.05311033E+01    9.51558144E-06    7.04419621E-07
   4.10384103E+01    9.87743376E-06    7.22178866E-07
   4.15520669E+01    1.02530520E-05    7.40385562E-07
   4.20721527E+01    1.06429598E-05    7.59051013E-07
   4.25987482E+01    1.10477006E-05    7.78186807E-07
   4.31319348E+01    1.14678386E-05    7.97804823E-07
   4.36717950E+01    1.19039593E-05    8.17917238E-07
   4.42184124E+01    1.23566708E-05    8.38536539E-07
   4.47718715E+01    1.28266041E-05    8.59675524E-07
   4.53322579E+01    1.33144143E-05    8.81347315E-07
   4.58996585E+01    1.38207815E-05    9.03565363E-07
   4.64741609E+01    1.43464114E-05    9.26343460E-07
   4.70558540E+01    1.48920368E-05    9.49695745E-07
   4.76448279E+01    1.54584185E-05    9.73636710E-07
   4.82411737E+01    1.60463460E-05    9.98181218E-07
   4.88449836E+01    1.66566388E-05    1.02334450E-06
   4.94563511E+01    1.72901480E-05    1.04914218E-06
   5.00753708E+01    1.79477566E-05    1.07559027E-06
   5.07021384E+01    1.86303815E-05    1.10270518E-06
   5.13367510E+01    1.93389743E-05    1.13050375E-06
   5.19793066E+01    2.00745232E-05    1.15900323E-06
   5.26299049E+01    2.08380535E-05    1.18822131E-06
   5.32886463E+01    2.16306298E-05    1.21817613E-06
   5.39556328E+01    2.24533573E-05    1.24888628E-06
   5.46309677E+01    2.33073829E-05    1.28037084E-06
   5.53147554E+01    2.41938977E-05    1.31264933E-06
   5.60071017E+01    2.51141375E-05    1.34574181E-06
   5.67081137E+01    2.60693856E-05    1.37966881E-06
   5.74179000E+01    2.70609741E-05    1.41445140E-06
   5.81365703E+01    2.80902854E-05    1.45011118E-06
   5.88642358E+01    2.91587551E-05    1.48667028E-06
   5.96010091E+01    3.02678729E-05    1.52415141E-06
   6.03470043E+01    3.14191857E-05    1.56257783E-06
   6.11023366E+01    3.26142987E-05    1.60197341E-06
   6.18671231E+01    3.38548788E-05    1.64236261E-06
   6.26414821E+01    3.51426559E-05    1.68377051E-06
   6.34255332E+01    3.64794260E-05    1.72622282E-06
   6.42193980E+01    3.78670532E-05    1.76974591E-06
   6.50231991E+01    3.93074729E-05    1.81436681E-06
   6.58370610E+01    4.08026938E-05    1.86011324E-06
   6.66611096E+01    4.23548014E-05    1.90701359E-06
   6.74954724E+01    4.39659604E-05    1.95509701E-06
   6.83402784E+01    4.56384179E-05    2.00439336E-06
   6.91956585E+01    4.73745065E-05    2.05493327E-06
   7.00617449E+01    4.91766477E-05    2.10674812E-06
   7.09386717E+01    5.10473552E-05    2.15987011E-06
   7.18265745E+01    5.29892382E-05    2.21433223E-06
   7.27255908E+01    5.50050054E-05    2.27016834E-06
   7.36358596E+01    5.70974687E-05    2.32741310E-06
   7.45575217E+01    5.92695467E-05    2.38610210E-06
   7.54907198E+01    6.15242694E-05    2.44627181E-06
   7.64355983E+01    6.38647820E-05    2.50795960E-06
   7.73923033E+01    6.62943497E-05    2.57120382E-06
   7.83609829E+01    6.88163616E-05    2.63604376E-06
   7.93417870E+01    7.14343362E-05    2.70251973E-06
   8.03348673E+01    7.41519258E-05    2.77067304E-06
   8.13403774E+01    7.69729216E-05    2.84054606E-06
   8.23584730E+01    7.99012595E-05    2.91218220E-06
   8.33893116E+01    8.29410249E-05    2.98562601E-06
   8.44330527E+01    8.60964590E-05    3.06092314E-06
   8.54898577E+01    8.93719644E-05    3.13812040E-06
   8.65598903E+01    9.27721113E-05    3.21726579E-06
   8.76433158E+01    9.63016439E-05    3.29840850E-06
   8.87403021E+01    9.99654871E-05    3.38159901E-06
   8.98510188E+01    1.03768753E-04    3.46688903E-06
   9.09756377E+01    1.07716750E-04    3.55433160E-06
   9.21143329E+01    1.11814986E-04    3.64398111E-06
   9.32672806E+01    1.16069180E-04    3.73589330E-06
   9.44346591E+01    1.20485269E-04    3.83012536E-06
   9.56166491E+01    1.25069417E-04    3.92673587E-06
   9.68134335E+01    1.29828020E-04    4.02578496E-06
   9.80251973E+01    1.34767719E-04    4.12733422E-06
   9.92521283E+01    1.39895410E-04    4.23144684E-06
   1.00494416E+02    1.45218248E-04    4.33818759E-06
   1.01752253E+02    1.50743663E-04    4.44762289E-06
   1.03025833E+02    1.56479366E-04    4.55982082E-06
   1.04315355E+02    1.62433365E-04    4.67485121E-06
   1.05621016E+02    1.68613970E-04    4.79278566E-06
   1.06943020E+02    1.75029807E-04    4.91369754E-06
   1.08281571E+02    1.81689834E-04    5.03766212E-06
   1.09636876E+02    1.88603348E-04    5.16475656E-06
   1.11009144E+02    1.95779999E-04    5.29505999E-06
   1.12398588E+02    2.03229807E-04    5.42865351E-06
   1.13805423E+02    2.10963172E-04    5.56562030E-06
   1.15229867E+02    2.18990892E-04    5.70604564E-06
   1.16672140E+02    2.27324173E-04    5.85001697E-06
   1.18132465E+02    2.35974653E-04    5.99762395E-06
   1.19611069E+02    2.44954408E-04    6.14895849E-06
   1.21108179E+02    2.54275977E-04    6.30411487E-06
   1.22624027E+02    2.63952377E-04    6.46318971E-06
   1.24158849E+02    2.73997119E-04    6.62628210E-06
   1.25712882E+02    2.84424231E-04    6.79349366E-06
   1.27286365E+02    2.95248275E-04    6.96492856E-06
   1.28879543E+02    3.06484366E-04    7.14069360E-06
   1.30492662E+02    3.18148196E-04    7.32089832E-06
   1.32125971E+02    3.30256056E-04    7.50565501E-06
   1.33779724E+02    3.42824858E-04    7.69507883E-06
   1.35454176E+02    3.55872155E-04    7.88928783E-06
   1.37149586E+02    3.69416173E-04    8.08840306E-06
   1.38866217E+02    3.83475830E-04    8.29254867E-06
   1.40604334E+02    3.98070767E-04    8.50185192E-06
   1.42364206E+02    4.13221371E-04    8.71644331E-06
   1.44146105E+02    4.28948809E-04    8.93645666E-06
   1.45950308E+02    4.45275051E-04    9.16202917E-06
   1.47777093E+02    4.62222909E-04    9.39330151E-06
   1.49626742E+02    4.79816061E-04    9.63041795E-06
   1.51499543E+02    4.98079088E-04    9.87352641E-06
   1.53395785E+02    5.17037509E-04    1.01227785E-05
   1.55315761E+02    5.36717816E-04    1.03783299E-05
   1.57259768E+02    5.57147509E-04    1.06403398E-05
   1.59228108E+02    5.78355139E-04    1.09089719E-05
   1.61221084E+02    6.00370342E-04    1.11843939E-05
   1.63239006E+02    6.23223888E-04    1.14667775E-05
   1.65282184E+02    6.46947717E-04    1.17562991E-05
   1.67350936E+02    6.71574988E-04    1.20531395E-05
   1.69445582E+02    6.97140124E-04    1.23574840E-05
   1.71566445E+02    7.23678860E-04    1.26695226E-05
   1.73713854E+02    7.51228295E-04    1.29894502E-05
   1.75888140E+02    7.79826942E-04    1.33174666E-05
   1.78089642E+02    8.09514782E-04    1.36537769E-05
   1.80318698E+02    8.40333322E-04    1.39985902E-05
   1.82575654E+02    8.72325652E-04    1.43521260E-05
   1.84860860E+02    9.05536496E-04    1.47145890E-05
   1.87174668E+02    9.40012328E-04    1.50862705E-05
   1.89517437E+02    9.75801213E-04    1.54671446E-05
   1.91889529E+02    1.01295395E-03    1.58587154E-05
   1.94291311E+02    1.05151963E-03    1.62563985E-05
   1.96723156E+02    1.00046569E-03   -2.03426117E-05
