# Peaks:     0.021833  
   6.63324941E-05    7.89552100E+02   -6.40832786E+05
   6.71627438E-05    7.89032601E+02   -6.33429749E+05
   6.80033853E-05    7.88507625E+02   -6.26116163E+05
   6.88545486E-05    7.87978187E+02   -6.18888641E+05
   6.97163656E-05    7.87445385E+02   -6.11743750E+05
   7.05889694E-05    7.86910400E+02   -6.04678001E+05
   7.14724952E-05    7.86374501E+02   -5.97687854E+05
   7.23670796E-05    7.85839045E+02   -5.90769728E+05
   7.32728611E-05    7.85304852E+02   -5.83921417E+05
   7.41899797E-05    7.84771709E+02   -5.77143120E+05
   7.51185775E-05    7.84239271E+02   -5.70435319E+05
   7.60587981E-05    7.83707160E+02   -5.63798548E+05
   7.70107869E-05    7.83174961E+02   -5.57233400E+05
   7.79746912E-05    7.82642221E+02   -5.50740522E+05
   7.89506603E-05    7.82108594E+02   -5.44320253E+05
   7.99388451E-05    7.81574125E+02   -5.37971951E+05
   8.09393984E-05    7.81038933E+02   -5.31694810E+05
   8.19524752E-05    7.80503141E+02   -5.25488045E+05
   8.29782321E-05    7.79966877E+02   -5.19350882E+05
   8.40168279E-05    7.79430271E+02   -5.13282568E+05
   8.50684233E-05    7.78893432E+02   -5.07282401E+05
   8.61331809E-05    7.78356365E+02   -5.01349831E+05
   8.72112656E-05    7.77819050E+02   -4.95484362E+05
   8.83028441E-05    7.77281457E+02   -4.89685518E+05
   8.94080853E-05    7.76743548E+02   -4.83952846E+05
   9.05271603E-05    7.76205277E+02   -4.78285918E+05
   9.16602422E-05    7.75666599E+02   -4.72684295E+05
   9.28075062E-05    7.75127519E+02   -4.67147401E+05
   9.39691300E-05    7.74588057E+02   -4.61674621E+05
   9.51452932E-05    7.74048225E+02   -4.56265359E+05
   9.63361778E-05    7.73508035E+02   -4.50919034E+05
   9.75419681E-05    7.72967492E+02   -4.45635084E+05
   9.87628507E-05    7.72426595E+02   -4.40412960E+05
   9.99990145E-05    7.71885352E+02   -4.35252081E+05
   1.01250651E-04    7.71343768E+02   -4.30151850E+05
   1.02517953E-04    7.70801847E+02   -4.25111687E+05
   1.03801117E-04    7.70259585E+02   -4.20131026E+05
   1.05100342E-04    7.69716973E+02   -4.15209315E+05
   1.06415829E-04    7.69173995E+02   -4.10346021E+05
   1.07747781E-04    7.68630643E+02   -4.05540587E+05
   1.09096405E-04    7.68086927E+02   -4.00792417E+05
   1.10461908E-04    7.67542855E+02   -3.96100923E+05
   1.11844503E-04    7.66998428E+02   -3.91465531E+05
   1.13244403E-04    7.66453642E+02   -3.86885678E+05
   1.14661825E-04    7.65908487E+02   -3.82360817E+05
   1.16096988E-04    7.65362951E+02   -3.77890405E+05
   1.17550114E-04    7.64817037E+02   -3.73473867E+05
   1.19021429E-04    7.64270754E+02   -3.69110627E+05
   1.20511159E-04    7.63724104E+02   -3.64800119E+05
   1.22019535E-04    7.63177083E+02   -3.60541790E+05
   1.23546790E-04    7.62629683E+02   -3.56335097E+05
   1.25093162E-04    7.62081886E+02   -3.52179508E+05
   1.26658889E-04    7.61533686E+02   -3.48074484E+05
   1.28244213E-04    7.60985091E+02   -3.44019465E+05
   1.29849380E-04    7.60436104E+02   -3.40013899E+05
   1.31474637E-04    7.59886727E+02   -3.36057244E+05
   1.33120238E-04    7.59336952E+02   -3.32148969E+05
   1.34786435E-04    7.58786767E+02   -3.28288551E+05
   1.36473488E-04    7.58236154E+02   -3.24475476E+05
   1.38181656E-04    7.57685112E+02   -3.20709216E+05
   1.39911205E-04    7.57133648E+02   -3.16989240E+05
   1.41662401E-04    7.56581765E+02   -3.13315024E+05
   1.43435516E-04    7.56029460E+02   -3.09686051E+05
   1.45230825E-04    7.55476723E+02   -3.06101816E+05
   1.47048604E-04    7.54923538E+02   -3.02561821E+05
   1.48889136E-04    7.54369888E+02   -2.99065573E+05
   1.50752705E-04    7.53815775E+02   -2.95612568E+05
   1.52639599E-04    7.53261205E+02   -2.92202303E+05
   1.54550110E-04    7.52706179E+02   -2.88834285E+05
   1.56484534E-04    7.52150691E+02   -2.85508026E+05
   1.58443170E-04    7.51594730E+02   -2.82223046E+05
   1.60426322E-04    7.51038278E+02   -2.78978874E+05
   1.62434296E-04    7.50481317E+02   -2.75775042E+05
   1.64467402E-04    7.49923851E+02   -2.72611073E+05
   1.66525956E-04    7.49365885E+02   -2.69486498E+05
   1.68610275E-04    7.48807418E+02   -2.66400851E+05
   1.70720683E-04    7.48248443E+02   -2.63353675E+05
   1.72857506E-04    7.47688947E+02   -2.60344519E+05
   1.75021075E-04    7.47128911E+02   -2.57372936E+05
   1.77211723E-04    7.46568316E+02   -2.54438488E+05
   1.79429791E-04    7.46007165E+02   -2.51540728E+05
   1.81675622E-04    7.45445462E+02   -2.48679217E+05
   1.83949562E-04    7.44883205E+02   -2.45853521E+05
   1.86251964E-04    7.44320387E+02   -2.43063212E+05
   1.88583184E-04    7.43756995E+02   -2.40307865E+05
   1.90943582E-04    7.43193009E+02   -2.37587064E+05
   1.93333525E-04    7.42628406E+02   -2.34900396E+05
   1.95753381E-04    7.42063187E+02   -2.32247449E+05
   1.98203525E-04    7.41497356E+02   -2.29627812E+05
   2.00684337E-04    7.40930911E+02   -2.27041080E+05
   2.03196199E-04    7.40363845E+02   -2.24486855E+05
   2.05739501E-04    7.39796145E+02   -2.21964741E+05
   2.08314637E-04    7.39227791E+02   -2.19474350E+05
   2.10922004E-04    7.38658757E+02   -2.17015296E+05
   2.13562006E-04    7.38089037E+02   -2.14587197E+05
   2.16235051E-04    7.37518637E+02   -2.12189672E+05
   2.18941554E-04    7.36947555E+02   -2.09822345E+05
   2.21681933E-04    7.36375784E+02   -2.07484847E+05
   2.24456612E-04    7.35803312E+02   -2.05176810E+05
   2.27266019E-04    7.35230119E+02   -2.02897873E+05
   2.30110591E-04    7.34656180E+02   -2.00647676E+05
   2.32990767E-04    7.34081478E+02   -1.98425866E+05
   2.35906992E-04    7.33506017E+02   -1.96232092E+05
   2.38859719E-04    7.32929796E+02   -1.94066005E+05
   2.41849403E-04    7.32352810E+02   -1.91927264E+05
   2.44876507E-04    7.31775049E+02   -1.89815527E+05
   2.47941500E-04    7.31196494E+02   -1.87730460E+05
   2.51044856E-04    7.30617121E+02   -1.85671731E+05
   2.54187056E-04    7.30036904E+02   -1.83639011E+05
   2.57368584E-04    7.29455838E+02   -1.81631977E+05
   2.60589934E-04    7.28873925E+02   -1.79650307E+05
   2.63851604E-04    7.28291162E+02   -1.77693685E+05
   2.67154099E-04    7.27707540E+02   -1.75761798E+05
   2.70497929E-04    7.27123043E+02   -1.73854335E+05
   2.73883612E-04    7.26537649E+02   -1.71970990E+05
   2.77311672E-04    7.25951329E+02   -1.70111459E+05
   2.80782640E-04    7.25364062E+02   -1.68275443E+05
   2.84297052E-04    7.24775851E+02   -1.66462647E+05
   2.87855451E-04    7.24186693E+02   -1.64672778E+05
   2.91458390E-04    7.23596581E+02   -1.62905549E+05
   2.95106424E-04    7.23005504E+02   -1.61160673E+05
   2.98800120E-04    7.22413442E+02   -1.59437869E+05
   3.02540047E-04    7.21820369E+02   -1.57736856E+05
   3.06326785E-04    7.21226253E+02   -1.56057357E+05
   3.10160919E-04    7.20631082E+02   -1.54399100E+05
   3.14043044E-04    7.20034855E+02   -1.52761817E+05
   3.17973759E-04    7.19437569E+02   -1.51145244E+05
   3.21953673E-04    7.18839214E+02   -1.49549117E+05
   3.25983401E-04    7.18239776E+02   -1.47973177E+05
   3.30063567E-04    7.17639231E+02   -1.46417166E+05
   3.34194803E-04    7.17037551E+02   -1.44880830E+05
   3.38377747E-04    7.16434704E+02   -1.43363916E+05
   3.42613047E-04    7.15830679E+02   -1.41866179E+05
   3.46901359E-04    7.15225475E+02   -1.40387374E+05
   3.51243344E-04    7.14619086E+02   -1.38927262E+05
   3.55639676E-04    7.14011501E+02   -1.37485603E+05
   3.60091035E-04    7.13402701E+02   -1.36062162E+05
   3.64598109E-04    7.12792663E+02   -1.34656705E+05
   3.69161596E-04    7.12181355E+02   -1.33269001E+05
   3.73782201E-04    7.11568744E+02   -1.31898820E+05
   3.78460641E-04    7.10954819E+02   -1.30545939E+05
   3.83197638E-04    7.10339578E+02   -1.29210138E+05
   3.87993925E-04    7.09723013E+02   -1.27891198E+05
   3.92850245E-04    7.09105111E+02   -1.26588904E+05
   3.97767350E-04    7.08485853E+02   -1.25303041E+05
   4.02745999E-04    7.07865211E+02   -1.24033397E+05
   4.07786963E-04    7.07243154E+02   -1.22779762E+05
   4.12891022E-04    7.06619645E+02   -1.21541929E+05
   4.18058967E-04    7.05994671E+02   -1.20319694E+05
   4.23291595E-04    7.05368230E+02   -1.19112858E+05
   4.28589718E-04    7.04740312E+02   -1.17921225E+05
   4.33954155E-04    7.04110902E+02   -1.16744597E+05
   4.39385736E-04    7.03479980E+02   -1.15582781E+05
   4.44885301E-04    7.02847518E+02   -1.14435586E+05
   4.50453701E-04    7.02213482E+02   -1.13302820E+05
   4.56091798E-04    7.01577833E+02   -1.12184295E+05
   4.61800464E-04    7.00940554E+02   -1.11079827E+05
   4.67580583E-04    7.00301640E+02   -1.09989236E+05
   4.73433048E-04    6.99661080E+02   -1.08912343E+05
   4.79358766E-04    6.99018858E+02   -1.07848971E+05
   4.85358653E-04    6.98374955E+02   -1.06798946E+05
   4.91433637E-04    6.97729341E+02   -1.05762092E+05
   4.97584659E-04    6.97081982E+02   -1.04738238E+05
   5.03812670E-04    6.96432836E+02   -1.03727213E+05
   5.10118634E-04    6.95781877E+02   -1.02728849E+05
   5.16503526E-04    6.95129098E+02   -1.01742984E+05
   5.22968334E-04    6.94474489E+02   -1.00769456E+05
   5.29514060E-04    6.93818034E+02   -9.98081058E+04
   5.36141715E-04    6.93159710E+02   -9.88587743E+04
   5.42852324E-04    6.92499489E+02   -9.79213045E+04
   5.49646927E-04    6.91837338E+02   -9.69955405E+04
   5.56526575E-04    6.91173214E+02   -9.60813277E+04
   5.63492331E-04    6.90507078E+02   -9.51785136E+04
   5.70545275E-04    6.89838920E+02   -9.42869509E+04
   5.77686496E-04    6.89168729E+02   -9.34064941E+04
   5.84917101E-04    6.88496488E+02   -9.25369987E+04
   5.92238207E-04    6.87822176E+02   -9.16783218E+04
   5.99650947E-04    6.87145764E+02   -9.08303214E+04
   6.07156469E-04    6.86467219E+02   -8.99928566E+04
   6.14755934E-04    6.85786499E+02   -8.91657877E+04
   6.22450518E-04    6.85103557E+02   -8.83489761E+04
   6.30241410E-04    6.84418371E+02   -8.75422877E+04
   6.38129818E-04    6.83730930E+02   -8.67455912E+04
   6.46116960E-04    6.83041217E+02   -8.59587565E+04
   6.54204073E-04    6.82349211E+02   -8.51816544E+04
   6.62392409E-04    6.81654884E+02   -8.44141569E+04
   6.70683233E-04    6.80958203E+02   -8.36561369E+04
   6.79077830E-04    6.80259126E+02   -8.29074682E+04
   6.87577498E-04    6.79557607E+02   -8.21680255E+04
   6.96183551E-04    6.78853604E+02   -8.14376859E+04
   7.04897322E-04    6.78147102E+02   -8.07163307E+04
   7.13720159E-04    6.77438086E+02   -8.00038427E+04
   7.22653426E-04    6.76726535E+02   -7.93001054E+04
   7.31698507E-04    6.76012421E+02   -7.86050034E+04
   7.40856801E-04    6.75295711E+02   -7.79184221E+04
   7.50129724E-04    6.74576366E+02   -7.72402476E+04
   7.59518711E-04    6.73854339E+02   -7.65703669E+04
   7.69025216E-04    6.73129578E+02   -7.59086679E+04
   7.78650708E-04    6.72402054E+02   -7.52550422E+04
   7.88396678E-04    6.71671751E+02   -7.46093842E+04
   7.98264634E-04    6.70938648E+02   -7.39715889E+04
   8.08256101E-04    6.70202719E+02   -7.33415523E+04
   8.18372626E-04    6.69463930E+02   -7.27191712E+04
   8.28615775E-04    6.68722245E+02   -7.21043429E+04
   8.38987132E-04    6.67977617E+02   -7.14969654E+04
   8.49488302E-04    6.67229995E+02   -7.08969376E+04
   8.60120910E-04    6.66479327E+02   -7.03041596E+04
   8.70886600E-04    6.65725592E+02   -6.97185356E+04
   8.81787039E-04    6.64968768E+02   -6.91399712E+04
   8.92823914E-04    6.64208830E+02   -6.85683727E+04
   9.03998931E-04    6.63445747E+02   -6.80036469E+04
   9.15313820E-04    6.62679481E+02   -6.74457015E+04
   9.26770332E-04    6.61909988E+02   -6.68944447E+04
   9.38370239E-04    6.61137218E+02   -6.63497850E+04
   9.50115336E-04    6.60361113E+02   -6.58116318E+04
   9.62007440E-04    6.59581629E+02   -6.52798967E+04
   9.74048392E-04    6.58798743E+02   -6.47544946E+04
   9.86240054E-04    6.58012430E+02   -6.42353409E+04
   9.98584313E-04    6.57222660E+02   -6.37223520E+04
   1.01108308E-03    6.56429397E+02   -6.32154446E+04
   1.02373828E-03    6.55632597E+02   -6.27145359E+04
   1.03655189E-03    6.54832213E+02   -6.22195437E+04
   1.04952588E-03    6.54028187E+02   -6.17303862E+04
   1.06266225E-03    6.53220460E+02   -6.12469821E+04
   1.07596305E-03    6.52408992E+02   -6.07692533E+04
   1.08943032E-03    6.51593758E+02   -6.02971237E+04
   1.10306616E-03    6.50774727E+02   -5.98305180E+04
   1.11687267E-03    6.49951866E+02   -5.93693611E+04
   1.13085199E-03    6.49125132E+02   -5.89135785E+04
   1.14500628E-03    6.48294479E+02   -5.84630962E+04
   1.15933774E-03    6.47459852E+02   -5.80178404E+04
   1.17384857E-03    6.46621191E+02   -5.75777378E+04
   1.18854103E-03    6.45778433E+02   -5.71427159E+04
   1.20341739E-03    6.44931541E+02   -5.67127053E+04
   1.21847994E-03    6.44080488E+02   -5.62876381E+04
   1.23373103E-03    6.43225237E+02   -5.58674467E+04
   1.24917300E-03    6.42365750E+02   -5.54520642E+04
   1.26480826E-03    6.41501980E+02   -5.50414237E+04
   1.28063921E-03    6.40633876E+02   -5.46354588E+04
   1.29666831E-03    6.39761379E+02   -5.42341036E+04
   1.31289804E-03    6.38884423E+02   -5.38372922E+04
   1.32933091E-03    6.38002944E+02   -5.34449598E+04
   1.34596946E-03    6.37116909E+02   -5.30570449E+04
   1.36281627E-03    6.36226282E+02   -5.26734866E+04
   1.37987394E-03    6.35331025E+02   -5.22942245E+04
   1.39714511E-03    6.34431094E+02   -5.19191985E+04
   1.41463246E-03    6.33526438E+02   -5.15483489E+04
   1.43233868E-03    6.32617000E+02   -5.11816160E+04
   1.45026653E-03    6.31702717E+02   -5.08189407E+04
   1.46841877E-03    6.30783519E+02   -5.04602637E+04
   1.48679821E-03    6.29859342E+02   -5.01055274E+04
   1.50540770E-03    6.28930151E+02   -4.97546768E+04
   1.52425011E-03    6.27995907E+02   -4.94076576E+04
   1.54332836E-03    6.27056568E+02   -4.90644156E+04
   1.56264541E-03    6.26112083E+02   -4.87248968E+04
   1.58220424E-03    6.25162399E+02   -4.83890478E+04
   1.60200787E-03    6.24207453E+02   -4.80568149E+04
   1.62205938E-03    6.23247177E+02   -4.77281450E+04
   1.64236186E-03    6.22281497E+02   -4.74029848E+04
   1.66291846E-03    6.21310352E+02   -4.70812831E+04
   1.68373235E-03    6.20333701E+02   -4.67629907E+04
   1.70480676E-03    6.19351503E+02   -4.64480589E+04
   1.72614495E-03    6.18363711E+02   -4.61364390E+04
   1.74775022E-03    6.17370270E+02   -4.58280827E+04
   1.76962591E-03    6.16371122E+02   -4.55229419E+04
   1.79177541E-03    6.15366200E+02   -4.52209685E+04
   1.81420214E-03    6.14355432E+02   -4.49221146E+04
   1.83690957E-03    6.13338740E+02   -4.46263324E+04
   1.85990122E-03    6.12316062E+02   -4.43335761E+04
   1.88318065E-03    6.11287356E+02   -4.40438017E+04
   1.90675145E-03    6.10252576E+02   -4.37569653E+04
   1.93061728E-03    6.09211670E+02   -4.34730236E+04
   1.95478182E-03    6.08164580E+02   -4.31919330E+04
   1.97924882E-03    6.07111244E+02   -4.29136502E+04
   2.00402205E-03    6.06051592E+02   -4.26381320E+04
   2.02910537E-03    6.04985546E+02   -4.23653352E+04
   2.05450263E-03    6.03913025E+02   -4.20952170E+04
   2.08021778E-03    6.02833968E+02   -4.18277361E+04
   2.10625480E-03    6.01748328E+02   -4.15628533E+04
   2.13261771E-03    6.00656056E+02   -4.13005292E+04
   2.15931058E-03    5.99557097E+02   -4.10407247E+04
   2.18633756E-03    5.98451388E+02   -4.07834007E+04
   2.21370282E-03    5.97338865E+02   -4.05285183E+04
   2.24141060E-03    5.96219453E+02   -4.02760386E+04
   2.26946518E-03    5.95093072E+02   -4.00259226E+04
   2.29787091E-03    5.93959636E+02   -3.97781317E+04
   2.32663218E-03    5.92819085E+02   -3.95326290E+04
   2.35575343E-03    5.91671368E+02   -3.92893791E+04
   2.38523919E-03    5.90516433E+02   -3.90483469E+04
   2.41509400E-03    5.89354221E+02   -3.88094969E+04
   2.44532249E-03    5.88184668E+02   -3.85727943E+04
   2.47592933E-03    5.87007705E+02   -3.83382037E+04
   2.50691926E-03    5.85823255E+02   -3.81056902E+04
   2.53829708E-03    5.84631235E+02   -3.78752187E+04
   2.57006763E-03    5.83431557E+02   -3.76467543E+04
   2.60223585E-03    5.82224158E+02   -3.74202638E+04
   2.63480669E-03    5.81008987E+02   -3.71957156E+04
   2.66778521E-03    5.79785987E+02   -3.69730778E+04
   2.70117651E-03    5.78555098E+02   -3.67523188E+04
   2.73498574E-03    5.77316253E+02   -3.65334070E+04
   2.76921815E-03    5.76069381E+02   -3.63163108E+04
   2.80387903E-03    5.74814403E+02   -3.61009984E+04
   2.83897374E-03    5.73551233E+02   -3.58874383E+04
   2.87450771E-03    5.72279783E+02   -3.56755989E+04
   2.91048644E-03    5.70999987E+02   -3.54654504E+04
   2.94691550E-03    5.69711793E+02   -3.52569643E+04
   2.98380053E-03    5.68415143E+02   -3.50501121E+04
   3.02114722E-03    5.67109974E+02   -3.48448653E+04
   3.05896137E-03    5.65796219E+02   -3.46411954E+04
   3.09724881E-03    5.64473805E+02   -3.44390738E+04
   3.13601548E-03    5.63142651E+02   -3.42384720E+04
   3.17526737E-03    5.61802671E+02   -3.40393613E+04
   3.21501056E-03    5.60453774E+02   -3.38417134E+04
   3.25525119E-03    5.59095897E+02   -3.36455015E+04
   3.29599549E-03    5.57728984E+02   -3.34506998E+04
   3.33724977E-03    5.56352979E+02   -3.32572829E+04
   3.37902040E-03    5.54967817E+02   -3.30652249E+04
   3.42131386E-03    5.53573431E+02   -3.28745003E+04
   3.46413669E-03    5.52169747E+02   -3.26850833E+04
   3.50749550E-03    5.50756685E+02   -3.24969483E+04
   3.55139702E-03    5.49334158E+02   -3.23100692E+04
   3.59584802E-03    5.47902078E+02   -3.21244205E+04
   3.64085540E-03    5.46460379E+02   -3.19399782E+04
   3.68642611E-03    5.45009009E+02   -3.17567191E+04
   3.73256721E-03    5.43547909E+02   -3.15746203E+04
   3.77928583E-03    5.42077019E+02   -3.13936587E+04
   3.82658921E-03    5.40596271E+02   -3.12138112E+04
   3.87448465E-03    5.39105592E+02   -3.10350548E+04
   3.92297958E-03    5.37604903E+02   -3.08573661E+04
   3.97208150E-03    5.36094121E+02   -3.06807220E+04
   4.02179800E-03    5.34573156E+02   -3.05050991E+04
   4.07213677E-03    5.33041949E+02   -3.03304760E+04
   4.12310561E-03    5.31500446E+02   -3.01568322E+04
   4.17471240E-03    5.29948595E+02   -2.99841469E+04
   4.22696513E-03    5.28386335E+02   -2.98123995E+04
   4.27987187E-03    5.26813601E+02   -2.96415693E+04
   4.33344082E-03    5.25230325E+02   -2.94716357E+04
   4.38768027E-03    5.23636431E+02   -2.93025776E+04
   4.44259861E-03    5.22031837E+02   -2.91343742E+04
   4.49820433E-03    5.20416460E+02   -2.89670046E+04
   4.55450603E-03    5.18790243E+02   -2.88004496E+04
   4.61151244E-03    5.17153140E+02   -2.86346910E+04
   4.66923237E-03    5.15505099E+02   -2.84697103E+04
   4.72767474E-03    5.13846067E+02   -2.83054891E+04
   4.78684861E-03    5.12175984E+02   -2.81420090E+04
   4.84676313E-03    5.10494785E+02   -2.79792514E+04
   4.90742757E-03    5.08802401E+02   -2.78171977E+04
   4.96885131E-03    5.07098757E+02   -2.76558291E+04
   5.03104387E-03    5.05383775E+02   -2.74951271E+04
   5.09401485E-03    5.03657404E+02   -2.73350746E+04
   5.15777401E-03    5.01919607E+02   -2.71756555E+04
   5.22233122E-03    5.00170339E+02   -2.70168536E+04
   5.28769645E-03    4.98409554E+02   -2.68586525E+04
   5.35387982E-03    4.96637200E+02   -2.67010360E+04
   5.42089158E-03    4.94853220E+02   -2.65439876E+04
   5.48874208E-03    4.93057553E+02   -2.63874908E+04
   5.55744184E-03    4.91250133E+02   -2.62315291E+04
   5.62700148E-03    4.89430891E+02   -2.60760859E+04
   5.69743176E-03    4.87599787E+02   -2.59211463E+04
   5.76874358E-03    4.85756792E+02   -2.57666963E+04
   5.84094797E-03    4.83901873E+02   -2.56127217E+04
   5.91405611E-03    4.82034993E+02   -2.54592083E+04
   5.98807931E-03    4.80156112E+02   -2.53061420E+04
   6.06302901E-03    4.78265187E+02   -2.51535083E+04
   6.13891682E-03    4.76362166E+02   -2.50012928E+04
   6.21575448E-03    4.74446995E+02   -2.48494811E+04
   6.29355388E-03    4.72519619E+02   -2.46980587E+04
   6.37232705E-03    4.70580011E+02   -2.45470128E+04
   6.45208619E-03    4.68628153E+02   -2.43963314E+04
   6.53284363E-03    4.66664028E+02   -2.42460024E+04
   6.61461187E-03    4.64687615E+02   -2.40960136E+04
   6.69740356E-03    4.62698887E+02   -2.39463529E+04
   6.78123151E-03    4.60697815E+02   -2.37970082E+04
   6.86610870E-03    4.58684367E+02   -2.36479671E+04
   6.95204824E-03    4.56658503E+02   -2.34992171E+04
   7.03906345E-03    4.54620183E+02   -2.33507460E+04
   7.12716778E-03    4.52569397E+02   -2.32025428E+04
   7.21637487E-03    4.50506146E+02   -2.30545978E+04
   7.30669852E-03    4.48430431E+02   -2.29069009E+04
   7.39815270E-03    4.46342249E+02   -2.27594421E+04
   7.49075157E-03    4.44241594E+02   -2.26122114E+04
   7.58450945E-03    4.42128456E+02   -2.24651987E+04
   7.67944085E-03    4.40002822E+02   -2.23183938E+04
   7.77556046E-03    4.37864675E+02   -2.21717865E+04
   7.87288314E-03    4.35713995E+02   -2.20253665E+04
   7.97142397E-03    4.33550791E+02   -2.18791251E+04
   8.07119817E-03    4.31375089E+02   -2.17330545E+04
   8.17222121E-03    4.29186911E+02   -2.15871469E+04
   8.27450869E-03    4.26986279E+02   -2.14413946E+04
   8.37807645E-03    4.24773209E+02   -2.12957895E+04
   8.48294052E-03    4.22547717E+02   -2.11503239E+04
   8.58911712E-03    4.20309814E+02   -2.10049898E+04
   8.69662268E-03    4.18059509E+02   -2.08597790E+04
   8.80547383E-03    4.15796807E+02   -2.07146836E+04
   8.91568741E-03    4.13521747E+02   -2.05696972E+04
   9.02728047E-03    4.11234381E+02   -2.04248143E+04
   9.14027030E-03    4.08934759E+02   -2.02800291E+04
   9.25467435E-03    4.06622929E+02   -2.01353362E+04
   9.37051035E-03    4.04298939E+02   -1.99907300E+04
   9.48779620E-03    4.01962831E+02   -1.98462047E+04
   9.60655006E-03    3.99614646E+02   -1.97017547E+04
   9.72679030E-03    3.97254422E+02   -1.95573741E+04
   9.84853552E-03    3.94882197E+02   -1.94130574E+04
   9.97180457E-03    3.92498047E+02   -1.92688008E+04
   1.00966165E-02    3.90102056E+02   -1.91246009E+04
   1.02229907E-02    3.87694306E+02   -1.89804546E+04
   1.03509466E-02    3.85274880E+02   -1.88363586E+04
   1.04805040E-02    3.82843857E+02   -1.86923096E+04
   1.06116831E-02    3.80401313E+02   -1.85483043E+04
   1.07445041E-02    3.77947325E+02   -1.84043394E+04
   1.08789875E-02    3.75481961E+02   -1.82604114E+04
   1.10151542E-02    3.73005302E+02   -1.81165172E+04
   1.11530252E-02    3.70517462E+02   -1.79726557E+04
   1.12926219E-02    3.68018564E+02   -1.78288261E+04
   1.14339658E-02    3.65508729E+02   -1.76850277E+04
   1.15770789E-02    3.62988078E+02   -1.75412596E+04
   1.17219832E-02    3.60456729E+02   -1.73975212E+04
   1.18687012E-02    3.57914799E+02   -1.72538115E+04
   1.20172557E-02    3.55362400E+02   -1.71101298E+04
   1.21676695E-02    3.52799644E+02   -1.69664749E+04
   1.23199659E-02    3.50226649E+02   -1.68228464E+04
   1.24741686E-02    3.47643574E+02   -1.66792458E+04
   1.26303013E-02    3.45050587E+02   -1.65356748E+04
   1.27883883E-02    3.42447853E+02   -1.63921356E+04
   1.29484540E-02    3.39835538E+02   -1.62486299E+04
   1.31105231E-02    3.37213806E+02   -1.61051598E+04
   1.32746208E-02    3.34582820E+02   -1.59617269E+04
   1.34407724E-02    3.31942738E+02   -1.58183332E+04
   1.36090036E-02    3.29293716E+02   -1.56749803E+04
   1.37793405E-02    3.26635921E+02   -1.55316704E+04
   1.39518094E-02    3.23969555E+02   -1.53884074E+04
   1.41264370E-02    3.21294828E+02   -1.52451958E+04
   1.43032503E-02    3.18611950E+02   -1.51020400E+04
   1.44822768E-02    3.15921129E+02   -1.49589443E+04
   1.46635440E-02    3.13222570E+02   -1.48159131E+04
   1.48470800E-02    3.10516478E+02   -1.46729506E+04
   1.50329132E-02    3.07803055E+02   -1.45300609E+04
   1.52210725E-02    3.05082531E+02   -1.43872498E+04
   1.54115868E-02    3.02355159E+02   -1.42445238E+04
   1.56044857E-02    2.99621185E+02   -1.41018895E+04
   1.57997990E-02    2.96880857E+02   -1.39593532E+04
   1.59975570E-02    2.94134421E+02   -1.38169215E+04
   1.61977901E-02    2.91382116E+02   -1.36746006E+04
   1.64005295E-02    2.88624183E+02   -1.35323967E+04
   1.66058065E-02    2.85860884E+02   -1.33903171E+04
   1.68136529E-02    2.83092512E+02   -1.32483707E+04
   1.70241007E-02    2.80319358E+02   -1.31065662E+04
   1.72371826E-02    2.77541714E+02   -1.29649124E+04
   1.74529315E-02    2.74759867E+02   -1.28234180E+04
   1.76713809E-02    2.71974101E+02   -1.26820915E+04
   1.78925645E-02    2.69184696E+02   -1.25409410E+04
   1.81165165E-02    2.66391933E+02   -1.23999752E+04
   1.83432716E-02    2.63596138E+02   -1.22592045E+04
   1.85728649E-02    2.60797649E+02   -1.21186400E+04
   1.88053319E-02    2.57996802E+02   -1.19782928E+04
   1.90407085E-02    2.55193930E+02   -1.18381739E+04
   1.92790313E-02    2.52389361E+02   -1.16982940E+04
   1.95203370E-02    2.49583418E+02   -1.15586636E+04
   1.97646630E-02    2.46776420E+02   -1.14192930E+04
   2.00120471E-02    2.43968697E+02   -1.12801931E+04
   2.02625276E-02    2.41160625E+02   -1.11413770E+04
   2.05161432E-02    2.38352584E+02   -1.10028579E+04
   2.07729332E-02    2.35544946E+02   -1.08646487E+04
   2.10329373E-02    2.32738082E+02   -1.07267624E+04
   2.12961957E-02    2.29932353E+02   -1.05892112E+04
   2.15627492E-02    2.27128115E+02   -1.04520075E+04
   2.18326391E-02    2.24325734E+02   -1.03151638E+04
   2.21059070E-02    2.21525613E+02   -1.01786946E+04
   2.23825952E-02    2.18728158E+02   -1.00426146E+04
   2.26627467E-02    2.15933766E+02   -9.90693777E+03
   2.29464046E-02    2.13142828E+02   -9.77167812E+03
   2.32336129E-02    2.10355727E+02   -9.63684920E+03
   2.35244161E-02    2.07572876E+02   -9.50246591E+03
   2.38188591E-02    2.04794702E+02   -9.36854393E+03
   2.41169875E-02    2.02021626E+02   -9.23509856E+03
   2.44188474E-02    1.99254057E+02   -9.10214465E+03
   2.47244855E-02    1.96492395E+02   -8.96969660E+03
   2.50339492E-02    1.93737064E+02   -8.83776983E+03
   2.53472862E-02    1.90988503E+02   -8.70638070E+03
   2.56645452E-02    1.88247145E+02   -8.57554514E+03
   2.59857751E-02    1.85513410E+02   -8.44527852E+03
   2.63110256E-02    1.82787707E+02   -8.31559566E+03
   2.66403472E-02    1.80070474E+02   -8.18651280E+03
   2.69737907E-02    1.77362177E+02   -8.05804757E+03
   2.73114077E-02    1.74663275E+02   -7.93021715E+03
   2.76532506E-02    1.71974212E+02   -7.80303808E+03
   2.79993721E-02    1.69295416E+02   -7.67652620E+03
   2.83498258E-02    1.66627300E+02   -7.55069655E+03
   2.87046659E-02    1.63970280E+02   -7.42556451E+03
   2.90639475E-02    1.61324824E+02   -7.30114765E+03
   2.94277259E-02    1.58691388E+02   -7.17746326E+03
   2.97960576E-02    1.56070414E+02   -7.05452783E+03
   3.01689995E-02    1.53462329E+02   -6.93235714E+03
   3.05466094E-02    1.50867582E+02   -6.81096812E+03
   3.09289455E-02    1.48286631E+02   -6.69037801E+03
   3.13160672E-02    1.45719911E+02   -6.57060316E+03
   3.17080343E-02    1.43167841E+02   -6.45165896E+03
   3.21049075E-02    1.40630852E+02   -6.33356161E+03
   3.25067481E-02    1.38109400E+02   -6.21632834E+03
   3.29136183E-02    1.35603920E+02   -6.09997543E+03
   3.33255811E-02    1.33114822E+02   -5.98451805E+03
   3.37427002E-02    1.30642523E+02   -5.86997177E+03
   3.41650402E-02    1.28187470E+02   -5.75635346E+03
   3.45926664E-02    1.25750088E+02   -5.64367904E+03
   3.50256450E-02    1.23330775E+02   -5.53196318E+03
   3.54640430E-02    1.20929929E+02   -5.42122064E+03
   3.59079282E-02    1.18547976E+02   -5.31146738E+03
   3.63573692E-02    1.16185316E+02   -5.20271824E+03
   3.68124357E-02    1.13842328E+02   -5.09498716E+03
   3.72731980E-02    1.11519418E+02   -4.98828928E+03
   3.77397274E-02    1.09216978E+02   -4.88263914E+03
   3.82120961E-02    1.06935369E+02   -4.77804982E+03
   3.86903773E-02    1.04674957E+02   -4.67453478E+03
   3.91746448E-02    1.02436129E+02   -4.57210839E+03
   3.96649736E-02    1.00219240E+02   -4.47078355E+03
   4.01614397E-02    9.80246172E+01   -4.37057192E+03
   4.06641198E-02    9.58526165E+01   -4.27148657E+03
   4.11730916E-02    9.37035829E+01   -4.17354004E+03
   4.16884340E-02    9.15778233E+01   -4.07674315E+03
   4.22102267E-02    8.94756511E+01   -3.98110706E+03
   4.27385503E-02    8.73973976E+01   -3.88664378E+03
   4.32734867E-02    8.53433562E+01   -3.79336362E+03
   4.38151187E-02    8.33137954E+01   -3.70127574E+03
   4.43635300E-02    8.13090002E+01   -3.61039015E+03
   4.49188054E-02    7.93292360E+01   -3.52071593E+03
   4.54810310E-02    7.73747763E+01   -3.43226263E+03
   4.60502936E-02    7.54458619E+01   -3.34503827E+03
   4.66266814E-02    7.35426919E+01   -3.25904904E+03
   4.72102836E-02    7.16655090E+01   -3.17430314E+03
   4.78011904E-02    6.98145667E+01   -3.09080931E+03
   4.83994933E-02    6.79900706E+01   -3.00857415E+03
   4.90052848E-02    6.61921734E+01   -2.92760185E+03
   4.96186588E-02    6.44210137E+01   -2.84789599E+03
   5.02397100E-02    6.26767898E+01   -2.76946294E+03
   5.08685345E-02    6.09596671E+01   -2.69230760E+03
   5.15052298E-02    5.92697569E+01   -2.61643245E+03
   5.21498942E-02    5.76071796E+01   -2.54184039E+03
   5.28026276E-02    5.59720810E+01   -2.46853556E+03
   5.34635309E-02    5.43645553E+01   -2.39651978E+03
   5.41327064E-02    5.27846524E+01   -2.32579287E+03
   5.48102576E-02    5.12324549E+01   -2.25635622E+03
   5.54962894E-02    4.97080186E+01   -2.18821000E+03
   5.61909078E-02    4.82113582E+01   -2.12135260E+03
   5.68942205E-02    4.67425398E+01   -2.05578476E+03
   5.76063362E-02    4.53016075E+01   -1.99150629E+03
   5.83273650E-02    4.38885425E+01   -1.92851416E+03
   5.90574186E-02    4.25032778E+01   -1.86680321E+03
   5.97966099E-02    4.11458070E+01   -1.80637109E+03
   6.05450533E-02    3.98161104E+01   -1.74721489E+03
   6.13028645E-02    3.85141023E+01   -1.68932873E+03
   6.20701609E-02    3.72396966E+01   -1.63270680E+03
   6.28470611E-02    3.59928629E+01   -1.57734584E+03
   6.36336854E-02    3.47735177E+01   -1.52324024E+03
   6.44301555E-02    3.35815076E+01   -1.47038127E+03
   6.52365946E-02    3.24166549E+01   -1.41875916E+03
   6.60531275E-02    3.12788712E+01   -1.36836822E+03
   6.68798804E-02    3.01680336E+01   -1.31920125E+03
   6.77169815E-02    2.90839486E+01   -1.27124794E+03
   6.85645600E-02    2.80263921E+01   -1.22449660E+03
   6.94227473E-02    2.69952123E+01   -1.17893890E+03
   7.02916761E-02    2.59902183E+01   -1.13456478E+03
   7.11714808E-02    2.50111462E+01   -1.09136094E+03
   7.20622976E-02    2.40577378E+01   -1.04931438E+03
   7.29642643E-02    2.31298235E+01   -1.00841616E+03
   7.38775204E-02    2.22271838E+01   -9.68655129E+02
   7.48022073E-02    2.13495263E+01   -9.30016910E+02
   7.57384680E-02    2.04964987E+01   -8.92484489E+02
   7.66864474E-02    1.96678276E+01   -8.56044442E+02
   7.76462922E-02    1.88632520E+01   -8.20683963E+02
   7.86181508E-02    1.80824402E+01   -7.86387113E+02
   7.96021737E-02    1.73250574E+01   -7.53137867E+02
   8.05985131E-02    1.65908333E+01   -7.20923139E+02
   8.16073232E-02    1.58794428E+01   -6.89727429E+02
   8.26287601E-02    1.51904897E+01   -6.59532106E+02
   8.36629817E-02    1.45236021E+01   -6.30319682E+02
   8.47101482E-02    1.38784572E+01   -6.02074902E+02
   8.57704215E-02    1.32546722E+01   -5.74779874E+02
   8.68439657E-02    1.26518752E+01   -5.48417240E+02
   8.79309469E-02    1.20697070E+01   -5.22970256E+02
   8.90315332E-02    1.15077506E+01   -4.98419644E+02
   9.01458951E-02    1.09656245E+01   -4.74747740E+02
   9.12742048E-02    1.04429452E+01   -4.51936842E+02
   9.24166371E-02    9.93928522E+00   -4.29967333E+02
   9.35733685E-02    9.45426354E+00   -4.08821697E+02
   9.47445782E-02    8.98746639E+00   -3.88481005E+02
   9.59304473E-02    8.53846989E+00   -3.68925916E+02
   9.71311593E-02    8.10687943E+00   -3.50138425E+02
   9.83469000E-02    7.69225595E+00   -3.32098595E+02
   9.95778575E-02    7.29420196E+00   -3.14788363E+02
   1.00824222E-01    6.91231133E+00   -2.98189321E+02
   1.02086187E-01    6.54613318E+00   -2.82281115E+02
   1.03363947E-01    6.19526907E+00   -2.67045742E+02
   1.04657701E-01    5.85930393E+00   -2.52464495E+02
   1.05967647E-01    5.53780567E+00   -2.38517952E+02
   1.07293990E-01    5.23037889E+00   -2.25188335E+02
   1.08636933E-01    4.93659233E+00   -2.12456318E+02
   1.09996686E-01    4.65604732E+00   -2.00304038E+02
   1.11373458E-01    4.38833774E+00   -1.88713334E+02
   1.12767462E-01    4.13303659E+00   -1.77665153E+02
   1.14178914E-01    3.88977333E+00   -1.67142949E+02
   1.15608033E-01    3.65814714E+00   -1.57128875E+02
   1.17055039E-01    3.43773760E+00   -1.47604243E+02
   1.18520157E-01    3.22818234E+00   -1.38552942E+02
   1.20003613E-01    3.02909224E+00   -1.29957708E+02
   1.21505636E-01    2.84007122E+00   -1.21800997E+02
   1.23026459E-01    2.66077939E+00   -1.14067746E+02
   1.24566318E-01    2.49084702E+00   -1.06741606E+02
   1.26125451E-01    2.32988333E+00   -9.98053293E+01
   1.27704098E-01    2.17756105E+00   -9.32444645E+01
   1.29302504E-01    2.03354008E+00   -8.70440178E+01
   1.30920917E-01    1.89745752E+00   -8.11880181E+01
   1.32559587E-01    1.76899838E+00   -7.56626034E+01
   1.34218767E-01    1.64783543E+00   -7.04533936E+01
   1.35898714E-01    1.53364620E+00   -6.55462324E+01
   1.37599689E-01    1.42613317E+00   -6.09280668E+01
   1.39321953E-01    1.32497958E+00   -5.65850200E+01
   1.41065774E-01    1.22990670E+00   -5.25048853E+01
   1.42831422E-01    1.14063112E+00   -4.86752648E+01
   1.44619169E-01    1.05685973E+00   -4.50833520E+01
   1.46429293E-01    9.78340140E-01   -4.17181223E+01
   1.48262073E-01    9.04805827E-01   -3.85679497E+01
   1.50117793E-01    8.36001255E-01   -3.56216949E+01
   1.51996740E-01    7.71694330E-01   -3.28692470E+01
   1.53899205E-01    7.11637664E-01   -3.02998416E+01
   1.55825482E-01    6.55611574E-01   -2.79039243E+01
   1.57775869E-01    6.03395788E-01   -2.56719244E+01
   1.59750669E-01    5.54778236E-01   -2.35946346E+01
   1.61750185E-01    5.09559682E-01   -2.16634110E+01
   1.63774729E-01    4.67542096E-01   -1.98696689E+01
   1.65824613E-01    4.28543386E-01   -1.82055203E+01
   1.67900154E-01    3.92380393E-01   -1.66630369E+01
   1.70001674E-01    3.58886827E-01   -1.52350257E+01
   1.72129498E-01    3.27895114E-01   -1.39142437E+01
   1.74283954E-01    2.99252698E-01   -1.26941012E+01
   1.76465376E-01    2.72807251E-01   -1.15680236E+01
   1.78674103E-01    2.48422300E-01   -1.05301239E+01
   1.80910474E-01    2.25957913E-01   -9.57437091E+00
   1.83174838E-01    2.05289839E-01   -8.69541215E+00
   1.85467543E-01    1.86294115E-01   -7.88791179E+00
   1.87788945E-01    1.68857548E-01   -7.14700023E+00
   1.90139402E-01    1.52870242E-01   -6.46795326E+00
   1.92519279E-01    1.38229654E-01   -5.84636521E+00
   1.94928944E-01    1.24837971E-01   -5.27803664E+00
   1.97368769E-01    1.12604893E-01   -4.75909276E+00
   1.99839132E-01    1.01442821E-01   -4.28577735E+00
   2.02340416E-01    9.12717654E-02   -3.85466236E+00
   2.04873006E-01    8.20146186E-02   -3.46244539E+00
   2.07437296E-01    7.36014787E-02   -3.10613441E+00
   2.10033682E-01    6.59639282E-02   -2.78280267E+00
   2.12662566E-01    5.90407323E-02   -2.48983227E+00
   2.15324353E-01    5.27726680E-02   -2.22469275E+00
   2.18019458E-01    4.71060294E-02   -1.98509077E+00
   2.20748295E-01    4.19897359E-02   -1.76884631E+00
   2.23511288E-01    3.73768947E-02   -1.57395927E+00
   2.26308863E-01    3.32238845E-02   -1.39857008E+00
   2.29141455E-01    2.94899060E-02   -1.24094052E+00
   2.32009500E-01    2.61379117E-02   -1.09949305E+00
   2.34913444E-01    2.31327449E-02   -9.72731481E-01
   2.37853734E-01    2.04429027E-02   -8.59315887E-01
   2.40830827E-01    1.80386162E-02   -7.57980752E-01
   2.43845183E-01    1.58929125E-02   -6.67580065E-01
   2.46897267E-01    1.39809802E-02   -5.87060217E-01
   2.49987553E-01    1.22797955E-02   -5.15444022E-01
   2.53116519E-01    1.07686950E-02   -4.51854956E-01
   2.56284648E-01    9.42845835E-03   -3.95478129E-01
   2.59492431E-01    8.24166223E-03   -3.45575228E-01
   2.62740364E-01    7.19253470E-03   -3.01478268E-01
   2.66028950E-01    6.26653733E-03   -2.62571819E-01
   2.69358697E-01    5.45061088E-03   -2.28303357E-01
   2.72730121E-01    4.73291779E-03   -1.98172298E-01
   2.76143744E-01    4.10265243E-03   -1.71721924E-01
   2.79600093E-01    3.55013733E-03   -1.48543412E-01
   2.83099703E-01    3.06665105E-03   -1.28268506E-01
   2.86643116E-01    2.64429141E-03   -1.10563709E-01
   2.90230880E-01    2.27598554E-03   -9.51306687E-02
   2.93863551E-01    1.95541767E-03   -8.17031024E-02
   2.97541690E-01    1.67690675E-03   -7.00416021E-02
   3.01265866E-01    1.43537151E-03   -5.99321388E-02
   3.05036655E-01    1.22630272E-03   -5.11848700E-02
   3.08854642E-01    1.04568600E-03   -4.36308681E-02
   3.12720417E-01    8.89946817E-04   -3.71197833E-02
   3.16634577E-01    7.55915474E-04   -3.15183582E-02
   3.20597729E-01    6.40794755E-04   -2.67090496E-02
   3.24610486E-01    5.42116666E-04   -2.25881967E-02
   3.28673468E-01    4.57703479E-04   -1.90643726E-02
   3.32787305E-01    3.85639612E-04   -1.60571929E-02
   3.36952632E-01    3.24244649E-04   -1.34961739E-02
   3.41170094E-01    2.72048724E-04   -1.13196913E-02
   3.45440345E-01    2.27768309E-04   -9.47395749E-03
   3.49764044E-01    1.90283777E-04   -7.91207423E-03
   3.54141860E-01    1.58620957E-04   -6.59325442E-03
   3.58574471E-01    1.31934334E-04   -5.48211326E-03
   3.63062563E-01    1.09491773E-04   -4.54802464E-03
   3.67606831E-01    9.06607705E-05   -3.76454176E-03
   3.72207976E-01    7.48961350E-05   -3.10887868E-03
   3.76866712E-01    6.17290242E-05   -2.56144898E-03
   3.81583758E-01    5.07571590E-05   -2.10545434E-03
   3.86359846E-01    4.16361628E-05   -1.72652055E-03
   3.91195713E-01    3.40719484E-05   -1.41237779E-03
   3.96092108E-01    2.78139906E-05   -1.15257823E-03
   4.01049789E-01    2.26494008E-05   -9.38247435E-04
   4.06069523E-01    1.83977225E-05   -7.61866134E-04
   4.11152086E-01    1.49063750E-05   -6.17079297E-04
   4.16298265E-01    1.20466747E-05   -4.98529499E-04
   4.21508856E-01    9.71037167E-06   -4.01711910E-04
   4.26784665E-01    7.80664143E-06   -3.22848457E-04
   4.32126509E-01    6.25948028E-06   -2.58778895E-04
   4.37535214E-01    5.00545608E-06   -2.06866809E-04
   4.43011617E-01    3.99177223E-06   -1.64918737E-04
   4.48556565E-01    3.17460749E-06   -1.31114852E-04
   4.54170917E-01    2.51768860E-06   -1.03949406E-04
   4.59855540E-01    1.99107281E-06   -8.21799450E-05
   4.65611315E-01    1.57011230E-06   -6.47841405E-05
   4.71439132E-01    1.23457556E-06   -5.09231823E-05
   4.77339893E-01    9.67903400E-07   -3.99107932E-05
   4.83314511E-01    7.56582551E-07   -3.11871549E-05
   4.89363910E-01    5.89625937E-07   -2.42972847E-05
   4.95489026E-01    4.58115995E-07   -1.88720459E-05
   5.01690807E-01    3.54844346E-07   -1.46131701E-05
   5.07970212E-01    2.73997955E-07   -1.12802198E-05
   5.14328214E-01    2.10905360E-07   -8.68004987E-06
   5.20765795E-01    1.61823663E-07   -6.65796769E-06
   5.27283952E-01    1.23763629E-07   -5.09047650E-06
   5.33883694E-01    9.43455884E-08   -3.87930057E-06
   5.40566041E-01    7.16819051E-08   -2.94651391E-06
   5.47332028E-01    5.42801666E-08   -2.23052942E-06
   5.54182701E-01    4.09638024E-08   -1.68281196E-06
   5.61119121E-01    3.08083426E-08   -1.26524002E-06
   5.68142360E-01    2.30899435E-08   -9.47976157E-07
   5.75253505E-01    1.72443033E-08   -7.07767894E-07
   5.82453657E-01    1.28328298E-08   -5.26549278E-07
   5.89743930E-01    9.51554118E-09   -3.90321241E-07
   5.97125451E-01    7.02996070E-09   -2.88279917E-07
   6.04599362E-01    5.17447653E-09   -2.12129675E-07
   6.12166821E-01    3.79452601E-09   -1.55513030E-07
   6.19828998E-01    2.77202859E-09   -1.13574778E-07
   6.27587079E-01    2.01729025E-09   -8.26281880E-08
   6.35442263E-01    1.46236011E-09   -5.98812075E-08
   6.43395766E-01    1.05593357E-09   -4.32264855E-08
   6.51448820E-01    7.59425702E-10   -3.10796731E-08
   6.59602669E-01    5.43978200E-10   -2.22562089E-08
   6.67858576E-01    3.88064296E-10   -1.58727673E-08
   6.76217818E-01    2.75691092E-10   -1.12733158E-08
   6.84681688E-01    1.95046740E-10   -7.97348901E-09
   6.93251496E-01    1.37407939E-10   -5.61568870E-09
   7.01928568E-01    9.63841558E-11   -3.93803025E-09
   7.10714247E-01    6.73204907E-11   -2.74981666E-09
   7.19609891E-01    4.68133080E-11   -1.91165530E-09
   7.28616878E-01    3.24081085E-11   -1.32305680E-09
   7.37736600E-01    2.23349048E-11   -9.11578842E-10
   7.46970469E-01    1.53222603E-11   -6.25200113E-10
   7.56319914E-01    1.04612423E-11   -4.26742740E-10
   7.65786381E-01    7.11159712E-12   -2.90026669E-10
   7.75371334E-01    4.81099793E-12   -1.96152779E-10
   7.85076258E-01    3.23800226E-12   -1.31985231E-10
   7.94902653E-01    2.16991107E-12   -8.84261105E-11
   8.04852040E-01    1.44682225E-12   -5.89446939E-11
   8.14925959E-01    9.58894380E-13   -3.90562799E-11
   8.25125968E-01    6.33634650E-13   -2.58019689E-11
   8.35453644E-01    4.15956637E-13   -1.69338145E-11
   8.45910587E-01    2.71620652E-13   -1.10551095E-11
   8.56498415E-01    1.76528356E-13   -7.18305854E-12
   8.67218764E-01    1.14115526E-13   -4.64232752E-12
   8.78073295E-01    7.32827443E-14   -2.98048883E-12
   8.89063686E-01    4.69631550E-14   -1.90960080E-12
   9.00191639E-01    2.96759568E-14   -1.20637451E-12
   9.11458874E-01    1.88121531E-14   -7.64567274E-13
   9.22867135E-01    1.19084575E-14   -4.83882560E-13
   9.34418188E-01    7.40710301E-15   -3.00904978E-13
   9.46113819E-01    4.61503984E-15   -1.87437754E-13
   9.57955839E-01    2.84776878E-15   -1.15634192E-13
   9.69946079E-01    1.72261947E-15   -6.99292361E-14
   9.82086394E-01    1.05631261E-15   -4.28712845E-14
   9.94378664E-01    6.56337437E-16   -2.66337208E-14
   1.00682479E+00    3.93828018E-16   -1.59780649E-14
   1.01942670E+00    2.32493475E-16   -9.43025182E-15
   1.03218634E+00    1.39867925E-16   -5.67190778E-15
   1.04510568E+00    8.29894165E-17   -3.36454369E-15
   1.05818673E+00    4.67123428E-17   -1.89318682E-15
   1.07143151E+00    2.60529260E-17   -1.05553245E-15
   1.08484207E+00    1.57307514E-17   -6.37241069E-16
   1.09842047E+00    1.01762932E-17   -4.12242762E-16
   1.11216884E+00    6.33936427E-18   -2.56749647E-16
   1.12608928E+00    3.79178220E-18   -1.53422010E-16
   1.14018396E+00    2.18500533E-18   -8.81571747E-17
   1.15445506E+00    1.14179689E-18   -4.56916571E-17
   1.16890478E+00    0.00000000E+00    0.00000000E+00
   1.18353536E+00    0.00000000E+00    0.00000000E+00
   1.19834906E+00    0.00000000E+00    0.00000000E+00
   1.21334818E+00    0.00000000E+00    0.00000000E+00
   1.22853503E+00    0.00000000E+00    0.00000000E+00
   1.24391197E+00    0.00000000E+00    0.00000000E+00
   1.25948138E+00    0.00000000E+00    0.00000000E+00
   1.27524566E+00    0.00000000E+00    0.00000000E+00
   1.29120725E+00    0.00000000E+00    0.00000000E+00
   1.30736863E+00    0.00000000E+00    0.00000000E+00
   1.32373229E+00    0.00000000E+00    0.00000000E+00
   1.34030076E+00    0.00000000E+00    0.00000000E+00
   1.35707662E+00    0.00000000E+00    0.00000000E+00
   1.37406245E+00    0.00000000E+00    0.00000000E+00
   1.39126088E+00    0.00000000E+00    0.00000000E+00
   1.40867457E+00    0.00000000E+00    0.00000000E+00
   1.42630623E+00    0.00000000E+00    0.00000000E+00
   1.44415857E+00    0.00000000E+00    0.00000000E+00
   1.46223436E+00    0.00000000E+00    0.00000000E+00
   1.48053639E+00    0.00000000E+00    0.00000000E+00
   1.49906750E+00    0.00000000E+00    0.00000000E+00
   1.51783056E+00    0.00000000E+00    0.00000000E+00
   1.53682846E+00    0.00000000E+00    0.00000000E+00
   1.55606415E+00    0.00000000E+00    0.00000000E+00
   1.57554061E+00    0.00000000E+00    0.00000000E+00
   1.59526084E+00    0.00000000E+00    0.00000000E+00
   1.61522790E+00    0.00000000E+00    0.00000000E+00
   1.63544487E+00    0.00000000E+00    0.00000000E+00
   1.65591489E+00    0.00000000E+00    0.00000000E+00
   1.67664113E+00    0.00000000E+00    0.00000000E+00
   1.69762678E+00    0.00000000E+00    0.00000000E+00
   1.71887510E+00    0.00000000E+00    0.00000000E+00
   1.74038938E+00    0.00000000E+00    0.00000000E+00
   1.76217293E+00    0.00000000E+00    0.00000000E+00
   1.78422914E+00    0.00000000E+00    0.00000000E+00
   1.80656142E+00    0.00000000E+00    0.00000000E+00
   1.82917322E+00    0.00000000E+00    0.00000000E+00
   1.85206804E+00    0.00000000E+00    0.00000000E+00
   1.87524942E+00    0.00000000E+00    0.00000000E+00
   1.89872095E+00    0.00000000E+00    0.00000000E+00
   1.92248627E+00    0.00000000E+00    0.00000000E+00
   1.94654904E+00    0.00000000E+00    0.00000000E+00
   1.97091299E+00    0.00000000E+00    0.00000000E+00
   1.99558189E+00    0.00000000E+00    0.00000000E+00
   2.02055956E+00    0.00000000E+00    0.00000000E+00
   2.04584987E+00    0.00000000E+00    0.00000000E+00
   2.07145672E+00    0.00000000E+00    0.00000000E+00
   2.09738407E+00    0.00000000E+00    0.00000000E+00
   2.12363595E+00    0.00000000E+00    0.00000000E+00
   2.15021641E+00    0.00000000E+00    0.00000000E+00
   2.17712956E+00    0.00000000E+00    0.00000000E+00
   2.20437957E+00    0.00000000E+00    0.00000000E+00
   2.23197065E+00    0.00000000E+00    0.00000000E+00
   2.25990708E+00    0.00000000E+00    0.00000000E+00
   2.28819317E+00    0.00000000E+00    0.00000000E+00
   2.31683331E+00    0.00000000E+00    0.00000000E+00
   2.34583192E+00    0.00000000E+00    0.00000000E+00
   2.37519349E+00    0.00000000E+00    0.00000000E+00
   2.40492256E+00    0.00000000E+00    0.00000000E+00
   2.43502374E+00    0.00000000E+00    0.00000000E+00
   2.46550168E+00    0.00000000E+00    0.00000000E+00
   2.49636109E+00    0.00000000E+00    0.00000000E+00
   2.52760676E+00    0.00000000E+00    0.00000000E+00
   2.55924351E+00    0.00000000E+00    0.00000000E+00
   2.59127624E+00    0.00000000E+00    0.00000000E+00
   2.62370991E+00    0.00000000E+00    0.00000000E+00
   2.65654954E+00    0.00000000E+00    0.00000000E+00
   2.68980020E+00    0.00000000E+00    0.00000000E+00
   2.72346705E+00    0.00000000E+00    0.00000000E+00
   2.75755528E+00    0.00000000E+00    0.00000000E+00
   2.79207018E+00    0.00000000E+00    0.00000000E+00
   2.82701708E+00    0.00000000E+00    0.00000000E+00
   2.86240140E+00    0.00000000E+00    0.00000000E+00
   2.89822861E+00    0.00000000E+00    0.00000000E+00
   2.93450424E+00    0.00000000E+00    0.00000000E+00
   2.97123392E+00    0.00000000E+00    0.00000000E+00
   3.00842332E+00    0.00000000E+00    0.00000000E+00
   3.04607821E+00    0.00000000E+00    0.00000000E+00
   3.08420440E+00    0.00000000E+00    0.00000000E+00
   3.12280780E+00    0.00000000E+00    0.00000000E+00
   3.16189438E+00    0.00000000E+00    0.00000000E+00
   3.20147018E+00    0.00000000E+00    0.00000000E+00
   3.24154133E+00    0.00000000E+00    0.00000000E+00
   3.28211404E+00    0.00000000E+00    0.00000000E+00
   3.32319457E+00    0.00000000E+00    0.00000000E+00
   3.36478928E+00    0.00000000E+00    0.00000000E+00
   3.40690462E+00    0.00000000E+00    0.00000000E+00
   3.44954709E+00    0.00000000E+00    0.00000000E+00
   3.49272329E+00    0.00000000E+00    0.00000000E+00
   3.53643991E+00    0.00000000E+00    0.00000000E+00
   3.58070371E+00    0.00000000E+00    0.00000000E+00
   3.62552153E+00    0.00000000E+00    0.00000000E+00
   3.67090032E+00    0.00000000E+00    0.00000000E+00
   3.71684709E+00    0.00000000E+00    0.00000000E+00
   3.76336895E+00    0.00000000E+00    0.00000000E+00
   3.81047310E+00    0.00000000E+00    0.00000000E+00
   3.85816683E+00    0.00000000E+00    0.00000000E+00
   3.90645752E+00    0.00000000E+00    0.00000000E+00
   3.95535264E+00    0.00000000E+00    0.00000000E+00
   4.00485975E+00    0.00000000E+00    0.00000000E+00
   4.05498652E+00    0.00000000E+00    0.00000000E+00
   4.10574069E+00    0.00000000E+00    0.00000000E+00
   4.15713014E+00    0.00000000E+00    0.00000000E+00
   4.20916279E+00    0.00000000E+00    0.00000000E+00
   4.26184672E+00    0.00000000E+00    0.00000000E+00
   4.31519006E+00    0.00000000E+00    0.00000000E+00
   4.36920107E+00    0.00000000E+00    0.00000000E+00
   4.42388811E+00    0.00000000E+00    0.00000000E+00
   4.47925964E+00    0.00000000E+00    0.00000000E+00
   4.53532422E+00    0.00000000E+00    0.00000000E+00
   4.59209054E+00    0.00000000E+00    0.00000000E+00
   4.64956737E+00    0.00000000E+00    0.00000000E+00
   4.70776361E+00    0.00000000E+00    0.00000000E+00
   4.76668827E+00    0.00000000E+00    0.00000000E+00
   4.82635045E+00    0.00000000E+00    0.00000000E+00
   4.88675939E+00    0.00000000E+00    0.00000000E+00
   4.94792444E+00    0.00000000E+00    0.00000000E+00
   5.00985507E+00    0.00000000E+00    0.00000000E+00
   5.07256084E+00    0.00000000E+00    0.00000000E+00
   5.13605147E+00    0.00000000E+00    0.00000000E+00
   5.20033679E+00    0.00000000E+00    0.00000000E+00
   5.26542672E+00    0.00000000E+00    0.00000000E+00
   5.33133136E+00    0.00000000E+00    0.00000000E+00
   5.39806089E+00    0.00000000E+00    0.00000000E+00
   5.46562564E+00    0.00000000E+00    0.00000000E+00
   5.53403606E+00    0.00000000E+00    0.00000000E+00
   5.60330274E+00    0.00000000E+00    0.00000000E+00
   5.67343639E+00    0.00000000E+00    0.00000000E+00
   5.74444787E+00    0.00000000E+00    0.00000000E+00
   5.81634817E+00    0.00000000E+00    0.00000000E+00
   5.88914840E+00    0.00000000E+00    0.00000000E+00
   5.96285984E+00    0.00000000E+00    0.00000000E+00
   6.03749389E+00    0.00000000E+00    0.00000000E+00
   6.11306209E+00    0.00000000E+00    0.00000000E+00
   6.18957614E+00    0.00000000E+00    0.00000000E+00
   6.26704788E+00    0.00000000E+00    0.00000000E+00
   6.34548929E+00    0.00000000E+00    0.00000000E+00
   6.42491251E+00    0.00000000E+00    0.00000000E+00
   6.50532983E+00    0.00000000E+00    0.00000000E+00
   6.58675370E+00    0.00000000E+00    0.00000000E+00
   6.66919670E+00    0.00000000E+00    0.00000000E+00
   6.75267160E+00    0.00000000E+00    0.00000000E+00
   6.83719131E+00    0.00000000E+00    0.00000000E+00
   6.92276892E+00    0.00000000E+00    0.00000000E+00
   7.00941765E+00    0.00000000E+00    0.00000000E+00
   7.09715092E+00    0.00000000E+00    0.00000000E+00
   7.18598231E+00    0.00000000E+00    0.00000000E+00
   7.27592555E+00    0.00000000E+00    0.00000000E+00
   7.36699456E+00    0.00000000E+00    0.00000000E+00
   7.45920344E+00    0.00000000E+00    0.00000000E+00
   7.55256644E+00    0.00000000E+00    0.00000000E+00
   7.64709803E+00    0.00000000E+00    0.00000000E+00
   7.74281282E+00    0.00000000E+00    0.00000000E+00
   7.83972562E+00    0.00000000E+00    0.00000000E+00
   7.93785143E+00    0.00000000E+00    0.00000000E+00
   8.03720543E+00    0.00000000E+00    0.00000000E+00
   8.13780299E+00    0.00000000E+00    0.00000000E+00
   8.23965968E+00    0.00000000E+00    0.00000000E+00
   8.34279125E+00    0.00000000E+00    0.00000000E+00
   8.44721368E+00    0.00000000E+00    0.00000000E+00
   8.55294310E+00    0.00000000E+00    0.00000000E+00
   8.65999588E+00    0.00000000E+00    0.00000000E+00
   8.76838859E+00    0.00000000E+00    0.00000000E+00
   8.87813800E+00    0.00000000E+00    0.00000000E+00
   8.98926108E+00    0.00000000E+00    0.00000000E+00
   9.10177503E+00    0.00000000E+00    0.00000000E+00
   9.21569726E+00    0.00000000E+00    0.00000000E+00
   9.33104540E+00    0.00000000E+00    0.00000000E+00
   9.44783729E+00    0.00000000E+00    0.00000000E+00
   9.56609100E+00    0.00000000E+00    0.00000000E+00
   9.68582484E+00    0.00000000E+00    0.00000000E+00
   9.80705732E+00    0.00000000E+00    0.00000000E+00
   9.92980721E+00    0.00000000E+00    0.00000000E+00
   1.00540935E+01    0.00000000E+00    0.00000000E+00
   1.01799354E+01    0.00000000E+00    0.00000000E+00
   1.03073524E+01    0.00000000E+00    0.00000000E+00
   1.04363642E+01    0.00000000E+00    0.00000000E+00
   1.05669908E+01    0.00000000E+00    0.00000000E+00
   1.06992524E+01    0.00000000E+00    0.00000000E+00
   1.08331694E+01    0.00000000E+00    0.00000000E+00
   1.09687626E+01    0.00000000E+00    0.00000000E+00
   1.11060530E+01    0.00000000E+00    0.00000000E+00
   1.12450617E+01    0.00000000E+00    0.00000000E+00
   1.13858104E+01    0.00000000E+00    0.00000000E+00
   1.15283207E+01    0.00000000E+00    0.00000000E+00
   1.16726148E+01    0.00000000E+00    0.00000000E+00
   1.18187149E+01    0.00000000E+00    0.00000000E+00
   1.19666437E+01    0.00000000E+00    0.00000000E+00
   1.21164240E+01    0.00000000E+00    0.00000000E+00
   1.22680790E+01    0.00000000E+00    0.00000000E+00
   1.24216322E+01    0.00000000E+00    0.00000000E+00
   1.25771074E+01    0.00000000E+00    0.00000000E+00
   1.27345286E+01    0.00000000E+00    0.00000000E+00
   1.28939201E+01    0.00000000E+00    0.00000000E+00
   1.30553067E+01    0.00000000E+00    0.00000000E+00
   1.32187132E+01    0.00000000E+00    0.00000000E+00
   1.33841651E+01    0.00000000E+00    0.00000000E+00
   1.35516878E+01    0.00000000E+00    0.00000000E+00
   1.37213073E+01    0.00000000E+00    0.00000000E+00
   1.38930498E+01    0.00000000E+00    0.00000000E+00
   1.40669419E+01    0.00000000E+00    0.00000000E+00
   1.42430106E+01    0.00000000E+00    0.00000000E+00
   1.44212830E+01    0.00000000E+00    0.00000000E+00
   1.46017868E+01    0.00000000E+00    0.00000000E+00
   1.47845499E+01    0.00000000E+00    0.00000000E+00
   1.49696005E+01    0.00000000E+00    0.00000000E+00
   1.51569672E+01    0.00000000E+00    0.00000000E+00
   1.53466792E+01    0.00000000E+00    0.00000000E+00
   1.55387657E+01    0.00000000E+00    0.00000000E+00
   1.57332564E+01    0.00000000E+00    0.00000000E+00
   1.59301815E+01    0.00000000E+00    0.00000000E+00
   1.61295713E+01    0.00000000E+00    0.00000000E+00
   1.63314569E+01    0.00000000E+00    0.00000000E+00
   1.65358693E+01    0.00000000E+00    0.00000000E+00
   1.67428403E+01    0.00000000E+00    0.00000000E+00
   1.69524018E+01    0.00000000E+00    0.00000000E+00
   1.71645863E+01    0.00000000E+00    0.00000000E+00
   1.73794266E+01    0.00000000E+00    0.00000000E+00
   1.75969559E+01    0.00000000E+00    0.00000000E+00
   1.78172079E+01    0.00000000E+00    0.00000000E+00
   1.80402167E+01    0.00000000E+00    0.00000000E+00
   1.82660169E+01    0.00000000E+00    0.00000000E+00
   1.84946432E+01    0.00000000E+00    0.00000000E+00
   1.87261311E+01    0.00000000E+00    0.00000000E+00
   1.89605164E+01    0.00000000E+00    0.00000000E+00
   1.91978355E+01    0.00000000E+00    0.00000000E+00
   1.94381249E+01    0.00000000E+00    0.00000000E+00
   1.96814219E+01    0.00000000E+00    0.00000000E+00
   1.99277641E+01    0.00000000E+00    0.00000000E+00
   2.01771897E+01    0.00000000E+00    0.00000000E+00
   2.04297372E+01    0.00000000E+00    0.00000000E+00
   2.06854457E+01    0.00000000E+00    0.00000000E+00
   2.09443547E+01    0.00000000E+00    0.00000000E+00
   2.12065044E+01    0.00000000E+00    0.00000000E+00
   2.14719353E+01    0.00000000E+00    0.00000000E+00
   2.17406885E+01    0.00000000E+00    0.00000000E+00
   2.20128055E+01    0.00000000E+00    0.00000000E+00
   2.22883284E+01    0.00000000E+00    0.00000000E+00
   2.25673000E+01    0.00000000E+00    0.00000000E+00
   2.28497632E+01    0.00000000E+00    0.00000000E+00
   2.31357620E+01    0.00000000E+00    0.00000000E+00
   2.34253404E+01    0.00000000E+00    0.00000000E+00
   2.37185433E+01    0.00000000E+00    0.00000000E+00
   2.40154161E+01    0.00000000E+00    0.00000000E+00
   2.43160047E+01    0.00000000E+00    0.00000000E+00
   2.46203556E+01    0.00000000E+00    0.00000000E+00
   2.49285159E+01    0.00000000E+00    0.00000000E+00
   2.52405333E+01    0.00000000E+00    0.00000000E+00
   2.55564561E+01    0.00000000E+00    0.00000000E+00
   2.58763331E+01    0.00000000E+00    0.00000000E+00
   2.62002138E+01    0.00000000E+00    0.00000000E+00
   2.65281484E+01    0.00000000E+00    0.00000000E+00
   2.68601876E+01    0.00000000E+00    0.00000000E+00
   2.71963827E+01    0.00000000E+00    0.00000000E+00
   2.75367858E+01    0.00000000E+00    0.00000000E+00
   2.78814496E+01    0.00000000E+00    0.00000000E+00
   2.82304273E+01    0.00000000E+00    0.00000000E+00
   2.85837731E+01    0.00000000E+00    0.00000000E+00
   2.89415414E+01    0.00000000E+00    0.00000000E+00
   2.93037878E+01    0.00000000E+00    0.00000000E+00
   2.96705682E+01    0.00000000E+00    0.00000000E+00
   3.00419394E+01    0.00000000E+00    0.00000000E+00
   3.04179589E+01    0.00000000E+00    0.00000000E+00
   3.07986849E+01    0.00000000E+00    0.00000000E+00
   3.11841761E+01    0.00000000E+00    0.00000000E+00
   3.15744924E+01    0.00000000E+00    0.00000000E+00
   3.19696941E+01    0.00000000E+00    0.00000000E+00
   3.23698423E+01    0.00000000E+00    0.00000000E+00
   3.27749989E+01    0.00000000E+00    0.00000000E+00
   3.31852267E+01    0.00000000E+00    0.00000000E+00
   3.36005891E+01    0.00000000E+00    0.00000000E+00
   3.40211504E+01    0.00000000E+00    0.00000000E+00
   3.44469756E+01    0.00000000E+00    0.00000000E+00
   3.48781306E+01    0.00000000E+00    0.00000000E+00
   3.53146822E+01    0.00000000E+00    0.00000000E+00
   3.57566979E+01    0.00000000E+00    0.00000000E+00
   3.62042461E+01    0.00000000E+00    0.00000000E+00
   3.66573960E+01    0.00000000E+00    0.00000000E+00
   3.71162178E+01    0.00000000E+00    0.00000000E+00
   3.75807823E+01    0.00000000E+00    0.00000000E+00
   3.80511616E+01    0.00000000E+00    0.00000000E+00
   3.85274284E+01    0.00000000E+00    0.00000000E+00
   3.90096564E+01    0.00000000E+00    0.00000000E+00
   3.94979202E+01    0.00000000E+00    0.00000000E+00
   3.99922953E+01    0.00000000E+00    0.00000000E+00
   4.04928583E+01    0.00000000E+00    0.00000000E+00
   4.09996865E+01    0.00000000E+00    0.00000000E+00
   4.15128585E+01    0.00000000E+00    0.00000000E+00
   4.20324536E+01    0.00000000E+00    0.00000000E+00
   4.25585522E+01    0.00000000E+00    0.00000000E+00
   4.30912356E+01    0.00000000E+00    0.00000000E+00
   4.36305865E+01    0.00000000E+00    0.00000000E+00
   4.41766880E+01    0.00000000E+00    0.00000000E+00
   4.47296249E+01    0.00000000E+00    0.00000000E+00
   4.52894826E+01    0.00000000E+00    0.00000000E+00
   4.58563477E+01    0.00000000E+00    0.00000000E+00
   4.64303080E+01    0.00000000E+00    0.00000000E+00
   4.70114522E+01    0.00000000E+00    0.00000000E+00
   4.75998704E+01    0.00000000E+00    0.00000000E+00
   4.81956535E+01    0.00000000E+00    0.00000000E+00
   4.87988936E+01    0.00000000E+00    0.00000000E+00
   4.94096843E+01    0.00000000E+00    0.00000000E+00
   5.00281198E+01    0.00000000E+00    0.00000000E+00
   5.06542960E+01    0.00000000E+00    0.00000000E+00
   5.12883098E+01    0.00000000E+00    0.00000000E+00
   5.19302591E+01    0.00000000E+00    0.00000000E+00
   5.25802435E+01    0.00000000E+00    0.00000000E+00
   5.32383633E+01    0.00000000E+00    0.00000000E+00
   5.39047205E+01    0.00000000E+00    0.00000000E+00
   5.45794181E+01    0.00000000E+00    0.00000000E+00
   5.52625606E+01    0.00000000E+00    0.00000000E+00
   5.59542536E+01    0.00000000E+00    0.00000000E+00
   5.66546042E+01    0.00000000E+00    0.00000000E+00
   5.73637207E+01    0.00000000E+00    0.00000000E+00
   5.80817128E+01    0.00000000E+00    0.00000000E+00
   5.88086917E+01    0.00000000E+00    0.00000000E+00
   5.95447698E+01    0.00000000E+00    0.00000000E+00
   6.02900610E+01    0.00000000E+00    0.00000000E+00
   6.10446807E+01    0.00000000E+00    0.00000000E+00
   6.18087455E+01    0.00000000E+00    0.00000000E+00
   6.25823737E+01    0.00000000E+00    0.00000000E+00
   6.33656851E+01    0.00000000E+00    0.00000000E+00
   6.41588007E+01    0.00000000E+00    0.00000000E+00
   6.49618434E+01    0.00000000E+00    0.00000000E+00
   6.57749374E+01    0.00000000E+00    0.00000000E+00
   6.65982084E+01    0.00000000E+00    0.00000000E+00
   6.74317839E+01    0.00000000E+00    0.00000000E+00
   6.82757928E+01    0.00000000E+00    0.00000000E+00
   6.91303657E+01    0.00000000E+00    0.00000000E+00
   6.99956349E+01    0.00000000E+00    0.00000000E+00
   7.08717342E+01    0.00000000E+00    0.00000000E+00
   7.17587992E+01    0.00000000E+00    0.00000000E+00
   7.26569672E+01    0.00000000E+00    0.00000000E+00
   7.35663770E+01    0.00000000E+00    0.00000000E+00
   7.44871695E+01    0.00000000E+00    0.00000000E+00
   7.54194870E+01    0.00000000E+00    0.00000000E+00
   7.63634739E+01    0.00000000E+00    0.00000000E+00
   7.73192762E+01    0.00000000E+00    0.00000000E+00
   7.82870417E+01    0.00000000E+00    0.00000000E+00
   7.92669203E+01    0.00000000E+00    0.00000000E+00
   8.02590635E+01    0.00000000E+00    0.00000000E+00
   8.12636249E+01    0.00000000E+00    0.00000000E+00
   8.22807598E+01    0.00000000E+00    0.00000000E+00
   8.33106257E+01    0.00000000E+00    0.00000000E+00
   8.43533819E+01    0.00000000E+00    0.00000000E+00
   8.54091898E+01    0.00000000E+00    0.00000000E+00
   8.64782126E+01    0.00000000E+00    0.00000000E+00
   8.75606159E+01    0.00000000E+00    0.00000000E+00
   8.86565670E+01    0.00000000E+00    0.00000000E+00
   8.97662356E+01    0.00000000E+00    0.00000000E+00
   9.08897934E+01    0.00000000E+00    0.00000000E+00
   9.20274141E+01    0.00000000E+00    0.00000000E+00
   9.31792739E+01    0.00000000E+00    0.00000000E+00
   9.43455509E+01    0.00000000E+00    0.00000000E+00
   9.55264255E+01    0.00000000E+00    0.00000000E+00
   9.67220806E+01    0.00000000E+00    0.00000000E+00
   9.79327011E+01    0.00000000E+00    0.00000000E+00
   9.91584743E+01    0.00000000E+00    0.00000000E+00
   1.00399590E+02    0.00000000E+00    0.00000000E+00
   1.01656240E+02    0.00000000E+00    0.00000000E+00
   1.02928619E+02    0.00000000E+00    0.00000000E+00
   1.04216923E+02    0.00000000E+00    0.00000000E+00
   1.05521353E+02    0.00000000E+00    0.00000000E+00
   1.06842109E+02    0.00000000E+00    0.00000000E+00
   1.08179397E+02    0.00000000E+00    0.00000000E+00
   1.09533423E+02    0.00000000E+00    0.00000000E+00
   1.10904396E+02    0.00000000E+00    0.00000000E+00
   1.12292529E+02    0.00000000E+00    0.00000000E+00
   1.13698037E+02    0.00000000E+00    0.00000000E+00
   1.15121137E+02    0.00000000E+00    0.00000000E+00
   1.16562049E+02    0.00000000E+00    0.00000000E+00
   1.18020996E+02    0.00000000E+00    0.00000000E+00
   1.19498204E+02    0.00000000E+00    0.00000000E+00
   1.20993901E+02    0.00000000E+00    0.00000000E+00
   1.22508320E+02    0.00000000E+00    0.00000000E+00
   1.24041693E+02    0.00000000E+00    0.00000000E+00
   1.25594259E+02    0.00000000E+00    0.00000000E+00
   1.27166258E+02    0.00000000E+00    0.00000000E+00
   1.28757933E+02    0.00000000E+00    0.00000000E+00
   1.30369529E+02    0.00000000E+00    0.00000000E+00
   1.32001298E+02    0.00000000E+00    0.00000000E+00
   1.33653490E+02    0.00000000E+00    0.00000000E+00
   1.35326362E+02    0.00000000E+00    0.00000000E+00
   1.37020172E+02    0.00000000E+00    0.00000000E+00
   1.38735183E+02    0.00000000E+00    0.00000000E+00
   1.40471660E+02    0.00000000E+00    0.00000000E+00
   1.42229871E+02    0.00000000E+00    0.00000000E+00
   1.44010089E+02    0.00000000E+00    0.00000000E+00
   1.45812590E+02    0.00000000E+00    0.00000000E+00
   1.47637651E+02    0.00000000E+00    0.00000000E+00
   1.49485555E+02    0.00000000E+00    0.00000000E+00
   1.51356589E+02    0.00000000E+00    0.00000000E+00
   1.53251041E+02    0.00000000E+00    0.00000000E+00
   1.55169206E+02    0.00000000E+00    0.00000000E+00
   1.57111379E+02    0.00000000E+00    0.00000000E+00
   1.59077861E+02    0.00000000E+00    0.00000000E+00
   1.61068957E+02    0.00000000E+00    0.00000000E+00
   1.63084974E+02    0.00000000E+00    0.00000000E+00
   1.65126224E+02    0.00000000E+00    0.00000000E+00
   1.67193024E+02    0.00000000E+00    0.00000000E+00
   1.69285693E+02    0.00000000E+00    0.00000000E+00
   1.71404555E+02    0.00000000E+00    0.00000000E+00
   1.73549938E+02    0.00000000E+00    0.00000000E+00
   1.75722173E+02    0.00000000E+00    0.00000000E+00
   1.77921597E+02    0.00000000E+00    0.00000000E+00
   1.80148550E+02    0.00000000E+00    0.00000000E+00
   1.82403376E+02    0.00000000E+00    0.00000000E+00
   1.84686426E+02    0.00000000E+00    0.00000000E+00
   1.86998050E+02    0.00000000E+00    0.00000000E+00
   1.89338609E+02    0.00000000E+00    0.00000000E+00
   1.91708463E+02    0.00000000E+00    0.00000000E+00
   1.94107979E+02    0.00000000E+00    0.00000000E+00
   1.96537528E+02    0.00000000E+00    0.00000000E+00
   1.98997487E+02    0.00000000E+00    0.00000000E+00
