# Peaks:   196.537528  
   6.63324941E-05    4.83825266E-19    1.90259035E-14
   6.71627438E-05    5.00204647E-19    1.94268313E-14
   6.80033853E-05    5.16858112E-19    1.98261268E-14
   6.88545486E-05    5.33862235E-19    2.02263978E-14
   6.97163656E-05    5.51299105E-19    2.06303235E-14
   7.05889694E-05    5.69256615E-19    2.10406568E-14
   7.14724952E-05    5.87828761E-19    2.14602271E-14
   7.23670796E-05    6.07099852E-19    2.18913922E-14
   7.32728611E-05    6.27089684E-19    2.23342082E-14
   7.41899797E-05    6.47799511E-19    2.27880968E-14
   7.51185775E-05    6.69229656E-19    2.32524629E-14
   7.60587981E-05    6.91379448E-19    2.37266941E-14
   7.70107869E-05    7.14247446E-19    2.42101697E-14
   7.79746912E-05    7.37844612E-19    2.47026811E-14
   7.89506603E-05    7.62200781E-19    2.52046119E-14
   7.99388451E-05    7.87348468E-19    2.57164003E-14
   8.09393984E-05    8.13321604E-19    2.62384958E-14
   8.19524752E-05    8.40155599E-19    2.67713601E-14
   8.29782321E-05    8.67885463E-19    2.73154089E-14
   8.40168279E-05    8.96540498E-19    2.78708546E-14
   8.50684233E-05    9.26149319E-19    2.84378664E-14
   8.61331809E-05    9.56741427E-19    2.90166173E-14
   8.72112656E-05    9.88347228E-19    2.96072845E-14
   8.83028441E-05    1.02099821E-18    3.02100532E-14
   8.94080853E-05    1.05472856E-18    3.08251604E-14
   9.05271603E-05    1.08957478E-18    3.14528807E-14
   9.16602422E-05    1.12557464E-18    3.20934961E-14
   9.28075062E-05    1.16276724E-18    3.27472957E-14
   9.39691300E-05    1.20119302E-18    3.34145757E-14
   9.51452932E-05    1.24089343E-18    3.40956280E-14
   9.63361778E-05    1.28191070E-18    3.47907346E-14
   9.75419681E-05    1.32428849E-18    3.55001836E-14
   9.87628507E-05    1.36807192E-18    3.62242701E-14
   9.99990145E-05    1.41330762E-18    3.69632968E-14
   1.01250651E-04    1.46004387E-18    3.77175739E-14
   1.02517953E-04    1.50833067E-18    3.84874207E-14
   1.03801117E-04    1.55821972E-18    3.92731643E-14
   1.05100342E-04    1.60976451E-18    4.00751401E-14
   1.06415829E-04    1.66302036E-18    4.08936921E-14
   1.07747781E-04    1.71804442E-18    4.17291715E-14
   1.09096405E-04    1.77489562E-18    4.25819327E-14
   1.10461908E-04    1.83363490E-18    4.34523373E-14
   1.11844503E-04    1.89432522E-18    4.43407563E-14
   1.13244403E-04    1.95703173E-18    4.52475702E-14
   1.14661825E-04    2.02182177E-18    4.61731682E-14
   1.16096988E-04    2.08876487E-18    4.71179449E-14
   1.17550114E-04    2.15793292E-18    4.80823032E-14
   1.19021429E-04    2.22940022E-18    4.90666566E-14
   1.20511159E-04    2.30324365E-18    5.00714289E-14
   1.22019535E-04    2.37954268E-18    5.10970539E-14
   1.23546790E-04    2.45837936E-18    5.21439710E-14
   1.25093162E-04    2.53983847E-18    5.32126288E-14
   1.26658889E-04    2.62400771E-18    5.43034871E-14
   1.28244213E-04    2.71097775E-18    5.54170176E-14
   1.29849380E-04    2.80084238E-18    5.65537033E-14
   1.31474637E-04    2.89369841E-18    5.77140333E-14
   1.33120238E-04    2.98964591E-18    5.88985073E-14
   1.34786435E-04    3.08878836E-18    6.01076374E-14
   1.36473488E-04    3.19123281E-18    6.13419490E-14
   1.38181656E-04    3.29708991E-18    6.26019800E-14
   1.39911205E-04    3.40647397E-18    6.38882754E-14
   1.41662401E-04    3.51950308E-18    6.52013916E-14
   1.43435516E-04    3.63629943E-18    6.65418995E-14
   1.45230825E-04    3.75698937E-18    6.79103845E-14
   1.47048604E-04    3.88170354E-18    6.93074456E-14
   1.48889136E-04    4.01057686E-18    7.07336897E-14
   1.50752705E-04    4.14374880E-18    7.21897373E-14
   1.52639599E-04    4.28136361E-18    7.36762248E-14
   1.54550110E-04    4.42357051E-18    7.51938049E-14
   1.56484534E-04    4.57052374E-18    7.67431448E-14
   1.58443170E-04    4.72238263E-18    7.83249208E-14
   1.60426322E-04    4.87931189E-18    7.99398249E-14
   1.62434296E-04    5.04148190E-18    8.15885669E-14
   1.64467402E-04    5.20906892E-18    8.32718750E-14
   1.66525956E-04    5.38225509E-18    8.49904924E-14
   1.68610275E-04    5.56122861E-18    8.67451728E-14
   1.70720683E-04    5.74618407E-18    8.85366885E-14
   1.72857506E-04    5.93732277E-18    9.03658315E-14
   1.75021075E-04    6.13485292E-18    9.22334147E-14
   1.77211723E-04    6.33898971E-18    9.41402656E-14
   1.79429791E-04    6.54995547E-18    9.60872251E-14
   1.81675622E-04    6.76798018E-18    9.80751554E-14
   1.83949562E-04    6.99330170E-18    1.00104941E-13
   1.86251964E-04    7.22616610E-18    1.02177489E-13
   1.88583184E-04    7.46682763E-18    1.04293721E-13
   1.90943582E-04    7.71554905E-18    1.06454576E-13
   1.93333525E-04    7.97260221E-18    1.08661017E-13
   1.95753381E-04    8.23826831E-18    1.10914033E-13
   1.98203525E-04    8.51283817E-18    1.13214635E-13
   2.00684337E-04    8.79661229E-18    1.15563850E-13
   2.03196199E-04    9.08990134E-18    1.17962727E-13
   2.05739501E-04    9.39302674E-18    1.20412343E-13
   2.08314637E-04    9.70632099E-18    1.22913803E-13
   2.10922004E-04    1.00301279E-17    1.25468235E-13
   2.13562006E-04    1.03648028E-17    1.28076784E-13
   2.16235051E-04    1.07107131E-17    1.30740623E-13
   2.18941554E-04    1.10682388E-17    1.33460957E-13
   2.21681933E-04    1.14377734E-17    1.36239021E-13
   2.24456612E-04    1.18197234E-17    1.39076071E-13
   2.27266019E-04    1.22145089E-17    1.41973387E-13
   2.30110591E-04    1.26225646E-17    1.44932282E-13
   2.32990767E-04    1.30443404E-17    1.47954102E-13
   2.35906992E-04    1.34803014E-17    1.51040228E-13
   2.38859719E-04    1.39309285E-17    1.54192061E-13
   2.41849403E-04    1.43967190E-17    1.57411033E-13
   2.44876507E-04    1.48781872E-17    1.60698612E-13
   2.47941500E-04    1.53758655E-17    1.64056305E-13
   2.51044856E-04    1.58903043E-17    1.67485655E-13
   2.54187056E-04    1.64220726E-17    1.70988223E-13
   2.57368584E-04    1.69717590E-17    1.74565614E-13
   2.60589934E-04    1.75399724E-17    1.78219472E-13
   2.63851604E-04    1.81273429E-17    1.81951485E-13
   2.67154099E-04    1.87345221E-17    1.85763370E-13
   2.70497929E-04    1.93621834E-17    1.89656876E-13
   2.73883612E-04    2.00110239E-17    1.93633800E-13
   2.77311672E-04    2.06817645E-17    1.97695984E-13
   2.80782640E-04    2.13751515E-17    2.01845315E-13
   2.84297052E-04    2.20919560E-17    2.06083708E-13
   2.87855451E-04    2.28329758E-17    2.10413124E-13
   2.91458390E-04    2.35990363E-17    2.14835576E-13
   2.95106424E-04    2.43909918E-17    2.19353129E-13
   2.98800120E-04    2.52097258E-17    2.23967888E-13
   3.02540047E-04    2.60561516E-17    2.28681995E-13
   3.06326785E-04    2.69312145E-17    2.33497649E-13
   3.10160919E-04    2.78358927E-17    2.38417107E-13
   3.14043044E-04    2.87711983E-17    2.43442681E-13
   3.17973759E-04    2.97381775E-17    2.48576719E-13
   3.21953673E-04    3.07379129E-17    2.53821622E-13
   3.25983401E-04    3.17715248E-17    2.59179858E-13
   3.30063567E-04    3.28401727E-17    2.64653958E-13
   3.34194803E-04    3.39450556E-17    2.70246503E-13
   3.38377747E-04    3.50874137E-17    2.75960119E-13
   3.42613047E-04    3.62685303E-17    2.81797504E-13
   3.46901359E-04    3.74897338E-17    2.87761426E-13
   3.51243344E-04    3.87523986E-17    2.93854718E-13
   3.55639676E-04    4.00579459E-17    3.00080262E-13
   3.60091035E-04    4.14078463E-17    3.06441007E-13
   3.64598109E-04    4.28036218E-17    3.12939979E-13
   3.69161596E-04    4.42468478E-17    3.19580284E-13
   3.73782201E-04    4.57391538E-17    3.26365088E-13
   3.78460641E-04    4.72822252E-17    3.33297619E-13
   3.83197638E-04    4.88778066E-17    3.40381187E-13
   3.87993925E-04    5.05277037E-17    3.47619191E-13
   3.92850245E-04    5.22337852E-17    3.55015111E-13
   3.97767350E-04    5.39979835E-17    3.62572485E-13
   4.02745999E-04    5.58222988E-17    3.70294935E-13
   4.07786963E-04    5.77088012E-17    3.78186181E-13
   4.12891022E-04    5.96596337E-17    3.86250041E-13
   4.18058967E-04    6.16770129E-17    3.94490399E-13
   4.23291595E-04    6.37632323E-17    4.02911223E-13
   4.28589718E-04    6.59206661E-17    4.11516586E-13
   4.33954155E-04    6.81517718E-17    4.20310668E-13
   4.39385736E-04    7.04590928E-17    4.29297740E-13
   4.44885301E-04    7.28452599E-17    4.38482151E-13
   4.50453701E-04    7.53129962E-17    4.47868361E-13
   4.56091798E-04    7.78651210E-17    4.57460946E-13
   4.61800464E-04    8.05045525E-17    4.67264599E-13
   4.67580583E-04    8.32343095E-17    4.77284093E-13
   4.73433048E-04    8.60575165E-17    4.87524313E-13
   4.79358766E-04    8.89774080E-17    4.97990273E-13
   4.85358653E-04    9.19973330E-17    5.08687119E-13
   4.91433637E-04    9.51207567E-17    5.19620097E-13
   4.97584659E-04    9.83512645E-17    5.30794562E-13
   5.03812670E-04    1.01692569E-16    5.42216006E-13
   5.10118634E-04    1.05148513E-16    5.53890070E-13
   5.16503526E-04    1.08723076E-16    5.65822522E-13
   5.22968334E-04    1.12420373E-16    5.78019234E-13
   5.29514060E-04    1.16244666E-16    5.90486227E-13
   5.36141715E-04    1.20200367E-16    6.03229681E-13
   5.42852324E-04    1.24292044E-16    6.16255932E-13
   5.49646927E-04    1.28524424E-16    6.29571431E-13
   5.56526575E-04    1.32902399E-16    6.43182779E-13
   5.63492331E-04    1.37431036E-16    6.57096749E-13
   5.70545275E-04    1.42115582E-16    6.71320294E-13
   5.77686496E-04    1.46961464E-16    6.85860504E-13
   5.84917101E-04    1.51974302E-16    7.00724620E-13
   5.92238207E-04    1.57159915E-16    7.15920068E-13
   5.99650947E-04    1.62524328E-16    7.31454473E-13
   6.07156469E-04    1.68073779E-16    7.47335631E-13
   6.14755934E-04    1.73814723E-16    7.63571487E-13
   6.22450518E-04    1.79753844E-16    7.80170188E-13
   6.30241410E-04    1.85898064E-16    7.97140095E-13
   6.38129818E-04    1.92254550E-16    8.14489773E-13
   6.46116960E-04    1.98830721E-16    8.32227950E-13
   6.54204073E-04    2.05634255E-16    8.50363562E-13
   6.62392409E-04    2.12673108E-16    8.68905781E-13
   6.70683233E-04    2.19955516E-16    8.87864011E-13
   6.79077830E-04    2.27490004E-16    9.07247846E-13
   6.87577498E-04    2.35285400E-16    9.27067090E-13
   6.96183551E-04    2.43350845E-16    9.47331806E-13
   7.04897322E-04    2.51695807E-16    9.68052318E-13
   7.13720159E-04    2.60330087E-16    9.89239169E-13
   7.22653426E-04    2.69263832E-16    1.01090312E-12
   7.31698507E-04    2.78507550E-16    1.03305522E-12
   7.40856801E-04    2.88072126E-16    1.05570680E-12
   7.50129724E-04    2.97968831E-16    1.07886943E-12
   7.59518711E-04    3.08209332E-16    1.10255496E-12
   7.69025216E-04    3.18805711E-16    1.12677549E-12
   7.78650708E-04    3.29770483E-16    1.15154345E-12
   7.88396678E-04    3.41116612E-16    1.17687158E-12
   7.98264634E-04    3.52857514E-16    1.20277288E-12
   8.08256101E-04    3.65007085E-16    1.22926064E-12
   8.18372626E-04    3.77579719E-16    1.25634850E-12
   8.28615775E-04    3.90590326E-16    1.28405046E-12
   8.38987132E-04    4.04054341E-16    1.31238079E-12
   8.49488302E-04    4.17987747E-16    1.34135409E-12
   8.60120910E-04    4.32407102E-16    1.37098534E-12
   8.70886600E-04    4.47329558E-16    1.40128991E-12
   8.81787039E-04    4.62772874E-16    1.43228349E-12
   8.92823914E-04    4.78755440E-16    1.46398210E-12
   9.03998931E-04    4.95296307E-16    1.49640220E-12
   9.15313820E-04    5.12415208E-16    1.52956065E-12
   9.26770332E-04    5.30132581E-16    1.56347470E-12
   9.38370239E-04    5.48469588E-16    1.59816196E-12
   9.50115336E-04    5.67448151E-16    1.63364048E-12
   9.62007440E-04    5.87090980E-16    1.66992879E-12
   9.74048392E-04    6.07421599E-16    1.70704583E-12
   9.86240054E-04    6.28464363E-16    1.74501096E-12
   9.98584313E-04    6.50244504E-16    1.78384400E-12
   1.01108308E-03    6.72788162E-16    1.82356528E-12
   1.02373828E-03    6.96122416E-16    1.86419563E-12
   1.03655189E-03    7.20275302E-16    1.90575631E-12
   1.04952588E-03    7.45275866E-16    1.94826908E-12
   1.06266225E-03    7.71154202E-16    1.99175628E-12
   1.07596305E-03    7.97941483E-16    2.03624077E-12
   1.08943032E-03    8.25669992E-16    2.08174592E-12
   1.10306616E-03    8.54373171E-16    2.12829563E-12
   1.11687267E-03    8.84085666E-16    2.17591443E-12
   1.13085199E-03    9.14843376E-16    2.22462743E-12
   1.14500628E-03    9.46683475E-16    2.27446030E-12
   1.15933774E-03    9.79644471E-16    2.32543931E-12
   1.17384857E-03    1.01376626E-15    2.37759136E-12
   1.18854103E-03    1.04909019E-15    2.43094406E-12
   1.20341739E-03    1.08565907E-15    2.48552561E-12
   1.21847994E-03    1.12351726E-15    2.54136484E-12
   1.23373103E-03    1.16271069E-15    2.59849132E-12
   1.24917300E-03    1.20328700E-15    2.65693534E-12
   1.26480826E-03    1.24529550E-15    2.71672790E-12
   1.28063921E-03    1.28878726E-15    2.77790066E-12
   1.29666831E-03    1.33381523E-15    2.84048608E-12
   1.31289804E-03    1.38043426E-15    2.90451745E-12
   1.32933091E-03    1.42870115E-15    2.97002879E-12
   1.34596946E-03    1.47867477E-15    3.03705489E-12
   1.36281627E-03    1.53041608E-15    3.10563139E-12
   1.37987394E-03    1.58398828E-15    3.17579484E-12
   1.39714511E-03    1.63945684E-15    3.24758261E-12
   1.41463246E-03    1.69688955E-15    3.32103291E-12
   1.43233868E-03    1.75635667E-15    3.39618488E-12
   1.45026653E-03    1.81793101E-15    3.47307863E-12
   1.46841877E-03    1.88168800E-15    3.55175521E-12
   1.48679821E-03    1.94770577E-15    3.63225658E-12
   1.50540770E-03    2.01606528E-15    3.71462572E-12
   1.52425011E-03    2.08685042E-15    3.79890665E-12
   1.54332836E-03    2.16014813E-15    3.88514446E-12
   1.56264541E-03    2.23604843E-15    3.97338523E-12
   1.58220424E-03    2.31464462E-15    4.06367613E-12
   1.60200787E-03    2.39603339E-15    4.15606549E-12
   1.62205938E-03    2.48031492E-15    4.25060282E-12
   1.64236186E-03    2.56759298E-15    4.34733871E-12
   1.66291846E-03    2.65797508E-15    4.44632493E-12
   1.68373235E-03    2.75157266E-15    4.54761455E-12
   1.70480676E-03    2.84850120E-15    4.65126190E-12
   1.72614495E-03    2.94888029E-15    4.75732252E-12
   1.74775022E-03    3.05283386E-15    4.86585326E-12
   1.76962591E-03    3.16049034E-15    4.97691233E-12
   1.79177541E-03    3.27198284E-15    5.09055939E-12
   1.81420214E-03    3.38744922E-15    5.20685539E-12
   1.83690957E-03    3.50703232E-15    5.32586270E-12
   1.85990122E-03    3.63088020E-15    5.44764524E-12
   1.88318065E-03    3.75914627E-15    5.57226845E-12
   1.90675145E-03    3.89198946E-15    5.69979923E-12
   1.93061728E-03    4.02957444E-15    5.83030603E-12
   1.95478182E-03    4.17207186E-15    5.96385897E-12
   1.97924882E-03    4.31965859E-15    6.10052985E-12
   2.00402205E-03    4.47251784E-15    6.24039208E-12
   2.02910537E-03    4.63083941E-15    6.38352075E-12
   2.05450263E-03    4.79482006E-15    6.52999281E-12
   2.08021778E-03    4.96466368E-15    6.67988699E-12
   2.10625480E-03    5.14058147E-15    6.83328384E-12
   2.13261771E-03    5.32279226E-15    6.99026574E-12
   2.15931058E-03    5.51152285E-15    7.15091707E-12
   2.18633756E-03    5.70700831E-15    7.31532419E-12
   2.21370282E-03    5.90949212E-15    7.48357544E-12
   2.24141060E-03    6.11922656E-15    7.65576117E-12
   2.26946518E-03    6.33647309E-15    7.83197391E-12
   2.29787091E-03    6.56150272E-15    8.01230836E-12
   2.32663218E-03    6.79459616E-15    8.19686138E-12
   2.35575343E-03    7.03604423E-15    8.38573204E-12
   2.38523919E-03    7.28614838E-15    8.57902178E-12
   2.41509400E-03    7.54522104E-15    8.77683444E-12
   2.44532249E-03    7.81358582E-15    8.97927617E-12
   2.47592933E-03    8.09157799E-15    9.18645560E-12
   2.50691926E-03    8.37954510E-15    9.39848391E-12
   2.53829708E-03    8.67784731E-15    9.61547489E-12
   2.57006763E-03    8.98685772E-15    9.83754490E-12
   2.60223585E-03    9.30696283E-15    1.00648130E-11
   2.63480669E-03    9.63856328E-15    1.02974009E-11
   2.66778521E-03    9.98207432E-15    1.05354335E-11
   2.70117651E-03    1.03379260E-14    1.07790381E-11
   2.73498574E-03    1.07065640E-14    1.10283453E-11
   2.76921815E-03    1.10884500E-14    1.12834883E-11
   2.80387903E-03    1.14840628E-14    1.15446040E-11
   2.83897374E-03    1.18938982E-14    1.18118317E-11
   2.87450771E-03    1.23184698E-14    1.20853146E-11
   2.91048644E-03    1.27583100E-14    1.23651986E-11
   2.94691550E-03    1.32139705E-14    1.26516333E-11
   2.98380053E-03    1.36860230E-14    1.29447717E-11
   3.02114722E-03    1.41750594E-14    1.32447702E-11
   3.05896137E-03    1.46816934E-14    1.35517887E-11
   3.09724881E-03    1.52065611E-14    1.38659911E-11
   3.13601548E-03    1.57503212E-14    1.41875446E-11
   3.17526737E-03    1.63136560E-14    1.45166205E-11
   3.21501056E-03    1.68972729E-14    1.48533940E-11
   3.25525119E-03    1.75019051E-14    1.51980440E-11
   3.29599549E-03    1.81283116E-14    1.55507539E-11
   3.33724977E-03    1.87772789E-14    1.59117109E-11
   3.37902040E-03    1.94496223E-14    1.62811067E-11
   3.42131386E-03    2.01461867E-14    1.66591371E-11
   3.46413669E-03    2.08678467E-14    1.70460025E-11
   3.50749550E-03    2.16155088E-14    1.74419079E-11
   3.55139702E-03    2.23901125E-14    1.78470627E-11
   3.59584802E-03    2.31926313E-14    1.82616811E-11
   3.64085540E-03    2.40240733E-14    1.86859824E-11
   3.68642611E-03    2.48854827E-14    1.91201903E-11
   3.73256721E-03    2.57779422E-14    1.95645340E-11
   3.77928583E-03    2.67025734E-14    2.00192477E-11
   3.82658921E-03    2.76605377E-14    2.04845708E-11
   3.87448465E-03    2.86530384E-14    2.09607479E-11
   3.92297958E-03    2.96813227E-14    2.14480295E-11
   3.97208150E-03    3.07466828E-14    2.19466712E-11
   4.02179800E-03    3.18504564E-14    2.24569348E-11
   4.07213677E-03    3.29940298E-14    2.29790874E-11
   4.12310561E-03    3.41788398E-14    2.35134024E-11
   4.17471240E-03    3.54063746E-14    2.40601592E-11
   4.22696513E-03    3.66781752E-14    2.46196434E-11
   4.27987187E-03    3.79958381E-14    2.51921467E-11
   4.33344082E-03    3.93610182E-14    2.57779676E-11
   4.38768027E-03    4.07754295E-14    2.63774110E-11
   4.44259861E-03    4.22408463E-14    2.69907884E-11
   4.49820433E-03    4.37591074E-14    2.76184184E-11
   4.55450603E-03    4.53321184E-14    2.82606264E-11
   4.61151244E-03    4.69618529E-14    2.89177450E-11
   4.66923237E-03    4.86503537E-14    2.95901142E-11
   4.72767474E-03    5.03997379E-14    3.02780812E-11
   4.78684861E-03    5.22121995E-14    3.09820009E-11
   4.84676313E-03    5.40900104E-14    3.17022360E-11
   4.90742757E-03    5.60355223E-14    3.24391569E-11
   4.96885131E-03    5.80511721E-14    3.31931421E-11
   5.03104387E-03    6.01394855E-14    3.39645785E-11
   5.09401485E-03    6.23030769E-14    3.47538610E-11
   5.15777401E-03    6.45446530E-14    3.55613932E-11
   5.22233122E-03    6.68670185E-14    3.63875876E-11
   5.28769645E-03    6.92730798E-14    3.72328652E-11
   5.35387982E-03    7.17658451E-14    3.80976562E-11
   5.42089158E-03    7.43484287E-14    3.89824001E-11
   5.48874208E-03    7.70240578E-14    3.98875455E-11
   5.55744184E-03    7.97960763E-14    4.08135509E-11
   5.62700148E-03    8.26679444E-14    4.17608842E-11
   5.69743176E-03    8.56432446E-14    4.27300237E-11
   5.76874358E-03    8.87256891E-14    4.37214573E-11
   5.84094797E-03    9.19191241E-14    4.47356835E-11
   5.91405611E-03    9.52275285E-14    4.57732114E-11
   5.98807931E-03    9.86550224E-14    4.68345605E-11
   6.06302901E-03    1.02205875E-13    4.79202614E-11
   6.13891682E-03    1.05884508E-13    4.90308558E-11
   6.21575448E-03    1.09695497E-13    5.01668966E-11
   6.29355388E-03    1.13643577E-13    5.13289484E-11
   6.37232705E-03    1.17733657E-13    5.25175873E-11
   6.45208619E-03    1.21970820E-13    5.37334015E-11
   6.53284363E-03    1.26360322E-13    5.49769912E-11
   6.61461187E-03    1.30907609E-13    5.62489693E-11
   6.69740356E-03    1.35618320E-13    5.75499609E-11
   6.78123151E-03    1.40498296E-13    5.88806039E-11
   6.86610870E-03    1.45553576E-13    6.02415497E-11
   6.95204824E-03    1.50790416E-13    6.16334627E-11
   7.03906345E-03    1.56215296E-13    6.30570206E-11
   7.12716778E-03    1.61834923E-13    6.45129150E-11
   7.21637487E-03    1.67656234E-13    6.60018515E-11
   7.30669852E-03    1.73686414E-13    6.75245502E-11
   7.39815270E-03    1.79932904E-13    6.90817449E-11
   7.49075157E-03    1.86403405E-13    7.06741846E-11
   7.58450945E-03    1.93105881E-13    7.23026333E-11
   7.67944085E-03    2.00048579E-13    7.39678702E-11
   7.77556046E-03    2.07240045E-13    7.56706894E-11
   7.87288314E-03    2.14689114E-13    7.74119011E-11
   7.97142397E-03    2.22404925E-13    7.91923316E-11
   8.07119817E-03    2.30396944E-13    8.10128233E-11
   8.17222121E-03    2.38674976E-13    8.28742346E-11
   8.27450869E-03    2.47249155E-13    8.47774409E-11
   8.37807645E-03    2.56129967E-13    8.67233350E-11
   8.48294052E-03    2.65328269E-13    8.87128264E-11
   8.58911712E-03    2.74855306E-13    9.07468420E-11
   8.69662268E-03    2.84722698E-13    9.28263268E-11
   8.80547383E-03    2.94942466E-13    9.49522440E-11
   8.91568741E-03    3.05527062E-13    9.71255748E-11
   9.02728047E-03    3.16489374E-13    9.93473185E-11
   9.14027030E-03    3.27842720E-13    1.01618494E-10
   9.25467435E-03    3.39600876E-13    1.03940139E-10
   9.37051035E-03    3.51778113E-13    1.06313312E-10
   9.48779620E-03    3.64389197E-13    1.08739087E-10
   9.60655006E-03    3.77449378E-13    1.11218562E-10
   9.72679030E-03    3.90974442E-13    1.13752855E-10
   9.84853552E-03    4.04980734E-13    1.16343102E-10
   9.97180457E-03    4.19485159E-13    1.18990460E-10
   1.00966165E-02    4.34505179E-13    1.21696110E-10
   1.02229907E-02    4.50058865E-13    1.24461253E-10
   1.03509466E-02    4.66164929E-13    1.27287108E-10
   1.04805040E-02    4.82842715E-13    1.30174920E-10
   1.06116831E-02    5.00112202E-13    1.33125955E-10
   1.07445041E-02    5.17994069E-13    1.36141502E-10
   1.08789875E-02    5.36509725E-13    1.39222870E-10
   1.10151542E-02    5.55681290E-13    1.42371392E-10
   1.11530252E-02    5.75531611E-13    1.45588426E-10
   1.12926219E-02    5.96084335E-13    1.48875353E-10
   1.14339658E-02    6.17363942E-13    1.52233574E-10
   1.15770789E-02    6.39395707E-13    1.55664517E-10
   1.17219832E-02    6.62205743E-13    1.59169635E-10
   1.18687012E-02    6.85821076E-13    1.62750404E-10
   1.20172557E-02    7.10269674E-13    1.66408322E-10
   1.21676695E-02    7.35580402E-13    1.70144916E-10
   1.23199659E-02    7.61783082E-13    1.73961738E-10
   1.24741686E-02    7.88908581E-13    1.77860362E-10
   1.26303013E-02    8.16988828E-13    1.81842387E-10
   1.27883883E-02    8.46056764E-13    1.85909443E-10
   1.29484540E-02    8.76146431E-13    1.90063181E-10
   1.31105231E-02    9.07293057E-13    1.94305282E-10
   1.32746208E-02    9.39533064E-13    1.98637447E-10
   1.34407724E-02    9.72904007E-13    2.03061410E-10
   1.36090036E-02    1.00744472E-12    2.07578929E-10
   1.37793405E-02    1.04319537E-12    2.12191789E-10
   1.39518094E-02    1.08019748E-12    2.16901800E-10
   1.41264370E-02    1.11849384E-12    2.21710802E-10
   1.43032503E-02    1.15812871E-12    2.26620662E-10
   1.44822768E-02    1.19914787E-12    2.31633271E-10
   1.46635440E-02    1.24159858E-12    2.36750548E-10
   1.48470800E-02    1.28552957E-12    2.41974446E-10
   1.50329132E-02    1.33099125E-12    2.47306939E-10
   1.52210725E-02    1.37803572E-12    2.52750027E-10
   1.54115868E-02    1.42671678E-12    2.58305742E-10
   1.56044857E-02    1.47708986E-12    2.63976145E-10
   1.57997990E-02    1.52921228E-12    2.69763323E-10
   1.59975570E-02    1.58314334E-12    2.75669386E-10
   1.61977901E-02    1.63894417E-12    2.81696475E-10
   1.64005295E-02    1.69667779E-12    2.87846764E-10
   1.66058065E-02    1.75640936E-12    2.94122449E-10
   1.68136529E-02    1.81820624E-12    3.00525750E-10
   1.70241007E-02    1.88213786E-12    3.07058921E-10
   1.72371826E-02    1.94827579E-12    3.13724243E-10
   1.74529315E-02    2.01669401E-12    3.20524023E-10
   1.76713809E-02    2.08746900E-12    3.27460589E-10
   1.78925645E-02    2.16067952E-12    3.34536302E-10
   1.81165165E-02    2.23640675E-12    3.41753553E-10
   1.83432716E-02    2.31473463E-12    3.49114754E-10
   1.85728649E-02    2.39574987E-12    3.56622339E-10
   1.88053319E-02    2.47954170E-12    3.64278775E-10
   1.90407085E-02    2.56620219E-12    3.72086555E-10
   1.92790313E-02    2.65582644E-12    3.80048192E-10
   1.95203370E-02    2.74851264E-12    3.88166222E-10
   1.97646630E-02    2.84436175E-12    3.96443213E-10
   2.00120471E-02    2.94347802E-12    4.04881756E-10
   2.02625276E-02    3.04596915E-12    4.13484458E-10
   2.05161432E-02    3.15194617E-12    4.22253948E-10
   2.07729332E-02    3.26152323E-12    4.31192889E-10
   2.10329373E-02    3.37481822E-12    4.40303963E-10
   2.12961957E-02    3.49195288E-12    4.49589861E-10
   2.15627492E-02    3.61305266E-12    4.59053297E-10
   2.18326391E-02    3.73824649E-12    4.68697020E-10
   2.21059070E-02    3.86766748E-12    4.78523789E-10
   2.23825952E-02    4.00145310E-12    4.88536371E-10
   2.26627467E-02    4.13974486E-12    4.98737556E-10
   2.29464046E-02    4.28268822E-12    5.09130162E-10
   2.32336129E-02    4.43043329E-12    5.19717017E-10
   2.35244161E-02    4.58313508E-12    5.30500946E-10
   2.38188591E-02    4.74095301E-12    5.41484800E-10
   2.41169875E-02    4.90405093E-12    5.52671456E-10
   2.44188474E-02    5.07259792E-12    5.64063790E-10
   2.47244855E-02    5.24676849E-12    5.75664672E-10
   2.50339492E-02    5.42674202E-12    5.87476996E-10
   2.53472862E-02    5.61270280E-12    5.99503678E-10
   2.56645452E-02    5.80484100E-12    6.11747623E-10
   2.59857751E-02    6.00335280E-12    6.24211726E-10
   2.63110256E-02    6.20843968E-12    6.36898903E-10
   2.66403472E-02    6.42030866E-12    6.49812087E-10
   2.69737907E-02    6.63917327E-12    6.62954193E-10
   2.73114077E-02    6.86525371E-12    6.76328113E-10
   2.76532506E-02    7.09877594E-12    6.89936763E-10
   2.79993721E-02    7.33997214E-12    7.03783066E-10
   2.83498258E-02    7.58908175E-12    7.17869913E-10
   2.87046659E-02    7.84635146E-12    7.32200175E-10
   2.90639475E-02    8.11203411E-12    7.46776742E-10
   2.94277259E-02    8.38638989E-12    7.61602489E-10
   2.97960576E-02    8.66968702E-12    7.76680247E-10
   3.01689995E-02    8.96220105E-12    7.92012841E-10
   3.05466094E-02    9.26421442E-12    8.07603108E-10
   3.09289455E-02    9.57601805E-12    8.23453842E-10
   3.13160672E-02    9.89791178E-12    8.39567779E-10
   3.17080343E-02    1.02302032E-11    8.55947652E-10
   3.21049075E-02    1.05732075E-11    8.72596199E-10
   3.25067481E-02    1.09272492E-11    8.89516099E-10
   3.29136183E-02    1.12926625E-11    9.06709960E-10
   3.33255811E-02    1.16697903E-11    9.24180382E-10
   3.37427002E-02    1.20589835E-11    9.41929963E-10
   3.41650402E-02    1.24606033E-11    9.59961223E-10
   3.45926664E-02    1.28750218E-11    9.78276596E-10
   3.50256450E-02    1.33026201E-11    9.96878502E-10
   3.54640430E-02    1.37437884E-11    1.01576934E-09
   3.59079282E-02    1.41989283E-11    1.03495143E-09
   3.63573692E-02    1.46684529E-11    1.05442696E-09
   3.68124357E-02    1.51527844E-11    1.07419816E-09
   3.72731980E-02    1.56523559E-11    1.09426717E-09
   3.77397274E-02    1.61676126E-11    1.11463604E-09
   3.82120961E-02    1.66990124E-11    1.13530669E-09
   3.86903773E-02    1.72470228E-11    1.15628103E-09
   3.91746448E-02    1.78121228E-11    1.17756094E-09
   3.96649736E-02    1.83948051E-11    1.19914812E-09
   4.01614397E-02    1.89955756E-11    1.22104415E-09
   4.06641198E-02    1.96149506E-11    1.24325062E-09
   4.11730916E-02    2.02534590E-11    1.26576901E-09
   4.16884340E-02    2.09116447E-11    1.28860064E-09
   4.22102267E-02    2.15900653E-11    1.31174669E-09
   4.27385503E-02    2.22892893E-11    1.33520835E-09
   4.32734867E-02    2.30098993E-11    1.35898665E-09
   4.38151187E-02    2.37524939E-11    1.38308246E-09
   4.43635300E-02    2.45176865E-11    1.40749647E-09
   4.49188054E-02    2.53061016E-11    1.43222938E-09
   4.54810310E-02    2.61183791E-11    1.45728174E-09
   4.60502936E-02    2.69551760E-11    1.48265386E-09
   4.66266814E-02    2.78171649E-11    1.50834589E-09
   4.72102836E-02    2.87050300E-11    1.53435798E-09
   4.78011904E-02    2.96194721E-11    1.56069010E-09
   4.83994933E-02    3.05612102E-11    1.58734194E-09
   4.90052848E-02    3.15309796E-11    1.61431303E-09
   4.96186588E-02    3.25295281E-11    1.64160288E-09
   5.02397100E-02    3.35576211E-11    1.66921078E-09
   5.08685345E-02    3.46160430E-11    1.69713573E-09
   5.15052298E-02    3.57055945E-11    1.72537659E-09
   5.21498942E-02    3.68270901E-11    1.75393216E-09
   5.28026276E-02    3.79813636E-11    1.78280094E-09
   5.34635309E-02    3.91692685E-11    1.81198116E-09
   5.41327064E-02    4.03916727E-11    1.84147097E-09
   5.48102576E-02    4.16494613E-11    1.87126834E-09
   5.54962894E-02    4.29435401E-11    1.90137089E-09
   5.61909078E-02    4.42748327E-11    1.93177605E-09
   5.68942205E-02    4.56442777E-11    1.96248116E-09
   5.76063362E-02    4.70528344E-11    1.99348325E-09
   5.83273650E-02    4.85014823E-11    2.02477900E-09
   5.90574186E-02    4.99912159E-11    2.05636505E-09
   5.97966099E-02    5.15230492E-11    2.08823774E-09
   6.05450533E-02    5.30980179E-11    2.12039305E-09
   6.13028645E-02    5.47171734E-11    2.15282685E-09
   6.20701609E-02    5.63815860E-11    2.18553476E-09
   6.28470611E-02    5.80923479E-11    2.21851198E-09
   6.36336854E-02    5.98505680E-11    2.25175361E-09
   6.44301555E-02    6.16573737E-11    2.28525448E-09
   6.52365946E-02    6.35139143E-11    2.31900900E-09
   6.60531275E-02    6.54213558E-11    2.35301146E-09
   6.68798804E-02    6.73808832E-11    2.38725587E-09
   6.77169815E-02    6.93937031E-11    2.42173581E-09
   6.85645600E-02    7.14610384E-11    2.45644474E-09
   6.94227473E-02    7.35841319E-11    2.49137577E-09
   7.02916761E-02    7.57642469E-11    2.52652164E-09
   7.11714808E-02    7.80026618E-11    2.56187500E-09
   7.20622976E-02    8.03006762E-11    2.59742805E-09
   7.29642643E-02    8.26596104E-11    2.63317258E-09
   7.38775204E-02    8.50807980E-11    2.66910038E-09
   7.48022073E-02    8.75655922E-11    2.70520284E-09
   7.57384680E-02    9.01153679E-11    2.74147081E-09
   7.66864474E-02    9.27315153E-11    2.77789502E-09
   7.76462922E-02    9.54154393E-11    2.81446603E-09
   7.86181508E-02    9.81685654E-11    2.85117390E-09
   7.96021737E-02    1.00992337E-10    2.88800830E-09
   8.05985131E-02    1.03888210E-10    2.92495884E-09
   8.16073232E-02    1.06857659E-10    2.96201467E-09
   8.26287601E-02    1.09902177E-10    2.99916447E-09
   8.36629817E-02    1.13023266E-10    3.03639702E-09
   8.47101482E-02    1.16222444E-10    3.07370072E-09
   8.57704215E-02    1.19501249E-10    3.11106339E-09
   8.68439657E-02    1.22861231E-10    3.14847242E-09
   8.79309469E-02    1.26303951E-10    3.18591527E-09
   8.90315332E-02    1.29830984E-10    3.22337900E-09
   9.01458951E-02    1.33443916E-10    3.26085032E-09
   9.12742048E-02    1.37144346E-10    3.29831569E-09
   9.24166371E-02    1.40933885E-10    3.33576118E-09
   9.35733685E-02    1.44814151E-10    3.37317269E-09
   9.47445782E-02    1.48786774E-10    3.41053573E-09
   9.59304473E-02    1.52853392E-10    3.44783562E-09
   9.71311593E-02    1.57015651E-10    3.48505730E-09
   9.83469000E-02    1.61275203E-10    3.52218557E-09
   9.95778575E-02    1.65633708E-10    3.55920484E-09
   1.00824222E-01    1.70092829E-10    3.59609936E-09
   1.02086187E-01    1.74654235E-10    3.63285306E-09
   1.03363947E-01    1.79319597E-10    3.66944969E-09
   1.04657701E-01    1.84090589E-10    3.70587271E-09
   1.05967647E-01    1.88968887E-10    3.74210543E-09
   1.07293990E-01    1.93956164E-10    3.77813087E-09
   1.08636933E-01    1.99054096E-10    3.81393191E-09
   1.09996686E-01    2.04264354E-10    3.84949119E-09
   1.11373458E-01    2.09588607E-10    3.88479127E-09
   1.12767462E-01    2.15028517E-10    3.91981439E-09
   1.14178914E-01    2.20585743E-10    3.95454280E-09
   1.15608033E-01    2.26261935E-10    3.98895850E-09
   1.17055039E-01    2.32058736E-10    4.02304342E-09
   1.18520157E-01    2.37977777E-10    4.05677941E-09
   1.20003613E-01    2.44020678E-10    4.09014815E-09
   1.21505636E-01    2.50189047E-10    4.12313131E-09
   1.23026459E-01    2.56484479E-10    4.15571050E-09
   1.24566318E-01    2.62908553E-10    4.18786732E-09
   1.26125451E-01    2.69462826E-10    4.21958325E-09
   1.27704098E-01    2.76148845E-10    4.25083991E-09
   1.29302504E-01    2.82968128E-10    4.28161881E-09
   1.30920917E-01    2.89922180E-10    4.31190164E-09
   1.32559587E-01    2.97012475E-10    4.34167003E-09
   1.34218767E-01    3.04240466E-10    4.37090576E-09
   1.35898714E-01    3.11607580E-10    4.39959072E-09
   1.37599689E-01    3.19115214E-10    4.42770688E-09
   1.39321953E-01    3.26764738E-10    4.45523643E-09
   1.41065774E-01    3.34557486E-10    4.48216165E-09
   1.42831422E-01    3.42494768E-10    4.50846511E-09
   1.44619169E-01    3.50577848E-10    4.53412949E-09
   1.46429293E-01    3.58807966E-10    4.55913781E-09
   1.48262073E-01    3.67186312E-10    4.58347327E-09
   1.50117793E-01    3.75714050E-10    4.60711940E-09
   1.51996740E-01    3.84392292E-10    4.63006000E-09
   1.53899205E-01    3.93222115E-10    4.65227923E-09
   1.55825482E-01    4.02204544E-10    4.67376157E-09
   1.57775869E-01    4.11340572E-10    4.69449185E-09
   1.59750669E-01    4.20631130E-10    4.71445533E-09
   1.61750185E-01    4.30077113E-10    4.73363762E-09
   1.63774729E-01    4.39679357E-10    4.75202480E-09
   1.65824613E-01    4.49438650E-10    4.76960336E-09
   1.67900154E-01    4.59355725E-10    4.78636027E-09
   1.70001674E-01    4.69431268E-10    4.80228295E-09
   1.72129498E-01    4.79665906E-10    4.81735932E-09
   1.74283954E-01    4.90060199E-10    4.83157786E-09
   1.76465376E-01    5.00614661E-10    4.84492752E-09
   1.78674103E-01    5.11329743E-10    4.85739782E-09
   1.80910474E-01    5.22205834E-10    4.86897886E-09
   1.83174838E-01    5.33243260E-10    4.87966131E-09
   1.85467543E-01    5.44442288E-10    4.88943643E-09
   1.87788945E-01    5.55803117E-10    4.89829613E-09
   1.90139402E-01    5.67325882E-10    4.90623294E-09
   1.92519279E-01    5.79010652E-10    4.91324007E-09
   1.94928944E-01    5.90857433E-10    4.91931138E-09
   1.97368769E-01    6.02866156E-10    4.92444147E-09
   1.99839132E-01    6.15036689E-10    4.92862564E-09
   2.02340416E-01    6.27368831E-10    4.93185994E-09
   2.04873006E-01    6.39862310E-10    4.93414119E-09
   2.07437296E-01    6.52516786E-10    4.93546701E-09
   2.10033682E-01    6.65331848E-10    4.93583582E-09
   2.12662566E-01    6.78307021E-10    4.93524681E-09
   2.15324353E-01    6.91441751E-10    4.93370011E-09
   2.18019458E-01    7.04735416E-10    4.93119671E-09
   2.20748295E-01    7.18187341E-10    4.92773831E-09
   2.23511288E-01    7.31796759E-10    4.92332772E-09
   2.26308863E-01    7.45562850E-10    4.91796853E-09
   2.29141455E-01    7.59484723E-10    4.91166522E-09
   2.32009500E-01    7.73561418E-10    4.90442324E-09
   2.34913444E-01    7.87791918E-10    4.89624885E-09
   2.37853734E-01    8.02175133E-10    4.88714930E-09
   2.40830827E-01    8.16709909E-10    4.87713275E-09
   2.43845183E-01    8.31395054E-10    4.86620797E-09
   2.46897267E-01    8.46229279E-10    4.85438499E-09
   2.49987553E-01    8.61211264E-10    4.84167439E-09
   2.53116519E-01    8.76339621E-10    4.82808767E-09
   2.56284648E-01    8.91612916E-10    4.81363704E-09
   2.59492431E-01    9.07029651E-10    4.79833555E-09
   2.62740364E-01    9.22588286E-10    4.78219687E-09
   2.66028950E-01    9.38287226E-10    4.76523540E-09
   2.69358697E-01    9.54124834E-10    4.74746612E-09
   2.72730121E-01    9.70099421E-10    4.72890465E-09
   2.76143744E-01    9.86209260E-10    4.70956708E-09
   2.79600093E-01    1.00245258E-09    4.68947001E-09
   2.83099703E-01    1.01882757E-09    4.66863054E-09
   2.86643116E-01    1.03533239E-09    4.64706605E-09
   2.90230880E-01    1.05196514E-09    4.62479435E-09
   2.93863551E-01    1.06872391E-09    4.60183349E-09
   2.97541690E-01    1.08560674E-09    4.57820176E-09
   3.01265866E-01    1.10261166E-09    4.55391765E-09
   3.05036655E-01    1.11973664E-09    4.52899980E-09
   3.08854642E-01    1.13697965E-09    4.50346694E-09
   3.12720417E-01    1.15433862E-09    4.47733786E-09
   3.16634577E-01    1.17181145E-09    4.45063138E-09
   3.20597729E-01    1.18939602E-09    4.42336631E-09
   3.24610486E-01    1.20709019E-09    4.39556139E-09
   3.28673468E-01    1.22489178E-09    4.36723531E-09
   3.32787305E-01    1.24279862E-09    4.33840667E-09
   3.36952632E-01    1.26080850E-09    4.30909393E-09
   3.41170094E-01    1.27891918E-09    4.27931547E-09
   3.45440345E-01    1.29712841E-09    4.24908948E-09
   3.49764044E-01    1.31543394E-09    4.21843406E-09
   3.54141860E-01    1.33383347E-09    4.18736716E-09
   3.58574471E-01    1.35232471E-09    4.15590658E-09
   3.63062563E-01    1.37090535E-09    4.12407005E-09
   3.67606831E-01    1.38957305E-09    4.09187515E-09
   3.72207976E-01    1.40832549E-09    4.05933941E-09
   3.76866712E-01    1.42716030E-09    4.02648032E-09
   3.81583758E-01    1.44607513E-09    3.99331533E-09
   3.86359846E-01    1.46506761E-09    3.95986190E-09
   3.91195713E-01    1.48413537E-09    3.92613756E-09
   3.96092108E-01    1.50327603E-09    3.89215992E-09
   4.01049789E-01    1.52248723E-09    3.85794673E-09
   4.06069523E-01    1.54176659E-09    3.82351592E-09
   4.11152086E-01    1.56111174E-09    3.78888565E-09
   4.16298265E-01    1.58052034E-09    3.75407435E-09
   4.21508856E-01    1.59999005E-09    3.71910077E-09
   4.26784665E-01    1.61951854E-09    3.68398402E-09
   4.32126509E-01    1.63910354E-09    3.64874365E-09
   4.37535214E-01    1.65874278E-09    3.61339962E-09
   4.43011617E-01    1.67843404E-09    3.57797240E-09
   4.48556565E-01    1.69817514E-09    3.54248298E-09
   4.54170917E-01    1.71796395E-09    3.50695291E-09
   4.59855540E-01    1.73779841E-09    3.47140429E-09
   4.65611315E-01    1.75767652E-09    3.43585981E-09
   4.71439132E-01    1.77759636E-09    3.40034278E-09
   4.77339893E-01    1.79755608E-09    3.36487706E-09
   4.83314511E-01    1.81755395E-09    3.32948712E-09
   4.89363910E-01    1.83758833E-09    3.29419797E-09
   4.95489026E-01    1.85765769E-09    3.25903517E-09
   5.01690807E-01    1.87776064E-09    3.22402474E-09
   5.07970212E-01    1.89789591E-09    3.18919316E-09
   5.14328214E-01    1.91806238E-09    3.15456726E-09
   5.20765795E-01    1.93825910E-09    3.12017419E-09
   5.27283952E-01    1.95848527E-09    3.08604129E-09
   5.33883694E-01    1.97874026E-09    3.05219604E-09
   5.40566041E-01    1.99902365E-09    3.01866596E-09
   5.47332028E-01    2.01933520E-09    2.98547846E-09
   5.54182701E-01    2.03967487E-09    2.95266078E-09
   5.61119121E-01    2.06004285E-09    2.92023988E-09
   5.68142360E-01    2.08043954E-09    2.88824229E-09
   5.75253505E-01    2.10086557E-09    2.85669405E-09
   5.82453657E-01    2.12132181E-09    2.82562058E-09
   5.89743930E-01    2.14180937E-09    2.79504665E-09
   5.97125451E-01    2.16232960E-09    2.76499621E-09
   6.04599362E-01    2.18288410E-09    2.73549245E-09
   6.12166821E-01    2.20347476E-09    2.70655768E-09
   6.19828998E-01    2.22410368E-09    2.67821337E-09
   6.27587079E-01    2.24477327E-09    2.65048013E-09
   6.35442263E-01    2.26548620E-09    2.62337777E-09
   6.43395766E-01    2.28624539E-09    2.59692535E-09
   6.51448820E-01    2.30705408E-09    2.57114128E-09
   6.59602669E-01    2.32791577E-09    2.54604342E-09
   6.67858576E-01    2.34883427E-09    2.52164919E-09
   6.76217818E-01    2.36981369E-09    2.49797575E-09
   6.84681688E-01    2.39085844E-09    2.47504010E-09
   6.93251496E-01    2.41197328E-09    2.45285926E-09
   7.01928568E-01    2.43316327E-09    2.43145039E-09
   7.10714247E-01    2.45443386E-09    2.41083097E-09
   7.19609891E-01    2.47579085E-09    2.39101886E-09
   7.28616878E-01    2.49724041E-09    2.37203246E-09
   7.37736600E-01    2.51878915E-09    2.35389074E-09
   7.46970469E-01    2.54044406E-09    2.33661334E-09
   7.56319914E-01    2.56221261E-09    2.32022056E-09
   7.65786381E-01    2.58410272E-09    2.30473337E-09
   7.75371334E-01    2.60612281E-09    2.29017340E-09
   7.85076258E-01    2.62828181E-09    2.27656286E-09
   7.94902653E-01    2.65058919E-09    2.26392448E-09
   8.04852040E-01    2.67305497E-09    2.25228141E-09
   8.14925959E-01    2.69568978E-09    2.24165711E-09
   8.25125968E-01    2.71850484E-09    2.23207523E-09
   8.35453644E-01    2.74151200E-09    2.22355944E-09
   8.45910587E-01    2.76472377E-09    2.21613335E-09
   8.56498415E-01    2.78815332E-09    2.20982029E-09
   8.67218764E-01    2.81181453E-09    2.20464322E-09
   8.78073295E-01    2.83572199E-09    2.20062456E-09
   8.89063686E-01    2.85989099E-09    2.19778608E-09
   9.00191639E-01    2.88433760E-09    2.19614872E-09
   9.11458874E-01    2.90907862E-09    2.19573253E-09
   9.22867135E-01    2.93413163E-09    2.19655649E-09
   9.34418188E-01    2.95951500E-09    2.19863848E-09
   9.46113819E-01    2.98524788E-09    2.20199515E-09
   9.57955839E-01    3.01135024E-09    2.20664185E-09
   9.69946079E-01    3.03784285E-09    2.21259259E-09
   9.82086394E-01    3.06474729E-09    2.21985998E-09
   9.94378664E-01    3.09208598E-09    2.22845518E-09
   1.00682479E+00    3.11988216E-09    2.23838792E-09
   1.01942670E+00    3.14815991E-09    2.24966646E-09
   1.03218634E+00    3.17694415E-09    2.26229760E-09
   1.04510568E+00    3.20626065E-09    2.27628671E-09
   1.05818673E+00    3.23613599E-09    2.29163772E-09
   1.07143151E+00    3.26659764E-09    2.30835324E-09
   1.08484207E+00    3.29767391E-09    2.32643449E-09
   1.09842047E+00    3.32939395E-09    2.34588144E-09
   1.11216884E+00    3.36178777E-09    2.36669285E-09
   1.12608928E+00    3.39488627E-09    2.38886632E-09
   1.14018396E+00    3.42872116E-09    2.41239838E-09
   1.15445506E+00    3.46332506E-09    2.43728457E-09
   1.16890478E+00    3.49873146E-09    2.46351950E-09
   1.18353536E+00    3.53497470E-09    2.49109698E-09
   1.19834906E+00    3.57209002E-09    2.52001006E-09
   1.21334818E+00    3.61011356E-09    2.55025111E-09
   1.22853503E+00    3.64908234E-09    2.58181199E-09
   1.24391197E+00    3.68903430E-09    2.61468402E-09
   1.25948138E+00    3.73000828E-09    2.64885818E-09
   1.27524566E+00    3.77204406E-09    2.68432512E-09
   1.29120725E+00    3.81518237E-09    2.72107525E-09
   1.30736863E+00    3.85946487E-09    2.75909890E-09
   1.32373229E+00    3.90493422E-09    2.79838626E-09
   1.34030076E+00    3.95163404E-09    2.83892759E-09
   1.35707662E+00    3.99960897E-09    2.88071319E-09
   1.37406245E+00    4.04890466E-09    2.92373354E-09
   1.39126088E+00    4.09956780E-09    2.96797934E-09
   1.40867457E+00    4.15164619E-09    3.01344149E-09
   1.42630623E+00    4.20518867E-09    3.06011129E-09
   1.44415857E+00    4.26024521E-09    3.10798036E-09
   1.46223436E+00    4.31686694E-09    3.15704075E-09
   1.48053639E+00    4.37510615E-09    3.20728494E-09
   1.49906750E+00    4.43501632E-09    3.25870592E-09
   1.51783056E+00    4.49665219E-09    3.31129715E-09
   1.53682846E+00    4.56006973E-09    3.36505266E-09
   1.55606415E+00    4.62532624E-09    3.41996700E-09
   1.57554061E+00    4.69248034E-09    3.47603530E-09
   1.59526084E+00    4.76159202E-09    3.53325327E-09
   1.61522790E+00    4.83272267E-09    3.59161719E-09
   1.63544487E+00    4.90593516E-09    3.65112391E-09
   1.65591489E+00    4.98129381E-09    3.71177088E-09
   1.67664113E+00    5.05886449E-09    3.77355611E-09
   1.69762678E+00    5.13871464E-09    3.83647820E-09
   1.71887510E+00    5.22091332E-09    3.90053627E-09
   1.74038938E+00    5.30553125E-09    3.96573002E-09
   1.76217293E+00    5.39264084E-09    4.03205964E-09
   1.78422914E+00    5.48231628E-09    4.09952588E-09
   1.80656142E+00    5.57463354E-09    4.16812994E-09
   1.82917322E+00    5.66967045E-09    4.23787352E-09
   1.85206804E+00    5.76750675E-09    4.30875876E-09
   1.87524942E+00    5.86822413E-09    4.38078825E-09
   1.89872095E+00    5.97190625E-09    4.45396499E-09
   1.92248627E+00    6.07863888E-09    4.52829238E-09
   1.94654904E+00    6.18850985E-09    4.60377419E-09
   1.97091299E+00    6.30160920E-09    4.68041456E-09
   1.99558189E+00    6.41802915E-09    4.75821794E-09
   2.02055956E+00    6.53786421E-09    4.83718915E-09
   2.04584987E+00    6.66121125E-09    4.91733329E-09
   2.07145672E+00    6.78816951E-09    4.99865576E-09
   2.09738407E+00    6.91884068E-09    5.08116224E-09
   2.12363595E+00    7.05332899E-09    5.16485869E-09
   2.15021641E+00    7.19174122E-09    5.24975133E-09
   2.17712956E+00    7.33418682E-09    5.33584665E-09
   2.20437957E+00    7.48077793E-09    5.42315137E-09
   2.23197065E+00    7.63162948E-09    5.51167247E-09
   2.25990708E+00    7.78685923E-09    5.60141718E-09
   2.28819317E+00    7.94658787E-09    5.69239298E-09
   2.31683331E+00    8.11093907E-09    5.78460759E-09
   2.34583192E+00    8.28003956E-09    5.87806900E-09
   2.37519349E+00    8.45401920E-09    5.97278544E-09
   2.40492256E+00    8.63301110E-09    6.06876542E-09
   2.43502374E+00    8.81715162E-09    6.16601774E-09
   2.46550168E+00    9.00658052E-09    6.26455146E-09
   2.49636109E+00    9.20144104E-09    6.36437596E-09
   2.52760676E+00    9.40187994E-09    6.46550094E-09
   2.55924351E+00    9.60804765E-09    6.56793640E-09
   2.59127624E+00    9.82009831E-09    6.67169273E-09
   2.62370991E+00    1.00381899E-08    6.77678065E-09
   2.65654954E+00    1.02624843E-08    6.88321130E-09
   2.68980020E+00    1.04931476E-08    6.99099622E-09
   2.72346705E+00    1.07303497E-08    7.10014738E-09
   2.75755528E+00    1.09742651E-08    7.21067722E-09
   2.79207018E+00    1.12250723E-08    7.32259868E-09
   2.82701708E+00    1.14829547E-08    7.43592522E-09
   2.86240140E+00    1.17480999E-08    7.55067085E-09
   2.89822861E+00    1.20207005E-08    7.66685019E-09
   2.93450424E+00    1.23009539E-08    7.78447849E-09
   2.97123392E+00    1.25890625E-08    7.90357169E-09
   3.00842332E+00    1.28852337E-08    8.02414643E-09
   3.04607821E+00    1.31896804E-08    8.14622015E-09
   3.08420440E+00    1.35026208E-08    8.26981111E-09
   3.12280780E+00    1.38242788E-08    8.39493843E-09
   3.16189438E+00    1.41548841E-08    8.52162221E-09
   3.20147018E+00    1.44946722E-08    8.64988354E-09
   3.24154133E+00    1.48438848E-08    8.77974459E-09
   3.28211404E+00    1.52027701E-08    8.91122869E-09
   3.32319457E+00    1.55715827E-08    9.04436039E-09
   3.36478928E+00    1.59505838E-08    9.17916556E-09
   3.40690462E+00    1.63400419E-08    9.31567148E-09
   3.44954709E+00    1.67402324E-08    9.45390692E-09
   3.49272329E+00    1.71514383E-08    9.59390223E-09
   3.53643991E+00    1.75739504E-08    9.73568948E-09
   3.58070371E+00    1.80080672E-08    9.87930254E-09
   3.62552153E+00    1.84540957E-08    1.00247772E-08
   3.67090032E+00    1.89123514E-08    1.01721513E-08
   3.71684709E+00    1.93831587E-08    1.03214648E-08
   3.76336895E+00    1.98668513E-08    1.04727600E-08
   3.81047310E+00    2.03637722E-08    1.06260818E-08
   3.85816683E+00    2.08742748E-08    1.07814777E-08
   3.90645752E+00    2.13987223E-08    1.09389977E-08
   3.95535264E+00    2.19374892E-08    1.10986948E-08
   4.00485975E+00    2.24909609E-08    1.12606247E-08
   4.05498652E+00    2.30595344E-08    1.14248467E-08
   4.10574069E+00    2.36436190E-08    1.15914231E-08
   4.15713014E+00    2.42436366E-08    1.17604199E-08
   4.20916279E+00    2.48600222E-08    1.19319067E-08
   4.26184672E+00    2.54932248E-08    1.21059569E-08
   4.31519006E+00    2.61437074E-08    1.22826481E-08
   4.36920107E+00    2.68119485E-08    1.24620619E-08
   4.42388811E+00    2.74984417E-08    1.26442844E-08
   4.47925964E+00    2.82036973E-08    1.28294063E-08
   4.53532422E+00    2.89282427E-08    1.30175229E-08
   4.59209054E+00    2.96726231E-08    1.32087346E-08
   4.64956737E+00    3.04374024E-08    1.34031469E-08
   4.70776361E+00    3.12231642E-08    1.36008704E-08
   4.76668827E+00    3.20305123E-08    1.38020215E-08
   4.82635045E+00    3.28600721E-08    1.40067220E-08
   4.88675939E+00    3.37124915E-08    1.42150997E-08
   4.94792444E+00    3.45884418E-08    1.44272885E-08
   5.00985507E+00    3.54886187E-08    1.46434283E-08
   5.07256084E+00    3.64137438E-08    1.48636655E-08
   5.13605147E+00    3.73645656E-08    1.50881532E-08
   5.20033679E+00    3.83418608E-08    1.53170511E-08
   5.26542672E+00    3.93464356E-08    1.55505258E-08
   5.33133136E+00    4.03791271E-08    1.57887510E-08
   5.39806089E+00    4.14408048E-08    1.60319076E-08
   5.46562564E+00    4.25323720E-08    1.62801840E-08
   5.53403606E+00    4.36547675E-08    1.65337759E-08
   5.60330274E+00    4.48089673E-08    1.67928869E-08
   5.67343639E+00    4.59959861E-08    1.70577283E-08
   5.74444787E+00    4.72168793E-08    1.73285195E-08
   5.81634817E+00    4.84727450E-08    1.76054879E-08
   5.88914840E+00    4.97647255E-08    1.78888690E-08
   5.96285984E+00    5.10940098E-08    1.81789070E-08
   6.03749389E+00    5.24618356E-08    1.84758541E-08
   6.11306209E+00    5.38694913E-08    1.87799715E-08
   6.18957614E+00    5.53183186E-08    1.90915289E-08
   6.26704788E+00    5.68097149E-08    1.94108048E-08
   6.34548929E+00    5.83451353E-08    1.97380868E-08
   6.42491251E+00    5.99260961E-08    2.00736712E-08
   6.50532983E+00    6.15541764E-08    2.04178638E-08
   6.58675370E+00    6.32310220E-08    2.07709794E-08
   6.66919670E+00    6.49583473E-08    2.11333421E-08
   6.75267160E+00    6.67379393E-08    2.15052857E-08
   6.83719131E+00    6.85716599E-08    2.18871534E-08
   6.92276892E+00    7.04614496E-08    2.22792979E-08
   7.00941765E+00    7.24093309E-08    2.26820820E-08
   7.09715092E+00    7.44174118E-08    2.30958781E-08
   7.18598231E+00    7.64878891E-08    2.35210689E-08
   7.27592555E+00    7.86230527E-08    2.39580469E-08
   7.36699456E+00    8.08252894E-08    2.44072152E-08
   7.45920344E+00    8.30970867E-08    2.48689869E-08
   7.55256644E+00    8.54410374E-08    2.53437861E-08
   7.64709803E+00    8.78598438E-08    2.58320472E-08
   7.74281282E+00    9.03563223E-08    2.63342157E-08
   7.83972562E+00    9.29334082E-08    2.68507481E-08
   7.93785143E+00    9.55941606E-08    2.73821119E-08
   8.03720543E+00    9.83417676E-08    2.79287863E-08
   8.13780299E+00    1.01179551E-07    2.84912616E-08
   8.23965968E+00    1.04110974E-07    2.90700404E-08
   8.34279125E+00    1.07139642E-07    2.96656368E-08
   8.44721368E+00    1.10269315E-07    3.02785772E-08
   8.55294310E+00    1.13503909E-07    3.09094006E-08
   8.65999588E+00    1.16847504E-07    3.15586584E-08
   8.76838859E+00    1.20304351E-07    3.22269146E-08
   8.87813800E+00    1.23878876E-07    3.29147465E-08
   8.98926108E+00    1.27575694E-07    3.36227446E-08
   9.10177503E+00    1.31399607E-07    3.43515128E-08
   9.21569726E+00    1.35355621E-07    3.51016686E-08
   9.33104540E+00    1.39448945E-07    3.58738434E-08
   9.44783729E+00    1.43685007E-07    3.66686826E-08
   9.56609100E+00    1.48069457E-07    3.74868460E-08
   9.68582484E+00    1.52608180E-07    3.83290076E-08
   9.80705732E+00    1.57307302E-07    3.91958562E-08
   9.92980721E+00    1.62173200E-07    4.00880953E-08
   1.00540935E+01    1.67212514E-07    4.10064431E-08
   1.01799354E+01    1.72432153E-07    4.19516331E-08
   1.03073524E+01    1.77839311E-07    4.29244139E-08
   1.04363642E+01    1.83441472E-07    4.39255493E-08
   1.05669908E+01    1.89246425E-07    4.49558186E-08
   1.06992524E+01    1.95262275E-07    4.60160166E-08
   1.08331694E+01    2.01497455E-07    4.71069536E-08
   1.09687626E+01    2.07960736E-07    4.82294558E-08
   1.11060530E+01    2.14661243E-07    4.93843650E-08
   1.12450617E+01    2.21608466E-07    5.05725391E-08
   1.13858104E+01    2.28812274E-07    5.17948518E-08
   1.15283207E+01    2.36282932E-07    5.30521933E-08
   1.16726148E+01    2.44031110E-07    5.43454698E-08
   1.18187149E+01    2.52067902E-07    5.56756041E-08
   1.19666437E+01    2.60404842E-07    5.70435356E-08
   1.21164240E+01    2.69053916E-07    5.84502207E-08
   1.22680790E+01    2.78027584E-07    5.98966327E-08
   1.24216322E+01    2.87338791E-07    6.13837625E-08
   1.25771074E+01    2.97000991E-07    6.29126185E-08
   1.27345286E+01    3.07028160E-07    6.44842273E-08
   1.28939201E+01    3.17434820E-07    6.60996340E-08
   1.30553067E+01    3.28236052E-07    6.77599025E-08
   1.32187132E+01    3.39447523E-07    6.94661161E-08
   1.33841651E+01    3.51085503E-07    7.12193781E-08
   1.35516878E+01    3.63166889E-07    7.30208124E-08
   1.37213073E+01    3.75709224E-07    7.48715638E-08
   1.38930498E+01    3.88730725E-07    7.67727993E-08
   1.40669419E+01    4.02250305E-07    7.87257083E-08
   1.42430106E+01    4.16287595E-07    8.07315036E-08
   1.44212830E+01    4.30862977E-07    8.27914222E-08
   1.46017868E+01    4.45997605E-07    8.49067264E-08
   1.47845499E+01    4.61713434E-07    8.70787043E-08
   1.49696005E+01    4.78033251E-07    8.93086713E-08
   1.51569672E+01    4.94980707E-07    9.15979705E-08
   1.53466792E+01    5.12580340E-07    9.39479744E-08
   1.55387657E+01    5.30857617E-07    9.63600857E-08
   1.57332564E+01    5.49838964E-07    9.88357385E-08
   1.59301815E+01    5.69551798E-07    1.01376399E-07
   1.61295713E+01    5.90024568E-07    1.03983569E-07
   1.63314569E+01    6.11286793E-07    1.06658783E-07
   1.65358693E+01    6.33369095E-07    1.09403612E-07
   1.67428403E+01    6.56303248E-07    1.12219668E-07
   1.69524018E+01    6.80122216E-07    1.15108598E-07
   1.71645863E+01    7.04860196E-07    1.18072093E-07
   1.73794266E+01    7.30552669E-07    1.21111882E-07
   1.75969559E+01    7.57236440E-07    1.24229742E-07
   1.78172079E+01    7.84949696E-07    1.27427491E-07
   1.80402167E+01    8.13732050E-07    1.30706997E-07
   1.82660169E+01    8.43624601E-07    1.34070172E-07
   1.84946432E+01    8.74669983E-07    1.37518981E-07
   1.87261311E+01    9.06912428E-07    1.41055439E-07
   1.89605164E+01    9.40397825E-07    1.44681615E-07
   1.91978355E+01    9.75173778E-07    1.48399629E-07
   1.94381249E+01    1.01128968E-06    1.52211668E-07
   1.96814219E+01    1.04879677E-06    1.56119937E-07
   1.99277641E+01    1.08774821E-06    1.60126862E-07
   2.01771897E+01    1.12819914E-06    1.64234283E-07
   2.04297372E+01    1.17020689E-06    1.68446692E-07
   2.06854457E+01    1.21383034E-06    1.72758326E-07
   2.09443547E+01    1.25913425E-06    1.77225801E-07
   2.12065044E+01    1.30619906E-06    1.81849658E-07
   2.14719353E+01    1.35509320E-06    1.86572193E-07
   2.17406885E+01    1.40588366E-06    1.91407505E-07
   2.20128055E+01    1.45864093E-06    1.96355783E-07
   2.22883284E+01    1.51343801E-06    2.01421277E-07
   2.25673000E+01    1.57035082E-06    2.06607136E-07
   2.28497632E+01    1.62945826E-06    2.11916903E-07
   2.31357620E+01    1.69084227E-06    2.17354083E-07
   2.34253404E+01    1.75458800E-06    2.22922276E-07
   2.37185433E+01    1.82078391E-06    2.28625139E-07
   2.40154161E+01    1.88952187E-06    2.34466403E-07
   2.43160047E+01    1.96089733E-06    2.40449871E-07
   2.46203556E+01    2.03500942E-06    2.46579426E-07
   2.49285159E+01    2.11196107E-06    2.52859026E-07
   2.52405333E+01    2.19185922E-06    2.59292715E-07
   2.55564561E+01    2.27481490E-06    2.65884624E-07
   2.58763331E+01    2.36094340E-06    2.72638969E-07
   2.62002138E+01    2.45036448E-06    2.79560062E-07
   2.65281484E+01    2.54320246E-06    2.86652313E-07
   2.68601876E+01    2.63958646E-06    2.93920228E-07
   2.71963827E+01    2.73965051E-06    3.01368407E-07
   2.75367858E+01    2.84353381E-06    3.09001562E-07
   2.78814496E+01    2.95138087E-06    3.16824514E-07
   2.82304273E+01    3.06334173E-06    3.24842195E-07
   2.85837731E+01    3.17957218E-06    3.33059651E-07
   2.89415414E+01    3.30023396E-06    3.41482048E-07
   2.93037878E+01    3.42549498E-06    3.50114675E-07
   2.96705682E+01    3.55552956E-06    3.58962945E-07
   3.00419394E+01    3.69051869E-06    3.68032401E-07
   3.04179589E+01    3.83065027E-06    3.77328719E-07
   3.07986849E+01    3.97611935E-06    3.86857711E-07
   3.11841761E+01    4.12712843E-06    3.96625332E-07
   3.15744924E+01    4.28388773E-06    4.06637678E-07
   3.19696941E+01    4.44661549E-06    4.16900996E-07
   3.23698423E+01    4.61553827E-06    4.27421684E-07
   3.27749989E+01    4.79089124E-06    4.38206299E-07
   3.31852267E+01    4.97291856E-06    4.49261555E-07
   3.36005891E+01    5.16187367E-06    4.60594335E-07
   3.40211504E+01    5.35801968E-06    4.72211690E-07
   3.44469756E+01    5.56162971E-06    4.84120844E-07
   3.48781306E+01    5.77298727E-06    4.96329201E-07
   3.53146822E+01    5.99238670E-06    5.08844349E-07
   3.57566979E+01    6.22013350E-06    5.21674062E-07
   3.62042461E+01    6.45654482E-06    5.34826310E-07
   3.66573960E+01    6.70194990E-06    5.48309257E-07
   3.71162178E+01    6.95669048E-06    5.62131276E-07
   3.75807823E+01    7.22112133E-06    5.76300944E-07
   3.80511616E+01    7.49561069E-06    5.90827052E-07
   3.85274284E+01    7.78054084E-06    6.05718615E-07
   3.90096564E+01    8.07630859E-06    6.20984867E-07
   3.94979202E+01    8.38332587E-06    6.36635278E-07
   3.99922953E+01    8.70202026E-06    6.52679552E-07
   4.04928583E+01    9.03283560E-06    6.69127638E-07
   4.09996865E+01    9.37623264E-06    6.85989731E-07
   4.15128585E+01    9.73268964E-06    7.03276285E-07
   4.20324536E+01    1.01027031E-05    7.20998014E-07
   4.25585522E+01    1.04867882E-05    7.39165902E-07
   4.30912356E+01    1.08854801E-05    7.57791206E-07
   4.36305865E+01    1.12993340E-05    7.76885470E-07
   4.41766880E+01    1.17289263E-05    7.96460523E-07
   4.47296249E+01    1.21748554E-05    8.16528494E-07
   4.52894826E+01    1.26377422E-05    8.37101816E-07
   4.58563477E+01    1.31182317E-05    8.58193236E-07
   4.64303080E+01    1.36169929E-05    8.79815817E-07
   4.70114522E+01    1.41347206E-05    9.01982956E-07
   4.75998704E+01    1.46721359E-05    9.24708382E-07
   4.81956535E+01    1.52299873E-05    9.48006173E-07
   4.87988936E+01    1.58090519E-05    9.71890758E-07
   4.94096843E+01    1.64101361E-05    9.96376932E-07
   5.00281198E+01    1.70340772E-05    1.02147986E-06
   5.06542960E+01    1.76817443E-05    1.04721509E-06
   5.12883098E+01    1.83540395E-05    1.07359856E-06
   5.19302591E+01    1.90518991E-05    1.10064661E-06
   5.25802435E+01    1.97762953E-05    1.12837599E-06
   5.32383633E+01    2.05282370E-05    1.15680387E-06
   5.39047205E+01    2.13087716E-05    1.18594786E-06
   5.45794181E+01    2.21189863E-05    1.21582601E-06
   5.52625606E+01    2.29600095E-05    1.24645682E-06
   5.59542536E+01    2.38330129E-05    1.27785925E-06
   5.66546042E+01    2.47392124E-05    1.31005276E-06
   5.73637207E+01    2.56798702E-05    1.34305729E-06
   5.80817128E+01    2.66562966E-05    1.37689326E-06
   5.88086917E+01    2.76698516E-05    1.41158164E-06
   5.95447698E+01    2.87219471E-05    1.44714390E-06
   6.02900610E+01    2.98140486E-05    1.48360206E-06
   6.10446807E+01    3.09476772E-05    1.52097871E-06
   6.18087455E+01    3.21244120E-05    1.55929699E-06
   6.25823737E+01    3.33458921E-05    1.59858062E-06
   6.33656851E+01    3.46138190E-05    1.63885393E-06
   6.41588007E+01    3.59299588E-05    1.68014187E-06
   6.49618434E+01    3.72961448E-05    1.72247000E-06
   6.57749374E+01    3.87142801E-05    1.76586452E-06
   6.65982084E+01    4.01863400E-05    1.81035233E-06
   6.74317839E+01    4.17143750E-05    1.85596095E-06
   6.82757928E+01    4.33005136E-05    1.90271864E-06
   6.91303657E+01    4.49469652E-05    1.95065435E-06
   6.99956349E+01    4.66560234E-05    1.99979777E-06
   7.08717342E+01    4.84300687E-05    2.05017932E-06
   7.17587992E+01    5.02715724E-05    2.10183021E-06
   7.26569672E+01    5.21830995E-05    2.15478243E-06
   7.35663770E+01    5.41673130E-05    2.20906875E-06
   7.44871695E+01    5.62269766E-05    2.26472282E-06
   7.54194870E+01    5.83649595E-05    2.32177908E-06
   7.63634739E+01    6.05842400E-05    2.38027288E-06
   7.73192762E+01    6.28879093E-05    2.44024042E-06
   7.82870417E+01    6.52791766E-05    2.50171887E-06
   7.92669203E+01    6.77613729E-05    2.56474627E-06
   8.02590635E+01    7.03379559E-05    2.62936168E-06
   8.12636249E+01    7.30125149E-05    2.69560509E-06
   8.22807598E+01    7.57887755E-05    2.76351755E-06
   8.33106257E+01    7.86706051E-05    2.83314111E-06
   8.43533819E+01    8.16620181E-05    2.90451887E-06
   8.54091898E+01    8.47671818E-05    2.97769506E-06
   8.64782126E+01    8.79904217E-05    3.05271499E-06
   8.75606159E+01    9.13362279E-05    3.12962512E-06
   8.86565670E+01    9.48092613E-05    3.20847309E-06
   8.97662356E+01    9.84143599E-05    3.28930772E-06
   9.08897934E+01    1.02156546E-04    3.37217908E-06
   9.20274141E+01    1.06041032E-04    3.45713850E-06
   9.31792739E+01    1.10073230E-04    3.54423858E-06
   9.43455509E+01    1.14258758E-04    3.63353329E-06
   9.55264255E+01    1.18603444E-04    3.72507793E-06
   9.67220806E+01    1.23113343E-04    3.81892919E-06
   9.79327011E+01    1.27794737E-04    3.91514520E-06
   9.91584743E+01    1.32654147E-04    4.01378556E-06
   1.00399590E+02    1.37698343E-04    4.11491136E-06
   1.01656240E+02    1.42934352E-04    4.21858524E-06
   1.02928619E+02    1.48369468E-04    4.32487141E-06
   1.04216923E+02    1.54011263E-04    4.43383570E-06
   1.05521353E+02    1.59867597E-04    4.54554560E-06
   1.06842109E+02    1.65946629E-04    4.66007032E-06
   1.08179397E+02    1.72256826E-04    4.77748078E-06
   1.09533423E+02    1.78806981E-04    4.89784972E-06
   1.10904396E+02    1.85606218E-04    5.02125168E-06
   1.12292529E+02    1.92664009E-04    5.14776312E-06
   1.13698037E+02    1.99990188E-04    5.27746240E-06
   1.15121137E+02    2.07594960E-04    5.41042985E-06
   1.16562049E+02    2.15488920E-04    5.54674784E-06
   1.18020996E+02    2.23683067E-04    5.68650082E-06
   1.19498204E+02    2.32188815E-04    5.82977536E-06
   1.20993901E+02    2.41018015E-04    5.97666020E-06
   1.22508320E+02    2.50182968E-04    6.12724635E-06
   1.24041693E+02    2.59696442E-04    6.28162709E-06
   1.25594259E+02    2.69571690E-04    6.43989805E-06
   1.27166258E+02    2.79822473E-04    6.60215728E-06
   1.28757933E+02    2.90463070E-04    6.76850530E-06
   1.30369529E+02    3.01508306E-04    6.93904517E-06
   1.32001298E+02    3.12973571E-04    7.11388253E-06
   1.33653490E+02    3.24874838E-04    7.29312570E-06
   1.35326362E+02    3.37228687E-04    7.47688574E-06
   1.37020172E+02    3.50052332E-04    7.66527648E-06
   1.38735183E+02    3.63363639E-04    7.85841463E-06
   1.40471660E+02    3.77181153E-04    8.05641988E-06
   1.42229871E+02    3.91524126E-04    8.25941488E-06
   1.44010089E+02    4.06412542E-04    8.46752541E-06
   1.45812590E+02    4.21867145E-04    8.68088039E-06
   1.47637651E+02    4.37909467E-04    8.89961205E-06
   1.49485555E+02    4.54561861E-04    9.12385588E-06
   1.51356589E+02    4.71847527E-04    9.35375084E-06
   1.53251041E+02    4.89790551E-04    9.58943936E-06
   1.55169206E+02    5.08415932E-04    9.83106749E-06
   1.57111379E+02    5.27749622E-04    1.00787849E-05
   1.59077861E+02    5.47818560E-04    1.03327452E-05
   1.61068957E+02    5.68650707E-04    1.05931057E-05
   1.63084974E+02    5.90275092E-04    1.08600277E-05
   1.65126224E+02    6.12721844E-04    1.11336765E-05
   1.67193024E+02    6.36022239E-04    1.14142219E-05
   1.69285693E+02    6.60208745E-04    1.17018377E-05
   1.71404555E+02    6.85315063E-04    1.19967020E-05
   1.73549938E+02    7.11376175E-04    1.22989975E-05
   1.75722173E+02    7.38428395E-04    1.26089118E-05
   1.77921597E+02    7.66509418E-04    1.29266367E-05
   1.80148550E+02    7.95658374E-04    1.32523694E-05
   1.82403376E+02    8.25915878E-04    1.35863107E-05
   1.84686426E+02    8.57324095E-04    1.39286717E-05
   1.86998050E+02    8.89926781E-04    1.42796484E-05
   1.89338609E+02    9.23769405E-04    1.46395231E-05
   1.91708463E+02    9.58898976E-04    1.50082592E-05
   1.94107979E+02    9.95365133E-04    1.53872799E-05
   1.96537528E+02    1.03321600E-03    1.57722012E-05
   1.98997487E+02    9.83052414E-04   -1.97600970E-05
