# Peaks:     0.069239      0.278860      0.909045  
   6.78232981E-05    9.92539289E-02    1.03567634E+03
   6.86722074E-05    1.00125913E-01    1.03188506E+03
   6.95317421E-05    1.01008332E-01    1.02814569E+03
   7.04020351E-05    1.01900809E-01    1.02445158E+03
   7.12832211E-05    1.02802930E-01    1.02079593E+03
   7.21754365E-05    1.03714244E-01    1.01717178E+03
   7.30788192E-05    1.04634258E-01    1.01357198E+03
   7.39935092E-05    1.05562438E-01    1.00998920E+03
   7.49196478E-05    1.06498229E-01    1.00641621E+03
   7.58573785E-05    1.07441472E-01    1.00285050E+03
   7.68068462E-05    1.08392375E-01    9.99293691E+02
   7.77681980E-05    1.09351171E-01    9.95747608E+02
   7.87415825E-05    1.10318109E-01    9.92214140E+02
   7.97271503E-05    1.11293456E-01    9.88695250E+02
   8.07250540E-05    1.12277495E-01    9.85192972E+02
   8.17354479E-05    1.13270522E-01    9.81709366E+02
   8.27584884E-05    1.14272715E-01    9.78245204E+02
   8.37943338E-05    1.15284115E-01    9.74799833E+02
   8.48431443E-05    1.16304751E-01    9.71372525E+02
   8.59050823E-05    1.17334652E-01    9.67962554E+02
   8.69803120E-05    1.18373846E-01    9.64569188E+02
   8.80689997E-05    1.19422357E-01    9.61191692E+02
   8.91713141E-05    1.20480212E-01    9.57829374E+02
   9.02874255E-05    1.21547482E-01    9.54481984E+02
   9.14175067E-05    1.22624267E-01    9.51149552E+02
   9.25617325E-05    1.23710670E-01    9.47832130E+02
   9.37202801E-05    1.24806797E-01    9.44529789E+02
   9.48933286E-05    1.25912762E-01    9.41242618E+02
   9.60810595E-05    1.27028679E-01    9.37970728E+02
   9.72836566E-05    1.28154666E-01    9.34714222E+02
   9.85013061E-05    1.29290818E-01    9.31473022E+02
   9.97341962E-05    1.30437225E-01    9.28246977E+02
   1.00982518E-04    1.31593974E-01    9.25035948E+02
   1.02246464E-04    1.32761159E-01    9.21839809E+02
   1.03526230E-04    1.33938875E-01    9.18658448E+02
   1.04822015E-04    1.35127218E-01    9.15491767E+02
   1.06134018E-04    1.36326291E-01    9.12339680E+02
   1.07462443E-04    1.37536191E-01    9.09202099E+02
   1.08807495E-04    1.38757018E-01    9.06078934E+02
   1.10169382E-04    1.39988874E-01    9.02970106E+02
   1.11548316E-04    1.41231864E-01    8.99875554E+02
   1.12944509E-04    1.42486095E-01    8.96795230E+02
   1.14358177E-04    1.43751679E-01    8.93729103E+02
   1.15789539E-04    1.45028732E-01    8.90677155E+02
   1.17238817E-04    1.46317364E-01    8.87639343E+02
   1.18706235E-04    1.47617682E-01    8.84615573E+02
   1.20192020E-04    1.48929792E-01    8.81605758E+02
   1.21696402E-04    1.50253804E-01    8.78609825E+02
   1.23219613E-04    1.51589832E-01    8.75627716E+02
   1.24761889E-04    1.52937992E-01    8.72659386E+02
   1.26323470E-04    1.54298404E-01    8.69704809E+02
   1.27904595E-04    1.55671191E-01    8.66763952E+02
   1.29505511E-04    1.57056465E-01    8.63836735E+02
   1.31126465E-04    1.58454342E-01    8.60923077E+02
   1.32767708E-04    1.59864939E-01    8.58022911E+02
   1.34429493E-04    1.61288379E-01    8.55136185E+02
   1.36112077E-04    1.62724786E-01    8.52262861E+02
   1.37815722E-04    1.64174289E-01    8.49402917E+02
   1.39540690E-04    1.65637021E-01    8.46556339E+02
   1.41287249E-04    1.67113107E-01    8.43723068E+02
   1.43055669E-04    1.68602670E-01    8.40903023E+02
   1.44846223E-04    1.70105835E-01    8.38096134E+02
   1.46659189E-04    1.71622732E-01    8.35302350E+02
   1.48494846E-04    1.73153495E-01    8.32521629E+02
   1.50353480E-04    1.74698261E-01    8.29753947E+02
   1.52235377E-04    1.76257171E-01    8.26999294E+02
   1.54140829E-04    1.77830365E-01    8.24257634E+02
   1.56070130E-04    1.79417975E-01    8.21528889E+02
   1.58023580E-04    1.81020134E-01    8.18812989E+02
   1.60001480E-04    1.82636983E-01    8.16109881E+02
   1.62004136E-04    1.84268662E-01    8.13419523E+02
   1.64031858E-04    1.85915320E-01    8.10741889E+02
   1.66084960E-04    1.87577108E-01    8.08076968E+02
   1.68163760E-04    1.89254178E-01    8.05424745E+02
   1.70268579E-04    1.90946674E-01    8.02785149E+02
   1.72399744E-04    1.92654740E-01    8.00158111E+02
   1.74557582E-04    1.94378524E-01    7.97543572E+02
   1.76742430E-04    1.96118179E-01    7.94941491E+02
   1.78954624E-04    1.97873863E-01    7.92351837E+02
   1.81194507E-04    1.99645737E-01    7.89774597E+02
   1.83462425E-04    2.01433966E-01    7.87209765E+02
   1.85758730E-04    2.03238709E-01    7.84657288E+02
   1.88083776E-04    2.05060120E-01    7.82117094E+02
   1.90437924E-04    2.06898357E-01    7.79589122E+02
   1.92821537E-04    2.08753586E-01    7.77073326E+02
   1.95234985E-04    2.10625974E-01    7.74569676E+02
   1.97678641E-04    2.12515694E-01    7.72078154E+02
   2.00152883E-04    2.14422925E-01    7.69598758E+02
   2.02658093E-04    2.16347840E-01    7.67131450E+02
   2.05194660E-04    2.18290606E-01    7.64676157E+02
   2.07762976E-04    2.20251394E-01    7.62232819E+02
   2.10363438E-04    2.22230379E-01    7.59801385E+02
   2.12996449E-04    2.24227741E-01    7.57381824E+02
   2.15662416E-04    2.26243668E-01    7.54974114E+02
   2.18361751E-04    2.28278351E-01    7.52578252E+02
   2.21094873E-04    2.30331978E-01    7.50194214E+02
   2.23862204E-04    2.32404731E-01    7.47821929E+02
   2.26664171E-04    2.34496793E-01    7.45461332E+02
   2.29501210E-04    2.36608353E-01    7.43112375E+02
   2.32373759E-04    2.38739605E-01    7.40775020E+02
   2.35282261E-04    2.40890749E-01    7.38449246E+02
   2.38227168E-04    2.43061991E-01    7.36135044E+02
   2.41208935E-04    2.45253537E-01    7.33832402E+02
   2.44228023E-04    2.47465583E-01    7.31541251E+02
   2.47284899E-04    2.49698327E-01    7.29261526E+02
   2.50380037E-04    2.51951971E-01    7.26993172E+02
   2.53513915E-04    2.54226725E-01    7.24736152E+02
   2.56687018E-04    2.56522804E-01    7.22490441E+02
   2.59899838E-04    2.58840428E-01    7.20256029E+02
   2.63152870E-04    2.61179823E-01    7.18032908E+02
   2.66446619E-04    2.63541200E-01    7.15821016E+02
   2.69781594E-04    2.65924773E-01    7.13620284E+02
   2.73158311E-04    2.68330761E-01    7.11430656E+02
   2.76577293E-04    2.70759388E-01    7.09252090E+02
   2.80039069E-04    2.73210886E-01    7.07084559E+02
   2.83544174E-04    2.75685492E-01    7.04928050E+02
   2.87093150E-04    2.78183450E-01    7.02782557E+02
   2.90686547E-04    2.80704992E-01    7.00648028E+02
   2.94324921E-04    2.83250346E-01    6.98524388E+02
   2.98008834E-04    2.85819749E-01    6.96411579E+02
   3.01738858E-04    2.88413443E-01    6.94309557E+02
   3.05515567E-04    2.91031677E-01    6.92218289E+02
   3.09339549E-04    2.93674707E-01    6.90137761E+02
   3.13211392E-04    2.96342795E-01    6.88067968E+02
   3.17131698E-04    2.99036194E-01    6.86008863E+02
   3.21101072E-04    3.01755154E-01    6.83960372E+02
   3.25120129E-04    3.04499926E-01    6.81922432E+02
   3.29189490E-04    3.07270773E-01    6.79894994E+02
   3.33309786E-04    3.10067963E-01    6.77878024E+02
   3.37481652E-04    3.12891770E-01    6.75871503E+02
   3.41705737E-04    3.15742479E-01    6.73875425E+02
   3.45982691E-04    3.18620365E-01    6.71889751E+02
   3.50313178E-04    3.21525697E-01    6.69914404E+02
   3.54697868E-04    3.24458748E-01    6.67949318E+02
   3.59137439E-04    3.27419801E-01    6.65994441E+02
   3.63632577E-04    3.30409143E-01    6.64049736E+02
   3.68183979E-04    3.33427072E-01    6.62115179E+02
   3.72792348E-04    3.36473894E-01    6.60190763E+02
   3.77458398E-04    3.39549908E-01    6.58276453E+02
   3.82182850E-04    3.42655404E-01    6.56372171E+02
   3.86966436E-04    3.45790679E-01    6.54477847E+02
   3.91809896E-04    3.48956037E-01    6.52593425E+02
   3.96713979E-04    3.52151787E-01    6.50718865E+02
   4.01679443E-04    3.55378252E-01    6.48854142E+02
   4.06707058E-04    3.58635760E-01    6.46999245E+02
   4.11797601E-04    3.61924639E-01    6.45154144E+02
   4.16951859E-04    3.65245200E-01    6.43318759E+02
   4.22170631E-04    3.68597765E-01    6.41493014E+02
   4.27454723E-04    3.71982659E-01    6.39676850E+02
   4.32804954E-04    3.75400219E-01    6.37870219E+02
   4.38222151E-04    3.78850790E-01    6.36073092E+02
   4.43707152E-04    3.82334725E-01    6.34285456E+02
   4.49260806E-04    3.85852382E-01    6.32507286E+02
   4.54883972E-04    3.89404100E-01    6.30738503E+02
   4.60577520E-04    3.92990224E-01    6.28979031E+02
   4.66342332E-04    3.96611109E-01    6.27228805E+02
   4.72179299E-04    4.00267117E-01    6.25487777E+02
   4.78089324E-04    4.03958620E-01    6.23755914E+02
   4.84073322E-04    4.07686000E-01    6.22033201E+02
   4.90132218E-04    4.11449640E-01    6.20319602E+02
   4.96266951E-04    4.15249905E-01    6.18615032E+02
   5.02478469E-04    4.19087169E-01    6.16919412E+02
   5.08767733E-04    4.22961815E-01    6.15232678E+02
   5.15135717E-04    4.26874236E-01    6.13554780E+02
   5.21583405E-04    4.30824834E-01    6.11885686E+02
   5.28111796E-04    4.34814023E-01    6.10225382E+02
   5.34721899E-04    4.38842215E-01    6.08573829E+02
   5.41414738E-04    4.42909805E-01    6.06930935E+02
   5.48191347E-04    4.47017196E-01    6.05296616E+02
   5.55052776E-04    4.51164800E-01    6.03670800E+02
   5.62000086E-04    4.55353039E-01    6.02053434E+02
   5.69034352E-04    4.59582348E-01    6.00444480E+02
   5.76156662E-04    4.63853172E-01    5.98843916E+02
   5.83368118E-04    4.68165958E-01    5.97251717E+02
   5.90669836E-04    4.72521137E-01    5.95667791E+02
   5.98062946E-04    4.76919143E-01    5.94092048E+02
   6.05548592E-04    4.81360421E-01    5.92524414E+02
   6.13127932E-04    4.85845425E-01    5.90964828E+02
   6.20802139E-04    4.90374625E-01    5.89413250E+02
   6.28572400E-04    4.94948498E-01    5.87869654E+02
   6.36439917E-04    4.99567526E-01    5.86334006E+02
   6.44405907E-04    5.04232172E-01    5.84806209E+02
   6.52471604E-04    5.08942904E-01    5.83286169E+02
   6.60638255E-04    5.13700203E-01    5.81773807E+02
   6.68907124E-04    5.18504561E-01    5.80269062E+02
   6.77279490E-04    5.23356482E-01    5.78771890E+02
   6.85756649E-04    5.28256481E-01    5.77282266E+02
   6.94339912E-04    5.33205078E-01    5.75800152E+02
   7.03030607E-04    5.38202771E-01    5.74325445E+02
   7.11830079E-04    5.43250067E-01    5.72858049E+02
   7.20739689E-04    5.48347483E-01    5.71397881E+02
   7.29760817E-04    5.53495549E-01    5.69944877E+02
   7.38894857E-04    5.58694809E-01    5.68498991E+02
   7.48143224E-04    5.63945818E-01    5.67060198E+02
   7.57507347E-04    5.69249134E-01    5.65628452E+02
   7.66988676E-04    5.74605292E-01    5.64203645E+02
   7.76588679E-04    5.80014837E-01    5.62785670E+02
   7.86308839E-04    5.85478325E-01    5.61374438E+02
   7.96150662E-04    5.90996325E-01    5.59969878E+02
   8.06115670E-04    5.96569419E-01    5.58571937E+02
   8.16205405E-04    6.02198204E-01    5.57180582E+02
   8.26421428E-04    6.07883283E-01    5.55795780E+02
   8.36765319E-04    6.13625239E-01    5.54417429E+02
   8.47238680E-04    6.19424658E-01    5.53045419E+02
   8.57843130E-04    6.25282137E-01    5.51679657E+02
   8.68580311E-04    6.31198290E-01    5.50320070E+02
   8.79451883E-04    6.37173742E-01    5.48966603E+02
   8.90459529E-04    6.43209135E-01    5.47619223E+02
   9.01604953E-04    6.49305107E-01    5.46277871E+02
   9.12889878E-04    6.55462279E-01    5.44942426E+02
   9.24316050E-04    6.61681281E-01    5.43612774E+02
   9.35885238E-04    6.67962755E-01    5.42288821E+02
   9.47599232E-04    6.74307359E-01    5.40970492E+02
   9.59459843E-04    6.80715766E-01    5.39657730E+02
   9.71468908E-04    6.87188665E-01    5.38350504E+02
   9.83628284E-04    6.93726747E-01    5.37048767E+02
   9.95939853E-04    7.00330678E-01    5.35752395E+02
   1.00840552E-03    7.07001133E-01    5.34461267E+02
   1.02102721E-03    7.13738800E-01    5.33175280E+02
   1.03380688E-03    7.20544382E-01    5.31894351E+02
   1.04674651E-03    7.27418596E-01    5.30618418E+02
   1.05984810E-03    7.34362180E-01    5.29347442E+02
   1.07311367E-03    7.41375871E-01    5.28081373E+02
   1.08654528E-03    7.48460384E-01    5.26820083E+02
   1.10014501E-03    7.55616440E-01    5.25563446E+02
   1.11391496E-03    7.62844775E-01    5.24311356E+02
   1.12785726E-03    7.70146143E-01    5.23063725E+02
   1.14197407E-03    7.77521310E-01    5.21820490E+02
   1.15626757E-03    7.84971062E-01    5.20581609E+02
   1.17073998E-03    7.92496190E-01    5.19347035E+02
   1.18539352E-03    8.00097457E-01    5.18116636E+02
   1.20023048E-03    8.07775632E-01    5.16890275E+02
   1.21525315E-03    8.15531499E-01    5.15667834E+02
   1.23046385E-03    8.23365856E-01    5.14449218E+02
   1.24586493E-03    8.31279520E-01    5.13234351E+02
   1.26145878E-03    8.39273324E-01    5.12023185E+02
   1.27724781E-03    8.47348116E-01    5.10815679E+02
   1.29323447E-03    8.55504715E-01    5.09611716E+02
   1.30942121E-03    8.63743944E-01    5.08411158E+02
   1.32581057E-03    8.72066636E-01    5.07213887E+02
   1.34240505E-03    8.80473646E-01    5.06019806E+02
   1.35920725E-03    8.88965841E-01    5.04828844E+02
   1.37621974E-03    8.97544110E-01    5.03640950E+02
   1.39344518E-03    9.06209341E-01    5.02456057E+02
   1.41088621E-03    9.14962395E-01    5.01274017E+02
   1.42854555E-03    9.23804142E-01    5.00094685E+02
   1.44642592E-03    9.32735470E-01    4.98917939E+02
   1.46453009E-03    9.41757283E-01    4.97743681E+02
   1.48286086E-03    9.50870503E-01    4.96571836E+02
   1.50142106E-03    9.60076071E-01    4.95402354E+02
   1.52021358E-03    9.69374938E-01    4.94235192E+02
   1.53924131E-03    9.78768026E-01    4.93070219E+02
   1.55850720E-03    9.88256254E-01    4.91907280E+02
   1.57801423E-03    9.97840558E-01    4.90746242E+02
   1.59776542E-03    1.00752189E+00    4.89586994E+02
   1.61776383E-03    1.01730122E+00    4.88429452E+02
   1.63801254E-03    1.02717954E+00    4.87273556E+02
   1.65851470E-03    1.03715785E+00    4.86119263E+02
   1.67927348E-03    1.04723714E+00    4.84966449E+02
   1.70029208E-03    1.05741836E+00    4.83814948E+02
   1.72157376E-03    1.06770249E+00    4.82664616E+02
   1.74312181E-03    1.07809055E+00    4.81515330E+02
   1.76493957E-03    1.08858355E+00    4.80366994E+02
   1.78703041E-03    1.09918251E+00    4.79219536E+02
   1.80939775E-03    1.10988851E+00    4.78072914E+02
   1.83204505E-03    1.12070258E+00    4.76927053E+02
   1.85497581E-03    1.13162575E+00    4.75781791E+02
   1.87819359E-03    1.14265904E+00    4.74636971E+02
   1.90170197E-03    1.15380350E+00    4.73492461E+02
   1.92550460E-03    1.16506019E+00    4.72348153E+02
   1.94960515E-03    1.17643019E+00    4.71203965E+02
   1.97400735E-03    1.18791461E+00    4.70059845E+02
   1.99871498E-03    1.19951455E+00    4.68915760E+02
   2.02373187E-03    1.21123110E+00    4.67771590E+02
   2.04906188E-03    1.22306532E+00    4.66627137E+02
   2.07470893E-03    1.23501829E+00    4.65482222E+02
   2.10067700E-03    1.24709107E+00    4.64336687E+02
   2.12697009E-03    1.25928479E+00    4.63190400E+02
   2.15359228E-03    1.27160056E+00    4.62043253E+02
   2.18054768E-03    1.28403951E+00    4.60895166E+02
   2.20784048E-03    1.29660281E+00    4.59746089E+02
   2.23547488E-03    1.30929163E+00    4.58596000E+02
   2.26345517E-03    1.32210714E+00    4.57444852E+02
   2.29178567E-03    1.33505047E+00    4.56292467E+02
   2.32047077E-03    1.34812272E+00    4.55138657E+02
   2.34951491E-03    1.36132504E+00    4.53983259E+02
   2.37892258E-03    1.37465858E+00    4.52826136E+02
   2.40869832E-03    1.38812449E+00    4.51667173E+02
   2.43884676E-03    1.40172398E+00    4.50506287E+02
   2.46937255E-03    1.41545823E+00    4.49343419E+02
   2.50028041E-03    1.42932846E+00    4.48178535E+02
   2.53157514E-03    1.44333585E+00    4.47011497E+02
   2.56326156E-03    1.45748154E+00    4.45842110E+02
   2.59534458E-03    1.47176671E+00    4.44670199E+02
   2.62782918E-03    1.48619253E+00    4.43495614E+02
   2.66072036E-03    1.50076018E+00    4.42318229E+02
   2.69402323E-03    1.51547089E+00    4.41137947E+02
   2.72774293E-03    1.53032587E+00    4.39954699E+02
   2.76188468E-03    1.54532636E+00    4.38768447E+02
   2.79645377E-03    1.56047362E+00    4.37579146E+02
   2.83145554E-03    1.57576881E+00    4.36386621E+02
   2.86689541E-03    1.59121312E+00    4.35190679E+02
   2.90277887E-03    1.60680773E+00    4.33991151E+02
   2.93911146E-03    1.62255385E+00    4.32787892E+02
   2.97589880E-03    1.63845268E+00    4.31580784E+02
   3.01314659E-03    1.65450545E+00    4.30369735E+02
   3.05086060E-03    1.67071342E+00    4.29154684E+02
   3.08904665E-03    1.68707782E+00    4.27935598E+02
   3.12771065E-03    1.70359988E+00    4.26712367E+02
   3.16685860E-03    1.72028078E+00    4.25484795E+02
   3.20649654E-03    1.73712170E+00    4.24252702E+02
   3.24663060E-03    1.75412383E+00    4.23015935E+02
   3.28726701E-03    1.77128838E+00    4.21774362E+02
   3.32841203E-03    1.78861656E+00    4.20527884E+02
   3.37007205E-03    1.80610959E+00    4.19276427E+02
   3.41225351E-03    1.82376871E+00    4.18019947E+02
   3.45496293E-03    1.84159515E+00    4.16758364E+02
   3.49820692E-03    1.85959005E+00    4.15491493E+02
   3.54199218E-03    1.87775459E+00    4.14219158E+02
   3.58632547E-03    1.89608992E+00    4.12941206E+02
   3.63121366E-03    1.91459722E+00    4.11657512E+02
   3.67666369E-03    1.93327768E+00    4.10367977E+02
   3.72268259E-03    1.95213248E+00    4.09072531E+02
   3.76927750E-03    1.97116281E+00    4.07771117E+02
   3.81645560E-03    1.99036982E+00    4.06463592E+02
   3.86422421E-03    2.00975462E+00    4.05149784E+02
   3.91259072E-03    2.02931833E+00    4.03829543E+02
   3.96156260E-03    2.04906207E+00    4.02502747E+02
   4.01114744E-03    2.06898698E+00    4.01169302E+02
   4.06135290E-03    2.08909418E+00    3.99829139E+02
   4.11218677E-03    2.10938479E+00    3.98482193E+02
   4.16365689E-03    2.12985989E+00    3.97128299E+02
   4.21577124E-03    2.15052050E+00    3.95767281E+02
   4.26853788E-03    2.17136766E+00    3.94398987E+02
   4.32196497E-03    2.19240242E+00    3.93023291E+02
   4.37606078E-03    2.21362582E+00    3.91640091E+02
   4.43083368E-03    2.23503889E+00    3.90249315E+02
   4.48629214E-03    2.25664267E+00    3.88850918E+02
   4.54244475E-03    2.27843816E+00    3.87444801E+02
   4.59930019E-03    2.30042629E+00    3.86030792E+02
   4.65686726E-03    2.32260799E+00    3.84608732E+02
   4.71515487E-03    2.34498417E+00    3.83178489E+02
   4.77417204E-03    2.36755575E+00    3.81739955E+02
   4.83392789E-03    2.39032364E+00    3.80293051E+02
   4.89443168E-03    2.41328873E+00    3.78837721E+02
   4.95569276E-03    2.43645188E+00    3.77373859E+02
   5.01772061E-03    2.45981389E+00    3.75901297E+02
   5.08052484E-03    2.48337551E+00    3.74419890E+02
   5.14411515E-03    2.50713753E+00    3.72929512E+02
   5.20850139E-03    2.53110069E+00    3.71430068E+02
   5.27369352E-03    2.55526575E+00    3.69921485E+02
   5.33970163E-03    2.57963342E+00    3.68403714E+02
   5.40653592E-03    2.60420437E+00    3.66876640E+02
   5.47420675E-03    2.62897919E+00    3.65340105E+02
   5.54272458E-03    2.65395848E+00    3.63793971E+02
   5.61210001E-03    2.67914279E+00    3.62238124E+02
   5.68234377E-03    2.70453268E+00    3.60672477E+02
   5.75346674E-03    2.73012866E+00    3.59096968E+02
   5.82547992E-03    2.75593125E+00    3.57511535E+02
   5.89839445E-03    2.78194083E+00    3.55916042E+02
   5.97222162E-03    2.80815777E+00    3.54310353E+02
   6.04697284E-03    2.83458243E+00    3.52694355E+02
   6.12265969E-03    2.86121512E+00    3.51067960E+02
   6.19929387E-03    2.88805613E+00    3.49431104E+02
   6.27688724E-03    2.91510571E+00    3.47783732E+02
   6.35545180E-03    2.94236403E+00    3.46125716E+02
   6.43499972E-03    2.96983118E+00    3.44456924E+02
   6.51554330E-03    2.99750725E+00    3.42777246E+02
   6.59709500E-03    3.02539227E+00    3.41086592E+02
   6.67966744E-03    3.05348626E+00    3.39384902E+02
   6.76327340E-03    3.08178918E+00    3.37672137E+02
   6.84792581E-03    3.11030093E+00    3.35948217E+02
   6.93363777E-03    3.13902130E+00    3.34213013E+02
   7.02042254E-03    3.16795004E+00    3.32466409E+02
   7.10829355E-03    3.19708686E+00    3.30708315E+02
   7.19726440E-03    3.22643142E+00    3.28938662E+02
   7.28734886E-03    3.25598334E+00    3.27157406E+02
   7.37856085E-03    3.28574219E+00    3.25364517E+02
   7.47091450E-03    3.31570742E+00    3.23559897E+02
   7.56442409E-03    3.34587839E+00    3.21743428E+02
   7.65910409E-03    3.37625441E+00    3.19915012E+02
   7.75496915E-03    3.40683474E+00    3.18074574E+02
   7.85203410E-03    3.43761858E+00    3.16222061E+02
   7.95031397E-03    3.46860509E+00    3.14357444E+02
   8.04982396E-03    3.49979333E+00    3.12480705E+02
   8.15057946E-03    3.53118226E+00    3.10591758E+02
   8.25259606E-03    3.56277073E+00    3.08690502E+02
   8.35588956E-03    3.59455751E+00    3.06776859E+02
   8.46047593E-03    3.62654133E+00    3.04850773E+02
   8.56637135E-03    3.65872084E+00    3.02912209E+02
   8.67359220E-03    3.69109463E+00    3.00961155E+02
   8.78215509E-03    3.72366118E+00    2.98997584E+02
   8.89207680E-03    3.75641882E+00    2.97021413E+02
   9.00337435E-03    3.78936579E+00    2.95032570E+02
   9.11606495E-03    3.82250027E+00    2.93031006E+02
   9.23016604E-03    3.85582035E+00    2.91016691E+02
   9.34569528E-03    3.88932404E+00    2.88989619E+02
   9.46267053E-03    3.92300926E+00    2.86949796E+02
   9.58110991E-03    3.95687378E+00    2.84897171E+02
   9.70103173E-03    3.99091521E+00    2.82831685E+02
   9.82245454E-03    4.02513110E+00    2.80753301E+02
   9.94539715E-03    4.05951891E+00    2.78662000E+02
   1.00698786E-02    4.09407600E+00    2.76557785E+02
   1.01959180E-02    4.12879964E+00    2.74440677E+02
   1.03235351E-02    4.16368691E+00    2.72310660E+02
   1.04527495E-02    4.19873478E+00    2.70167700E+02
   1.05835812E-02    4.23394008E+00    2.68011782E+02
   1.07160504E-02    4.26929956E+00    2.65842911E+02
   1.08501777E-02    4.30480986E+00    2.63661115E+02
   1.09859838E-02    4.34046750E+00    2.61466429E+02
   1.11234897E-02    4.37626880E+00    2.59258840E+02
   1.12627167E-02    4.41220991E+00    2.57038334E+02
   1.14036863E-02    4.44828689E+00    2.54804917E+02
   1.15464204E-02    4.48449567E+00    2.52558612E+02
   1.16909410E-02    4.52083209E+00    2.50299466E+02
   1.18372704E-02    4.55729183E+00    2.48027544E+02
   1.19854315E-02    4.59387044E+00    2.45742900E+02
   1.21354469E-02    4.63056321E+00    2.43445544E+02
   1.22873401E-02    4.66736529E+00    2.41135499E+02
   1.24411344E-02    4.70427171E+00    2.38812807E+02
   1.25968537E-02    4.74127737E+00    2.36477528E+02
   1.27545220E-02    4.77837704E+00    2.34129742E+02
   1.29141638E-02    4.81556534E+00    2.31769536E+02
   1.30758037E-02    4.85283661E+00    2.29396958E+02
   1.32394668E-02    4.89018504E+00    2.27012061E+02
   1.34051784E-02    4.92760468E+00    2.24614919E+02
   1.35729641E-02    4.96508943E+00    2.22205621E+02
   1.37428499E-02    5.00263307E+00    2.19784280E+02
   1.39148621E-02    5.04022917E+00    2.17351007E+02
   1.40890272E-02    5.07787102E+00    2.14905879E+02
   1.42653723E-02    5.11555174E+00    2.12448982E+02
   1.44439247E-02    5.15326430E+00    2.09980416E+02
   1.46247118E-02    5.19100149E+00    2.07500303E+02
   1.48077618E-02    5.22875600E+00    2.05008782E+02
   1.49931030E-02    5.26652031E+00    2.02506005E+02
   1.51807639E-02    5.30428662E+00    1.99992099E+02
   1.53707737E-02    5.34204690E+00    1.97467185E+02
   1.55631618E-02    5.37979294E+00    1.94931402E+02
   1.57579578E-02    5.41751641E+00    1.92384907E+02
   1.59551921E-02    5.45520880E+00    1.89827877E+02
   1.61548950E-02    5.49286133E+00    1.87260479E+02
   1.63570975E-02    5.53046494E+00    1.84682867E+02
   1.65618309E-02    5.56801040E+00    1.82095209E+02
   1.67691268E-02    5.60548831E+00    1.79497692E+02
   1.69790173E-02    5.64288910E+00    1.76890518E+02
   1.71915349E-02    5.68020302E+00    1.74273903E+02
   1.74067125E-02    5.71741998E+00    1.71648043E+02
   1.76245834E-02    5.75452963E+00    1.69013137E+02
   1.78451812E-02    5.79152148E+00    1.66369401E+02
   1.80685402E-02    5.82838485E+00    1.63717067E+02
   1.82946948E-02    5.86510891E+00    1.61056383E+02
   1.85236800E-02    5.90168248E+00    1.58387585E+02
   1.87555314E-02    5.93809408E+00    1.55710909E+02
   1.89902847E-02    5.97433211E+00    1.53026609E+02
   1.92279764E-02    6.01038477E+00    1.50334951E+02
   1.94686430E-02    6.04624010E+00    1.47636219E+02
   1.97123220E-02    6.08188577E+00    1.44930685E+02
   1.99590510E-02    6.11730923E+00    1.42218630E+02
   2.02088682E-02    6.15249776E+00    1.39500349E+02
   2.04618122E-02    6.18743844E+00    1.36776149E+02
   2.07179221E-02    6.22211801E+00    1.34046333E+02
   2.09772377E-02    6.25652302E+00    1.31311218E+02
   2.12397990E-02    6.29063990E+00    1.28571132E+02
   2.15056466E-02    6.32445476E+00    1.25826411E+02
   2.17748217E-02    6.35795343E+00    1.23077390E+02
   2.20473659E-02    6.39112159E+00    1.20324421E+02
   2.23233214E-02    6.42394476E+00    1.17567865E+02
   2.26027310E-02    6.45640806E+00    1.14808083E+02
   2.28856377E-02    6.48849648E+00    1.12045448E+02
   2.31720855E-02    6.52019485E+00    1.09280347E+02
   2.34621185E-02    6.55148770E+00    1.06513167E+02
   2.37557818E-02    6.58235933E+00    1.03744307E+02
   2.40531207E-02    6.61279390E+00    1.00974174E+02
   2.43541812E-02    6.64277526E+00    9.82031815E+01
   2.46590099E-02    6.67228713E+00    9.54317538E+01
   2.49676541E-02    6.70131301E+00    9.26603227E+01
   2.52801613E-02    6.72983613E+00    8.98893262E+01
   2.55965801E-02    6.75783962E+00    8.71192135E+01
   2.59169593E-02    6.78530633E+00    8.43504398E+01
   2.62413485E-02    6.81221890E+00    8.15834681E+01
   2.65697980E-02    6.83855991E+00    7.88187719E+01
   2.69023585E-02    6.86431165E+00    7.60568311E+01
   2.72390814E-02    6.88945618E+00    7.32981328E+01
   2.75800190E-02    6.91397555E+00    7.05431738E+01
   2.79252239E-02    6.93785150E+00    6.77924578E+01
   2.82747495E-02    6.96106567E+00    6.50464961E+01
   2.86286500E-02    6.98359955E+00    6.23058082E+01
   2.89869801E-02    7.00543438E+00    5.95709207E+01
   2.93497952E-02    7.02655140E+00    5.68423680E+01
   2.97171514E-02    7.04693165E+00    5.41206920E+01
   3.00891057E-02    7.06655598E+00    5.14064416E+01
   3.04657156E-02    7.08540525E+00    4.87001726E+01
   3.08470392E-02    7.10346008E+00    4.60024484E+01
   3.12331357E-02    7.12070103E+00    4.33138389E+01
   3.16240648E-02    7.13710864E+00    4.06349206E+01
   3.20198870E-02    7.15266323E+00    3.79662769E+01
   3.24206634E-02    7.16734517E+00    3.53084968E+01
   3.28264561E-02    7.18113465E+00    3.26621768E+01
   3.32373280E-02    7.19401191E+00    3.00279178E+01
   3.36533425E-02    7.20595707E+00    2.74063277E+01
   3.40745641E-02    7.21695026E+00    2.47980192E+01
   3.45010578E-02    7.22697159E+00    2.22036106E+01
   3.49328898E-02    7.23600105E+00    1.96237265E+01
   3.53701268E-02    7.24401887E+00    1.70589933E+01
   3.58128365E-02    7.25100509E+00    1.45100451E+01
   3.62610873E-02    7.25693977E+00    1.19775202E+01
   3.67149487E-02    7.26180322E+00    9.46205795E+00
   3.71744908E-02    7.26557565E+00    6.96430413E+00
   3.76397847E-02    7.26823735E+00    4.48490776E+00
   3.81109025E-02    7.26976875E+00    2.02452029E+00
   3.85879171E-02    7.27015034E+00   -4.16203218E-01
   3.90709022E-02    7.26936277E+00   -2.83660583E+00
   3.95599325E-02    7.26738681E+00   -5.23602796E+00
   4.00550838E-02    7.26420337E+00   -7.61380796E+00
   4.05564327E-02    7.25979359E+00   -9.96928400E+00
   4.10640567E-02    7.25413869E+00   -1.23017901E+01
   4.15780343E-02    7.24722025E+00   -1.46106634E+01
   4.20984452E-02    7.23901993E+00   -1.68952372E+01
   4.26253697E-02    7.22951976E+00   -1.91548477E+01
   4.31588895E-02    7.21870193E+00   -2.13888284E+01
   4.36990871E-02    7.20654903E+00   -2.35965167E+01
   4.42460461E-02    7.19304383E+00   -2.57772487E+01
   4.47998511E-02    7.17816954E+00   -2.79303637E+01
   4.53605877E-02    7.16190971E+00   -3.00552042E+01
   4.59283428E-02    7.14424805E+00   -3.21511081E+01
   4.65032043E-02    7.12516904E+00   -3.42174278E+01
   4.70852609E-02    7.10465728E+00   -3.62535105E+01
   4.76746029E-02    7.08269796E+00   -3.82587112E+01
   4.82713213E-02    7.05927668E+00   -4.02323886E+01
   4.88755086E-02    7.03437932E+00   -4.21739001E+01
   4.94872582E-02    7.00799275E+00   -4.40826218E+01
   5.01066647E-02    6.98010394E+00   -4.59579242E+01
   5.07338240E-02    6.95070063E+00   -4.77991895E+01
   5.13688332E-02    6.91977107E+00   -4.96058054E+01
   5.20117904E-02    6.88730409E+00   -5.13771659E+01
   5.26627952E-02    6.85328937E+00   -5.31126795E+01
   5.33219483E-02    6.81771675E+00   -5.48117495E+01
   5.39893517E-02    6.78057736E+00   -5.64738049E+01
   5.46651086E-02    6.74186269E+00   -5.80982751E+01
   5.53493236E-02    6.70156489E+00   -5.96845975E+01
   5.60421026E-02    6.65967729E+00   -6.12322324E+01
   5.67435527E-02    6.61619343E+00   -6.27406355E+01
   5.74537825E-02    6.57110819E+00   -6.42092896E+01
   5.81729020E-02    6.52441694E+00   -6.56376796E+01
   5.89010222E-02    6.47611616E+00   -6.70253120E+01
   5.96382560E-02    6.42620304E+00   -6.83717015E+01
   6.03847173E-02    6.37467549E+00   -6.96763713E+01
   6.11405217E-02    6.32153326E+00   -7.09388868E+01
   6.19057862E-02    6.26677613E+00   -7.21588017E+01
   6.26806290E-02    6.21040448E+00   -7.33356746E+01
   6.34651702E-02    6.15242086E+00   -7.44691152E+01
   6.42595310E-02    6.09282896E+00   -7.55587537E+01
   6.50638345E-02    6.03163250E+00   -7.66042083E+01
   6.58782050E-02    5.96883705E+00   -7.76051390E+01
   6.67027685E-02    5.90444861E+00   -7.85612051E+01
   6.75376528E-02    5.83847473E+00   -7.94720983E+01
   6.83829868E-02    5.77092464E+00   -8.03375470E+01
   6.92389014E-02    5.70180767E+00   -8.11572687E+01
   7.01055291E-02    5.63113525E+00   -8.19310301E+01
   7.09830039E-02    5.55891966E+00   -8.26586092E+01
   7.18714616E-02    5.48517415E+00   -8.33398000E+01
   7.27710397E-02    5.40991407E+00   -8.39744443E+01
   7.36818773E-02    5.33315504E+00   -8.45623789E+01
   7.46041154E-02    5.25491485E+00   -8.51034917E+01
   7.55378967E-02    5.17521202E+00   -8.55976788E+01
   7.64833657E-02    5.09406633E+00   -8.60448596E+01
   7.74406686E-02    5.01149982E+00   -8.64450084E+01
   7.84099535E-02    4.92753462E+00   -8.67980878E+01
   7.93913705E-02    4.84219516E+00   -8.71041165E+01
   8.03850714E-02    4.75550696E+00   -8.73631317E+01
   8.13912100E-02    4.66749656E+00   -8.75751884E+01
   8.24099419E-02    4.57819280E+00   -8.77403971E+01
   8.34414247E-02    4.48762473E+00   -8.78588615E+01
   8.44858180E-02    4.39582388E+00   -8.79307469E+01
   8.55432835E-02    4.30282254E+00   -8.79562285E+01
   8.66139847E-02    4.20865480E+00   -8.79355236E+01
   8.76980874E-02    4.11335601E+00   -8.78688741E+01
   8.87957592E-02    4.01696214E+00   -8.77565283E+01
   8.99071699E-02    3.91951222E+00   -8.75988159E+01
   9.10324917E-02    3.82104553E+00   -8.73960611E+01
   9.21718985E-02    3.72160279E+00   -8.71486208E+01
   9.33255667E-02    3.62122673E+00   -8.68569015E+01
   9.44936748E-02    3.51996048E+00   -8.65213098E+01
   9.56764034E-02    3.41784981E+00   -8.61423234E+01
   9.68739357E-02    3.31494044E+00   -8.57204067E+01
   9.80864569E-02    3.21128035E+00   -8.52560838E+01
   9.93141545E-02    3.10691903E+00   -8.47499154E+01
   1.00557219E-01    3.00190593E+00   -8.42024504E+01
   1.01815842E-01    2.89629353E+00   -8.36143240E+01
   1.03090218E-01    2.79013436E+00   -8.29861626E+01
   1.04380545E-01    2.68348221E+00   -8.23186246E+01
   1.05687023E-01    2.57639312E+00   -8.16124310E+01
   1.07009853E-01    2.46892265E+00   -8.08682794E+01
   1.08349240E-01    2.36112900E+00   -8.00869455E+01
   1.09705392E-01    2.25307056E+00   -7.92692040E+01
   1.11078518E-01    2.14480691E+00   -7.84158616E+01
   1.12468830E-01    2.03639924E+00   -7.75277727E+01
   1.13876545E-01    1.92790843E+00   -7.66057761E+01
   1.15301879E-01    1.81939789E+00   -7.56507908E+01
   1.16745053E-01    1.71093052E+00   -7.46637151E+01
   1.18206291E-01    1.60257078E+00   -7.36454978E+01
   1.19685818E-01    1.49438428E+00   -7.25971233E+01
   1.21183864E-01    1.38643545E+00   -7.15195378E+01
   1.22700660E-01    1.27879148E+00   -7.04137805E+01
   1.24236441E-01    1.17152006E+00   -6.92809096E+01
   1.25791444E-01    1.06468744E+00   -6.81219367E+01
   1.27365911E-01    9.58362369E-01   -6.69379648E+01
   1.28960084E-01    8.52613473E-01   -6.57300970E+01
   1.30574211E-01    7.47508813E-01   -6.44994239E+01
   1.32208542E-01    6.43118634E-01   -6.32471219E+01
   1.33863328E-01    5.39511253E-01   -6.19743072E+01
   1.35538826E-01    4.36754991E-01   -6.06821078E+01
   1.37235296E-01    3.34920666E-01   -5.93717563E+01
   1.38952999E-01    2.34078739E-01   -5.80444854E+01
   1.40692202E-01    1.34296222E-01   -5.67014151E+01
   1.42453174E-01    3.56415526E-02   -5.53437387E+01
   1.44236187E-01   -6.18147508E-02   -5.39727502E+01
   1.46041517E-01   -1.58003197E-01   -5.25897242E+01
   1.47869444E-01   -2.52857922E-01   -5.11958167E+01
   1.49720250E-01   -3.46312025E-01   -4.97922533E+01
   1.51594221E-01   -4.38297197E-01   -4.83803485E+01
   1.53491648E-01   -5.28747129E-01   -4.69613635E+01
   1.55412824E-01   -6.17597610E-01   -4.55365071E+01
   1.57358046E-01   -7.04783614E-01   -4.41070642E+01
   1.59327615E-01   -7.90241777E-01   -4.26742847E+01
   1.61321837E-01   -8.73910542E-01   -4.12393826E+01
   1.63341020E-01   -9.55727968E-01   -3.98036428E+01
   1.65385475E-01   -1.03563403E+00   -3.83683085E+01
   1.67455520E-01   -1.11357091E+00   -3.69345725E+01
   1.69551474E-01   -1.18948097E+00   -3.55036878E+01
   1.71673663E-01   -1.26330851E+00   -3.40768712E+01
   1.73822414E-01   -1.33499970E+00   -3.26553153E+01
   1.75998059E-01   -1.40450225E+00   -3.12402075E+01
   1.78200936E-01   -1.47176557E+00   -2.98327290E+01
   1.80431386E-01   -1.53674109E+00   -2.84340274E+01
   1.82689752E-01   -1.59938220E+00   -2.70452379E+01
   1.84976386E-01   -1.65964407E+00   -2.56674966E+01
   1.87291640E-01   -1.71748426E+00   -2.43018988E+01
   1.89635873E-01   -1.77286245E+00   -2.29495156E+01
   1.92009448E-01   -1.82574058E+00   -2.16114083E+01
   1.94412731E-01   -1.87608292E+00   -2.02886070E+01
   1.96846095E-01   -1.92385620E+00   -1.89821166E+01
   1.99309916E-01   -1.96902962E+00   -1.76929148E+01
   2.01804576E-01   -2.01157493E+00   -1.64219528E+01
   2.04330460E-01   -2.05146652E+00   -1.51701506E+01
   2.06887959E-01   -2.08868146E+00   -1.39384003E+01
   2.09477469E-01   -2.12319947E+00   -1.27275582E+01
   2.12099391E-01   -2.15500322E+00   -1.15384539E+01
   2.14754130E-01   -2.18407802E+00   -1.03718785E+01
   2.17442096E-01   -2.21041222E+00   -9.22859166E+00
   2.20163707E-01   -2.23399707E+00   -8.10931777E+00
   2.22919383E-01   -2.25482669E+00   -7.01474281E+00
   2.25709550E-01   -2.27289829E+00   -5.94551789E+00
   2.28534640E-01   -2.28821201E+00   -4.90225467E+00
   2.31395091E-01   -2.30077111E+00   -3.88552792E+00
   2.34291344E-01   -2.31058187E+00   -2.89587221E+00
   2.37223848E-01   -2.31765364E+00   -1.93378310E+00
   2.40193057E-01   -2.32199887E+00   -9.99715643E-01
   2.43199430E-01   -2.32363306E+00   -9.40844364E-02
   2.46243432E-01   -2.32257481E+00    7.82736973E-01
   2.49325534E-01   -2.31884578E+00    1.63041621E+00
   2.52446213E-01   -2.31247071E+00    2.44866245E+00
   2.55605952E-01   -2.30347730E+00    3.23722650E+00
   2.58805240E-01   -2.29189637E+00    3.99590081E+00
   2.62044572E-01   -2.27776162E+00    4.72451952E+00
   2.65324449E-01   -2.26110975E+00    5.42295830E+00
   2.68645379E-01   -2.24198032E+00    6.09113415E+00
   2.72007875E-01   -2.22041577E+00    6.72900518E+00
   2.75412457E-01   -2.19646133E+00    7.33657017E+00
   2.78859653E-01   -2.17016497E+00    7.91386822E+00
   2.82349996E-01   -2.14157729E+00    8.46097787E+00
   2.85884025E-01   -2.11075163E+00    8.97801745E+00
   2.89462288E-01   -2.07774367E+00    9.46514266E+00
   2.93085339E-01   -2.04261172E+00    9.92254782E+00
   2.96753737E-01   -2.00541638E+00    1.03504635E+01
   3.00468051E-01   -1.96622054E+00    1.07491563E+01
   3.04228855E-01   -1.92508930E+00    1.11189275E+01
   3.08036731E-01   -1.88208986E+00    1.14601126E+01
   3.11892268E-01   -1.83729137E+00    1.17730793E+01
   3.15796063E-01   -1.79076497E+00    1.20582274E+01
   3.19748719E-01   -1.74258353E+00    1.23159867E+01
   3.23750849E-01   -1.69282160E+00    1.25468160E+01
   3.27803072E-01   -1.64155527E+00    1.27512019E+01
   3.31906014E-01   -1.58886220E+00    1.29296579E+01
   3.36060311E-01   -1.53482128E+00    1.30827220E+01
   3.40266605E-01   -1.47951265E+00    1.32109563E+01
   3.44525547E-01   -1.42301755E+00    1.33149449E+01
   3.48837796E-01   -1.36541821E+00    1.33952928E+01
   3.53204019E-01   -1.30679772E+00    1.34526251E+01
   3.57624891E-01   -1.24723981E+00    1.34875836E+01
   3.62101098E-01   -1.18682894E+00    1.35008281E+01
   3.66633331E-01   -1.12564990E+00    1.34930319E+01
   3.71222292E-01   -1.06378796E+00    1.34648839E+01
   3.75868690E-01   -1.00132863E+00    1.34170852E+01
   3.80573245E-01   -9.38357232E-01    1.33503449E+01
   3.85336684E-01   -8.74959313E-01    1.32653846E+01
   3.90159745E-01   -8.11220280E-01    1.31629345E+01
   3.95043173E-01   -7.47225113E-01    1.30437301E+01
   3.99987725E-01   -6.83058148E-01    1.29085098E+01
   4.04994166E-01   -6.18803827E-01    1.27580241E+01
   4.10063269E-01   -5.54545149E-01    1.25930172E+01
   4.15195820E-01   -4.90364818E-01    1.24142414E+01
   4.20392612E-01   -4.26344661E-01    1.22224500E+01
   4.25654450E-01   -3.62564727E-01    1.20183864E+01
   4.30982148E-01   -2.99105015E-01    1.18028064E+01
   4.36376529E-01   -2.36043254E-01    1.15764505E+01
   4.41838430E-01   -1.73456311E-01    1.13400617E+01
   4.47368694E-01   -1.11419679E-01    1.10943803E+01
   4.52968177E-01   -5.00063835E-02    1.08401286E+01
   4.58637747E-01    1.07116509E-02    1.05780309E+01
   4.64378279E-01    7.06637261E-02    1.03088110E+01
   4.70190663E-01    1.29783087E-01    1.00331561E+01
   4.76075797E-01    1.88002390E-01    9.75178060E+00
   4.82034593E-01    2.45258571E-01    9.46535655E+00
   4.88067972E-01    3.01489571E-01    9.17456234E+00
   4.94176867E-01    3.56636307E-01    8.88005344E+00
   5.00362225E-01    4.10641836E-01    8.58247527E+00
   5.06625001E-01    4.63451636E-01    8.28245976E+00
   5.12966165E-01    5.15013903E-01    7.98062046E+00
   5.19386699E-01    5.65279309E-01    7.67755708E+00
   5.25887594E-01    6.14201288E-01    7.37385089E+00
   5.32469859E-01    6.61735941E-01    7.07006660E+00
   5.39134510E-01    7.07842219E-01    6.76674931E+00
   5.45882579E-01    7.52481834E-01    6.46442640E+00
   5.52715110E-01    7.95619424E-01    6.16360431E+00
   5.59633160E-01    8.37222449E-01    5.86477094E+00
   5.66637800E-01    8.77261330E-01    5.56839268E+00
   5.73730114E-01    9.15709401E-01    5.27491551E+00
   5.80911198E-01    9.52542940E-01    4.98476415E+00
   5.88182165E-01    9.87741173E-01    4.69834189E+00
   5.95544138E-01    1.02128627E+00    4.41603051E+00
   6.02998257E-01    1.05316333E+00    4.13819013E+00
   6.10545676E-01    1.08336038E+00    3.86515918E+00
   6.18187562E-01    1.11186835E+00    3.59725443E+00
   6.25925097E-01    1.13868105E+00    3.33477114E+00
   6.33759479E-01    1.16379515E+00    3.07798312E+00
   6.41691920E-01    1.18721011E+00    2.82714300E+00
   6.49723647E-01    1.20892818E+00    2.58248248E+00
   6.57855904E-01    1.22895435E+00    2.34421258E+00
   6.66089947E-01    1.24729627E+00    2.11252394E+00
   6.74427052E-01    1.26396426E+00    1.88758720E+00
   6.82868508E-01    1.27897117E+00    1.66955329E+00
   6.91415622E-01    1.29233239E+00    1.45855383E+00
   7.00069715E-01    1.30406575E+00    1.25470152E+00
   7.08832127E-01    1.31419147E+00    1.05809047E+00
   7.17704214E-01    1.32273205E+00    8.68796679E-01
   7.26687348E-01    1.32971223E+00    6.86878363E-01
   7.35782919E-01    1.33515891E+00    5.12376420E-01
   7.44992335E-01    1.33910102E+00    3.45314850E-01
   7.54317021E-01    1.34156947E+00    1.85701189E-01
   7.63758418E-01    1.34259704E+00    3.35269862E-02
   7.73317989E-01    1.34221830E+00   -1.11231726E-01
   7.82997212E-01    1.34046948E+00   -2.48613930E-01
   7.92797585E-01    1.33738838E+00   -3.78673102E-01
   8.02720624E-01    1.33301427E+00   -5.01476633E-01
   8.12767865E-01    1.32738776E+00   -6.17105347E-01
   8.22940862E-01    1.32055072E+00   -7.25652807E-01
   8.33241189E-01    1.31254612E+00   -8.27224767E-01
   8.43670440E-01    1.30341800E+00   -9.21938599E-01
   8.54230228E-01    1.29321111E+00   -1.00992213E+00
   8.64922188E-01    1.28197124E+00   -1.09131406E+00
   8.75747974E-01    1.26974464E+00   -1.16626207E+00
   8.86709260E-01    1.25657815E+00   -1.23492280E+00
   8.97807743E-01    1.24251904E+00   -1.29746095E+00
   9.09045140E-01    1.22761485E+00   -1.35404854E+00
   9.20423190E-01    1.21191335E+00   -1.40486421E+00
   9.31943653E-01    1.19546232E+00   -1.45009240E+00
   9.43608312E-01    1.17830955E+00   -1.48992274E+00
   9.55418972E-01    1.16050265E+00   -1.52454922E+00
   9.67377459E-01    1.14208898E+00   -1.55416945E+00
   9.79485624E-01    1.12311555E+00   -1.57898405E+00
   9.91745341E-01    1.10362891E+00   -1.59919582E+00
   1.00415851E+00    1.08367503E+00   -1.61500913E+00
   1.01672704E+00    1.06329927E+00   -1.62662928E+00
   1.02945289E+00    1.04254625E+00   -1.63426173E+00
   1.04233802E+00    1.02145977E+00   -1.63811167E+00
   1.05538443E+00    1.00008274E+00   -1.63838318E+00
   1.06859413E+00    9.78457126E-01   -1.63527899E+00
   1.08196918E+00    9.56623847E-01   -1.62899954E+00
   1.09551163E+00    9.34622762E-01   -1.61974292E+00
   1.10922358E+00    9.12492559E-01   -1.60770402E+00
   1.12310716E+00    8.90270760E-01   -1.59307439E+00
   1.13716452E+00    8.67993599E-01   -1.57604141E+00
   1.15139782E+00    8.45696101E-01   -1.55678864E+00
   1.16580927E+00    8.23411923E-01   -1.53549470E+00
   1.18040111E+00    8.01173404E-01   -1.51233349E+00
   1.19517558E+00    7.79011516E-01   -1.48747374E+00
   1.21013498E+00    7.56955822E-01   -1.46107869E+00
   1.22528161E+00    7.35034524E-01   -1.43330619E+00
   1.24061783E+00    7.13274372E-01   -1.40430811E+00
   1.25614601E+00    6.91700737E-01   -1.37423065E+00
   1.27186854E+00    6.70337544E-01   -1.34321383E+00
   1.28778786E+00    6.49207326E-01   -1.31139172E+00
   1.30390644E+00    6.28331195E-01   -1.27889217E+00
   1.32022677E+00    6.07728882E-01   -1.24583697E+00
   1.33675137E+00    5.87418716E-01   -1.21234161E+00
   1.35348279E+00    5.67417688E-01   -1.17851563E+00
   1.37042364E+00    5.47741427E-01   -1.14446230E+00
   1.38757653E+00    5.28404257E-01   -1.11027902E+00
   1.40494411E+00    5.09419194E-01   -1.07605706E+00
   1.42252907E+00    4.90798007E-01   -1.04188199E+00
   1.44033414E+00    4.72551268E-01   -1.00783107E+00
   1.45836206E+00    4.54688260E-01   -9.73983395E-01
   1.47661562E+00    4.37217143E-01   -9.40405325E-01
   1.49509766E+00    4.20144952E-01   -9.07160042E-01
   1.51381103E+00    4.03477630E-01   -8.74305721E-01
   1.53275862E+00    3.87220067E-01   -8.41895527E-01
   1.55194337E+00    3.71376137E-01   -8.09977759E-01
   1.57136825E+00    3.55948744E-01   -7.78596085E-01
   1.59103625E+00    3.40939862E-01   -7.47789689E-01
   1.61095044E+00    3.26350572E-01   -7.17593462E-01
   1.63111387E+00    3.12181108E-01   -6.88038161E-01
   1.65152969E+00    2.98430899E-01   -6.59150687E-01
   1.67220103E+00    2.85098609E-01   -6.30954167E-01
   1.69313111E+00    2.72182181E-01   -6.03468204E-01
   1.71432316E+00    2.59678877E-01   -5.76709059E-01
   1.73578046E+00    2.47585320E-01   -5.50689825E-01
   1.75750633E+00    2.35897537E-01   -5.25420615E-01
   1.77950413E+00    2.24610994E-01   -5.00908753E-01
   1.80177727E+00    2.13720643E-01   -4.77158931E-01
   1.82432919E+00    2.03220951E-01   -4.54173409E-01
   1.84716338E+00    1.93105950E-01   -4.31952161E-01
   1.87028337E+00    1.83369267E-01   -4.10493056E-01
   1.89369274E+00    1.74004156E-01   -3.89792008E-01
   1.91739512E+00    1.65003546E-01   -3.69843140E-01
   1.94139417E+00    1.56360063E-01   -3.50638926E-01
   1.96569360E+00    1.48066069E-01   -3.32170340E-01
   1.99029717E+00    1.40113695E-01   -3.14426994E-01
   2.01520870E+00    1.32494854E-01   -2.97397253E-01
   2.04043203E+00    1.25201336E-01   -2.81068441E-01
   2.06597107E+00    1.18224716E-01   -2.65426811E-01
   2.09182976E+00    1.11556499E-01   -2.50457810E-01
   2.11801212E+00    1.05188085E-01   -2.36146115E-01
   2.14452218E+00    9.91108113E-02   -2.22475753E-01
   2.17136406E+00    9.33159681E-02   -2.09430190E-01
   2.19854191E+00    8.77948311E-02   -1.96992445E-01
   2.22605993E+00    8.25386683E-02   -1.85145148E-01
   2.25392237E+00    7.75387742E-02   -1.73870648E-01
   2.28213356E+00    7.27864795E-02   -1.63151075E-01
   2.31069785E+00    6.82731736E-02   -1.52968419E-01
   2.33961966E+00    6.39903154E-02   -1.43304587E-01
   2.36890348E+00    5.99294531E-02   -1.34141471E-01
   2.39855382E+00    5.60822394E-02   -1.25461011E-01
   2.42857529E+00    5.24404370E-02   -1.17245229E-01
   2.45897251E+00    4.89959382E-02   -1.09476297E-01
   2.48975021E+00    4.57407722E-02   -1.02136566E-01
   2.52091313E+00    4.26671172E-02   -9.52086168E-02
   2.55246610E+00    3.97673034E-02   -8.86752818E-02
   2.58441400E+00    3.70338310E-02   -8.25196975E-02
   2.61676178E+00    3.44593662E-02   -7.67253104E-02
   2.64951444E+00    3.20367543E-02   -7.12759170E-02
   2.68267705E+00    2.97590232E-02   -6.61556820E-02
   2.71625474E+00    2.76193876E-02   -6.13491574E-02
   2.75025270E+00    2.56112548E-02   -5.68413036E-02
   2.78467619E+00    2.37282221E-02   -5.26174890E-02
   2.81953055E+00    2.19640839E-02   -4.86635149E-02
   2.85482116E+00    2.03128361E-02   -4.49656279E-02
   2.89055349E+00    1.87686739E-02   -4.15105213E-02
   2.92673306E+00    1.73259798E-02   -3.82853112E-02
   2.96336547E+00    1.59793464E-02   -3.52775907E-02
   3.00045639E+00    1.47235610E-02   -3.24753992E-02
   3.03801156E+00    1.35536075E-02   -2.98672271E-02
   3.07603678E+00    1.24646678E-02   -2.74420218E-02
   3.11453795E+00    1.14521131E-02   -2.51891694E-02
   3.15352102E+00    1.05115076E-02   -2.30985031E-02
   3.19299202E+00    9.63860310E-03   -2.11602926E-02
   3.23295706E+00    8.82933703E-03   -1.93652396E-02
   3.27342231E+00    8.07982726E-03   -1.77044661E-02
   3.31439406E+00    7.38637021E-03   -1.61695107E-02
   3.35587862E+00    6.74543550E-03   -1.47523155E-02
   3.39788242E+00    6.15366306E-03   -1.34452197E-02
   3.44041197E+00    5.60785762E-03   -1.22409468E-02
   3.48347383E+00    5.10498515E-03   -1.11325957E-02
   3.52707468E+00    4.64216771E-03   -1.01136284E-02
   3.57122126E+00    4.21667898E-03   -9.17785981E-03
   3.61592040E+00    3.82593918E-03   -8.31944475E-03
   3.66117901E+00    3.46751008E-03   -7.53286660E-03
   3.70700410E+00    3.13909078E-03   -6.81292664E-03
   3.75340276E+00    2.83851087E-03   -6.15472813E-03
   3.80038217E+00    2.56372838E-03   -5.55367069E-03
   3.84794960E+00    2.31282204E-03   -5.00543227E-03
   3.89611240E+00    2.08398702E-03   -4.50595874E-03
   3.94487804E+00    1.87553171E-03   -4.05145608E-03
   3.99425404E+00    1.68586976E-03   -3.63837163E-03
   4.04424806E+00    1.51351794E-03   -3.26338869E-03
   4.09486784E+00    1.35708999E-03   -2.92341210E-03
   4.14612119E+00    1.21529226E-03   -2.61555789E-03
   4.19801605E+00    1.08691915E-03   -2.33714239E-03
   4.25056046E+00    9.70848554E-04   -2.08567157E-03
   4.30376253E+00    8.66037521E-04   -1.85883089E-03
   4.35763051E+00    7.71517936E-04   -1.65447504E-03
   4.41217273E+00    6.86392378E-04   -1.47061837E-03
   4.46739762E+00    6.09830354E-04   -1.30542607E-03
   4.52331374E+00    5.41063947E-04   -1.15720404E-03
   4.57992973E+00    4.79384395E-04   -1.02439102E-03
   4.63725435E+00    4.24138009E-04   -9.05549115E-04
   4.69529647E+00    3.74724601E-04   -7.99360082E-04
   4.75406508E+00    3.30590498E-04   -7.04609526E-04
   4.81356927E+00    2.91228767E-04   -6.20187180E-04
   4.87381823E+00    2.56174884E-04   -5.45077082E-04
   4.93482131E+00    2.25003387E-04   -4.78349996E-04
   4.99658792E+00    1.97325871E-04   -4.19158791E-04
   5.05912764E+00    1.72787945E-04   -3.66731572E-04
   5.12245014E+00    1.51066857E-04   -3.20366313E-04
   5.18656521E+00    1.31869113E-04   -2.79425469E-04
   5.25148277E+00    1.14928254E-04   -2.43330987E-04
   5.31721288E+00    1.00002750E-04   -2.11559585E-04
   5.38376570E+00    8.68740341E-05   -1.83638327E-04
   5.45115152E+00    7.53446322E-05   -1.59140472E-04
   5.51938077E+00    6.52364330E-05   -1.37681603E-04
   5.58846402E+00    5.63890534E-05   -1.18915993E-04
   5.65841195E+00    4.86583130E-05   -1.02533226E-04
   5.72923538E+00    4.19148736E-05   -8.82551754E-05
   5.80094527E+00    3.60428293E-05   -7.58328995E-05
   5.87355271E+00    3.09385391E-05   -6.50440608E-05
   5.94706894E+00    2.65095136E-05   -5.56904771E-05
   6.02150534E+00    2.26733065E-05   -4.75956889E-05
   6.09687343E+00    1.93566395E-05   -4.06030388E-05
   6.17318485E+00    1.64944190E-05   -3.45735219E-05
   6.25045143E+00    1.40289838E-05   -2.93841429E-05
   6.32868511E+00    1.19093320E-05   -2.49262298E-05
   6.40789800E+00    1.00904589E-05   -2.11039933E-05
   6.48810236E+00    8.53268922E-06   -1.78330777E-05
   6.56931060E+00    7.20116477E-06   -1.50394478E-05
   6.65153528E+00    6.06527840E-06   -1.26581648E-05
   6.73478912E+00    5.09822440E-06   -1.06324142E-05
   6.81908500E+00    4.27658116E-06   -8.91260466E-06
   6.90443598E+00    3.57991555E-06   -7.45551633E-06
   6.99085525E+00    2.99045647E-06   -6.22359736E-06
   7.07835618E+00    2.49274933E-06   -5.18422302E-06
   7.16695232E+00    2.07340999E-06   -4.30916692E-06
   7.25665738E+00    1.72085892E-06   -3.57403201E-06
   7.34748522E+00    1.42510887E-06   -2.95779609E-06
   7.43944991E+00    1.17755485E-06   -2.44236350E-06
   7.53256567E+00    9.70809247E-07   -2.01221319E-06
   7.62684692E+00    7.98533086E-07   -1.65403945E-06
   7.72230823E+00    6.55309904E-07   -1.35648337E-06
   7.81896439E+00    5.36513766E-07   -1.10985258E-06
   7.91683034E+00    4.38216414E-07   -9.05923907E-07
   8.01592123E+00    3.57068897E-07   -7.37692955E-07
   8.11625239E+00    2.90241120E-07   -5.99245766E-07
   8.21783934E+00    2.35341980E-07   -4.85590046E-07
   8.32069780E+00    1.90352015E-07   -3.92513020E-07
   8.42484369E+00    1.53575099E-07   -3.16479432E-07
   8.53029312E+00    1.23587923E-07   -2.54525149E-07
   8.63706241E+00    9.91993544E-08   -2.04171612E-07
   8.74516807E+00    7.94158966E-08   -1.63353216E-07
   8.85462683E+00    6.34096736E-08   -1.30350095E-07
   8.96545564E+00    5.04941716E-08   -1.03737209E-07
   9.07767163E+00    4.01004314E-08   -8.23344682E-08
   9.19129217E+00    3.17588226E-08   -6.51685755E-08
   9.30633484E+00    2.50826162E-08   -5.14386693E-08
   9.42281744E+00    1.97541224E-08   -4.04873666E-08
   9.54075800E+00    1.55134951E-08   -3.17773913E-08
   9.66017475E+00    1.21480519E-08   -2.48693168E-08
   9.78108618E+00    9.48501655E-09   -1.94064375E-08
   9.90351100E+00    7.38388367E-09   -1.50988865E-08
   1.00274682E+01    5.73107208E-09   -1.17125158E-08
   1.01529768E+01    4.43475790E-09   -9.05816690E-09
   1.02800564E+01    3.42116016E-09   -6.98396026E-09
   1.04087266E+01    2.63106089E-09   -5.36808128E-09
   1.05390072E+01    2.01707555E-09   -4.11312612E-09
   1.06709186E+01    1.54146623E-09   -3.14157502E-09
   1.08044809E+01    1.17422223E-09   -2.39182373E-09
   1.09397151E+01    8.91556990E-10   -1.81507798E-09
   1.10766419E+01    6.74707268E-10   -1.37287423E-09
   1.12152825E+01    5.08902267E-10   -1.03495350E-09
   1.13556584E+01    3.82545095E-10   -7.77574560E-10
   1.14977913E+01    2.86579284E-10   -5.82209169E-10
   1.16417033E+01    2.13946407E-10   -4.34426190E-10
   1.17874165E+01    1.59161556E-10   -3.23018801E-10
   1.19349535E+01    1.17986251E-10   -2.39332435E-10
   1.20843371E+01    8.71498560E-11   -1.76692979E-10
   1.22355906E+01    6.41382399E-11   -1.29973253E-10
   1.23887372E+01    4.70292764E-11   -9.52558151E-11
   1.25438006E+01    3.43561008E-11   -6.95529027E-11
   1.27008049E+01    2.50031573E-11   -5.05936857E-11
   1.28597743E+01    1.81269273E-11   -3.66621255E-11
   1.30207335E+01    1.30911279E-11   -2.64645459E-11
   1.31837073E+01    9.41740789E-12   -1.90289416E-11
   1.33487210E+01    6.74774486E-12   -1.36282370E-11
   1.35158001E+01    4.81546829E-12   -9.72118553E-12
   1.36849704E+01    3.42258625E-12   -6.90616137E-12
   1.38562581E+01    2.42253653E-12   -4.88603003E-12
   1.40296897E+01    1.70763931E-12   -3.44260712E-12
   1.42052921E+01    1.19861700E-12   -2.41534486E-12
   1.43830925E+01    8.37752508E-13   -1.68742239E-12
   1.45631182E+01    5.82977144E-13   -1.17373694E-12
   1.47453973E+01    4.03941445E-13   -8.12925845E-13
   1.49299578E+01    2.78629137E-13   -5.60498001E-13
   1.51168284E+01    1.91353466E-13   -3.84769876E-13
   1.53060380E+01    1.30809952E-13   -2.62920506E-13
   1.54976158E+01    8.90000556E-14   -1.78811122E-13
   1.56915915E+01    6.02812108E-14   -1.21062336E-13
   1.58879950E+01    4.06302949E-14   -8.15645513E-14
   1.60868569E+01    2.72649135E-14   -5.47119934E-14
   1.62882078E+01    1.82014359E-14   -3.65100383E-14
   1.64920789E+01    1.20890588E-14   -2.42397921E-14
   1.66985017E+01    7.99281893E-15   -1.60202230E-14
   1.69075083E+01    5.25855850E-15   -1.05358586E-14
   1.71191309E+01    3.44261702E-15   -6.89490269E-15
   1.73334022E+01    2.23847997E-15   -4.48154784E-15
   1.75503555E+01    1.45199668E-15   -2.90591305E-15
   1.77700242E+01    9.33499779E-16   -1.86753834E-15
   1.79924425E+01    5.99489433E-16   -1.19889947E-15
   1.82176446E+01    3.80984639E-16   -7.61640016E-16
   1.84456655E+01    2.41294861E-16   -4.82207938E-16
   1.86765404E+01    1.52622591E-16   -3.04903282E-16
   1.89103050E+01    9.40000825E-17   -1.87717204E-16
   1.91469956E+01    5.76403971E-17   -1.15062049E-16
   1.93866487E+01    3.64810941E-17   -7.28040916E-17
   1.96293014E+01    2.32403387E-17   -4.63707977E-17
   1.98749912E+01    1.43075037E-17   -2.85392631E-17
   2.01237563E+01    8.59929184E-18   -1.71463586E-17
   2.03756350E+01    5.01750540E-18   -9.99943108E-18
   2.06306663E+01    2.83454747E-18   -5.64555089E-18
   2.08888897E+01    1.66000214E-18   -3.30479890E-18
   2.11503452E+01    1.08411483E-18    0.00000000E+00
   2.14150732E+01    7.18599834E-19    0.00000000E+00
   2.16831146E+01    4.49800693E-19    0.00000000E+00
   2.19545110E+01    2.61670224E-19    0.00000000E+00
   2.22293043E+01    1.36869474E-19    0.00000000E+00
   2.25075370E+01    5.73735603E-20    0.00000000E+00
   2.27892523E+01    1.19068355E-20    0.00000000E+00
   2.30744936E+01    0.00000000E+00    0.00000000E+00
   2.33633052E+01    0.00000000E+00    0.00000000E+00
   2.36557317E+01    0.00000000E+00    0.00000000E+00
   2.39518183E+01    0.00000000E+00    0.00000000E+00
   2.42516108E+01    0.00000000E+00    0.00000000E+00
   2.45551558E+01    0.00000000E+00    0.00000000E+00
   2.48625000E+01    0.00000000E+00    0.00000000E+00
   2.51736911E+01    0.00000000E+00    0.00000000E+00
   2.54887772E+01    0.00000000E+00    0.00000000E+00
   2.58078071E+01    0.00000000E+00    0.00000000E+00
   2.61308302E+01    0.00000000E+00    0.00000000E+00
   2.64578963E+01    0.00000000E+00    0.00000000E+00
   2.67890562E+01    0.00000000E+00    0.00000000E+00
   2.71243610E+01    0.00000000E+00    0.00000000E+00
   2.74638627E+01    0.00000000E+00    0.00000000E+00
   2.78076137E+01    0.00000000E+00    0.00000000E+00
   2.81556673E+01    0.00000000E+00    0.00000000E+00
   2.85080773E+01    0.00000000E+00    0.00000000E+00
   2.88648982E+01    0.00000000E+00    0.00000000E+00
   2.92261852E+01    0.00000000E+00    0.00000000E+00
   2.95919944E+01    0.00000000E+00    0.00000000E+00
   2.99623821E+01    0.00000000E+00    0.00000000E+00
   3.03374058E+01    0.00000000E+00    0.00000000E+00
   3.07171235E+01    0.00000000E+00    0.00000000E+00
   3.11015939E+01    0.00000000E+00    0.00000000E+00
   3.14908766E+01    0.00000000E+00    0.00000000E+00
   3.18850316E+01    0.00000000E+00    0.00000000E+00
   3.22841202E+01    0.00000000E+00    0.00000000E+00
   3.26882039E+01    0.00000000E+00    0.00000000E+00
   3.30973453E+01    0.00000000E+00    0.00000000E+00
   3.35116077E+01    0.00000000E+00    0.00000000E+00
   3.39310553E+01    0.00000000E+00    0.00000000E+00
   3.43557528E+01    0.00000000E+00    0.00000000E+00
   3.47857661E+01    0.00000000E+00    0.00000000E+00
   3.52211616E+01    0.00000000E+00    0.00000000E+00
   3.56620067E+01    0.00000000E+00    0.00000000E+00
   3.61083697E+01    0.00000000E+00    0.00000000E+00
   3.65603196E+01    0.00000000E+00    0.00000000E+00
   3.70179263E+01    0.00000000E+00    0.00000000E+00
   3.74812606E+01    0.00000000E+00    0.00000000E+00
   3.79503942E+01    0.00000000E+00    0.00000000E+00
   3.84253998E+01    0.00000000E+00    0.00000000E+00
   3.89063507E+01    0.00000000E+00    0.00000000E+00
   3.93933215E+01    0.00000000E+00    0.00000000E+00
   3.98863874E+01    0.00000000E+00    0.00000000E+00
   4.03856248E+01    0.00000000E+00    0.00000000E+00
   4.08911108E+01    0.00000000E+00    0.00000000E+00
   4.14029238E+01    0.00000000E+00    0.00000000E+00
   4.19211429E+01    0.00000000E+00    0.00000000E+00
   4.24458482E+01    0.00000000E+00    0.00000000E+00
   4.29771211E+01    0.00000000E+00    0.00000000E+00
   4.35150435E+01    0.00000000E+00    0.00000000E+00
   4.40596989E+01    0.00000000E+00    0.00000000E+00
   4.46111715E+01    0.00000000E+00    0.00000000E+00
   4.51695466E+01    0.00000000E+00    0.00000000E+00
   4.57349105E+01    0.00000000E+00    0.00000000E+00
   4.63073508E+01    0.00000000E+00    0.00000000E+00
   4.68869561E+01    0.00000000E+00    0.00000000E+00
   4.74738160E+01    0.00000000E+00    0.00000000E+00
   4.80680213E+01    0.00000000E+00    0.00000000E+00
   4.86696640E+01    0.00000000E+00    0.00000000E+00
   4.92788371E+01    0.00000000E+00    0.00000000E+00
   4.98956349E+01    0.00000000E+00    0.00000000E+00
   5.05201529E+01    0.00000000E+00    0.00000000E+00
   5.11524876E+01    0.00000000E+00    0.00000000E+00
   5.17927370E+01    0.00000000E+00    0.00000000E+00
   5.24410000E+01    0.00000000E+00    0.00000000E+00
   5.30973770E+01    0.00000000E+00    0.00000000E+00
   5.37619695E+01    0.00000000E+00    0.00000000E+00
   5.44348804E+01    0.00000000E+00    0.00000000E+00
   5.51162138E+01    0.00000000E+00    0.00000000E+00
   5.58060750E+01    0.00000000E+00    0.00000000E+00
   5.65045709E+01    0.00000000E+00    0.00000000E+00
   5.72118095E+01    0.00000000E+00    0.00000000E+00
   5.79279003E+01    0.00000000E+00    0.00000000E+00
   5.86529540E+01    0.00000000E+00    0.00000000E+00
   5.93870828E+01    0.00000000E+00    0.00000000E+00
   6.01304004E+01    0.00000000E+00    0.00000000E+00
   6.08830216E+01    0.00000000E+00    0.00000000E+00
   6.16450630E+01    0.00000000E+00    0.00000000E+00
   6.24166426E+01    0.00000000E+00    0.00000000E+00
   6.31978795E+01    0.00000000E+00    0.00000000E+00
   6.39888948E+01    0.00000000E+00    0.00000000E+00
   6.47898109E+01    0.00000000E+00    0.00000000E+00
   6.56007516E+01    0.00000000E+00    0.00000000E+00
   6.64218424E+01    0.00000000E+00    0.00000000E+00
   6.72532104E+01    0.00000000E+00    0.00000000E+00
   6.80949842E+01    0.00000000E+00    0.00000000E+00
   6.89472941E+01    0.00000000E+00    0.00000000E+00
   6.98102718E+01    0.00000000E+00    0.00000000E+00
   7.06840511E+01    0.00000000E+00    0.00000000E+00
   7.15687669E+01    0.00000000E+00    0.00000000E+00
   7.24645563E+01    0.00000000E+00    0.00000000E+00
   7.33715579E+01    0.00000000E+00    0.00000000E+00
   7.42899119E+01    0.00000000E+00    0.00000000E+00
   7.52197604E+01    0.00000000E+00    0.00000000E+00
   7.61612475E+01    0.00000000E+00    0.00000000E+00
   7.71145186E+01    0.00000000E+00    0.00000000E+00
   7.80797213E+01    0.00000000E+00    0.00000000E+00
   7.90570050E+01    0.00000000E+00    0.00000000E+00
   8.00465208E+01    0.00000000E+00    0.00000000E+00
   8.10484219E+01    0.00000000E+00    0.00000000E+00
   8.20628632E+01    0.00000000E+00    0.00000000E+00
   8.30900018E+01    0.00000000E+00    0.00000000E+00
   8.41299966E+01    0.00000000E+00    0.00000000E+00
   8.51830084E+01    0.00000000E+00    0.00000000E+00
   8.62492003E+01    0.00000000E+00    0.00000000E+00
   8.73287371E+01    0.00000000E+00    0.00000000E+00
   8.84217859E+01    0.00000000E+00    0.00000000E+00
   8.95285159E+01    0.00000000E+00    0.00000000E+00
   9.06490982E+01    0.00000000E+00    0.00000000E+00
   9.17837063E+01    0.00000000E+00    0.00000000E+00
   9.29325157E+01    0.00000000E+00    0.00000000E+00
   9.40957041E+01    0.00000000E+00    0.00000000E+00
   9.52734516E+01    0.00000000E+00    0.00000000E+00
   9.64659403E+01    0.00000000E+00    0.00000000E+00
   9.76733548E+01    0.00000000E+00    0.00000000E+00
   9.88958819E+01    0.00000000E+00    0.00000000E+00
   1.00133711E+02    0.00000000E+00    0.00000000E+00
   1.01387033E+02    0.00000000E+00    0.00000000E+00
   1.02656042E+02    0.00000000E+00    0.00000000E+00
   1.03940935E+02    0.00000000E+00    0.00000000E+00
   1.05241910E+02    0.00000000E+00    0.00000000E+00
   1.06559169E+02    0.00000000E+00    0.00000000E+00
   1.07892915E+02    0.00000000E+00    0.00000000E+00
   1.09243355E+02    0.00000000E+00    0.00000000E+00
   1.10610698E+02    0.00000000E+00    0.00000000E+00
   1.11995155E+02    0.00000000E+00    0.00000000E+00
   1.13396941E+02    0.00000000E+00    0.00000000E+00
   1.14816272E+02    0.00000000E+00    0.00000000E+00
   1.16253368E+02    0.00000000E+00    0.00000000E+00
   1.17708452E+02    0.00000000E+00    0.00000000E+00
   1.19181748E+02    0.00000000E+00    0.00000000E+00
   1.20673484E+02    0.00000000E+00    0.00000000E+00
   1.22183892E+02    0.00000000E+00    0.00000000E+00
   1.23713205E+02    0.00000000E+00    0.00000000E+00
   1.25261660E+02    0.00000000E+00    0.00000000E+00
   1.26829495E+02    0.00000000E+00    0.00000000E+00
   1.28416955E+02    0.00000000E+00    0.00000000E+00
   1.30024284E+02    0.00000000E+00    0.00000000E+00
   1.31651731E+02    0.00000000E+00    0.00000000E+00
   1.33299547E+02    0.00000000E+00    0.00000000E+00
   1.34967989E+02    0.00000000E+00    0.00000000E+00
   1.36657314E+02    0.00000000E+00    0.00000000E+00
   1.38367783E+02    0.00000000E+00    0.00000000E+00
   1.40099662E+02    0.00000000E+00    0.00000000E+00
   1.41853217E+02    0.00000000E+00    0.00000000E+00
   1.43628721E+02    0.00000000E+00    0.00000000E+00
   1.45426447E+02    0.00000000E+00    0.00000000E+00
   1.47246675E+02    0.00000000E+00    0.00000000E+00
   1.49089686E+02    0.00000000E+00    0.00000000E+00
   1.50955765E+02    0.00000000E+00    0.00000000E+00
   1.52845201E+02    0.00000000E+00    0.00000000E+00
   1.54758285E+02    0.00000000E+00    0.00000000E+00
   1.56695315E+02    0.00000000E+00    0.00000000E+00
   1.58656590E+02    0.00000000E+00    0.00000000E+00
   1.60642412E+02    0.00000000E+00    0.00000000E+00
   1.62653091E+02    0.00000000E+00    0.00000000E+00
   1.64688936E+02    0.00000000E+00    0.00000000E+00
   1.66750262E+02    0.00000000E+00    0.00000000E+00
   1.68837389E+02    0.00000000E+00    0.00000000E+00
   1.70950640E+02    0.00000000E+00    0.00000000E+00
   1.73090341E+02    0.00000000E+00    0.00000000E+00
   1.75256824E+02    0.00000000E+00    0.00000000E+00
   1.77450423E+02    0.00000000E+00    0.00000000E+00
   1.79671479E+02    0.00000000E+00    0.00000000E+00
   1.81920334E+02    0.00000000E+00    0.00000000E+00
   1.84197337E+02    0.00000000E+00    0.00000000E+00
   1.86502841E+02    0.00000000E+00    0.00000000E+00
   1.88837201E+02    0.00000000E+00    0.00000000E+00
   1.91200779E+02    0.00000000E+00    0.00000000E+00
   1.93593940E+02    0.00000000E+00    0.00000000E+00
   1.96017056E+02    0.00000000E+00    0.00000000E+00
   1.98470501E+02    0.00000000E+00    0.00000000E+00
   2.00954654E+02    0.00000000E+00    0.00000000E+00
   2.03469899E+02    0.00000000E+00    0.00000000E+00
