# Radial wavefunction and first derivative.
# Energy units: hartree
# Length units: bohr
#
# State: 3p
# Nodes:     0.076967  
# Peaks:     0.036666      0.166145  
   8.94427168E-05   -2.61075427E+00   -1.85864905E+04
   9.02808657E-05   -2.62614412E+00   -1.85202919E+04
   9.11268687E-05   -2.64167289E+00   -1.84547444E+04
   9.19807995E-05   -2.65733640E+00   -1.83898038E+04
   9.28427322E-05   -2.67313013E+00   -1.83254253E+04
   9.37127419E-05   -2.68904927E+00   -1.82615634E+04
   9.45909043E-05   -2.70508869E+00   -1.81981716E+04
   9.54772958E-05   -2.72124291E+00   -1.81352028E+04
   9.63719935E-05   -2.73750612E+00   -1.80726091E+04
   9.72750752E-05   -2.75387214E+00   -1.80103415E+04
   9.81866194E-05   -2.77033442E+00   -1.79483506E+04
   9.91067056E-05   -2.78688603E+00   -1.78865856E+04
   1.00035414E-04   -2.80352005E+00   -1.78249980E+04
   1.00972825E-04   -2.82023497E+00   -1.77635745E+04
   1.01919020E-04   -2.83703321E+00   -1.77023263E+04
   1.02874081E-04   -2.85391742E+00   -1.76412659E+04
   1.03838093E-04   -2.87089040E+00   -1.75804058E+04
   1.04811138E-04   -2.88795511E+00   -1.75197592E+04
   1.05793301E-04   -2.90511467E+00   -1.74593395E+04
   1.06784668E-04   -2.92237238E+00   -1.73991605E+04
   1.07785324E-04   -2.93973171E+00   -1.73392366E+04
   1.08795358E-04   -2.95719632E+00   -1.72795825E+04
   1.09814856E-04   -2.97476936E+00   -1.72202094E+04
   1.10843908E-04   -2.99245143E+00   -1.71611141E+04
   1.11882603E-04   -3.01024245E+00   -1.71022900E+04
   1.12931032E-04   -3.02814234E+00   -1.70437302E+04
   1.13989284E-04   -3.04615096E+00   -1.69854281E+04
   1.15057454E-04   -3.06426819E+00   -1.69273768E+04
   1.16135633E-04   -3.08249387E+00   -1.68695696E+04
   1.17223916E-04   -3.10082779E+00   -1.68119997E+04
   1.18322397E-04   -3.11926976E+00   -1.67546603E+04
   1.19431171E-04   -3.13781979E+00   -1.66975461E+04
   1.20550335E-04   -3.15647852E+00   -1.66406555E+04
   1.21679987E-04   -3.17524669E+00   -1.65839873E+04
   1.22820225E-04   -3.19412509E+00   -1.65275408E+04
   1.23971147E-04   -3.21311451E+00   -1.64713149E+04
   1.25132855E-04   -3.23221581E+00   -1.64153090E+04
   1.26305448E-04   -3.25142985E+00   -1.63595226E+04
   1.27489030E-04   -3.27075756E+00   -1.63039549E+04
   1.28683703E-04   -3.29019986E+00   -1.62486057E+04
   1.29889571E-04   -3.30975775E+00   -1.61934746E+04
   1.31106739E-04   -3.32943226E+00   -1.61385616E+04
   1.32335313E-04   -3.34922442E+00   -1.60838663E+04
   1.33575399E-04   -3.36913500E+00   -1.60293875E+04
   1.34827106E-04   -3.38916460E+00   -1.59751233E+04
   1.36090542E-04   -3.40931384E+00   -1.59210718E+04
   1.37365818E-04   -3.42958336E+00   -1.58672312E+04
   1.38653044E-04   -3.44997382E+00   -1.58136000E+04
   1.39952333E-04   -3.47048591E+00   -1.57601763E+04
   1.41263797E-04   -3.49112031E+00   -1.57069589E+04
   1.42587550E-04   -3.51187777E+00   -1.56539461E+04
   1.43923708E-04   -3.53275901E+00   -1.56011368E+04
   1.45272387E-04   -3.55376483E+00   -1.55485295E+04
   1.46633704E-04   -3.57489598E+00   -1.54961231E+04
   1.48007778E-04   -3.59615318E+00   -1.54439162E+04
   1.49394727E-04   -3.61753718E+00   -1.53919076E+04
   1.50794674E-04   -3.63904873E+00   -1.53400961E+04
   1.52207739E-04   -3.66068864E+00   -1.52884807E+04
   1.53634046E-04   -3.68245773E+00   -1.52370604E+04
   1.55073718E-04   -3.70435684E+00   -1.51858343E+04
   1.56526881E-04   -3.72638685E+00   -1.51348017E+04
   1.57993662E-04   -3.74854868E+00   -1.50839618E+04
   1.59474187E-04   -3.77084323E+00   -1.50333140E+04
   1.60968586E-04   -3.79327129E+00   -1.49828571E+04
   1.62476989E-04   -3.81583361E+00   -1.49325898E+04
   1.63999527E-04   -3.83853095E+00   -1.48825110E+04
   1.65536332E-04   -3.86136411E+00   -1.48326195E+04
   1.67087538E-04   -3.88433392E+00   -1.47829144E+04
   1.68653280E-04   -3.90744122E+00   -1.47333947E+04
   1.70233695E-04   -3.93068691E+00   -1.46840597E+04
   1.71828919E-04   -3.95407187E+00   -1.46349085E+04
   1.73439091E-04   -3.97759707E+00   -1.45859405E+04
   1.75064353E-04   -4.00126341E+00   -1.45371550E+04
   1.76704844E-04   -4.02507171E+00   -1.44885509E+04
   1.78360708E-04   -4.04902277E+00   -1.44401271E+04
   1.80032089E-04   -4.07311743E+00   -1.43918826E+04
   1.81719131E-04   -4.09735654E+00   -1.43438163E+04
   1.83421983E-04   -4.12174099E+00   -1.42959276E+04
   1.85140792E-04   -4.14627171E+00   -1.42482155E+04
   1.86875708E-04   -4.17094965E+00   -1.42006795E+04
   1.88626880E-04   -4.19577578E+00   -1.41533189E+04
   1.90394463E-04   -4.22075112E+00   -1.41061334E+04
   1.92178610E-04   -4.24587662E+00   -1.40591220E+04
   1.93979475E-04   -4.27115310E+00   -1.40122838E+04
   1.95797216E-04   -4.29658145E+00   -1.39656178E+04
   1.97631991E-04   -4.32216255E+00   -1.39191229E+04
   1.99483958E-04   -4.34789733E+00   -1.38727985E+04
   2.01353281E-04   -4.37378673E+00   -1.38266436E+04
   2.03240120E-04   -4.39983175E+00   -1.37806578E+04
   2.05144640E-04   -4.42603339E+00   -1.37348403E+04
   2.07067008E-04   -4.45239272E+00   -1.36891908E+04
   2.09007389E-04   -4.47891079E+00   -1.36437088E+04
   2.10965953E-04   -4.50558855E+00   -1.35983933E+04
   2.12942871E-04   -4.53242691E+00   -1.35532435E+04
   2.14938314E-04   -4.55942679E+00   -1.35082584E+04
   2.16952456E-04   -4.58658916E+00   -1.34634372E+04
   2.18985471E-04   -4.61391500E+00   -1.34187791E+04
   2.21037538E-04   -4.64140535E+00   -1.33742835E+04
   2.23108834E-04   -4.66906125E+00   -1.33299498E+04
   2.25199540E-04   -4.69688381E+00   -1.32857775E+04
   2.27309838E-04   -4.72487416E+00   -1.32417663E+04
   2.29439911E-04   -4.75303338E+00   -1.31979157E+04
   2.31589944E-04   -4.78136245E+00   -1.31542246E+04
   2.33760125E-04   -4.80986232E+00   -1.31106922E+04
   2.35950641E-04   -4.83853402E+00   -1.30673176E+04
   2.38161685E-04   -4.86737856E+00   -1.30241001E+04
   2.40393448E-04   -4.89639702E+00   -1.29810391E+04
   2.42646125E-04   -4.92559051E+00   -1.29381340E+04
   2.44919911E-04   -4.95496015E+00   -1.28953842E+04
   2.47215004E-04   -4.98450714E+00   -1.28527894E+04
   2.49531604E-04   -5.01423267E+00   -1.28103493E+04
   2.51869912E-04   -5.04413782E+00   -1.27680630E+04
   2.54230132E-04   -5.07422361E+00   -1.27259298E+04
   2.56612469E-04   -5.10449110E+00   -1.26839487E+04
   2.59017130E-04   -5.13494136E+00   -1.26421190E+04
   2.61444325E-04   -5.16557551E+00   -1.26004401E+04
   2.63894265E-04   -5.19639471E+00   -1.25589114E+04
   2.66367163E-04   -5.22740014E+00   -1.25175323E+04
   2.68863233E-04   -5.25859305E+00   -1.24763025E+04
   2.71382694E-04   -5.28997471E+00   -1.24352216E+04
   2.73925764E-04   -5.32154631E+00   -1.23942892E+04
   2.76492665E-04   -5.35330895E+00   -1.23535043E+04
   2.79083620E-04   -5.38526374E+00   -1.23128662E+04
   2.81698854E-04   -5.41741179E+00   -1.22723740E+04
   2.84338595E-04   -5.44975430E+00   -1.22320272E+04
   2.87003072E-04   -5.48229247E+00   -1.21918250E+04
   2.89692517E-04   -5.51502755E+00   -1.21517671E+04
   2.92407165E-04   -5.54796083E+00   -1.21118530E+04
   2.95147251E-04   -5.58109364E+00   -1.20720823E+04
   2.97913014E-04   -5.61442732E+00   -1.20324548E+04
   3.00704694E-04   -5.64796303E+00   -1.19929695E+04
   3.03522534E-04   -5.68170194E+00   -1.19536258E+04
   3.06366780E-04   -5.71564525E+00   -1.19144228E+04
   3.09237679E-04   -5.74979417E+00   -1.18753598E+04
   3.12135480E-04   -5.78415000E+00   -1.18364363E+04
   3.15060436E-04   -5.81871403E+00   -1.17976517E+04
   3.18012801E-04   -5.85348763E+00   -1.17590056E+04
   3.20992832E-04   -5.88847220E+00   -1.17204977E+04
   3.24000789E-04   -5.92366915E+00   -1.16821278E+04
   3.27036932E-04   -5.95907978E+00   -1.16438950E+04
   3.30101526E-04   -5.99470529E+00   -1.16057986E+04
   3.33194838E-04   -6.03054696E+00   -1.15678377E+04
   3.36317137E-04   -6.06660608E+00   -1.15300118E+04
   3.39468694E-04   -6.10288398E+00   -1.14923203E+04
   3.42649784E-04   -6.13938205E+00   -1.14547625E+04
   3.45860683E-04   -6.17610171E+00   -1.14173381E+04
   3.49101671E-04   -6.21304443E+00   -1.13800468E+04
   3.52373029E-04   -6.25021173E+00   -1.13428881E+04
   3.55675043E-04   -6.28760501E+00   -1.13058617E+04
   3.59007999E-04   -6.32522555E+00   -1.12689667E+04
   3.62372187E-04   -6.36307470E+00   -1.12322022E+04
   3.65767901E-04   -6.40115379E+00   -1.11955676E+04
   3.69195435E-04   -6.43946425E+00   -1.11590623E+04
   3.72655088E-04   -6.47800751E+00   -1.11226858E+04
   3.76147160E-04   -6.51678508E+00   -1.10864375E+04
   3.79671956E-04   -6.55579850E+00   -1.10503172E+04
   3.83229782E-04   -6.59504936E+00   -1.10143245E+04
   3.86820948E-04   -6.63453922E+00   -1.09784591E+04
   3.90445766E-04   -6.67426947E+00   -1.09427201E+04
   3.94104551E-04   -6.71424147E+00   -1.09071068E+04
   3.97797622E-04   -6.75445667E+00   -1.08716185E+04
   4.01525300E-04   -6.79491653E+00   -1.08362544E+04
   4.05287909E-04   -6.83562256E+00   -1.08010141E+04
   4.09085777E-04   -6.87657633E+00   -1.07658970E+04
   4.12919233E-04   -6.91777945E+00   -1.07309028E+04
   4.16788613E-04   -6.95923358E+00   -1.06960311E+04
   4.20694251E-04   -7.00094043E+00   -1.06612817E+04
   4.24636489E-04   -7.04290155E+00   -1.06266539E+04
   4.28615668E-04   -7.08511838E+00   -1.05921470E+04
   4.32632135E-04   -7.12759241E+00   -1.05577601E+04
   4.36686240E-04   -7.17032517E+00   -1.05234926E+04
   4.40778335E-04   -7.21331824E+00   -1.04893439E+04
   4.44908776E-04   -7.25657324E+00   -1.04553134E+04
   4.49077922E-04   -7.30009185E+00   -1.04214007E+04
   4.53286137E-04   -7.34387582E+00   -1.03876054E+04
   4.57533786E-04   -7.38792692E+00   -1.03539273E+04
   4.61821239E-04   -7.43224692E+00   -1.03203660E+04
   4.66148869E-04   -7.47683739E+00   -1.02869207E+04
   4.70517052E-04   -7.52169987E+00   -1.02535907E+04
   4.74926168E-04   -7.56683595E+00   -1.02203751E+04
   4.79376602E-04   -7.61224727E+00   -1.01872734E+04
   4.83868739E-04   -7.65793554E+00   -1.01542849E+04
   4.88402971E-04   -7.70390249E+00   -1.01214092E+04
   4.92979693E-04   -7.75014993E+00   -1.00886458E+04
   4.97599302E-04   -7.79667971E+00   -1.00559944E+04
   5.02262200E-04   -7.84349375E+00   -1.00234548E+04
   5.06968794E-04   -7.89059382E+00   -9.99102642E+03
   5.11719492E-04   -7.93798155E+00   -9.95870844E+03
   5.16514707E-04   -7.98565860E+00   -9.92650006E+03
   5.21354858E-04   -8.03362666E+00   -9.89440058E+03
   5.26240365E-04   -8.08188750E+00   -9.86240935E+03
   5.31171653E-04   -8.13044292E+00   -9.83052584E+03
   5.36149151E-04   -8.17929479E+00   -9.79874956E+03
   5.41173292E-04   -8.22844503E+00   -9.76708012E+03
   5.46244513E-04   -8.27789565E+00   -9.73551724E+03
   5.51363255E-04   -8.32764864E+00   -9.70406062E+03
   5.56529964E-04   -8.37770581E+00   -9.67270958E+03
   5.61745090E-04   -8.42806888E+00   -9.64146327E+03
   5.67009085E-04   -8.47873961E+00   -9.61032093E+03
   5.72322408E-04   -8.52971983E+00   -9.57928186E+03
   5.77685521E-04   -8.58101140E+00   -9.54834544E+03
   5.83098890E-04   -8.63261625E+00   -9.51751114E+03
   5.88562987E-04   -8.68453638E+00   -9.48677850E+03
   5.94078287E-04   -8.73677384E+00   -9.45614716E+03
   5.99645270E-04   -8.78933075E+00   -9.42561683E+03
   6.05264420E-04   -8.84220919E+00   -9.39518714E+03
   6.10936225E-04   -8.89541100E+00   -9.36485729E+03
   6.16661180E-04   -8.94893799E+00   -9.33462643E+03
   6.22439783E-04   -9.00279207E+00   -9.30449382E+03
   6.28272535E-04   -9.05697515E+00   -9.27445877E+03
   6.34159945E-04   -9.11148924E+00   -9.24452068E+03
   6.40102524E-04   -9.16633640E+00   -9.21467904E+03
   6.46100790E-04   -9.22151873E+00   -9.18493342E+03
   6.52155265E-04   -9.27703844E+00   -9.15528347E+03
   6.58266475E-04   -9.33289777E+00   -9.12572892E+03
   6.64434952E-04   -9.38909882E+00   -9.09626922E+03
   6.70661232E-04   -9.44564349E+00   -9.06690350E+03
   6.76945857E-04   -9.50253373E+00   -9.03763096E+03
   6.83289375E-04   -9.55977154E+00   -9.00845083E+03
   6.89692336E-04   -9.61735897E+00   -8.97936246E+03
   6.96155297E-04   -9.67529814E+00   -8.95036527E+03
   7.02678822E-04   -9.73359124E+00   -8.92145875E+03
   7.09263478E-04   -9.79224052E+00   -8.89264249E+03
   7.15909837E-04   -9.85124830E+00   -8.86391615E+03
   7.22618477E-04   -9.91061695E+00   -8.83527946E+03
   7.29389983E-04   -9.97034856E+00   -8.80673167E+03
   7.36224943E-04   -1.00304451E+01   -8.77827193E+03
   7.43123952E-04   -1.00909088E+01   -8.74989940E+03
   7.50087611E-04   -1.01517415E+01   -8.72161336E+03
   7.57116524E-04   -1.02129456E+01   -8.69341315E+03
   7.64211304E-04   -1.02745232E+01   -8.66529821E+03
   7.71372567E-04   -1.03364767E+01   -8.63726804E+03
   7.78600937E-04   -1.03988085E+01   -8.60932224E+03
   7.85897043E-04   -1.04615210E+01   -8.58146052E+03
   7.93261519E-04   -1.05246167E+01   -8.55368247E+03
   8.00695006E-04   -1.05880976E+01   -8.52598725E+03
   8.08198150E-04   -1.06519659E+01   -8.49837397E+03
   8.15771605E-04   -1.07162237E+01   -8.47084183E+03
   8.23416030E-04   -1.07808734E+01   -8.44339011E+03
   8.31132088E-04   -1.08459171E+01   -8.41601815E+03
   8.38920452E-04   -1.09113573E+01   -8.38872541E+03
   8.46781799E-04   -1.09771963E+01   -8.36151140E+03
   8.54716814E-04   -1.10434368E+01   -8.33437575E+03
   8.62726185E-04   -1.11100813E+01   -8.30731816E+03
   8.70810611E-04   -1.11771322E+01   -8.28033808E+03
   8.78970794E-04   -1.12445917E+01   -8.25343459E+03
   8.87207444E-04   -1.13124620E+01   -8.22660680E+03
   8.95521279E-04   -1.13807455E+01   -8.19985392E+03
   9.03913020E-04   -1.14494444E+01   -8.17317522E+03
   9.12383399E-04   -1.15185611E+01   -8.14657006E+03
   9.20933152E-04   -1.15880982E+01   -8.12003790E+03
   9.29563023E-04   -1.16580583E+01   -8.09357828E+03
   9.38273763E-04   -1.17284438E+01   -8.06719082E+03
   9.47066129E-04   -1.17992576E+01   -8.04087522E+03
   9.55940887E-04   -1.18705021E+01   -8.01463080E+03
   9.64898808E-04   -1.19421796E+01   -7.98845660E+03
   9.73940672E-04   -1.20142923E+01   -7.96235172E+03
   9.83067265E-04   -1.20868426E+01   -7.93631535E+03
   9.92279381E-04   -1.21598330E+01   -7.91034676E+03
   1.00157782E-03   -1.22332660E+01   -7.88444530E+03
   1.01096340E-03   -1.23071441E+01   -7.85861042E+03
   1.02043692E-03   -1.23814700E+01   -7.83284165E+03
   1.02999922E-03   -1.24562465E+01   -7.80713863E+03
   1.03965113E-03   -1.25314763E+01   -7.78150106E+03
   1.04939348E-03   -1.26071621E+01   -7.75592824E+03
   1.05922713E-03   -1.26833060E+01   -7.73041919E+03
   1.06915292E-03   -1.27599106E+01   -7.70497295E+03
   1.07917173E-03   -1.28369781E+01   -7.67958867E+03
   1.08928442E-03   -1.29145112E+01   -7.65426559E+03
   1.09949188E-03   -1.29925123E+01   -7.62900302E+03
   1.10979498E-03   -1.30709842E+01   -7.60380037E+03
   1.12019464E-03   -1.31499294E+01   -7.57865714E+03
   1.13069175E-03   -1.32293509E+01   -7.55357292E+03
   1.14128722E-03   -1.33092516E+01   -7.52854742E+03
   1.15198198E-03   -1.33896342E+01   -7.50358014E+03
   1.16277697E-03   -1.34705010E+01   -7.47867008E+03
   1.17367310E-03   -1.35518546E+01   -7.45381625E+03
   1.18467135E-03   -1.36336973E+01   -7.42901773E+03
   1.19577265E-03   -1.37160316E+01   -7.40427370E+03
   1.20697799E-03   -1.37988602E+01   -7.37958342E+03
   1.21828832E-03   -1.38821857E+01   -7.35494624E+03
   1.22970465E-03   -1.39660110E+01   -7.33036163E+03
   1.24122795E-03   -1.40503387E+01   -7.30582912E+03
   1.25285924E-03   -1.41351719E+01   -7.28134837E+03
   1.26459952E-03   -1.42205134E+01   -7.25691900E+03
   1.27644981E-03   -1.43063659E+01   -7.23254009E+03
   1.28841116E-03   -1.43927316E+01   -7.20821060E+03
   1.30048459E-03   -1.44796130E+01   -7.18392959E+03
   1.31267116E-03   -1.45670127E+01   -7.15969619E+03
   1.32497192E-03   -1.46549333E+01   -7.13550963E+03
   1.33738795E-03   -1.47433775E+01   -7.11136924E+03
   1.34992034E-03   -1.48323480E+01   -7.08727442E+03
   1.36257016E-03   -1.49218478E+01   -7.06322471E+03
   1.37533851E-03   -1.50118796E+01   -7.03921973E+03
   1.38822652E-03   -1.51024466E+01   -7.01525911E+03
   1.40123530E-03   -1.51935513E+01   -6.99134193E+03
   1.41436598E-03   -1.52851959E+01   -6.96746714E+03
   1.42761971E-03   -1.53773831E+01   -6.94363376E+03
   1.44099763E-03   -1.54701152E+01   -6.91984091E+03
   1.45450092E-03   -1.55633951E+01   -6.89608780E+03
   1.46813074E-03   -1.56572252E+01   -6.87237373E+03
   1.48188828E-03   -1.57516084E+01   -6.84869812E+03
   1.49577475E-03   -1.58465475E+01   -6.82506047E+03
   1.50979134E-03   -1.59420455E+01   -6.80146040E+03
   1.52393928E-03   -1.60381054E+01   -6.77789754E+03
   1.53821979E-03   -1.61347295E+01   -6.75437097E+03
   1.55263412E-03   -1.62319203E+01   -6.73087962E+03
   1.56718353E-03   -1.63296802E+01   -6.70742247E+03
   1.58186928E-03   -1.64280117E+01   -6.68399862E+03
   1.59669264E-03   -1.65269173E+01   -6.66060724E+03
   1.61165492E-03   -1.66263996E+01   -6.63724763E+03
   1.62675740E-03   -1.67264613E+01   -6.61391917E+03
   1.64200140E-03   -1.68271053E+01   -6.59062136E+03
   1.65738825E-03   -1.69283344E+01   -6.56735381E+03
   1.67291928E-03   -1.70301515E+01   -6.54411618E+03
   1.68859586E-03   -1.71325592E+01   -6.52090766E+03
   1.70441933E-03   -1.72355597E+01   -6.49772710E+03
   1.72039109E-03   -1.73391552E+01   -6.47457346E+03
   1.73651251E-03   -1.74433482E+01   -6.45144578E+03
   1.75278501E-03   -1.75481411E+01   -6.42834321E+03
   1.76920999E-03   -1.76535362E+01   -6.40526498E+03
   1.78578888E-03   -1.77595363E+01   -6.38221045E+03
   1.80252313E-03   -1.78661440E+01   -6.35917907E+03
   1.81941420E-03   -1.79733619E+01   -6.33617041E+03
   1.83646355E-03   -1.80811929E+01   -6.31318416E+03
   1.85367266E-03   -1.81896398E+01   -6.29021979E+03
   1.87104304E-03   -1.82987044E+01   -6.26727618E+03
   1.88857619E-03   -1.84083891E+01   -6.24435222E+03
   1.90627364E-03   -1.85186958E+01   -6.22144687E+03
   1.92413693E-03   -1.86296267E+01   -6.19855921E+03
   1.94216761E-03   -1.87411843E+01   -6.17568843E+03
   1.96036725E-03   -1.88533707E+01   -6.15283381E+03
   1.97873744E-03   -1.89661884E+01   -6.12999474E+03
   1.99727978E-03   -1.90796399E+01   -6.10717074E+03
   2.01599587E-03   -1.91937278E+01   -6.08436144E+03
   2.03488734E-03   -1.93084548E+01   -6.06156656E+03
   2.05395584E-03   -1.94238229E+01   -6.03878532E+03
   2.07320303E-03   -1.95398340E+01   -6.01601653E+03
   2.09263058E-03   -1.96564900E+01   -5.99325908E+03
   2.11224018E-03   -1.97737926E+01   -5.97051196E+03
   2.13203354E-03   -1.98917439E+01   -5.94777424E+03
   2.15201238E-03   -2.00103458E+01   -5.92504513E+03
   2.17217843E-03   -2.01296004E+01   -5.90232393E+03
   2.19253346E-03   -2.02495097E+01   -5.87961007E+03
   2.21307923E-03   -2.03700761E+01   -5.85690307E+03
   2.23381753E-03   -2.04913018E+01   -5.83420261E+03
   2.25475016E-03   -2.06131891E+01   -5.81150839E+03
   2.27587895E-03   -2.07357398E+01   -5.78881951E+03
   2.29720574E-03   -2.08589552E+01   -5.76613481E+03
   2.31873237E-03   -2.09828368E+01   -5.74345321E+03
   2.34046072E-03   -2.11073861E+01   -5.72077377E+03
   2.36239269E-03   -2.12326048E+01   -5.69809562E+03
   2.38453017E-03   -2.13584945E+01   -5.67541802E+03
   2.40687510E-03   -2.14850568E+01   -5.65274034E+03
   2.42942942E-03   -2.16122935E+01   -5.63006207E+03
   2.45219510E-03   -2.17402065E+01   -5.60738284E+03
   2.47517410E-03   -2.18687977E+01   -5.58470236E+03
   2.49836844E-03   -2.19980683E+01   -5.56201983E+03
   2.52178012E-03   -2.21280194E+01   -5.53933412E+03
   2.54541119E-03   -2.22586520E+01   -5.51664415E+03
   2.56926371E-03   -2.23899671E+01   -5.49394899E+03
   2.59333974E-03   -2.25219659E+01   -5.47124779E+03
   2.61764138E-03   -2.26546493E+01   -5.44853982E+03
   2.64217075E-03   -2.27880187E+01   -5.42582448E+03
   2.66692997E-03   -2.29220753E+01   -5.40310129E+03
   2.69192121E-03   -2.30568204E+01   -5.38036990E+03
   2.71714664E-03   -2.31922553E+01   -5.35763007E+03
   2.74260845E-03   -2.33283811E+01   -5.33488118E+03
   2.76830886E-03   -2.34651980E+01   -5.31212205E+03
   2.79425010E-03   -2.36027063E+01   -5.28935159E+03
   2.82043443E-03   -2.37409065E+01   -5.26656880E+03
   2.84686412E-03   -2.38797989E+01   -5.24377279E+03
   2.87354149E-03   -2.40193838E+01   -5.22096279E+03
   2.90046884E-03   -2.41596619E+01   -5.19813815E+03
   2.92764853E-03   -2.43006336E+01   -5.17529832E+03
   2.95508291E-03   -2.44422994E+01   -5.15244293E+03
   2.98277437E-03   -2.45846600E+01   -5.12957170E+03
   3.01072532E-03   -2.47277158E+01   -5.10668442E+03
   3.03893819E-03   -2.48714670E+01   -5.08378029E+03
   3.06741544E-03   -2.50159129E+01   -5.06085820E+03
   3.09615955E-03   -2.51610531E+01   -5.03791718E+03
   3.12517301E-03   -2.53068872E+01   -5.01495636E+03
   3.15445835E-03   -2.54534148E+01   -4.99197496E+03
   3.18401811E-03   -2.56006355E+01   -4.96897237E+03
   3.21385488E-03   -2.57485489E+01   -4.94594806E+03
   3.24397124E-03   -2.58971547E+01   -4.92290166E+03
   3.27436981E-03   -2.60464526E+01   -4.89983293E+03
   3.30505324E-03   -2.61964421E+01   -4.87674155E+03
   3.33602420E-03   -2.63471221E+01   -4.85362655E+03
   3.36728538E-03   -2.64984910E+01   -4.83048689E+03
   3.39883950E-03   -2.66505476E+01   -4.80732165E+03
   3.43068931E-03   -2.68032903E+01   -4.78413002E+03
   3.46283758E-03   -2.69567177E+01   -4.76091130E+03
   3.49528710E-03   -2.71108285E+01   -4.73766493E+03
   3.52804070E-03   -2.72656212E+01   -4.71439047E+03
   3.56110123E-03   -2.74210945E+01   -4.69108762E+03
   3.59447156E-03   -2.75772471E+01   -4.66775621E+03
   3.62815460E-03   -2.77340775E+01   -4.64439611E+03
   3.66215327E-03   -2.78915835E+01   -4.62100654E+03
   3.69647054E-03   -2.80497624E+01   -4.59758649E+03
   3.73110939E-03   -2.82086116E+01   -4.57413506E+03
   3.76607283E-03   -2.83681284E+01   -4.55065146E+03
   3.80136391E-03   -2.85283101E+01   -4.52713502E+03
   3.83698569E-03   -2.86891541E+01   -4.50358520E+03
   3.87294128E-03   -2.88506576E+01   -4.48000159E+03
   3.90923380E-03   -2.90128179E+01   -4.45638391E+03
   3.94586640E-03   -2.91756323E+01   -4.43273202E+03
   3.98284229E-03   -2.93390981E+01   -4.40904586E+03
   4.02016467E-03   -2.95032117E+01   -4.38532484E+03
   4.05783678E-03   -2.96679691E+01   -4.36156801E+03
   4.09586192E-03   -2.98333662E+01   -4.33777456E+03
   4.13424338E-03   -2.99993988E+01   -4.31394376E+03
   4.17298450E-03   -3.01660628E+01   -4.29007501E+03
   4.21208866E-03   -3.03333539E+01   -4.26616786E+03
   4.25155926E-03   -3.05012678E+01   -4.24222197E+03
   4.29139973E-03   -3.06698004E+01   -4.21823711E+03
   4.33161353E-03   -3.08389473E+01   -4.19421325E+03
   4.37220417E-03   -3.10087042E+01   -4.17015039E+03
   4.41317518E-03   -3.11790658E+01   -4.14604797E+03
   4.45453012E-03   -3.13500265E+01   -4.12190518E+03
   4.49627258E-03   -3.15215803E+01   -4.09772130E+03
   4.53840621E-03   -3.16937215E+01   -4.07349572E+03
   4.58093466E-03   -3.18664440E+01   -4.04922798E+03
   4.62386163E-03   -3.20397420E+01   -4.02491772E+03
   4.66719087E-03   -3.22136092E+01   -4.00056472E+03
   4.71092613E-03   -3.23880398E+01   -3.97616890E+03
   4.75507123E-03   -3.25630276E+01   -3.95173033E+03
   4.79963000E-03   -3.27385662E+01   -3.92724895E+03
   4.84460633E-03   -3.29146480E+01   -3.90272415E+03
   4.89000411E-03   -3.30912655E+01   -3.87815525E+03
   4.93582731E-03   -3.32684109E+01   -3.85354171E+03
   4.98207991E-03   -3.34460762E+01   -3.82888312E+03
   5.02876594E-03   -3.36242536E+01   -3.80417917E+03
   5.07588945E-03   -3.38029351E+01   -3.77942969E+03
   5.12345454E-03   -3.39821126E+01   -3.75463465E+03
   5.17146535E-03   -3.41617779E+01   -3.72979416E+03
   5.21992607E-03   -3.43419226E+01   -3.70490822E+03
   5.26884090E-03   -3.45225373E+01   -3.67997637E+03
   5.31821410E-03   -3.47036124E+01   -3.65499818E+03
   5.36804997E-03   -3.48851381E+01   -3.62997337E+03
   5.41835283E-03   -3.50671046E+01   -3.60490174E+03
   5.46912708E-03   -3.52495020E+01   -3.57978326E+03
   5.52037712E-03   -3.54323204E+01   -3.55461799E+03
   5.57210741E-03   -3.56155492E+01   -3.52940580E+03
   5.62432246E-03   -3.57991772E+01   -3.50414638E+03
   5.67702680E-03   -3.59831932E+01   -3.47883953E+03
   5.73022503E-03   -3.61675858E+01   -3.45348517E+03
   5.78392176E-03   -3.63523435E+01   -3.42808335E+03
   5.83812167E-03   -3.65374549E+01   -3.40263425E+03
   5.89282948E-03   -3.67229078E+01   -3.37713794E+03
   5.94804995E-03   -3.69086893E+01   -3.35159415E+03
   6.00378788E-03   -3.70947864E+01   -3.32600267E+03
   6.06004811E-03   -3.72811858E+01   -3.30036341E+03
   6.11683555E-03   -3.74678743E+01   -3.27467643E+03
   6.17415513E-03   -3.76548382E+01   -3.24894188E+03
   6.23201184E-03   -3.78420641E+01   -3.22316008E+03
   6.29041071E-03   -3.80295380E+01   -3.19733130E+03
   6.34935683E-03   -3.82172449E+01   -3.17145543E+03
   6.40885531E-03   -3.84051697E+01   -3.14553243E+03
   6.46891135E-03   -3.85932970E+01   -3.11956236E+03
   6.52953016E-03   -3.87816114E+01   -3.09354540E+03
   6.59071701E-03   -3.89700971E+01   -3.06748188E+03
   6.65247723E-03   -3.91587385E+01   -3.04137217E+03
   6.71481620E-03   -3.93475186E+01   -3.01521634E+03
   6.77773933E-03   -3.95364203E+01   -2.98901444E+03
   6.84125210E-03   -3.97254263E+01   -2.96276661E+03
   6.90536004E-03   -3.99145188E+01   -2.93647313E+03
   6.97006871E-03   -4.01036804E+01   -2.91013442E+03
   7.03538376E-03   -4.02928932E+01   -2.88375101E+03
   7.10131086E-03   -4.04821387E+01   -2.85732332E+03
   7.16785575E-03   -4.06713975E+01   -2.83085147E+03
   7.23502422E-03   -4.08606500E+01   -2.80433568E+03
   7.30282211E-03   -4.10498764E+01   -2.77777626E+03
   7.37125532E-03   -4.12390567E+01   -2.75117364E+03
   7.44032981E-03   -4.14281706E+01   -2.72452839E+03
   7.51005157E-03   -4.16171978E+01   -2.69784117E+03
   7.58042669E-03   -4.18061171E+01   -2.67111242E+03
   7.65146127E-03   -4.19949065E+01   -2.64434250E+03
   7.72316151E-03   -4.21835440E+01   -2.61753186E+03
   7.79553363E-03   -4.23720073E+01   -2.59068110E+03
   7.86858394E-03   -4.25602740E+01   -2.56379089E+03
   7.94231878E-03   -4.27483207E+01   -2.53686175E+03
   8.01674458E-03   -4.29361238E+01   -2.50989422E+03
   8.09186781E-03   -4.31236593E+01   -2.48288893E+03
   8.16769500E-03   -4.33109031E+01   -2.45584666E+03
   8.24423275E-03   -4.34978309E+01   -2.42876824E+03
   8.32148773E-03   -4.36844171E+01   -2.40165423E+03
   8.39946664E-03   -4.38706358E+01   -2.37450523E+03
   8.47817627E-03   -4.40564609E+01   -2.34732190E+03
   8.55762348E-03   -4.42418659E+01   -2.32010507E+03
   8.63781517E-03   -4.44268244E+01   -2.29285566E+03
   8.71875832E-03   -4.46113097E+01   -2.26557471E+03
   8.80045997E-03   -4.47952943E+01   -2.23826317E+03
   8.88292723E-03   -4.49787496E+01   -2.21092171E+03
   8.96616728E-03   -4.51616465E+01   -2.18355109E+03
   9.05018734E-03   -4.53439559E+01   -2.15615217E+03
   9.13499475E-03   -4.55256483E+01   -2.12872592E+03
   9.22059686E-03   -4.57066942E+01   -2.10127342E+03
   9.30700114E-03   -4.58870639E+01   -2.07379588E+03
   9.39421509E-03   -4.60667270E+01   -2.04629446E+03
   9.48224630E-03   -4.62456519E+01   -2.01877009E+03
   9.57110244E-03   -4.64238066E+01   -1.99122375E+03
   9.66079123E-03   -4.66011589E+01   -1.96365653E+03
   9.75132047E-03   -4.67776764E+01   -1.93606964E+03
   9.84269804E-03   -4.69533266E+01   -1.90846437E+03
   9.93493190E-03   -4.71280761E+01   -1.88084195E+03
   1.00280301E-02   -4.73018907E+01   -1.85320350E+03
   1.01220006E-02   -4.74747360E+01   -1.82555027E+03
   1.02168518E-02   -4.76465772E+01   -1.79788356E+03
   1.03125917E-02   -4.78173796E+01   -1.77020483E+03
   1.04092289E-02   -4.79871079E+01   -1.74251554E+03
   1.05067716E-02   -4.81557255E+01   -1.71481694E+03
   1.06052283E-02   -4.83231952E+01   -1.68711031E+03
   1.07046077E-02   -4.84894798E+01   -1.65939705E+03
   1.08049183E-02   -4.86545418E+01   -1.63167864E+03
   1.09061689E-02   -4.88183438E+01   -1.60395669E+03
   1.10083683E-02   -4.89808480E+01   -1.57623287E+03
   1.11115254E-02   -4.91420159E+01   -1.54850883E+03
   1.12156492E-02   -4.93018074E+01   -1.52078600E+03
   1.13207487E-02   -4.94601825E+01   -1.49306592E+03
   1.14268330E-02   -4.96171006E+01   -1.46535022E+03
   1.15339115E-02   -4.97725216E+01   -1.43764061E+03
   1.16419934E-02   -4.99264047E+01   -1.40993892E+03
   1.17510880E-02   -5.00787091E+01   -1.38224700E+03
   1.18612050E-02   -5.02293921E+01   -1.35456651E+03
   1.19723539E-02   -5.03784108E+01   -1.32689918E+03
   1.20845443E-02   -5.05257221E+01   -1.29924679E+03
   1.21977860E-02   -5.06712830E+01   -1.27161126E+03
   1.23120889E-02   -5.08150502E+01   -1.24399456E+03
   1.24274629E-02   -5.09569803E+01   -1.21639871E+03
   1.25439180E-02   -5.10970281E+01   -1.18882559E+03
   1.26614644E-02   -5.12351484E+01   -1.16127717E+03
   1.27801124E-02   -5.13712959E+01   -1.13375546E+03
   1.28998721E-02   -5.15054252E+01   -1.10626257E+03
   1.30207541E-02   -5.16374901E+01   -1.07880059E+03
   1.31427688E-02   -5.17674435E+01   -1.05137156E+03
   1.32659270E-02   -5.18952382E+01   -1.02397762E+03
   1.33902392E-02   -5.20208273E+01   -9.96620973E+02
   1.35157163E-02   -5.21441636E+01   -9.69303902E+02
   1.36423692E-02   -5.22651985E+01   -9.42028603E+02
   1.37702090E-02   -5.23838833E+01   -9.14797312E+02
   1.38992467E-02   -5.25001694E+01   -8.87612340E+02
   1.40294937E-02   -5.26140079E+01   -8.60476049E+02
   1.41609611E-02   -5.27253488E+01   -8.33390764E+02
   1.42936605E-02   -5.28341421E+01   -8.06358852E+02
   1.44276034E-02   -5.29403379E+01   -7.79382757E+02
   1.45628014E-02   -5.30438860E+01   -7.52464948E+02
   1.46992664E-02   -5.31447351E+01   -7.25607866E+02
   1.48370101E-02   -5.32428339E+01   -6.98814006E+02
   1.49760446E-02   -5.33381314E+01   -6.72085929E+02
   1.51163820E-02   -5.34305760E+01   -6.45426197E+02
   1.52580344E-02   -5.35201152E+01   -6.18837367E+02
   1.54010142E-02   -5.36066968E+01   -5.92322059E+02
   1.55453339E-02   -5.36902689E+01   -5.65882944E+02
   1.56910059E-02   -5.37707784E+01   -5.39522680E+02
   1.58380431E-02   -5.38481722E+01   -5.13243946E+02
   1.59864580E-02   -5.39223972E+01   -4.87049474E+02
   1.61362638E-02   -5.39934006E+01   -4.60942031E+02
   1.62874733E-02   -5.40611282E+01   -4.34924369E+02
   1.64400998E-02   -5.41255263E+01   -4.08999280E+02
   1.65941565E-02   -5.41865413E+01   -3.83169604E+02
   1.67496569E-02   -5.42441193E+01   -3.57438188E+02
   1.69066144E-02   -5.42982060E+01   -3.31807898E+02
   1.70650427E-02   -5.43487473E+01   -3.06281630E+02
   1.72249556E-02   -5.43956886E+01   -2.80862295E+02
   1.73863671E-02   -5.44389758E+01   -2.55552838E+02
   1.75492911E-02   -5.44785543E+01   -2.30356217E+02
   1.77137418E-02   -5.45143693E+01   -2.05275407E+02
   1.78797335E-02   -5.45463666E+01   -1.80313416E+02
   1.80472807E-02   -5.45744919E+01   -1.55473265E+02
   1.82163980E-02   -5.45986901E+01   -1.30757990E+02
   1.83871001E-02   -5.46189070E+01   -1.06170651E+02
   1.85594017E-02   -5.46350885E+01   -8.17143266E+01
   1.87333180E-02   -5.46471795E+01   -5.73921050E+01
   1.89088639E-02   -5.46551263E+01   -3.32070964E+01
   1.90860549E-02   -5.46588749E+01   -9.16242756E+00
   1.92649063E-02   -5.46583708E+01    1.47387627E+01
   1.94454337E-02   -5.46535600E+01    3.84933217E+01
   1.96276528E-02   -5.46443895E+01    6.20980836E+01
   1.98115794E-02   -5.46308056E+01    8.55498682E+01
   1.99972295E-02   -5.46127551E+01    1.08845486E+02
   2.01846194E-02   -5.45901849E+01    1.31981737E+02
   2.03737652E-02   -5.45630424E+01    1.54955409E+02
   2.05646835E-02   -5.45312754E+01    1.77763285E+02
   2.07573908E-02   -5.44948316E+01    2.00402135E+02
   2.09519039E-02   -5.44536595E+01    2.22868728E+02
   2.11482398E-02   -5.44077078E+01    2.45159823E+02
   2.13464155E-02   -5.43569256E+01    2.67272173E+02
   2.15464483E-02   -5.43012626E+01    2.89202536E+02
   2.17483555E-02   -5.42406687E+01    3.10947652E+02
   2.19521548E-02   -5.41750945E+01    3.32504276E+02
   2.21578638E-02   -5.41044912E+01    3.53869149E+02
   2.23655005E-02   -5.40288103E+01    3.75039023E+02
   2.25750829E-02   -5.39480047E+01    3.96010654E+02
   2.27866293E-02   -5.38620262E+01    4.16780772E+02
   2.30001580E-02   -5.37708283E+01    4.37346132E+02
   2.32156876E-02   -5.36743664E+01    4.57703522E+02
   2.34332370E-02   -5.35725949E+01    4.77849697E+02
   2.36528249E-02   -5.34654688E+01    4.97781415E+02
   2.38744706E-02   -5.33529455E+01    5.17495480E+02
   2.40981932E-02   -5.32349823E+01    5.36988693E+02
   2.43240123E-02   -5.31115366E+01    5.56257832E+02
   2.45519475E-02   -5.29825676E+01    5.75299727E+02
   2.47820186E-02   -5.28480362E+01    5.94111234E+02
   2.50142457E-02   -5.27079024E+01    6.12689174E+02
   2.52486490E-02   -5.25621283E+01    6.31030419E+02
   2.54852487E-02   -5.24106776E+01    6.49131885E+02
   2.57240657E-02   -5.22535135E+01    6.66990440E+02
   2.59651205E-02   -5.20906007E+01    6.84602996E+02
   2.62084341E-02   -5.19219066E+01    7.01966546E+02
   2.64540279E-02   -5.17473989E+01    7.19078074E+02
   2.67019230E-02   -5.15670449E+01    7.35934528E+02
   2.69521411E-02   -5.13808150E+01    7.52532948E+02
   2.72047040E-02   -5.11886813E+01    7.68870434E+02
   2.74596335E-02   -5.09906159E+01    7.84944047E+02
   2.77169520E-02   -5.07865927E+01    8.00750916E+02
   2.79766817E-02   -5.05765877E+01    8.16288215E+02
   2.82388453E-02   -5.03605764E+01    8.31553087E+02
   2.85034656E-02   -5.01385377E+01    8.46542782E+02
   2.87705656E-02   -4.99104526E+01    8.61254620E+02
   2.90401685E-02   -4.96763012E+01    8.75685856E+02
   2.93122978E-02   -4.94360664E+01    8.89833831E+02
   2.95869772E-02   -4.91897342E+01    9.03696006E+02
   2.98642305E-02   -4.89372904E+01    9.17269797E+02
   3.01440820E-02   -4.86787225E+01    9.30552667E+02
   3.04265558E-02   -4.84140215E+01    9.43542219E+02
   3.07116767E-02   -4.81431791E+01    9.56236037E+02
   3.09994693E-02   -4.78661874E+01    9.68631706E+02
   3.12899588E-02   -4.75830426E+01    9.80726967E+02
   3.15831705E-02   -4.72937435E+01    9.92519644E+02
   3.18791297E-02   -4.69982880E+01    1.00400749E+03
   3.21778623E-02   -4.66966775E+01    1.01518839E+03
   3.24793943E-02   -4.63889171E+01    1.02606037E+03
   3.27837519E-02   -4.60750111E+01    1.03662138E+03
   3.30909615E-02   -4.57549657E+01    1.04686943E+03
   3.34010500E-02   -4.54287920E+01    1.05680272E+03
   3.37140442E-02   -4.50965040E+01    1.06641958E+03
   3.40299714E-02   -4.47581139E+01    1.07571818E+03
   3.43488591E-02   -4.44136374E+01    1.08469686E+03
   3.46707351E-02   -4.40630955E+01    1.09335415E+03
   3.49956272E-02   -4.37065094E+01    1.10168857E+03
   3.53235639E-02   -4.33439007E+01    1.10969862E+03
   3.56545736E-02   -4.29752961E+01    1.11738302E+03
   3.59886851E-02   -4.26007261E+01    1.12474063E+03
   3.63259275E-02   -4.22202197E+01    1.13177020E+03
   3.66663301E-02   -4.18338099E+01    1.13847063E+03
   3.70099226E-02   -4.14415347E+01    1.14484106E+03
   3.73567348E-02   -4.10434322E+01    1.15088057E+03
   3.77067969E-02   -4.06395416E+01    1.15658828E+03
   3.80601394E-02   -4.02299083E+01    1.16196354E+03
   3.84167929E-02   -3.98145801E+01    1.16700584E+03
   3.87767886E-02   -3.93936040E+01    1.17171454E+03
   3.91401578E-02   -3.89670324E+01    1.17608926E+03
   3.95069319E-02   -3.85349221E+01    1.18012982E+03
   3.98771431E-02   -3.80973282E+01    1.18383587E+03
   4.02508234E-02   -3.76543095E+01    1.18720725E+03
   4.06280054E-02   -3.72059316E+01    1.19024408E+03
   4.10087219E-02   -3.67522615E+01    1.19294654E+03
   4.13930060E-02   -3.62933647E+01    1.19531468E+03
   4.17808912E-02   -3.58293127E+01    1.19734882E+03
   4.21724111E-02   -3.53601827E+01    1.19904954E+03
   4.25675999E-02   -3.48860505E+01    1.20041730E+03
   4.29664920E-02   -3.44069950E+01    1.20145270E+03
   4.33691219E-02   -3.39231019E+01    1.20215664E+03
   4.37755248E-02   -3.34344577E+01    1.20253006E+03
   4.41857361E-02   -3.29411470E+01    1.20257370E+03
   4.45997913E-02   -3.24432605E+01    1.20228861E+03
   4.50177266E-02   -3.19408962E+01    1.20167623E+03
   4.54395782E-02   -3.14341543E+01    1.20073803E+03
   4.58653830E-02   -3.09231322E+01    1.19947532E+03
   4.62951778E-02   -3.04079335E+01    1.19788968E+03
   4.67290002E-02   -2.98886662E+01    1.19598294E+03
   4.71668879E-02   -2.93654367E+01    1.19375674E+03
   4.76088788E-02   -2.88383570E+01    1.19121303E+03
   4.80550116E-02   -2.83075453E+01    1.18835406E+03
   4.85053250E-02   -2.77731178E+01    1.18518194E+03
   4.89598583E-02   -2.72351934E+01    1.18169887E+03
   4.94186508E-02   -2.66938983E+01    1.17790744E+03
   4.98817426E-02   -2.61493583E+01    1.17381019E+03
   5.03491739E-02   -2.56017002E+01    1.16940966E+03
   5.08209854E-02   -2.50510580E+01    1.16470877E+03
   5.12972182E-02   -2.44975666E+01    1.15971049E+03
   5.17779136E-02   -2.39413608E+01    1.15441770E+03
   5.22631136E-02   -2.33825823E+01    1.14883369E+03
   5.27528602E-02   -2.28213741E+01    1.14296177E+03
   5.32471962E-02   -2.22578788E+01    1.13680522E+03
   5.37461645E-02   -2.16922458E+01    1.13036766E+03
   5.42498085E-02   -2.11246256E+01    1.12365277E+03
   5.47581720E-02   -2.05551685E+01    1.11666419E+03
   5.52712993E-02   -1.99840316E+01    1.10940594E+03
   5.57892351E-02   -1.94113719E+01    1.10188201E+03
   5.63120243E-02   -1.88373460E+01    1.09409633E+03
   5.68397124E-02   -1.82621179E+01    1.08605329E+03
   5.73723454E-02   -1.76858529E+01    1.07775732E+03
   5.79099696E-02   -1.71087135E+01    1.06921267E+03
   5.84526317E-02   -1.65308690E+01    1.06042399E+03
   5.90003790E-02   -1.59524913E+01    1.05139608E+03
   5.95532592E-02   -1.53737489E+01    1.04213354E+03
   6.01113203E-02   -1.47948160E+01    1.03264127E+03
   6.06746108E-02   -1.42158704E+01    1.02292447E+03
   6.12431798E-02   -1.36370862E+01    1.01298802E+03
   6.18170768E-02   -1.30586416E+01    1.00283714E+03
   6.23963516E-02   -1.24807202E+01    9.92477341E+02
   6.29810547E-02   -1.19035003E+01    9.81913825E+02
   6.35712369E-02   -1.13271619E+01    9.71151917E+02
   6.41669496E-02   -1.07518916E+01    9.60197386E+02
   6.47682446E-02   -1.01778768E+01    9.49056071E+02
   6.53751742E-02   -9.60529921E+00    9.37733441E+02
   6.59877912E-02   -9.03434472E+00    9.26235297E+02
   6.66061489E-02   -8.46520549E+00    9.14567874E+02
   6.72303012E-02   -7.89807092E+00    9.02737252E+02
   6.78603022E-02   -7.33312279E+00    8.90749031E+02
   6.84962068E-02   -6.77054728E+00    8.78609153E+02
   6.91380704E-02   -6.21053610E+00    8.66323995E+02
   6.97859487E-02   -5.65328612E+00    8.53900342E+02
   7.04398981E-02   -5.09898731E+00    8.41344548E+02
   7.10999756E-02   -4.54782239E+00    8.28662514E+02
   7.17662385E-02   -3.99997824E+00    8.15860512E+02
   7.24387449E-02   -3.45564646E+00    8.02945231E+02
   7.31175531E-02   -2.91502248E+00    7.89923718E+02
   7.38027223E-02   -2.37829282E+00    7.76802436E+02
   7.44943121E-02   -1.84563831E+00    7.63587512E+02
   7.51923827E-02   -1.31724330E+00    7.50285444E+02
   7.58969947E-02   -7.93295874E-01    7.36903123E+02
   7.66082094E-02   -2.73987040E-01    7.23447787E+02
   7.73260889E-02    2.40500919E-01    7.09926091E+02
   7.80506954E-02    7.49991684E-01    6.96344351E+02
   7.87820920E-02    1.25430647E+00    6.82709224E+02
   7.95203425E-02    1.75326383E+00    6.69027743E+02
   8.02655109E-02    2.24668169E+00    6.55307151E+02
   8.10176621E-02    2.73438870E+00    6.41553911E+02
   8.17768616E-02    3.21621696E+00    6.27774363E+02
   8.25431753E-02    3.69199718E+00    6.13975173E+02
   8.33166701E-02    4.16155865E+00    6.00163352E+02
   8.40974131E-02    4.62473082E+00    5.86346117E+02
   8.48854723E-02    5.08135251E+00    5.72530000E+02
   8.56809162E-02    5.53126663E+00    5.58721387E+02
   8.64838140E-02    5.97431595E+00    5.44926966E+02
   8.72942357E-02    6.41034424E+00    5.31153610E+02
   8.81122516E-02    6.83920231E+00    5.17407698E+02
   8.89379330E-02    7.26074441E+00    5.03695560E+02
   8.97713516E-02    7.67482573E+00    4.90023801E+02
   9.06125801E-02    8.08130409E+00    4.76399092E+02
   9.14616915E-02    8.48004466E+00    4.62827551E+02
   9.23187598E-02    8.87091592E+00    4.49315336E+02
   9.31838595E-02    9.25378855E+00    4.35868838E+02
   9.40570659E-02    9.62853765E+00    4.22494298E+02
   9.49384549E-02    9.99504445E+00    4.09197539E+02
   9.58281031E-02    1.03531937E+01    3.95984526E+02
   9.67260882E-02    1.07028736E+01    3.82861361E+02
   9.76324880E-02    1.10439781E+01    3.69833739E+02
   9.85473815E-02    1.13764062E+01    3.56907205E+02
   9.94708483E-02    1.17000614E+01    3.44087466E+02
   1.00402969E-01    1.20148519E+01    3.31380117E+02
   1.01343824E-01    1.23206913E+01    3.18790335E+02
   1.02293495E-01    1.26174983E+01    3.06323360E+02
   1.03252066E-01    1.29051976E+01    2.93984485E+02
   1.04219620E-01    1.31837182E+01    2.81778660E+02
   1.05196240E-01    1.34529954E+01    2.69710744E+02
   1.06182012E-01    1.37129702E+01    2.57785552E+02
   1.07177021E-01    1.39635880E+01    2.46007606E+02
   1.08181354E-01    1.42048011E+01    2.34381422E+02
   1.09195099E-01    1.44365679E+01    2.22911400E+02
   1.10218343E-01    1.46588515E+01    2.11601676E+02
   1.11251176E-01    1.48716220E+01    2.00456338E+02
   1.12293688E-01    1.50748543E+01    1.89479242E+02
   1.13345968E-01    1.52685306E+01    1.78674160E+02
   1.14408109E-01    1.54526383E+01    1.68044675E+02
   1.15480204E-01    1.56271712E+01    1.57594206E+02
   1.16562345E-01    1.57921296E+01    1.47326039E+02
   1.17654626E-01    1.59475184E+01    1.37243244E+02
   1.18757142E-01    1.60933512E+01    1.27348790E+02
   1.19869991E-01    1.62296455E+01    1.17645430E+02
   1.20993267E-01    1.63564266E+01    1.08135773E+02
   1.22127070E-01    1.64737242E+01    9.88222327E+01
   1.23271497E-01    1.65815761E+01    8.97070759E+01
   1.24426648E-01    1.66800254E+01    8.07923819E+01
   1.25592624E-01    1.67691206E+01    7.20800526E+01
   1.26769526E-01    1.68489168E+01    6.35718171E+01
   1.27957457E-01    1.69194761E+01    5.52692354E+01
   1.29156519E-01    1.69808661E+01    4.71736812E+01
   1.30366818E-01    1.70331589E+01    3.92863538E+01
   1.31588458E-01    1.70764336E+01    3.16082753E+01
   1.32821545E-01    1.71107763E+01    2.41402934E+01
   1.34066188E-01    1.71362771E+01    1.68830758E+01
   1.35322494E-01    1.71530325E+01    9.83711578E+00
   1.36590573E-01    1.71611443E+01    3.00273205E+00
   1.37870534E-01    1.71607201E+01   -3.61993174E+00
   1.39162490E-01    1.71518728E+01   -1.00309041E+01
   1.40466553E-01    1.71347203E+01   -1.62303849E+01
   1.41782835E-01    1.71093861E+01   -2.22187438E+01
   1.43111452E-01    1.70759985E+01   -2.79965182E+01
   1.44452520E-01    1.70346906E+01   -3.35644108E+01
   1.45806154E-01    1.69856005E+01   -3.89232880E+01
   1.47172473E-01    1.69288709E+01   -4.40741777E+01
   1.48551595E-01    1.68646490E+01   -4.90182649E+01
   1.49943641E-01    1.67930862E+01   -5.37568914E+01
   1.51348731E-01    1.67143387E+01   -5.82915550E+01
   1.52766988E-01    1.66285652E+01   -6.26238855E+01
   1.54198536E-01    1.65359304E+01   -6.67556848E+01
   1.55643498E-01    1.64366011E+01   -7.06888798E+01
   1.57102000E-01    1.63307482E+01   -7.44255369E+01
   1.58574170E-01    1.62185459E+01   -7.79678656E+01
   1.60060135E-01    1.61001718E+01   -8.13182016E+01
   1.61560025E-01    1.59758057E+01   -8.44789999E+01
   1.63073970E-01    1.58456311E+01   -8.74528526E+01
   1.64602102E-01    1.57098337E+01   -9.02424626E+01
   1.66144554E-01    1.55686012E+01   -9.28506406E+01
   1.67701459E-01    1.54221241E+01   -9.52803174E+01
   1.69272954E-01    1.52705952E+01   -9.75345307E+01
   1.70859176E-01    1.51142072E+01   -9.96163898E+01
   1.72460261E-01    1.49531569E+01   -1.01529140E+02
   1.74076350E-01    1.47876414E+01   -1.03276099E+02
   1.75707583E-01    1.46178576E+01   -1.04860645E+02
   1.77354102E-01    1.44440055E+01   -1.06286276E+02
   1.79016050E-01    1.42662846E+01   -1.07556540E+02
   1.80693571E-01    1.40848964E+01   -1.08675091E+02
   1.82386813E-01    1.39000398E+01   -1.09645580E+02
   1.84095921E-01    1.37119150E+01   -1.10471744E+02
   1.85821045E-01    1.35207251E+01   -1.11157440E+02
   1.87562335E-01    1.33266712E+01   -1.11706547E+02
   1.89319943E-01    1.31299514E+01   -1.12122918E+02
   1.91094020E-01    1.29307601E+01   -1.12410390E+02
   1.92884722E-01    1.27293023E+01   -1.12573093E+02
   1.94692204E-01    1.25257741E+01   -1.12615002E+02
   1.96516624E-01    1.23203663E+01   -1.12540031E+02
   1.98358140E-01    1.21132784E+01   -1.12352355E+02
   2.00216912E-01    1.19047003E+01   -1.12055966E+02
   2.02093103E-01    1.16948223E+01   -1.11654930E+02
   2.03986875E-01    1.14838334E+01   -1.11153336E+02
   2.05898393E-01    1.12719198E+01   -1.10555255E+02
   2.07827823E-01    1.10592642E+01   -1.09864729E+02
   2.09775334E-01    1.08460461E+01   -1.09085777E+02
   2.11741095E-01    1.06324459E+01   -1.08222499E+02
   2.13725276E-01    1.04186381E+01   -1.07278893E+02
   2.15728051E-01    1.02047934E+01   -1.06258928E+02
   2.17749593E-01    9.99107976E+00   -1.05166545E+02
   2.19790078E-01    9.77766381E+00   -1.04005722E+02
   2.21849685E-01    9.56470669E+00   -1.02780342E+02
   2.23928592E-01    9.35236468E+00   -1.01494217E+02
   2.26026980E-01    9.14079166E+00   -1.00151154E+02
   2.28145031E-01    8.93013829E+00   -9.87549329E+01
   2.30282930E-01    8.72054953E+00   -9.73092365E+01
   2.32440863E-01    8.51216662E+00   -9.58177045E+01
   2.34619017E-01    8.30512650E+00   -9.42839171E+01
   2.36817583E-01    8.09956194E+00   -9.27113990E+01
   2.39036751E-01    7.89560016E+00   -9.11035750E+01
   2.41276714E-01    7.69336516E+00   -8.94638445E+01
   2.43537667E-01    7.49297547E+00   -8.77955068E+01
   2.45819807E-01    7.29454488E+00   -8.61017870E+01
   2.48123333E-01    7.09818276E+00   -8.43858425E+01
   2.50448445E-01    6.90399311E+00   -8.26507335E+01
   2.52795344E-01    6.71207544E+00   -8.08994487E+01
   2.55164236E-01    6.52252433E+00   -7.91348934E+01
   2.57555327E-01    6.33542934E+00   -7.73598817E+01
   2.59968824E-01    6.15087479E+00   -7.55771286E+01
   2.62404937E-01    5.96894066E+00   -7.37892823E+01
   2.64863878E-01    5.78970169E+00   -7.19988900E+01
   2.67345862E-01    5.61322742E+00   -7.02083953E+01
   2.69851104E-01    5.43958237E+00   -6.84201462E+01
   2.72379822E-01    5.26882721E+00   -6.66364391E+01
   2.74932236E-01    5.10101631E+00   -6.48594165E+01
   2.77508568E-01    4.93620041E+00   -6.30911804E+01
   2.80109043E-01    4.77442461E+00   -6.13336977E+01
   2.82733885E-01    4.61572979E+00   -5.95888660E+01
   2.85383325E-01    4.46015191E+00   -5.78584770E+01
   2.88057592E-01    4.30772241E+00   -5.61442303E+01
   2.90756920E-01    4.15846818E+00   -5.44477357E+01
   2.93481542E-01    4.01241167E+00   -5.27705060E+01
   2.96231695E-01    3.86957097E+00   -5.11139683E+01
   2.99007620E-01    3.72995984E+00   -4.94794517E+01
   3.01809558E-01    3.59358791E+00   -4.78682029E+01
   3.04637752E-01    3.46046065E+00   -4.62813728E+01
   3.07492448E-01    3.33057962E+00   -4.47200286E+01
   3.10373895E-01    3.20394245E+00   -4.31851555E+01
   3.13282344E-01    3.08054305E+00   -4.16776480E+01
   3.16218047E-01    2.96037165E+00   -4.01983215E+01
   3.19181259E-01    2.84341496E+00   -3.87479122E+01
   3.22172240E-01    2.72965632E+00   -3.73270732E+01
   3.25191248E-01    2.61907573E+00   -3.59363851E+01
   3.28238547E-01    2.51165012E+00   -3.45763502E+01
   3.31314401E-01    2.40735330E+00   -3.32474002E+01
   3.34419079E-01    2.30615634E+00   -3.19498946E+01
   3.37552850E-01    2.20802742E+00   -3.06841260E+01
   3.40715987E-01    2.11293202E+00   -2.94503207E+01
   3.43908765E-01    2.02083362E+00   -2.82486381E+01
   3.47131461E-01    1.93169286E+00   -2.70791784E+01
   3.50384357E-01    1.84546825E+00   -2.59419856E+01
   3.53667735E-01    1.76211664E+00   -2.48370415E+01
   3.56981881E-01    1.68159231E+00   -2.37642783E+01
   3.60327084E-01    1.60384823E+00   -2.27235731E+01
   3.63703633E-01    1.52883566E+00   -2.17147566E+01
   3.67111823E-01    1.45650452E+00   -2.07376109E+01
   3.70551951E-01    1.38680271E+00   -1.97918748E+01
   3.74024315E-01    1.31967746E+00   -1.88772450E+01
   3.77529218E-01    1.25507481E+00   -1.79933796E+01
   3.81066965E-01    1.19293976E+00   -1.71398999E+01
   3.84637864E-01    1.13321636E+00   -1.63163924E+01
   3.88242224E-01    1.07584805E+00   -1.55224126E+01
   3.91880361E-01    1.02077779E+00   -1.47574872E+01
   3.95552589E-01    9.67947801E-01   -1.40211148E+01
   3.99259229E-01    9.17299937E-01   -1.33127692E+01
   4.03000603E-01    8.68776047E-01   -1.26319035E+01
   4.06777037E-01    8.22317613E-01   -1.19779495E+01
   4.10588860E-01    7.77866039E-01   -1.13503208E+01
   4.14436401E-01    7.35363148E-01   -1.07484181E+01
   4.18319998E-01    6.94750449E-01   -1.01716249E+01
   4.22239987E-01    6.55969860E-01   -9.61931421E+00
   4.26196709E-01    6.18963791E-01   -9.09085082E+00
   4.30190508E-01    5.83674857E-01   -8.58558987E+00
   4.34221733E-01    5.50046324E-01   -8.10288201E+00
   4.38290734E-01    5.18021873E-01   -7.64207182E+00
   4.42397864E-01    4.87546091E-01   -7.20250449E+00
   4.46543481E-01    4.58564204E-01   -6.78352298E+00
   4.50727947E-01    4.31021759E-01   -6.38446622E+00
   4.54951623E-01    4.04865841E-01   -6.00468243E+00
   4.59214879E-01    3.80043758E-01   -5.64351606E+00
   4.63518085E-01    3.56504701E-01   -5.30032679E+00
   4.67861616E-01    3.34197555E-01   -4.97446510E+00
   4.72245849E-01    3.13072593E-01   -4.66529223E+00
   4.76671165E-01    2.93082439E-01   -4.37219341E+00
   4.81137951E-01    2.74180060E-01   -4.09455344E+00
   4.85646593E-01    2.56317990E-01   -3.83174783E+00
   4.90197485E-01    2.39451626E-01   -3.58318350E+00
   4.94791023E-01    2.23537586E-01   -3.34827971E+00
   4.99427605E-01    2.08533243E-01   -3.12646214E+00
   5.04107637E-01    1.94396619E-01   -2.91716198E+00
   5.08831523E-01    1.81087283E-01   -2.71982750E+00
   5.13599676E-01    1.68567073E-01   -2.53393456E+00
   5.18412511E-01    1.56797996E-01   -2.35895894E+00
   5.23270446E-01    1.45742784E-01   -2.19438416E+00
   5.28173903E-01    1.35366248E-01   -2.03971936E+00
   5.33123310E-01    1.25634614E-01   -1.89449133E+00
   5.38119096E-01    1.16514761E-01   -1.75823411E+00
   5.43161697E-01    1.07974680E-01   -1.63049561E+00
   5.48251551E-01    9.99840672E-02   -1.51084572E+00
   5.53389101E-01    9.25132457E-02   -1.39886192E+00
   5.58574794E-01    8.55342563E-02   -1.29414441E+00
   5.63809081E-01    7.90196420E-02   -1.19629952E+00
   5.69092417E-01    7.29437146E-02   -1.10495741E+00
   5.74425263E-01    6.72812722E-02   -1.01975437E+00
   5.79808081E-01    6.20087462E-02   -9.40349012E-01
   5.85241341E-01    5.71031250E-02   -8.66407249E-01
   5.90725514E-01    5.25428457E-02   -7.97615011E-01
   5.96261079E-01    4.83070233E-02   -7.33667448E-01
   6.01848516E-01    4.43759709E-02   -6.74276386E-01
   6.07488312E-01    4.07307618E-02   -6.19164185E-01
   6.13180957E-01    3.73535774E-02   -5.68068825E-01
   6.18926947E-01    3.42273897E-02   -5.20739387E-01
   6.24726781E-01    3.13360826E-02   -4.76937914E-01
   6.30580964E-01    2.86642861E-02   -4.36437012E-01
   6.36490006E-01    2.61975474E-02   -3.99022451E-01
   6.42454420E-01    2.39221221E-02   -3.64490137E-01
   6.48474725E-01    2.18250586E-02   -3.32647428E-01
   6.54551446E-01    1.98941754E-02   -3.03312819E-01
   6.60685110E-01    1.81178469E-02   -2.76312857E-01
   6.66876251E-01    1.64851835E-02   -2.51484805E-01
   6.73125408E-01    1.49860352E-02   -2.28676755E-01
   6.79433125E-01    1.36106774E-02   -2.07742993E-01
   6.85799950E-01    1.23500979E-02   -1.88548292E-01
   6.92226437E-01    1.11958118E-02   -1.70965180E-01
   6.98713145E-01    1.01398564E-02   -1.54873895E-01
   7.05260639E-01    9.17478536E-03   -1.40162313E-01
   7.11869488E-01    8.29361656E-03   -1.26725191E-01
   7.18540268E-01    7.48984484E-03   -1.14464372E-01
   7.25273557E-01    6.75739144E-03   -1.03288049E-01
   7.32069943E-01    6.09058872E-03   -9.31105426E-02
   7.38930017E-01    5.48415518E-03   -8.38519421E-02
   7.45854375E-01    4.93317462E-03   -7.54378024E-02
   7.52843619E-01    4.43308784E-03   -6.77990292E-02
   7.59898359E-01    3.97966004E-03   -6.08713969E-02
   7.67019206E-01    3.56895652E-03   -5.45951894E-02
   7.74206782E-01    3.19733470E-03   -4.89150865E-02
   7.81461711E-01    2.86142907E-03   -4.37799429E-02
   7.88784624E-01    2.55812873E-03   -3.91424547E-02
   7.96176159E-01    2.28455878E-03   -3.49588811E-02
   8.03636959E-01    2.03806897E-03   -3.11888784E-02
   8.11167672E-01    1.81621414E-03   -2.77952056E-02
   8.18768953E-01    1.61675939E-03   -2.47438069E-02
   8.26441465E-01    1.43763179E-03   -2.20030819E-02
   8.34185874E-01    1.27694030E-03   -1.95441900E-02
   8.42002855E-01    1.13294792E-03   -1.73406293E-02
   8.49893086E-01    1.00406452E-03   -1.53681300E-02
   8.57857256E-01    8.88835156E-04   -1.36044775E-02
   8.65896056E-01    7.85932263E-04   -1.20293959E-02
   8.74010186E-01    6.94142510E-04   -1.06243480E-02
   8.82200351E-01    6.12361353E-04   -9.37245414E-03
   8.90467265E-01    5.39580132E-04   -8.25829576E-03
   8.98811647E-01    4.74890271E-04   -7.26798076E-03
   9.07234222E-01    4.17458282E-04   -6.38876253E-03
   9.15735723E-01    3.66530131E-04   -5.60910708E-03
   9.24316890E-01    3.21424486E-04   -4.91859048E-03
   9.32978469E-01    2.81526037E-04   -4.30779734E-03
   9.41721214E-01    2.46275510E-04   -3.76816842E-03
   9.50545886E-01    2.15170857E-04   -3.29201917E-03
   9.59453251E-01    1.87758892E-04   -2.87241212E-03
   9.68444086E-01    1.63631759E-04   -2.50310301E-03
   9.77519172E-01    1.42422959E-04   -2.17848022E-03
   9.86679299E-01    1.23803498E-04   -1.89350600E-03
   9.95925263E-01    1.07478474E-04   -1.64366433E-03
   1.00525787E+00    9.31838999E-05   -1.42491235E-03
   1.01467793E+00    8.06835743E-05   -1.23363260E-03
   1.02418626E+00    6.97673019E-05   -1.06660580E-03
   1.03378370E+00    6.02464942E-05   -9.20943537E-04
   1.04347107E+00    5.19547257E-05   -7.94096816E-04
   1.05324921E+00    4.47427061E-05   -6.83779099E-04
   1.06311899E+00    3.84786333E-05   -5.87971725E-04
   1.07308126E+00    3.30454886E-05   -5.04882490E-04
   1.08313687E+00    2.83396443E-05   -4.32924337E-04
   1.09328672E+00    2.42695310E-05   -3.70694937E-04
   1.10353168E+00    2.07541845E-05   -3.16954442E-04
   1.11387265E+00    1.77225589E-05   -2.70614950E-04
   1.12431051E+00    1.51116920E-05   -2.30712412E-04
   1.13484619E+00    1.28665274E-05   -1.96403892E-04
   1.14548059E+00    1.09387312E-05   -1.66949446E-04
   1.15621465E+00    9.28594303E-06   -1.41700639E-04
   1.16704930E+00    7.87096459E-06   -1.20088108E-04
   1.17798547E+00    6.66149174E-06   -1.01617461E-04
   1.18902412E+00    5.62920433E-06   -8.58553267E-05
   1.20016622E+00    4.74953037E-06   -7.24257360E-05
   1.21141273E+00    4.00107109E-06   -6.10013159E-05
   1.22276462E+00    3.36525444E-06   -5.12979776E-05
   1.23422289E+00    2.82599228E-06   -4.30696627E-05
   1.24578853E+00    2.36933122E-06   -3.61029946E-05
   1.25746255E+00    1.98325848E-06   -3.02143017E-05
   1.26924597E+00    1.65738818E-06   -2.52448125E-05
   1.28113981E+00    1.38277750E-06   -2.10578387E-05
   1.29314510E+00    1.15176012E-06   -1.75362236E-05
   1.30526289E+00    9.57730301E-07   -1.45790359E-05
   1.31749424E+00    7.95042052E-07   -1.21000245E-05
   1.32984020E+00    6.58863648E-07   -1.00253915E-05
   1.34230185E+00    5.45071182E-07   -8.29216177E-06
   1.35488028E+00    4.50149545E-07   -6.84666783E-06
   1.36757658E+00    3.71107502E-07   -5.64324961E-06
   1.38039185E+00    3.05404348E-07   -4.64313218E-06
   1.39332721E+00    2.50885962E-07   -3.81344735E-06
   1.40638379E+00    2.05729316E-07   -3.12638481E-06
   1.41956271E+00    1.68394390E-07   -2.55845657E-06
   1.43286514E+00    1.37582611E-07   -2.08986157E-06
   1.44629222E+00    1.12201015E-07   -1.70393764E-06
   1.45984512E+00    9.13313948E-08   -1.38668996E-06
   1.47352502E+00    7.42038029E-08   -1.12638607E-06
   1.48733311E+00    6.01738264E-08   -9.13208737E-07
   1.50127060E+00    4.87031538E-08   -7.38959031E-07
   1.51533869E+00    3.93429473E-08   -5.96802413E-07
   1.52953861E+00    3.17197806E-08   -4.81054018E-07
   1.54387159E+00    2.55232394E-08   -3.86989395E-07
   1.55833889E+00    2.04966683E-08   -3.10703259E-07
   1.57294176E+00    1.64270346E-08   -2.48954880E-07
   1.58768146E+00    1.31388489E-08   -1.99075324E-07
   1.60255929E+00    1.04874292E-08   -1.58864745E-07
   1.61757654E+00    8.35384552E-09   -1.26515303E-07
   1.63273451E+00    6.64050885E-09   -1.00543940E-07
   1.64803452E+00    5.26751369E-09   -7.97366433E-08
   1.66347790E+00    4.16956913E-09   -6.31016954E-08
   1.67906601E+00    3.29343842E-09   -4.98306825E-08
   1.69480018E+00    2.59580868E-09   -3.92660576E-08
   1.71068180E+00    2.04149702E-09   -3.08738365E-08
   1.72671224E+00    1.60204042E-09   -2.42221392E-08
   1.74289289E+00    1.25440148E-09   -1.89615013E-08
   1.75922518E+00    9.80010839E-10   -1.48103106E-08
   1.77571050E+00    7.63921512E-10   -1.15419495E-08
   1.79235031E+00    5.94116614E-10   -8.97427282E-09
   1.80914605E+00    4.61011986E-10   -6.96204833E-09
   1.82609918E+00    3.56890040E-10   -5.38835886E-09
   1.84321117E+00    2.75636146E-10   -4.16059642E-09
   1.86048352E+00    2.12384363E-10   -3.20508420E-09
   1.87791772E+00    1.63255338E-10   -2.46309907E-09
   1.89551529E+00    1.25195990E-10   -1.88843794E-09
   1.91327776E+00    9.57700586E-11   -1.44424180E-09
   1.93120669E+00    7.30838441E-11   -1.10186817E-09
   1.94930362E+00    5.56343247E-11   -8.38589436E-10
   1.96757013E+00    4.22438836E-11   -6.36603248E-10
   1.98600782E+00    3.19969008E-11   -4.82071760E-10
   2.00461828E+00    2.41758809E-11   -3.64154081E-10
   2.02340314E+00    1.82173221E-11   -2.74338377E-10
   2.04236402E+00    1.36919002E-11   -2.06141396E-10
   2.06150259E+00    1.02651919E-11   -1.54514225E-10
   2.08082049E+00    7.67507269E-12   -1.15500534E-10
   2.10031942E+00    5.72399282E-12   -8.61194322E-11
   2.12000108E+00    4.25531489E-12   -6.40079587E-11
   2.13986716E+00    3.15763717E-12   -4.74860748E-11
   2.15991941E+00    2.33521222E-12   -3.51100646E-11
   2.18015956E+00    1.72282473E-12   -2.58969380E-11
   2.20058937E+00    1.26620347E-12   -1.90288201E-11
   2.22121063E+00    9.29442122E-13   -1.39647836E-11
   2.24202513E+00    6.79913361E-13   -1.02133634E-11
   2.26303468E+00    4.95862359E-13   -7.44696891E-12
   2.28424110E+00    3.60576828E-13   -5.41402041E-12
   2.30564624E+00    2.61210515E-13   -3.92116919E-12
   2.32725197E+00    1.89119816E-13   -2.83836678E-12
   2.34906016E+00    1.36130613E-13   -2.04263668E-12
   2.37107271E+00    9.76523503E-14   -1.46494352E-12
   2.39329153E+00    7.01596214E-14   -1.05228759E-12
   2.41571856E+00    5.00773802E-14   -7.50923950E-13
   2.43835575E+00    3.53819434E-14   -5.30438135E-13
   2.46120507E+00    2.50081855E-14   -3.74831652E-13
   2.48426851E+00    1.78405241E-14   -2.67348460E-13
   2.50754806E+00    1.27227080E-14   -1.90621845E-13
   2.53104577E+00    8.95075785E-15   -1.34080432E-13
   2.55476367E+00    6.25486085E-15   -9.36761682E-14
   2.57870382E+00    4.36586918E-15   -6.53713561E-14
   2.60286831E+00    3.01478848E-15   -4.51306488E-14
   2.62725924E+00    2.05692041E-15   -3.07837026E-14
   2.65187874E+00    1.41006222E-15   -2.10979157E-14
   2.67672894E+00    9.87507184E-16   -1.47731596E-14
   2.70181200E+00    6.98299456E-16   -1.04456002E-14
   2.72713011E+00    4.83256084E-16   -7.22796157E-15
   2.75268548E+00    3.28116963E-16   -4.90675170E-15
   2.77848031E+00    2.20968825E-16   -3.30370099E-15
   2.80451687E+00    1.49164800E-16   -2.22956256E-15
   2.83079740E+00    9.95469896E-17   -1.48744237E-15
   2.85732421E+00    6.40706311E-17   -9.56950828E-16
   2.88409960E+00    4.01960274E-17   -6.00066960E-16
   2.91112589E+00    2.54900152E-17   -3.80362629E-16
   2.93840544E+00    1.73702620E-17   -2.59176542E-16
   2.96594062E+00    1.30992607E-17   -1.95524351E-16
   2.99373382E+00    1.01159810E-17   -1.51065182E-16
   3.02178747E+00    7.67132474E-18   -1.14592779E-16
   3.05010401E+00    5.67855251E-18   -8.48205204E-17
   3.07868589E+00    4.04633001E-18   -6.03937554E-17
   3.10753561E+00    2.67770197E-18   -3.98744654E-17
   3.13665567E+00    1.46986556E-18   -2.17379047E-17
   3.16604861E+00    0.00000000E+00    0.00000000E+00
   3.19571699E+00    0.00000000E+00    0.00000000E+00
   3.22566338E+00    0.00000000E+00    0.00000000E+00
   3.25589039E+00    0.00000000E+00    0.00000000E+00
   3.28640066E+00    0.00000000E+00    0.00000000E+00
   3.31719683E+00    0.00000000E+00    0.00000000E+00
   3.34828158E+00    0.00000000E+00    0.00000000E+00
   3.37965762E+00    0.00000000E+00    0.00000000E+00
   3.41132768E+00    0.00000000E+00    0.00000000E+00
   3.44329452E+00    0.00000000E+00    0.00000000E+00
   3.47556091E+00    0.00000000E+00    0.00000000E+00
   3.50812966E+00    0.00000000E+00    0.00000000E+00
   3.54100360E+00    0.00000000E+00    0.00000000E+00
   3.57418560E+00    0.00000000E+00    0.00000000E+00
   3.60767855E+00    0.00000000E+00    0.00000000E+00
   3.64148534E+00    0.00000000E+00    0.00000000E+00
   3.67560894E+00    0.00000000E+00    0.00000000E+00
   3.71005229E+00    0.00000000E+00    0.00000000E+00
   3.74481841E+00    0.00000000E+00    0.00000000E+00
   3.77991032E+00    0.00000000E+00    0.00000000E+00
   3.81533107E+00    0.00000000E+00    0.00000000E+00
   3.85108373E+00    0.00000000E+00    0.00000000E+00
   3.88717143E+00    0.00000000E+00    0.00000000E+00
   3.92359729E+00    0.00000000E+00    0.00000000E+00
   3.96036450E+00    0.00000000E+00    0.00000000E+00
   3.99747624E+00    0.00000000E+00    0.00000000E+00
   4.03493575E+00    0.00000000E+00    0.00000000E+00
   4.07274629E+00    0.00000000E+00    0.00000000E+00
   4.11091113E+00    0.00000000E+00    0.00000000E+00
   4.14943362E+00    0.00000000E+00    0.00000000E+00
   4.18831709E+00    0.00000000E+00    0.00000000E+00
   4.22756493E+00    0.00000000E+00    0.00000000E+00
   4.26718055E+00    0.00000000E+00    0.00000000E+00
   4.30716740E+00    0.00000000E+00    0.00000000E+00
   4.34752896E+00    0.00000000E+00    0.00000000E+00
   4.38826874E+00    0.00000000E+00    0.00000000E+00
   4.42939028E+00    0.00000000E+00    0.00000000E+00
   4.47089717E+00    0.00000000E+00    0.00000000E+00
   4.51279301E+00    0.00000000E+00    0.00000000E+00
   4.55508144E+00    0.00000000E+00    0.00000000E+00
   4.59776615E+00    0.00000000E+00    0.00000000E+00
   4.64085085E+00    0.00000000E+00    0.00000000E+00
   4.68433929E+00    0.00000000E+00    0.00000000E+00
   4.72823525E+00    0.00000000E+00    0.00000000E+00
   4.77254255E+00    0.00000000E+00    0.00000000E+00
   4.81726504E+00    0.00000000E+00    0.00000000E+00
   4.86240662E+00    0.00000000E+00    0.00000000E+00
   4.90797121E+00    0.00000000E+00    0.00000000E+00
   4.95396277E+00    0.00000000E+00    0.00000000E+00
   5.00038532E+00    0.00000000E+00    0.00000000E+00
   5.04724288E+00    0.00000000E+00    0.00000000E+00
   5.09453953E+00    0.00000000E+00    0.00000000E+00
   5.14227939E+00    0.00000000E+00    0.00000000E+00
   5.19046661E+00    0.00000000E+00    0.00000000E+00
   5.23910538E+00    0.00000000E+00    0.00000000E+00
   5.28819993E+00    0.00000000E+00    0.00000000E+00
   5.33775454E+00    0.00000000E+00    0.00000000E+00
   5.38777352E+00    0.00000000E+00    0.00000000E+00
   5.43826121E+00    0.00000000E+00    0.00000000E+00
   5.48922201E+00    0.00000000E+00    0.00000000E+00
   5.54066036E+00    0.00000000E+00    0.00000000E+00
   5.59258072E+00    0.00000000E+00    0.00000000E+00
   5.64498762E+00    0.00000000E+00    0.00000000E+00
   5.69788561E+00    0.00000000E+00    0.00000000E+00
   5.75127930E+00    0.00000000E+00    0.00000000E+00
   5.80517333E+00    0.00000000E+00    0.00000000E+00
   5.85957239E+00    0.00000000E+00    0.00000000E+00
   5.91448121E+00    0.00000000E+00    0.00000000E+00
   5.96990457E+00    0.00000000E+00    0.00000000E+00
   6.02584729E+00    0.00000000E+00    0.00000000E+00
   6.08231424E+00    0.00000000E+00    0.00000000E+00
   6.13931032E+00    0.00000000E+00    0.00000000E+00
   6.19684051E+00    0.00000000E+00    0.00000000E+00
   6.25490980E+00    0.00000000E+00    0.00000000E+00
   6.31352324E+00    0.00000000E+00    0.00000000E+00
   6.37268594E+00    0.00000000E+00    0.00000000E+00
   6.43240304E+00    0.00000000E+00    0.00000000E+00
   6.49267974E+00    0.00000000E+00    0.00000000E+00
   6.55352128E+00    0.00000000E+00    0.00000000E+00
   6.61493295E+00    0.00000000E+00    0.00000000E+00
   6.67692009E+00    0.00000000E+00    0.00000000E+00
   6.73948811E+00    0.00000000E+00    0.00000000E+00
   6.80264243E+00    0.00000000E+00    0.00000000E+00
   6.86638856E+00    0.00000000E+00    0.00000000E+00
   6.93073205E+00    0.00000000E+00    0.00000000E+00
   6.99567848E+00    0.00000000E+00    0.00000000E+00
   7.06123351E+00    0.00000000E+00    0.00000000E+00
   7.12740285E+00    0.00000000E+00    0.00000000E+00
   7.19419224E+00    0.00000000E+00    0.00000000E+00
   7.26160750E+00    0.00000000E+00    0.00000000E+00
   7.32965450E+00    0.00000000E+00    0.00000000E+00
   7.39833915E+00    0.00000000E+00    0.00000000E+00
   7.46766743E+00    0.00000000E+00    0.00000000E+00
   7.53764537E+00    0.00000000E+00    0.00000000E+00
   7.60827906E+00    0.00000000E+00    0.00000000E+00
   7.67957465E+00    0.00000000E+00    0.00000000E+00
   7.75153833E+00    0.00000000E+00    0.00000000E+00
   7.82417636E+00    0.00000000E+00    0.00000000E+00
   7.89749507E+00    0.00000000E+00    0.00000000E+00
   7.97150084E+00    0.00000000E+00    0.00000000E+00
   8.04620010E+00    0.00000000E+00    0.00000000E+00
   8.12159935E+00    0.00000000E+00    0.00000000E+00
   8.19770515E+00    0.00000000E+00    0.00000000E+00
   8.27452412E+00    0.00000000E+00    0.00000000E+00
   8.35206294E+00    0.00000000E+00    0.00000000E+00
   8.43032837E+00    0.00000000E+00    0.00000000E+00
   8.50932720E+00    0.00000000E+00    0.00000000E+00
   8.58906632E+00    0.00000000E+00    0.00000000E+00
   8.66955265E+00    0.00000000E+00    0.00000000E+00
   8.75079321E+00    0.00000000E+00    0.00000000E+00
   8.83279505E+00    0.00000000E+00    0.00000000E+00
   8.91556532E+00    0.00000000E+00    0.00000000E+00
   8.99911121E+00    0.00000000E+00    0.00000000E+00
   9.08343999E+00    0.00000000E+00    0.00000000E+00
   9.16855899E+00    0.00000000E+00    0.00000000E+00
   9.25447563E+00    0.00000000E+00    0.00000000E+00
   9.34119738E+00    0.00000000E+00    0.00000000E+00
   9.42873177E+00    0.00000000E+00    0.00000000E+00
   9.51708643E+00    0.00000000E+00    0.00000000E+00
   9.60626905E+00    0.00000000E+00    0.00000000E+00
   9.69628738E+00    0.00000000E+00    0.00000000E+00
   9.78714925E+00    0.00000000E+00    0.00000000E+00
   9.87886257E+00    0.00000000E+00    0.00000000E+00
   9.97143531E+00    0.00000000E+00    0.00000000E+00
   1.00648755E+01    0.00000000E+00    0.00000000E+00
   1.01591914E+01    0.00000000E+00    0.00000000E+00
   1.02543910E+01    0.00000000E+00    0.00000000E+00
   1.03504828E+01    0.00000000E+00    0.00000000E+00
   1.04474750E+01    0.00000000E+00    0.00000000E+00
   1.05453760E+01    0.00000000E+00    0.00000000E+00
   1.06441945E+01    0.00000000E+00    0.00000000E+00
   1.07439391E+01    0.00000000E+00    0.00000000E+00
   1.08446182E+01    0.00000000E+00    0.00000000E+00
   1.09462409E+01    0.00000000E+00    0.00000000E+00
   1.10488158E+01    0.00000000E+00    0.00000000E+00
   1.11523519E+01    0.00000000E+00    0.00000000E+00
   1.12568583E+01    0.00000000E+00    0.00000000E+00
   1.13623439E+01    0.00000000E+00    0.00000000E+00
   1.14688181E+01    0.00000000E+00    0.00000000E+00
   1.15762900E+01    0.00000000E+00    0.00000000E+00
   1.16847689E+01    0.00000000E+00    0.00000000E+00
   1.17942644E+01    0.00000000E+00    0.00000000E+00
   1.19047860E+01    0.00000000E+00    0.00000000E+00
   1.20163433E+01    0.00000000E+00    0.00000000E+00
   1.21289459E+01    0.00000000E+00    0.00000000E+00
   1.22426037E+01    0.00000000E+00    0.00000000E+00
   1.23573266E+01    0.00000000E+00    0.00000000E+00
   1.24731245E+01    0.00000000E+00    0.00000000E+00
   1.25900075E+01    0.00000000E+00    0.00000000E+00
   1.27079858E+01    0.00000000E+00    0.00000000E+00
   1.28270697E+01    0.00000000E+00    0.00000000E+00
   1.29472694E+01    0.00000000E+00    0.00000000E+00
   1.30685956E+01    0.00000000E+00    0.00000000E+00
   1.31910586E+01    0.00000000E+00    0.00000000E+00
   1.33146693E+01    0.00000000E+00    0.00000000E+00
   1.34394382E+01    0.00000000E+00    0.00000000E+00
   1.35653764E+01    0.00000000E+00    0.00000000E+00
   1.36924947E+01    0.00000000E+00    0.00000000E+00
   1.38208042E+01    0.00000000E+00    0.00000000E+00
   1.39503160E+01    0.00000000E+00    0.00000000E+00
   1.40810415E+01    0.00000000E+00    0.00000000E+00
   1.42129920E+01    0.00000000E+00    0.00000000E+00
   1.43461789E+01    0.00000000E+00    0.00000000E+00
   1.44806140E+01    0.00000000E+00    0.00000000E+00
   1.46163088E+01    0.00000000E+00    0.00000000E+00
   1.47532751E+01    0.00000000E+00    0.00000000E+00
   1.48915250E+01    0.00000000E+00    0.00000000E+00
   1.50310703E+01    0.00000000E+00    0.00000000E+00
   1.51719233E+01    0.00000000E+00    0.00000000E+00
   1.53140962E+01    0.00000000E+00    0.00000000E+00
   1.54576014E+01    0.00000000E+00    0.00000000E+00
   1.56024513E+01    0.00000000E+00    0.00000000E+00
   1.57486586E+01    0.00000000E+00    0.00000000E+00
   1.58962360E+01    0.00000000E+00    0.00000000E+00
   1.60451963E+01    0.00000000E+00    0.00000000E+00
   1.61955524E+01    0.00000000E+00    0.00000000E+00
   1.63473175E+01    0.00000000E+00    0.00000000E+00
   1.65005048E+01    0.00000000E+00    0.00000000E+00
   1.66551276E+01    0.00000000E+00    0.00000000E+00
   1.68111993E+01    0.00000000E+00    0.00000000E+00
   1.69687335E+01    0.00000000E+00    0.00000000E+00
   1.71277439E+01    0.00000000E+00    0.00000000E+00
   1.72882444E+01    0.00000000E+00    0.00000000E+00
   1.74502489E+01    0.00000000E+00    0.00000000E+00
   1.76137715E+01    0.00000000E+00    0.00000000E+00
   1.77788265E+01    0.00000000E+00    0.00000000E+00
   1.79454281E+01    0.00000000E+00    0.00000000E+00
   1.81135909E+01    0.00000000E+00    0.00000000E+00
   1.82833296E+01    0.00000000E+00    0.00000000E+00
   1.84546588E+01    0.00000000E+00    0.00000000E+00
   1.86275936E+01    0.00000000E+00    0.00000000E+00
   1.88021488E+01    0.00000000E+00    0.00000000E+00
   1.89783398E+01    0.00000000E+00    0.00000000E+00
   1.91561818E+01    0.00000000E+00    0.00000000E+00
   1.93356904E+01    0.00000000E+00    0.00000000E+00
   1.95168811E+01    0.00000000E+00    0.00000000E+00
   1.96997697E+01    0.00000000E+00    0.00000000E+00
   1.98843721E+01    0.00000000E+00    0.00000000E+00
   2.00707043E+01    0.00000000E+00    0.00000000E+00
   2.02587827E+01    0.00000000E+00    0.00000000E+00
   2.04486235E+01    0.00000000E+00    0.00000000E+00
   2.06402432E+01    0.00000000E+00    0.00000000E+00
   2.08336586E+01    0.00000000E+00    0.00000000E+00
   2.10288865E+01    0.00000000E+00    0.00000000E+00
   2.12259437E+01    0.00000000E+00    0.00000000E+00
   2.14248476E+01    0.00000000E+00    0.00000000E+00
   2.16256153E+01    0.00000000E+00    0.00000000E+00
   2.18282644E+01    0.00000000E+00    0.00000000E+00
   2.20328125E+01    0.00000000E+00    0.00000000E+00
   2.22392773E+01    0.00000000E+00    0.00000000E+00
   2.24476769E+01    0.00000000E+00    0.00000000E+00
   2.26580294E+01    0.00000000E+00    0.00000000E+00
   2.28703530E+01    0.00000000E+00    0.00000000E+00
   2.30846663E+01    0.00000000E+00    0.00000000E+00
   2.33009879E+01    0.00000000E+00    0.00000000E+00
   2.35193365E+01    0.00000000E+00    0.00000000E+00
   2.37397313E+01    0.00000000E+00    0.00000000E+00
   2.39621913E+01    0.00000000E+00    0.00000000E+00
   2.41867360E+01    0.00000000E+00    0.00000000E+00
   2.44133848E+01    0.00000000E+00    0.00000000E+00
   2.46421575E+01    0.00000000E+00    0.00000000E+00
   2.48730739E+01    0.00000000E+00    0.00000000E+00
   2.51061543E+01    0.00000000E+00    0.00000000E+00
   2.53414188E+01    0.00000000E+00    0.00000000E+00
   2.55788879E+01    0.00000000E+00    0.00000000E+00
   2.58185823E+01    0.00000000E+00    0.00000000E+00
   2.60605228E+01    0.00000000E+00    0.00000000E+00
   2.63047305E+01    0.00000000E+00    0.00000000E+00
   2.65512266E+01    0.00000000E+00    0.00000000E+00
   2.68000325E+01    0.00000000E+00    0.00000000E+00
   2.70511700E+01    0.00000000E+00    0.00000000E+00
   2.73046608E+01    0.00000000E+00    0.00000000E+00
   2.75605271E+01    0.00000000E+00    0.00000000E+00
   2.78187910E+01    0.00000000E+00    0.00000000E+00
   2.80794750E+01    0.00000000E+00    0.00000000E+00
   2.83426019E+01    0.00000000E+00    0.00000000E+00
   2.86081944E+01    0.00000000E+00    0.00000000E+00
   2.88762758E+01    0.00000000E+00    0.00000000E+00
   2.91468693E+01    0.00000000E+00    0.00000000E+00
   2.94199985E+01    0.00000000E+00    0.00000000E+00
   2.96956871E+01    0.00000000E+00    0.00000000E+00
   2.99739591E+01    0.00000000E+00    0.00000000E+00
   3.02548388E+01    0.00000000E+00    0.00000000E+00
   3.05383505E+01    0.00000000E+00    0.00000000E+00
   3.08245190E+01    0.00000000E+00    0.00000000E+00
   3.11133691E+01    0.00000000E+00    0.00000000E+00
   3.14049259E+01    0.00000000E+00    0.00000000E+00
   3.16992149E+01    0.00000000E+00    0.00000000E+00
   3.19962616E+01    0.00000000E+00    0.00000000E+00
   3.22960918E+01    0.00000000E+00    0.00000000E+00
   3.25987317E+01    0.00000000E+00    0.00000000E+00
   3.29042076E+01    0.00000000E+00    0.00000000E+00
   3.32125460E+01    0.00000000E+00    0.00000000E+00
   3.35237738E+01    0.00000000E+00    0.00000000E+00
   3.38379180E+01    0.00000000E+00    0.00000000E+00
   3.41550060E+01    0.00000000E+00    0.00000000E+00
   3.44750654E+01    0.00000000E+00    0.00000000E+00
   3.47981240E+01    0.00000000E+00    0.00000000E+00
   3.51242099E+01    0.00000000E+00    0.00000000E+00
   3.54533515E+01    0.00000000E+00    0.00000000E+00
   3.57855774E+01    0.00000000E+00    0.00000000E+00
   3.61209165E+01    0.00000000E+00    0.00000000E+00
   3.64593980E+01    0.00000000E+00    0.00000000E+00
   3.68010513E+01    0.00000000E+00    0.00000000E+00
   3.71459063E+01    0.00000000E+00    0.00000000E+00
   3.74939927E+01    0.00000000E+00    0.00000000E+00
   3.78453411E+01    0.00000000E+00    0.00000000E+00
   3.81999818E+01    0.00000000E+00    0.00000000E+00
   3.85579458E+01    0.00000000E+00    0.00000000E+00
   3.89192642E+01    0.00000000E+00    0.00000000E+00
   3.92839684E+01    0.00000000E+00    0.00000000E+00
   3.96520902E+01    0.00000000E+00    0.00000000E+00
   4.00236616E+01    0.00000000E+00    0.00000000E+00
   4.03987150E+01    0.00000000E+00    0.00000000E+00
   4.07772828E+01    0.00000000E+00    0.00000000E+00
   4.11593982E+01    0.00000000E+00    0.00000000E+00
   4.15450942E+01    0.00000000E+00    0.00000000E+00
   4.19344046E+01    0.00000000E+00    0.00000000E+00
   4.23273631E+01    0.00000000E+00    0.00000000E+00
   4.27240039E+01    0.00000000E+00    0.00000000E+00
   4.31243615E+01    0.00000000E+00    0.00000000E+00
   4.35284709E+01    0.00000000E+00    0.00000000E+00
   4.39363670E+01    0.00000000E+00    0.00000000E+00
   4.43480855E+01    0.00000000E+00    0.00000000E+00
   4.47636621E+01    0.00000000E+00    0.00000000E+00
   4.51831329E+01    0.00000000E+00    0.00000000E+00
   4.56065346E+01    0.00000000E+00    0.00000000E+00
   4.60339038E+01    0.00000000E+00    0.00000000E+00
   4.64652778E+01    0.00000000E+00    0.00000000E+00
   4.69006942E+01    0.00000000E+00    0.00000000E+00
   4.73401907E+01    0.00000000E+00    0.00000000E+00
   4.77838057E+01    0.00000000E+00    0.00000000E+00
   4.82315777E+01    0.00000000E+00    0.00000000E+00
   4.86835457E+01    0.00000000E+00    0.00000000E+00
   4.91397490E+01    0.00000000E+00    0.00000000E+00
   4.96002272E+01    0.00000000E+00    0.00000000E+00
   5.00650205E+01    0.00000000E+00    0.00000000E+00
   5.05341693E+01    0.00000000E+00    0.00000000E+00
   5.10077144E+01    0.00000000E+00    0.00000000E+00
   5.14856969E+01    0.00000000E+00    0.00000000E+00
   5.19681586E+01    0.00000000E+00    0.00000000E+00
   5.24551413E+01    0.00000000E+00    0.00000000E+00
   5.29466874E+01    0.00000000E+00    0.00000000E+00
   5.34428396E+01    0.00000000E+00    0.00000000E+00
   5.39436412E+01    0.00000000E+00    0.00000000E+00
   5.44491358E+01    0.00000000E+00    0.00000000E+00
   5.49593672E+01    0.00000000E+00    0.00000000E+00
   5.54743798E+01    0.00000000E+00    0.00000000E+00
   5.59942186E+01    0.00000000E+00    0.00000000E+00
   5.65189286E+01    0.00000000E+00    0.00000000E+00
   5.70485556E+01    0.00000000E+00    0.00000000E+00
   5.75831457E+01    0.00000000E+00    0.00000000E+00
   5.81227452E+01    0.00000000E+00    0.00000000E+00
   5.86674012E+01    0.00000000E+00    0.00000000E+00
   5.92171611E+01    0.00000000E+00    0.00000000E+00
   5.97720727E+01    0.00000000E+00    0.00000000E+00
   6.03321842E+01    0.00000000E+00    0.00000000E+00
   6.08975444E+01    0.00000000E+00    0.00000000E+00
   6.14682025E+01    0.00000000E+00    0.00000000E+00
   6.20442081E+01    0.00000000E+00    0.00000000E+00
   6.26256113E+01    0.00000000E+00    0.00000000E+00
   6.32124628E+01    0.00000000E+00    0.00000000E+00
   6.38048135E+01    0.00000000E+00    0.00000000E+00
   6.44027150E+01    0.00000000E+00    0.00000000E+00
   6.50062193E+01    0.00000000E+00    0.00000000E+00
   6.56153789E+01    0.00000000E+00    0.00000000E+00
   6.62302468E+01    0.00000000E+00    0.00000000E+00
   6.68508765E+01    0.00000000E+00    0.00000000E+00
   6.74773220E+01    0.00000000E+00    0.00000000E+00
   6.81096378E+01    0.00000000E+00    0.00000000E+00
   6.87478789E+01    0.00000000E+00    0.00000000E+00
   6.93921008E+01    0.00000000E+00    0.00000000E+00
   7.00423596E+01    0.00000000E+00    0.00000000E+00
   7.06987118E+01    0.00000000E+00    0.00000000E+00
   7.13612146E+01    0.00000000E+00    0.00000000E+00
   7.20299255E+01    0.00000000E+00    0.00000000E+00
   7.27049028E+01    0.00000000E+00    0.00000000E+00
   7.33862052E+01    0.00000000E+00    0.00000000E+00
   7.40738919E+01    0.00000000E+00    0.00000000E+00
   7.47680228E+01    0.00000000E+00    0.00000000E+00
   7.54686582E+01    0.00000000E+00    0.00000000E+00
   7.61758591E+01    0.00000000E+00    0.00000000E+00
   7.68896871E+01    0.00000000E+00    0.00000000E+00
   7.76102042E+01    0.00000000E+00    0.00000000E+00
   7.83374731E+01    0.00000000E+00    0.00000000E+00
   7.90715571E+01    0.00000000E+00    0.00000000E+00
   7.98125200E+01    0.00000000E+00    0.00000000E+00
   8.05604263E+01    0.00000000E+00    0.00000000E+00
   8.13153411E+01    0.00000000E+00    0.00000000E+00
   8.20773301E+01    0.00000000E+00    0.00000000E+00
   8.28464595E+01    0.00000000E+00    0.00000000E+00
   8.36227963E+01    0.00000000E+00    0.00000000E+00
   8.44064079E+01    0.00000000E+00    0.00000000E+00
   8.51973626E+01    0.00000000E+00    0.00000000E+00
   8.59957292E+01    0.00000000E+00    0.00000000E+00
   8.68015771E+01    0.00000000E+00    0.00000000E+00
   8.76149764E+01    0.00000000E+00    0.00000000E+00
   8.84359979E+01    0.00000000E+00    0.00000000E+00
   8.92647131E+01    0.00000000E+00    0.00000000E+00
   9.01011939E+01    0.00000000E+00    0.00000000E+00
   9.09455133E+01    0.00000000E+00    0.00000000E+00
   9.17977446E+01    0.00000000E+00    0.00000000E+00
   9.26579619E+01    0.00000000E+00    0.00000000E+00
   9.35262402E+01    0.00000000E+00    0.00000000E+00
   9.44026549E+01    0.00000000E+00    0.00000000E+00
   9.52872824E+01    0.00000000E+00    0.00000000E+00
   9.61801994E+01    0.00000000E+00    0.00000000E+00
   9.70814839E+01    0.00000000E+00    0.00000000E+00
   9.79912140E+01    0.00000000E+00    0.00000000E+00
   9.89094691E+01    0.00000000E+00    0.00000000E+00
   9.98363290E+01    0.00000000E+00    0.00000000E+00
   1.00771874E+02    0.00000000E+00    0.00000000E+00
   1.01716186E+02    0.00000000E+00    0.00000000E+00
   1.02669347E+02    0.00000000E+00    0.00000000E+00
   1.03631440E+02    0.00000000E+00    0.00000000E+00
   1.04602549E+02    0.00000000E+00    0.00000000E+00
   1.05582757E+02    0.00000000E+00    0.00000000E+00
   1.06572151E+02    0.00000000E+00    0.00000000E+00
   1.07570816E+02    0.00000000E+00    0.00000000E+00
   1.08578840E+02    0.00000000E+00    0.00000000E+00
   1.09596309E+02    0.00000000E+00    0.00000000E+00
   1.10623313E+02    0.00000000E+00    0.00000000E+00
   1.11659941E+02    0.00000000E+00    0.00000000E+00
   1.12706283E+02    0.00000000E+00    0.00000000E+00
   1.13762430E+02    0.00000000E+00    0.00000000E+00
   1.14828473E+02    0.00000000E+00    0.00000000E+00
   1.15904507E+02    0.00000000E+00    0.00000000E+00
   1.16990624E+02    0.00000000E+00    0.00000000E+00
   1.18086918E+02    0.00000000E+00    0.00000000E+00
   1.19193486E+02    0.00000000E+00    0.00000000E+00
   1.20310423E+02    0.00000000E+00    0.00000000E+00
   1.21437827E+02    0.00000000E+00    0.00000000E+00
   1.22575795E+02    0.00000000E+00    0.00000000E+00
   1.23724427E+02    0.00000000E+00    0.00000000E+00
   1.24883822E+02    0.00000000E+00    0.00000000E+00
   1.26054083E+02    0.00000000E+00    0.00000000E+00
   1.27235309E+02    0.00000000E+00    0.00000000E+00
   1.28427604E+02    0.00000000E+00    0.00000000E+00
   1.29631072E+02    0.00000000E+00    0.00000000E+00
   1.30845818E+02    0.00000000E+00    0.00000000E+00
   1.32071946E+02    0.00000000E+00    0.00000000E+00
   1.33309565E+02    0.00000000E+00    0.00000000E+00
   1.34558781E+02    0.00000000E+00    0.00000000E+00
   1.35819703E+02    0.00000000E+00    0.00000000E+00
   1.37092441E+02    0.00000000E+00    0.00000000E+00
   1.38377105E+02    0.00000000E+00    0.00000000E+00
   1.39673808E+02    0.00000000E+00    0.00000000E+00
   1.40982662E+02    0.00000000E+00    0.00000000E+00
   1.42303781E+02    0.00000000E+00    0.00000000E+00
   1.43637279E+02    0.00000000E+00    0.00000000E+00
   1.44983274E+02    0.00000000E+00    0.00000000E+00
   1.46341882E+02    0.00000000E+00    0.00000000E+00
   1.47713221E+02    0.00000000E+00    0.00000000E+00
   1.49097411E+02    0.00000000E+00    0.00000000E+00
   1.50494571E+02    0.00000000E+00    0.00000000E+00
   1.51904824E+02    0.00000000E+00    0.00000000E+00
   1.53328292E+02    0.00000000E+00    0.00000000E+00
   1.54765099E+02    0.00000000E+00    0.00000000E+00
   1.56215371E+02    0.00000000E+00    0.00000000E+00
   1.57679232E+02    0.00000000E+00    0.00000000E+00
   1.59156811E+02    0.00000000E+00    0.00000000E+00
   1.60648236E+02    0.00000000E+00    0.00000000E+00
   1.62153637E+02    0.00000000E+00    0.00000000E+00
   1.63673144E+02    0.00000000E+00    0.00000000E+00
   1.65206891E+02    0.00000000E+00    0.00000000E+00
   1.66755010E+02    0.00000000E+00    0.00000000E+00
   1.68317636E+02    0.00000000E+00    0.00000000E+00
   1.69894905E+02    0.00000000E+00    0.00000000E+00
   1.71486955E+02    0.00000000E+00    0.00000000E+00
   1.73093923E+02    0.00000000E+00    0.00000000E+00
   1.74715950E+02    0.00000000E+00    0.00000000E+00
   1.76353176E+02    0.00000000E+00    0.00000000E+00
   1.78005745E+02    0.00000000E+00    0.00000000E+00
   1.79673799E+02    0.00000000E+00    0.00000000E+00
   1.81357484E+02    0.00000000E+00    0.00000000E+00
   1.83056947E+02    0.00000000E+00    0.00000000E+00
   1.84772335E+02    0.00000000E+00    0.00000000E+00
   1.86503798E+02    0.00000000E+00    0.00000000E+00
   1.88251486E+02    0.00000000E+00    0.00000000E+00
   1.90015551E+02    0.00000000E+00    0.00000000E+00
   1.91796147E+02    0.00000000E+00    0.00000000E+00
   1.93593428E+02    0.00000000E+00    0.00000000E+00
   1.95407552E+02    0.00000000E+00    0.00000000E+00
   1.97238675E+02    0.00000000E+00    0.00000000E+00
   1.99086957E+02    0.00000000E+00    0.00000000E+00
   2.00952559E+02    0.00000000E+00    0.00000000E+00
   2.02835643E+02    0.00000000E+00    0.00000000E+00
   2.04736373E+02    0.00000000E+00    0.00000000E+00
   2.06654915E+02    0.00000000E+00    0.00000000E+00
   2.08591434E+02    0.00000000E+00    0.00000000E+00
   2.10546101E+02    0.00000000E+00    0.00000000E+00
   2.12519084E+02    0.00000000E+00    0.00000000E+00
   2.14510556E+02    0.00000000E+00    0.00000000E+00
   2.16520689E+02    0.00000000E+00    0.00000000E+00
   2.18549659E+02    0.00000000E+00    0.00000000E+00
   2.20597642E+02    0.00000000E+00    0.00000000E+00
   2.22664816E+02    0.00000000E+00    0.00000000E+00
   2.24751361E+02    0.00000000E+00    0.00000000E+00
   2.26857459E+02    0.00000000E+00    0.00000000E+00
   2.28983293E+02    0.00000000E+00    0.00000000E+00
   2.31129047E+02    0.00000000E+00    0.00000000E+00
   2.33294909E+02    0.00000000E+00    0.00000000E+00
   2.35481066E+02    0.00000000E+00    0.00000000E+00
   2.37687710E+02    0.00000000E+00    0.00000000E+00
   2.39915031E+02    0.00000000E+00    0.00000000E+00
   2.42163224E+02    0.00000000E+00    0.00000000E+00
   2.44432485E+02    0.00000000E+00    0.00000000E+00
   2.46723011E+02    0.00000000E+00    0.00000000E+00
   2.49035000E+02    0.00000000E+00    0.00000000E+00
   2.51368655E+02    0.00000000E+00    0.00000000E+00
   2.53724177E+02    0.00000000E+00    0.00000000E+00
   2.56101773E+02    0.00000000E+00    0.00000000E+00
   2.58501649E+02    0.00000000E+00    0.00000000E+00
   2.60924014E+02    0.00000000E+00    0.00000000E+00
   2.63369078E+02    0.00000000E+00    0.00000000E+00
   2.65837054E+02    0.00000000E+00    0.00000000E+00
   2.68328157E+02    0.00000000E+00    0.00000000E+00
