# Peaks:     0.016841      0.104827      0.382202  
   6.48074053E-05    9.93798921E+01   -7.52190027E+04
   6.56185663E-05    9.93204010E+01   -7.43585393E+04
   6.64398801E-05    9.92602730E+01   -7.35084853E+04
   6.72714738E-05    9.91996140E+01   -7.26684501E+04
   6.81134762E-05    9.91385386E+01   -7.18380375E+04
   6.89660175E-05    9.90771700E+01   -7.10168451E+04
   6.98292297E-05    9.90156410E+01   -7.02044644E+04
   7.07032462E-05    9.89540941E+01   -6.94004804E+04
   7.15882023E-05    9.88926630E+01   -6.86045182E+04
   7.24842350E-05    9.88313643E+01   -6.78165069E+04
   7.33914828E-05    9.87701629E+01   -6.70365032E+04
   7.43100862E-05    9.87090203E+01   -6.62645703E+04
   7.52401873E-05    9.86478939E+01   -6.55007782E+04
   7.61819300E-05    9.85867371E+01   -6.47452031E+04
   7.71354600E-05    9.85254993E+01   -6.39979278E+04
   7.81009248E-05    9.84641485E+01   -6.32589797E+04
   7.90784738E-05    9.84026938E+01   -6.25282745E+04
   8.00682584E-05    9.83411495E+01   -6.18057172E+04
   8.10704315E-05    9.82795302E+01   -6.10912147E+04
   8.20851484E-05    9.82178512E+01   -6.03846756E+04
   8.31125659E-05    9.81561283E+01   -5.96860104E+04
   8.41528431E-05    9.80943727E+01   -5.89951391E+04
   8.52061409E-05    9.80325841E+01   -5.83120021E+04
   8.62726223E-05    9.79707596E+01   -5.76365448E+04
   8.73524523E-05    9.79088956E+01   -5.69687153E+04
   8.84457979E-05    9.78469874E+01   -5.63084644E+04
   8.95528284E-05    9.77850293E+01   -5.56557457E+04
   9.06737151E-05    9.77230165E+01   -5.50105098E+04
   9.18086313E-05    9.76609500E+01   -5.43726896E+04
   9.29577526E-05    9.75988320E+01   -5.37422153E+04
   9.41212570E-05    9.75366641E+01   -5.31190193E+04
   9.52993243E-05    9.74744473E+01   -5.25030359E+04
   9.64921368E-05    9.74121822E+01   -5.18942013E+04
   9.76998792E-05    9.73498687E+01   -5.12924531E+04
   9.89227383E-05    9.72875078E+01   -5.06977245E+04
   1.00160903E-04    9.72250999E+01   -5.01099482E+04
   1.01414566E-04    9.71626454E+01   -4.95290584E+04
   1.02683920E-04    9.71001436E+01   -4.89549914E+04
   1.03969161E-04    9.70375932E+01   -4.83876850E+04
   1.05270490E-04    9.69749923E+01   -4.78270789E+04
   1.06588106E-04    9.69123404E+01   -4.72731091E+04
   1.07922215E-04    9.68496386E+01   -4.67257075E+04
   1.09273022E-04    9.67868876E+01   -4.61848074E+04
   1.10640736E-04    9.67240874E+01   -4.56503437E+04
   1.12025569E-04    9.66612373E+01   -4.51222526E+04
   1.13427735E-04    9.65983361E+01   -4.46004720E+04
   1.14847452E-04    9.65353825E+01   -4.40849400E+04
   1.16284938E-04    9.64723770E+01   -4.35755905E+04
   1.17740417E-04    9.64093206E+01   -4.30723582E+04
   1.19214113E-04    9.63462132E+01   -4.25751785E+04
   1.20706255E-04    9.62830543E+01   -4.20839888E+04
   1.22217073E-04    9.62198426E+01   -4.15987273E+04
   1.23746801E-04    9.61565762E+01   -4.11193337E+04
   1.25295676E-04    9.60932545E+01   -4.06457460E+04
   1.26863937E-04    9.60298784E+01   -4.01779002E+04
   1.28451828E-04    9.59664482E+01   -3.97157335E+04
   1.30059593E-04    9.59029639E+01   -3.92591842E+04
   1.31687482E-04    9.58394243E+01   -3.88081917E+04
   1.33335747E-04    9.57758279E+01   -3.83626968E+04
   1.35004641E-04    9.57121726E+01   -3.79226407E+04
   1.36694425E-04    9.56484588E+01   -3.74879628E+04
   1.38405359E-04    9.55846870E+01   -3.70586024E+04
   1.40137707E-04    9.55208573E+01   -3.66344997E+04
   1.41891739E-04    9.54569693E+01   -3.62155960E+04
   1.43667725E-04    9.53930214E+01   -3.58018336E+04
   1.45465940E-04    9.53290119E+01   -3.53931559E+04
   1.47286662E-04    9.52649387E+01   -3.49895064E+04
   1.49130173E-04    9.52008025E+01   -3.45908272E+04
   1.50996759E-04    9.51366037E+01   -3.41970611E+04
   1.52886707E-04    9.50723422E+01   -3.38081515E+04
   1.54800312E-04    9.50080171E+01   -3.34240429E+04
   1.56737867E-04    9.49436269E+01   -3.30446807E+04
   1.58699675E-04    9.48791692E+01   -3.26700109E+04
   1.60686037E-04    9.48146425E+01   -3.22999800E+04
   1.62697261E-04    9.47500473E+01   -3.19345335E+04
   1.64733659E-04    9.46853839E+01   -3.15736174E+04
   1.66795545E-04    9.46206519E+01   -3.12171787E+04
   1.68883239E-04    9.45558503E+01   -3.08651652E+04
   1.70997064E-04    9.44909776E+01   -3.05175252E+04
   1.73137346E-04    9.44260310E+01   -3.01742081E+04
   1.75304417E-04    9.43610089E+01   -2.98351632E+04
   1.77498612E-04    9.42959117E+01   -2.95003397E+04
   1.79720271E-04    9.42307397E+01   -2.91696871E+04
   1.81969737E-04    9.41654925E+01   -2.88431557E+04
   1.84247358E-04    9.41001689E+01   -2.85206967E+04
   1.86553488E-04    9.40347671E+01   -2.82022615E+04
   1.88888482E-04    9.39692845E+01   -2.78878027E+04
   1.91252702E-04    9.39037189E+01   -2.75772729E+04
   1.93646513E-04    9.38380707E+01   -2.72706247E+04
   1.96070287E-04    9.37723401E+01   -2.69678111E+04
   1.98524398E-04    9.37065265E+01   -2.66687859E+04
   2.01009225E-04    9.36406289E+01   -2.63735034E+04
   2.03525154E-04    9.35746454E+01   -2.60819183E+04
   2.06072574E-04    9.35085733E+01   -2.57939863E+04
   2.08651878E-04    9.34424101E+01   -2.55096632E+04
   2.11263466E-04    9.33761554E+01   -2.52289051E+04
   2.13907742E-04    9.33098096E+01   -2.49516684E+04
   2.16585115E-04    9.32433723E+01   -2.46779102E+04
   2.19296000E-04    9.31768423E+01   -2.44075878E+04
   2.22040815E-04    9.31102178E+01   -2.41406594E+04
   2.24819985E-04    9.30434965E+01   -2.38770834E+04
   2.27633941E-04    9.29766749E+01   -2.36168190E+04
   2.30483118E-04    9.29097521E+01   -2.33598255E+04
   2.33367957E-04    9.28427283E+01   -2.31060626E+04
   2.36288903E-04    9.27756032E+01   -2.28554904E+04
   2.39246410E-04    9.27083759E+01   -2.26080696E+04
   2.42240934E-04    9.26410446E+01   -2.23637612E+04
   2.45272939E-04    9.25736070E+01   -2.21225269E+04
   2.48342894E-04    9.25060599E+01   -2.18843286E+04
   2.51451274E-04    9.24384007E+01   -2.16491288E+04
   2.54598560E-04    9.23706294E+01   -2.14168902E+04
   2.57785239E-04    9.23027459E+01   -2.11875760E+04
   2.61011804E-04    9.22347493E+01   -2.09611500E+04
   2.64278755E-04    9.21666382E+01   -2.07375761E+04
   2.67586596E-04    9.20984105E+01   -2.05168188E+04
   2.70935839E-04    9.20300632E+01   -2.02988430E+04
   2.74327004E-04    9.19615928E+01   -2.00836138E+04
   2.77760613E-04    9.18929978E+01   -1.98710970E+04
   2.81237200E-04    9.18242782E+01   -1.96612587E+04
   2.84757301E-04    9.17554335E+01   -1.94540654E+04
   2.88321462E-04    9.16864625E+01   -1.92494839E+04
   2.91930233E-04    9.16173634E+01   -1.90474816E+04
   2.95584173E-04    9.15481334E+01   -1.88480258E+04
   2.99283848E-04    9.14787692E+01   -1.86510846E+04
   3.03029830E-04    9.14092672E+01   -1.84566263E+04
   3.06822698E-04    9.13396269E+01   -1.82646196E+04
   3.10663040E-04    9.12698478E+01   -1.80750338E+04
   3.14551449E-04    9.11999293E+01   -1.78878384E+04
   3.18488528E-04    9.11298696E+01   -1.77030032E+04
   3.22474885E-04    9.10596666E+01   -1.75204985E+04
   3.26511137E-04    9.09893172E+01   -1.73402946E+04
   3.30597909E-04    9.09188176E+01   -1.71623624E+04
   3.34735832E-04    9.08481645E+01   -1.69866729E+04
   3.38925549E-04    9.07773575E+01   -1.68131980E+04
   3.43167705E-04    9.07063960E+01   -1.66419097E+04
   3.47462959E-04    9.06352788E+01   -1.64727802E+04
   3.51811973E-04    9.05640042E+01   -1.63057822E+04
   3.56215423E-04    9.04925694E+01   -1.61408885E+04
   3.60673988E-04    9.04209713E+01   -1.59780724E+04
   3.65188358E-04    9.03492056E+01   -1.58173073E+04
   3.69759233E-04    9.02772692E+01   -1.56585668E+04
   3.74387319E-04    9.02051616E+01   -1.55018255E+04
   3.79073332E-04    9.01328818E+01   -1.53470579E+04
   3.83817998E-04    9.00604286E+01   -1.51942390E+04
   3.88622050E-04    8.99877998E+01   -1.50433439E+04
   3.93486232E-04    8.99149926E+01   -1.48943480E+04
   3.98411297E-04    8.98420035E+01   -1.47472269E+04
   4.03398006E-04    8.97688280E+01   -1.46019565E+04
   4.08447131E-04    8.96954627E+01   -1.44585130E+04
   4.13559453E-04    8.96219069E+01   -1.43168731E+04
   4.18735764E-04    8.95481595E+01   -1.41770140E+04
   4.23976864E-04    8.94742190E+01   -1.40389129E+04
   4.29283564E-04    8.94000831E+01   -1.39025473E+04
   4.34656685E-04    8.93257488E+01   -1.37678949E+04
   4.40097059E-04    8.92512124E+01   -1.36349335E+04
   4.45605527E-04    8.91764692E+01   -1.35036412E+04
   4.51182942E-04    8.91015152E+01   -1.33739966E+04
   4.56830167E-04    8.90263493E+01   -1.32459785E+04
   4.62548075E-04    8.89509704E+01   -1.31195662E+04
   4.68337551E-04    8.88753768E+01   -1.29947392E+04
   4.74199491E-04    8.87995660E+01   -1.28714770E+04
   4.80134802E-04    8.87235349E+01   -1.27497594E+04
   4.86144402E-04    8.86472796E+01   -1.26295665E+04
   4.92229221E-04    8.85707954E+01   -1.25108784E+04
   4.98390201E-04    8.84940776E+01   -1.23936755E+04
   5.04628294E-04    8.84171244E+01   -1.22779387E+04
   5.10944467E-04    8.83399344E+01   -1.21636493E+04
   5.17339695E-04    8.82625059E+01   -1.20507887E+04
   5.23814970E-04    8.81848363E+01   -1.19393384E+04
   5.30371292E-04    8.81069225E+01   -1.18292802E+04
   5.37009677E-04    8.80287606E+01   -1.17205961E+04
   5.43731150E-04    8.79503456E+01   -1.16132680E+04
   5.50536753E-04    8.78716724E+01   -1.15072781E+04
   5.57427538E-04    8.77927378E+01   -1.14026091E+04
   5.64404571E-04    8.77135405E+01   -1.12992442E+04
   5.71468933E-04    8.76340784E+01   -1.11971664E+04
   5.78621715E-04    8.75543491E+01   -1.10963591E+04
   5.85864025E-04    8.74743493E+01   -1.09968060E+04
   5.93196983E-04    8.73940750E+01   -1.08984905E+04
   6.00621725E-04    8.73135216E+01   -1.08013965E+04
   6.08139397E-04    8.72326834E+01   -1.07055078E+04
   6.15751165E-04    8.71515556E+01   -1.06108087E+04
   6.23458205E-04    8.70701364E+01   -1.05172839E+04
   6.31261711E-04    8.69884238E+01   -1.04249181E+04
   6.39162888E-04    8.69064153E+01   -1.03336964E+04
   6.47162961E-04    8.68241074E+01   -1.02436038E+04
   6.55263167E-04    8.67414964E+01   -1.01546257E+04
   6.63464758E-04    8.66585775E+01   -1.00667473E+04
   6.71769005E-04    8.65753451E+01   -9.97995413E+03
   6.80177192E-04    8.64917932E+01   -9.89423176E+03
   6.88690619E-04    8.64079185E+01   -9.80956625E+03
   6.97310605E-04    8.63237188E+01   -9.72594392E+03
   7.06038483E-04    8.62391917E+01   -9.64335125E+03
   7.14875603E-04    8.61543337E+01   -9.56177480E+03
   7.23823333E-04    8.60691411E+01   -9.48120124E+03
   7.32883057E-04    8.59836091E+01   -9.40161737E+03
   7.42056177E-04    8.58977322E+01   -9.32301004E+03
   7.51344112E-04    8.58115042E+01   -9.24536624E+03
   7.60748299E-04    8.57249194E+01   -9.16867316E+03
   7.70270194E-04    8.56379752E+01   -9.09291844E+03
   7.79911269E-04    8.55506689E+01   -9.01808987E+03
   7.89673017E-04    8.54629972E+01   -8.94417536E+03
   7.99556947E-04    8.53749563E+01   -8.87116289E+03
   8.09564590E-04    8.52865415E+01   -8.79904055E+03
   8.19697493E-04    8.51977475E+01   -8.72779648E+03
   8.29957225E-04    8.51085681E+01   -8.65741895E+03
   8.40345372E-04    8.50189964E+01   -8.58789628E+03
   8.50863542E-04    8.49290275E+01   -8.51921715E+03
   8.61513363E-04    8.48386587E+01   -8.45137055E+03
   8.72296482E-04    8.47478868E+01   -8.38434558E+03
   8.83214568E-04    8.46567077E+01   -8.31813142E+03
   8.94269310E-04    8.45651171E+01   -8.25271733E+03
   9.05462418E-04    8.44731095E+01   -8.18809263E+03
   9.16795625E-04    8.43806789E+01   -8.12424673E+03
   9.28270684E-04    8.42878185E+01   -8.06116909E+03
   9.39889370E-04    8.41945210E+01   -7.99884931E+03
   9.51653481E-04    8.41007823E+01   -7.93727735E+03
   9.63564838E-04    8.40065990E+01   -7.87644339E+03
   9.75625283E-04    8.39119672E+01   -7.81633768E+03
   9.87836682E-04    8.38168824E+01   -7.75695054E+03
   1.00020092E-03    8.37213395E+01   -7.69827237E+03
   1.01271992E-03    8.36253324E+01   -7.64029361E+03
   1.02539562E-03    8.35288544E+01   -7.58300476E+03
   1.03822997E-03    8.34318979E+01   -7.52639641E+03
   1.05122496E-03    8.33344558E+01   -7.47045926E+03
   1.06438260E-03    8.32365240E+01   -7.41518441E+03
   1.07770493E-03    8.31380985E+01   -7.36056309E+03
   1.09119401E-03    8.30391749E+01   -7.30658657E+03
   1.10485192E-03    8.29397481E+01   -7.25324620E+03
   1.11868078E-03    8.28398120E+01   -7.20053338E+03
   1.13268273E-03    8.27393600E+01   -7.14843956E+03
   1.14685994E-03    8.26383849E+01   -7.09695621E+03
   1.16121459E-03    8.25368781E+01   -7.04607490E+03
   1.17574892E-03    8.24348329E+01   -6.99578736E+03
   1.19046516E-03    8.23322449E+01   -6.94608567E+03
   1.20536560E-03    8.22291095E+01   -6.89696198E+03
   1.22045254E-03    8.21254217E+01   -6.84840849E+03
   1.23572832E-03    8.20211755E+01   -6.80041745E+03
   1.25119529E-03    8.19163644E+01   -6.75298115E+03
   1.26685586E-03    8.18109810E+01   -6.70609193E+03
   1.28271244E-03    8.17050174E+01   -6.65974215E+03
   1.29876749E-03    8.15984646E+01   -6.61392425E+03
   1.31502350E-03    8.14913156E+01   -6.56863087E+03
   1.33148297E-03    8.13835658E+01   -6.52385493E+03
   1.34814846E-03    8.12752100E+01   -6.47958943E+03
   1.36502254E-03    8.11662423E+01   -6.43582736E+03
   1.38210782E-03    8.10566562E+01   -6.39256179E+03
   1.39940695E-03    8.09464446E+01   -6.34978581E+03
   1.41692261E-03    8.08355995E+01   -6.30749256E+03
   1.43465750E-03    8.07241121E+01   -6.26567517E+03
   1.45261437E-03    8.06119728E+01   -6.22432686E+03
   1.47079600E-03    8.04991747E+01   -6.18344107E+03
   1.48920519E-03    8.03857126E+01   -6.14301148E+03
   1.50784481E-03    8.02715805E+01   -6.10303180E+03
   1.52671772E-03    8.01567719E+01   -6.06349578E+03
   1.54582686E-03    8.00412798E+01   -6.02439718E+03
   1.56517518E-03    7.99250963E+01   -5.98572982E+03
   1.58476567E-03    7.98082127E+01   -5.94748751E+03
   1.60460137E-03    7.96906195E+01   -5.90966412E+03
   1.62468534E-03    7.95723067E+01   -5.87225353E+03
   1.64502069E-03    7.94532671E+01   -5.83524991E+03
   1.66561056E-03    7.93334947E+01   -5.79864758E+03
   1.68645815E-03    7.92129831E+01   -5.76244091E+03
   1.70756668E-03    7.90917250E+01   -5.72662428E+03
   1.72893942E-03    7.89697128E+01   -5.69119211E+03
   1.75057966E-03    7.88469377E+01   -5.65613884E+03
   1.77249076E-03    7.87233906E+01   -5.62145891E+03
   1.79467612E-03    7.85990613E+01   -5.58714679E+03
   1.81713916E-03    7.84739391E+01   -5.55319700E+03
   1.83988335E-03    7.83480165E+01   -5.51960431E+03
   1.86291222E-03    7.82212868E+01   -5.48636363E+03
   1.88622934E-03    7.80937430E+01   -5.45346991E+03
   1.90983830E-03    7.79653772E+01   -5.42091810E+03
   1.93374276E-03    7.78361810E+01   -5.38870319E+03
   1.95794642E-03    7.77061450E+01   -5.35682016E+03
   1.98245303E-03    7.75752594E+01   -5.32526403E+03
   2.00726637E-03    7.74435133E+01   -5.29402980E+03
   2.03239029E-03    7.73108955E+01   -5.26311254E+03
   2.05782867E-03    7.71773980E+01   -5.23250757E+03
   2.08358546E-03    7.70430135E+01   -5.20221031E+03
   2.10966462E-03    7.69077342E+01   -5.17221621E+03
   2.13607021E-03    7.67715517E+01   -5.14252076E+03
   2.16280630E-03    7.66344568E+01   -5.11311941E+03
   2.18987703E-03    7.64964395E+01   -5.08400766E+03
   2.21728660E-03    7.63574894E+01   -5.05518101E+03
   2.24503923E-03    7.62175947E+01   -5.02663496E+03
   2.27313923E-03    7.60767440E+01   -4.99836505E+03
   2.30159094E-03    7.59349284E+01   -4.97036708E+03
   2.33039877E-03    7.57921403E+01   -4.94263693E+03
   2.35956717E-03    7.56483710E+01   -4.91517051E+03
   2.38910066E-03    7.55036115E+01   -4.88796374E+03
   2.41900380E-03    7.53578520E+01   -4.86101253E+03
   2.44928123E-03    7.52110820E+01   -4.83431281E+03
   2.47993762E-03    7.50632901E+01   -4.80786052E+03
   2.51097772E-03    7.49144641E+01   -4.78165158E+03
   2.54240634E-03    7.47645919E+01   -4.75568197E+03
   2.57422833E-03    7.46136642E+01   -4.72994789E+03
   2.60644862E-03    7.44616727E+01   -4.70444566E+03
   2.63907219E-03    7.43086081E+01   -4.67917156E+03
   2.67210410E-03    7.41544609E+01   -4.65412191E+03
   2.70554945E-03    7.39992204E+01   -4.62929303E+03
   2.73941342E-03    7.38428756E+01   -4.60468124E+03
   2.77370125E-03    7.36854146E+01   -4.58028283E+03
   2.80841824E-03    7.35268245E+01   -4.55609414E+03
   2.84356976E-03    7.33670927E+01   -4.53211151E+03
   2.87916126E-03    7.32062094E+01   -4.50833152E+03
   2.91519824E-03    7.30441655E+01   -4.48475083E+03
   2.95168628E-03    7.28809515E+01   -4.46136610E+03
   2.98863101E-03    7.27165569E+01   -4.43817398E+03
   3.02603817E-03    7.25509708E+01   -4.41517115E+03
   3.06391353E-03    7.23841815E+01   -4.39235427E+03
   3.10226296E-03    7.22161764E+01   -4.36971998E+03
   3.14109239E-03    7.20469423E+01   -4.34726494E+03
   3.18040782E-03    7.18764659E+01   -4.32498585E+03
   3.22021535E-03    7.17047370E+01   -4.30287959E+03
   3.26052113E-03    7.15317461E+01   -4.28094316E+03
   3.30133139E-03    7.13574830E+01   -4.25917353E+03
   3.34265245E-03    7.11819368E+01   -4.23756766E+03
   3.38449071E-03    7.10050961E+01   -4.21612254E+03
   3.42685264E-03    7.08269488E+01   -4.19483512E+03
   3.46974479E-03    7.06474817E+01   -4.17370238E+03
   3.51317380E-03    7.04666812E+01   -4.15272125E+03
   3.55714639E-03    7.02845335E+01   -4.13188873E+03
   3.60166936E-03    7.01010282E+01   -4.11120201E+03
   3.64674960E-03    6.99161552E+01   -4.09065836E+03
   3.69239408E-03    6.97299039E+01   -4.07025502E+03
   3.73860988E-03    6.95422632E+01   -4.04998925E+03
   3.78540413E-03    6.93532211E+01   -4.02985830E+03
   3.83278409E-03    6.91627652E+01   -4.00985940E+03
   3.88075707E-03    6.89708822E+01   -3.98998980E+03
   3.92933051E-03    6.87775578E+01   -3.97024670E+03
   3.97851192E-03    6.85827782E+01   -3.95062737E+03
   4.02830890E-03    6.83865324E+01   -3.93112925E+03
   4.07872917E-03    6.81888103E+01   -3.91174985E+03
   4.12978052E-03    6.79896009E+01   -3.89248669E+03
   4.18147086E-03    6.77888929E+01   -3.87333726E+03
   4.23380818E-03    6.75866742E+01   -3.85429907E+03
   4.28680057E-03    6.73829320E+01   -3.83536960E+03
   4.34045625E-03    6.71776530E+01   -3.81654633E+03
   4.39478351E-03    6.69708228E+01   -3.79782671E+03
   4.44979075E-03    6.67624273E+01   -3.77920823E+03
   4.50548649E-03    6.65524554E+01   -3.76068859E+03
   4.56187934E-03    6.63408967E+01   -3.74226550E+03
   4.61897804E-03    6.61277405E+01   -3.72393673E+03
   4.67679140E-03    6.59129752E+01   -3.70569998E+03
   4.73532839E-03    6.56965889E+01   -3.68755300E+03
   4.79459806E-03    6.54785689E+01   -3.66949348E+03
   4.85460958E-03    6.52589018E+01   -3.65151913E+03
   4.91537222E-03    6.50375734E+01   -3.63362762E+03
   4.97689541E-03    6.48145695E+01   -3.61581667E+03
   5.03918864E-03    6.45898791E+01   -3.59808415E+03
   5.10226157E-03    6.43634920E+01   -3.58042800E+03
   5.16612395E-03    6.41353975E+01   -3.56284620E+03
   5.23078567E-03    6.39055846E+01   -3.54533666E+03
   5.29625672E-03    6.36740415E+01   -3.52789732E+03
   5.36254724E-03    6.34407559E+01   -3.51052610E+03
   5.42966748E-03    6.32057149E+01   -3.49322091E+03
   5.49762783E-03    6.29689046E+01   -3.47597964E+03
   5.56643881E-03    6.27303111E+01   -3.45880017E+03
   5.63611106E-03    6.24899235E+01   -3.44168056E+03
   5.70665536E-03    6.22477321E+01   -3.42461898E+03
   5.77808262E-03    6.20037269E+01   -3.40761356E+03
   5.85040391E-03    6.17578974E+01   -3.39066244E+03
   5.92363040E-03    6.15102326E+01   -3.37376374E+03
   5.99777343E-03    6.12607208E+01   -3.35691557E+03
   6.07284447E-03    6.10093498E+01   -3.34011605E+03
   6.14885514E-03    6.07561067E+01   -3.32336324E+03
   6.22581719E-03    6.05009781E+01   -3.30665522E+03
   6.30374254E-03    6.02439538E+01   -3.28999024E+03
   6.38264324E-03    5.99850249E+01   -3.27336662E+03
   6.46253150E-03    5.97241824E+01   -3.25678269E+03
   6.54341968E-03    5.94614168E+01   -3.24023678E+03
   6.62532029E-03    5.91967182E+01   -3.22372719E+03
   6.70824601E-03    5.89300760E+01   -3.20725222E+03
   6.79220967E-03    5.86614792E+01   -3.19081015E+03
   6.87722427E-03    5.83909160E+01   -3.17439927E+03
   6.96330294E-03    5.81183746E+01   -3.15801781E+03
   7.05045902E-03    5.78438455E+01   -3.14166419E+03
   7.13870598E-03    5.75673214E+01   -3.12533693E+03
   7.22805749E-03    5.72887948E+01   -3.10903452E+03
   7.31852736E-03    5.70082576E+01   -3.09275548E+03
   7.41012960E-03    5.67257015E+01   -3.07649829E+03
   7.50287838E-03    5.64411177E+01   -3.06026143E+03
   7.59678804E-03    5.61544967E+01   -3.04404337E+03
   7.69187313E-03    5.58658287E+01   -3.02784255E+03
   7.78814834E-03    5.55751035E+01   -3.01165742E+03
   7.88562858E-03    5.52823133E+01   -2.99548655E+03
   7.98432894E-03    5.49874531E+01   -2.97932864E+03
   8.08426467E-03    5.46905172E+01   -2.96318237E+03
   8.18545125E-03    5.43914997E+01   -2.94704643E+03
   8.28790433E-03    5.40903946E+01   -2.93091948E+03
   8.39163976E-03    5.37871952E+01   -2.91480019E+03
   8.49667359E-03    5.34818944E+01   -2.89868721E+03
   8.60302208E-03    5.31744849E+01   -2.88257916E+03
   8.71070167E-03    5.28649588E+01   -2.86647468E+03
   8.81972904E-03    5.25533112E+01   -2.85037251E+03
   8.93012105E-03    5.22395394E+01   -2.83427155E+03
   9.04189478E-03    5.19236408E+01   -2.81817065E+03
   9.15506752E-03    5.16056124E+01   -2.80206869E+03
   9.26965678E-03    5.12854508E+01   -2.78596453E+03
   9.38568030E-03    5.09631527E+01   -2.76985702E+03
   9.50315603E-03    5.06387141E+01   -2.75374499E+03
   9.62210214E-03    5.03121306E+01   -2.73762726E+03
   9.74253704E-03    4.99833979E+01   -2.72150266E+03
   9.86447936E-03    4.96525141E+01   -2.70537012E+03
   9.98794796E-03    4.93194802E+01   -2.68922872E+03
   1.01129620E-02    4.89842972E+01   -2.67307752E+03
   1.02395407E-02    4.86469658E+01   -2.65691559E+03
   1.03677038E-02    4.83074866E+01   -2.64074199E+03
   1.04974710E-02    4.79658601E+01   -2.62455577E+03
   1.06288624E-02    4.76220863E+01   -2.60835597E+03
   1.07618984E-02    4.72761651E+01   -2.59214161E+03
   1.08965995E-02    4.69280962E+01   -2.57591171E+03
   1.10329867E-02    4.65778820E+01   -2.55966542E+03
   1.11710809E-02    4.62255279E+01   -2.54340200E+03
   1.13109036E-02    4.58710394E+01   -2.52712076E+03
   1.14524763E-02    4.55144222E+01   -2.51082095E+03
   1.15958211E-02    4.51556816E+01   -2.49450185E+03
   1.17409600E-02    4.47948232E+01   -2.47816274E+03
   1.18879155E-02    4.44318519E+01   -2.46180287E+03
   1.20367104E-02    4.40667730E+01   -2.44542149E+03
   1.21873677E-02    4.36995911E+01   -2.42901784E+03
   1.23399108E-02    4.33303132E+01   -2.41259125E+03
   1.24943631E-02    4.29589504E+01   -2.39614122E+03
   1.26507486E-02    4.25855142E+01   -2.37966727E+03
   1.28090915E-02    4.22100163E+01   -2.36316893E+03
   1.29694163E-02    4.18324682E+01   -2.34664572E+03
   1.31317478E-02    4.14528817E+01   -2.33009715E+03
   1.32961111E-02    4.10712684E+01   -2.31352273E+03
   1.34625317E-02    4.06876399E+01   -2.29692196E+03
   1.36310353E-02    4.03020076E+01   -2.28029434E+03
   1.38016479E-02    3.99143831E+01   -2.26363937E+03
   1.39743960E-02    3.95247823E+01   -2.24695672E+03
   1.41493063E-02    3.91332241E+01   -2.23024617E+03
   1.43264059E-02    3.87397277E+01   -2.21350754E+03
   1.45057222E-02    3.83443124E+01   -2.19674062E+03
   1.46872828E-02    3.79469979E+01   -2.17994523E+03
   1.48711160E-02    3.75478039E+01   -2.16312115E+03
   1.50572501E-02    3.71467501E+01   -2.14626820E+03
   1.52457139E-02    3.67438564E+01   -2.12938616E+03
   1.54365367E-02    3.63391424E+01   -2.11247483E+03
   1.56297479E-02    3.59326285E+01   -2.09553400E+03
   1.58253774E-02    3.55243397E+01   -2.07856365E+03
   1.60234555E-02    3.51143037E+01   -2.06156390E+03
   1.62240128E-02    3.47025487E+01   -2.04453483E+03
   1.64270804E-02    3.42891033E+01   -2.02747656E+03
   1.66326897E-02    3.38739960E+01   -2.01038920E+03
   1.68408725E-02    3.34572559E+01   -1.99327286E+03
   1.70516611E-02    3.30389119E+01   -1.97612763E+03
   1.72650879E-02    3.26189932E+01   -1.95895363E+03
   1.74811861E-02    3.21975298E+01   -1.94175097E+03
   1.76999892E-02    3.17745564E+01   -1.92451997E+03
   1.79215308E-02    3.13501091E+01   -1.90726098E+03
   1.81458454E-02    3.09242247E+01   -1.88997439E+03
   1.83729676E-02    3.04969401E+01   -1.87266055E+03
   1.86029326E-02    3.00682922E+01   -1.85531983E+03
   1.88357759E-02    2.96383186E+01   -1.83795260E+03
   1.90715336E-02    2.92070583E+01   -1.82055930E+03
   1.93102422E-02    2.87745549E+01   -1.80314051E+03
   1.95519385E-02    2.83408524E+01   -1.78569684E+03
   1.97966601E-02    2.79059956E+01   -1.76822891E+03
   2.00444447E-02    2.74700291E+01   -1.75073734E+03
   2.02953306E-02    2.70329980E+01   -1.73322274E+03
   2.05493568E-02    2.65949477E+01   -1.71568571E+03
   2.08065626E-02    2.61559249E+01   -1.69812693E+03
   2.10669876E-02    2.57159813E+01   -1.68054725E+03
   2.13306722E-02    2.52751701E+01   -1.66294753E+03
   2.15976573E-02    2.48335445E+01   -1.64532868E+03
   2.18679840E-02    2.43911583E+01   -1.62769159E+03
   2.21416943E-02    2.39480652E+01   -1.61003713E+03
   2.24188305E-02    2.35043194E+01   -1.59236619E+03
   2.26994355E-02    2.30599786E+01   -1.57467980E+03
   2.29835526E-02    2.26151034E+01   -1.55697906E+03
   2.32712259E-02    2.21697551E+01   -1.53926511E+03
   2.35624998E-02    2.17239952E+01   -1.52153907E+03
   2.38574195E-02    2.12778852E+01   -1.50380208E+03
   2.41560306E-02    2.08314869E+01   -1.48605524E+03
   2.44583792E-02    2.03848659E+01   -1.46829982E+03
   2.47645121E-02    1.99380917E+01   -1.45053721E+03
   2.50744767E-02    1.94912342E+01   -1.43276881E+03
   2.53883211E-02    1.90443637E+01   -1.41499602E+03
   2.57060936E-02    1.85975504E+01   -1.39722024E+03
   2.60278435E-02    1.81508648E+01   -1.37944286E+03
   2.63536206E-02    1.77043774E+01   -1.36166526E+03
   2.66834753E-02    1.72581631E+01   -1.34388901E+03
   2.70174587E-02    1.68123002E+01   -1.32611574E+03
   2.73556223E-02    1.63668670E+01   -1.30834711E+03
   2.76980185E-02    1.59219416E+01   -1.29058476E+03
   2.80447004E-02    1.54776026E+01   -1.27283035E+03
   2.83957214E-02    1.50339323E+01   -1.25508564E+03
   2.87511360E-02    1.45910147E+01   -1.23735247E+03
   2.91109992E-02    1.41489337E+01   -1.21963267E+03
   2.94753666E-02    1.37077728E+01   -1.20192803E+03
   2.98442946E-02    1.32676171E+01   -1.18424042E+03
   3.02178403E-02    1.28285561E+01   -1.16657183E+03
   3.05960614E-02    1.23906794E+01   -1.14892428E+03
   3.09790165E-02    1.19540763E+01   -1.13129976E+03
   3.13667649E-02    1.15188362E+01   -1.11370027E+03
   3.17593666E-02    1.10850524E+01   -1.09612793E+03
   3.21568822E-02    1.06528197E+01   -1.07858492E+03
   3.25593734E-02    1.02222322E+01   -1.06107340E+03
   3.29669023E-02    9.79338361E+00   -1.04359549E+03
   3.33795320E-02    9.36637135E+00   -1.02615348E+03
   3.37973264E-02    8.94129477E+00   -1.00874968E+03
   3.42203501E-02    8.51825241E+00   -9.91386399E+02
   3.46486686E-02    8.09734193E+00   -9.74065920E+02
   3.50823482E-02    7.67866380E+00   -9.56790610E+02
   3.55214559E-02    7.26232154E+00   -9.39562947E+02
   3.59660596E-02    6.84841772E+00   -9.22385382E+02
   3.64162283E-02    6.43705368E+00   -9.05260323E+02
   3.68720315E-02    6.02833274E+00   -8.88190250E+02
   3.73335397E-02    5.62236158E+00   -8.71177763E+02
   3.78008244E-02    5.21924582E+00   -8.54225429E+02
   3.82739579E-02    4.81908946E+00   -8.37335766E+02
   3.87530133E-02    4.42199880E+00   -8.20511376E+02
   3.92380648E-02    4.02808337E+00   -8.03754975E+02
   3.97291874E-02    3.63745113E+00   -7.87069234E+02
   4.02264572E-02    3.25020795E+00   -7.70456762E+02
   4.07299511E-02    2.86646136E+00   -7.53920234E+02
   4.12397469E-02    2.48632279E+00   -7.37462460E+02
   4.17559236E-02    2.10990189E+00   -7.21086204E+02
   4.22785610E-02    1.73730570E+00   -7.04794154E+02
   4.28077399E-02    1.36864085E+00   -6.88588996E+02
   4.33435424E-02    1.00402038E+00   -6.72473637E+02
   4.38860512E-02    6.43556837E-01   -6.56450980E+02
   4.44353503E-02    2.87359769E-01   -6.40523846E+02
   4.49915247E-02   -6.44646065E-02   -6.24694962E+02
   4.55546604E-02   -4.11812208E-01   -6.08967001E+02
   4.61248446E-02   -7.54571347E-01   -5.93342895E+02
   4.67021656E-02   -1.09262879E+00   -5.77825643E+02
   4.72867125E-02   -1.42587488E+00   -5.62418145E+02
   4.78785760E-02   -1.75420402E+00   -5.47123194E+02
   4.84778474E-02   -2.07751475E+00   -5.31943466E+02
   4.90846197E-02   -2.39570162E+00   -5.16881786E+02
   4.96989866E-02   -2.70865364E+00   -5.01941171E+02
   5.03210432E-02   -3.01626370E+00   -4.87124538E+02
   5.09508858E-02   -3.31842953E+00   -4.72434673E+02
   5.15886118E-02   -3.61505394E+00   -4.57874230E+02
   5.22343199E-02   -3.90603627E+00   -4.43445988E+02
   5.28881100E-02   -4.19127006E+00   -4.29152933E+02
   5.35500832E-02   -4.47065357E+00   -4.14997930E+02
   5.42203420E-02   -4.74409086E+00   -4.00983689E+02
   5.48989901E-02   -5.01149149E+00   -3.87112776E+02
   5.55861325E-02   -5.27276038E+00   -3.73387930E+02
   5.62818755E-02   -5.52780106E+00   -3.59811957E+02
   5.69863268E-02   -5.77652351E+00   -3.46387495E+02
   5.76995953E-02   -6.01884068E+00   -3.33117122E+02
   5.84217914E-02   -6.25466202E+00   -3.20003552E+02
   5.91530269E-02   -6.48390251E+00   -3.07049360E+02
   5.98934149E-02   -6.70648333E+00   -2.94256966E+02
   6.06430699E-02   -6.92232184E+00   -2.81628937E+02
   6.14021080E-02   -7.13133808E+00   -2.69167794E+02
   6.21706465E-02   -7.33345995E+00   -2.56875853E+02
   6.29488045E-02   -7.52861449E+00   -2.44755491E+02
   6.37367023E-02   -7.71672838E+00   -2.32809130E+02
   6.45344617E-02   -7.89773682E+00   -2.21038974E+02
   6.53422064E-02   -8.07157705E+00   -2.09447201E+02
   6.61600611E-02   -8.23818553E+00   -1.98036051E+02
   6.69881525E-02   -8.39750653E+00   -1.86807567E+02
   6.78266087E-02   -8.54948402E+00   -1.75763840E+02
   6.86755595E-02   -8.69406719E+00   -1.64906847E+02
   6.95351361E-02   -8.83121083E+00   -1.54238435E+02
   7.04054716E-02   -8.96086679E+00   -1.43760578E+02
   7.12867006E-02   -9.08299565E+00   -1.33475035E+02
   7.21789595E-02   -9.19756521E+00   -1.23383392E+02
   7.30823864E-02   -9.30453892E+00   -1.13487403E+02
   7.39971210E-02   -9.40388829E+00   -1.03788627E+02
   7.49233049E-02   -9.49559206E+00   -9.42884535E+01
   7.58610813E-02   -9.57962779E+00   -8.49883487E+01
   7.68105954E-02   -9.65598136E+00   -7.58895782E+01
   7.77719940E-02   -9.72463958E+00   -6.69934211E+01
   7.87454260E-02   -9.78559718E+00   -5.83009707E+01
   7.97310420E-02   -9.83885107E+00   -4.98132984E+01
   8.07289944E-02   -9.88440446E+00   -4.15313371E+01
   8.17394376E-02   -9.92226391E+00   -3.34559634E+01
   8.27625281E-02   -9.95244093E+00   -2.55879550E+01
   8.37984240E-02   -9.97495373E+00   -1.79279394E+01
   8.48472858E-02   -9.98982380E+00   -1.04764917E+01
   8.59092755E-02   -9.99707731E+00   -3.23409453E+00
   8.69845577E-02   -9.99674723E+00    3.79892144E+00
   8.80732986E-02   -9.98886982E+00    1.06222788E+01
   8.91756667E-02   -9.97348824E+00    1.72358551E+01
   9.02918326E-02   -9.95064928E+00    2.36395901E+01
   9.14219690E-02   -9.92040623E+00    2.98335682E+01
   9.25662507E-02   -9.88281771E+00    3.58179847E+01
   9.37248548E-02   -9.83794582E+00    4.15930937E+01
   9.48979606E-02   -9.78586072E+00    4.71593381E+01
   9.60857495E-02   -9.72663603E+00    5.25172203E+01
   9.72884053E-02   -9.66035188E+00    5.76673883E+01
   9.85061142E-02   -9.58709297E+00    6.26105807E+01
   9.97390645E-02   -9.50694963E+00    6.73476589E+01
   1.00987447E-01   -9.42001853E+00    7.18796253E+01
   1.02251455E-01   -9.32639952E+00    7.62075378E+01
   1.03531284E-01   -9.22620026E+00    8.03326377E+01
   1.04827131E-01   -9.11953224E+00    8.42562404E+01
   1.06139199E-01   -9.00651281E+00    8.79797928E+01
   1.07467688E-01   -8.88726477E+00    9.15048628E+01
   1.08812806E-01   -8.76191405E+00    9.48330748E+01
   1.10174760E-01   -8.63059573E+00    9.79662789E+01
   1.11553761E-01   -8.49344736E+00    1.00906366E+02
   1.12950022E-01   -8.35061085E+00    1.03655322E+02
   1.14363759E-01   -8.20223307E+00    1.06215243E+02
   1.15795191E-01   -8.04846908E+00    1.08588431E+02
   1.17244540E-01   -7.88947543E+00    1.10777205E+02
   1.18712029E-01   -7.72541369E+00    1.12784002E+02
   1.20197887E-01   -7.55644968E+00    1.14611356E+02
   1.21702342E-01   -7.38275631E+00    1.16261981E+02
   1.23225627E-01   -7.20450677E+00    1.17738581E+02
   1.24767979E-01   -7.02188233E+00    1.19044069E+02
   1.26329636E-01   -6.83506431E+00    1.20181345E+02
   1.27910839E-01   -6.64424192E+00    1.21153520E+02
   1.29511833E-01   -6.44960416E+00    1.21963684E+02
   1.31132866E-01   -6.25134712E+00    1.22615120E+02
   1.32774188E-01   -6.04966686E+00    1.23111104E+02
   1.34436054E-01   -5.84476559E+00    1.23455079E+02
   1.36118721E-01   -5.63684676E+00    1.23650521E+02
   1.37822449E-01   -5.42611711E+00    1.23700998E+02
   1.39547502E-01   -5.21278388E+00    1.23610096E+02
   1.41294146E-01   -4.99706203E+00    1.23381623E+02
   1.43062652E-01   -4.77916171E+00    1.23019258E+02
   1.44853294E-01   -4.55930173E+00    1.22526936E+02
   1.46666348E-01   -4.33769611E+00    1.21908468E+02
   1.48502095E-01   -4.11456642E+00    1.21167897E+02
   1.50360819E-01   -3.89012991E+00    1.20309159E+02
   1.52242808E-01   -3.66460952E+00    1.19336375E+02
   1.54148353E-01   -3.43822492E+00    1.18253596E+02
   1.56077748E-01   -3.21120018E+00    1.17065028E+02
   1.58031293E-01   -2.98375480E+00    1.15774773E+02
   1.60009290E-01   -2.75611226E+00    1.14387086E+02
   1.62012043E-01   -2.52849516E+00    1.12906232E+02
   1.64039865E-01   -2.30112025E+00    1.11336340E+02
   1.66093067E-01   -2.07421287E+00    1.09681846E+02
   1.68171969E-01   -1.84798839E+00    1.07946929E+02
   1.70276891E-01   -1.62266556E+00    1.06135929E+02
   1.72408159E-01   -1.39846362E+00    1.04253253E+02
   1.74566103E-01   -1.17558763E+00    1.02302928E+02
   1.76751057E-01   -9.54249949E-01    1.00289278E+02
   1.78963359E-01   -7.34667763E-01    9.82168500E+01
   1.81203351E-01   -5.17040878E-01    9.60897066E+01
   1.83471380E-01   -3.01570434E-01    9.39120395E+01
   1.85767797E-01   -8.84610165E-02    9.16882367E+01
   1.88092957E-01    1.22096893E-01    8.94223086E+01
   1.90447219E-01    3.29910994E-01    8.71184272E+01
   1.92830949E-01    5.34789779E-01    8.47808370E+01
   1.95244515E-01    7.36556692E-01    8.24133719E+01
   1.97688290E-01    9.35033072E-01    8.00200604E+01
   2.00162653E-01    1.13004162E+00    7.76050054E+01
   2.02667985E-01    1.32141731E+00    7.51719963E+01
   2.05204676E-01    1.50899628E+00    7.27249223E+01
   2.07773117E-01    1.69262526E+00    7.02674068E+01
   2.10373707E-01    1.87215344E+00    6.78031407E+01
   2.13006846E-01    2.04743366E+00    6.53358388E+01
   2.15672943E-01    2.21832929E+00    6.28689684E+01
   2.18372410E-01    2.38470948E+00    6.04059389E+01
   2.21105665E-01    2.54644913E+00    5.79501191E+01
   2.23873131E-01    2.70343056E+00    5.55047537E+01
   2.26675236E-01    2.85554312E+00    5.30730053E+01
   2.29512413E-01    3.00268326E+00    5.06579366E+01
   2.32385101E-01    3.14475484E+00    4.82625136E+01
   2.35293746E-01    3.28166940E+00    4.58895781E+01
   2.38238797E-01    3.41334581E+00    4.35418971E+01
   2.41220709E-01    3.53971074E+00    4.12220997E+01
   2.44239944E-01    3.66069881E+00    3.89327080E+01
   2.47296970E-01    3.77625210E+00    3.66761623E+01
   2.50392259E-01    3.88632102E+00    3.44547669E+01
   2.53526290E-01    3.99086368E+00    3.22706857E+01
   2.56699548E-01    4.08984628E+00    3.01259824E+01
   2.59912524E-01    4.18324300E+00    2.80226387E+01
   2.63165715E-01    4.27103624E+00    2.59624810E+01
   2.66459625E-01    4.35321570E+00    2.39471920E+01
   2.69794763E-01    4.42977974E+00    2.19783713E+01
   2.73171645E-01    4.50073440E+00    2.00574988E+01
   2.76590794E-01    4.56609350E+00    1.81859112E+01
   2.80052738E-01    4.62587860E+00    1.63648321E+01
   2.83558014E-01    4.68011893E+00    1.45953650E+01
   2.87107164E-01    4.72885139E+00    1.28784933E+01
   2.90700736E-01    4.77212002E+00    1.12150771E+01
   2.94339288E-01    4.80997645E+00    9.60586197E+00
   2.98023381E-01    4.84247923E+00    8.05147322E+00
   3.01753586E-01    4.86969392E+00    6.55242121E+00
   3.05530480E-01    4.89169285E+00    5.10910180E+00
   3.09354648E-01    4.90855489E+00    3.72179855E+00
   3.13226681E-01    4.92036527E+00    2.39068484E+00
   3.17147178E-01    4.92721534E+00    1.11582634E+00
   3.21116746E-01    4.92920235E+00   -1.02816490E-01
   3.25135999E-01    4.92642920E+00   -1.26538562E+00
   3.29205559E-01    4.91900412E+00   -2.37212219E+00
   3.33326055E-01    4.90704049E+00   -3.42336371E+00
   3.37498126E-01    4.89065655E+00   -4.41954064E+00
   3.41722416E-01    4.86997503E+00   -5.36117253E+00
   3.45999580E-01    4.84512299E+00   -6.24886488E+00
   3.50330278E-01    4.81623136E+00   -7.08330482E+00
   3.54715182E-01    4.78343477E+00   -7.86525762E+00
   3.59154969E-01    4.74687120E+00   -8.59556243E+00
   3.63650327E-01    4.70668163E+00   -9.27512823E+00
   3.68201951E-01    4.66300977E+00   -9.90492968E+00
   3.72810545E-01    4.61600172E+00   -1.04860028E+01
   3.77476823E-01    4.56580565E+00   -1.10194405E+01
   3.82201506E-01    4.51257149E+00   -1.15063888E+01
   3.86985325E-01    4.45645060E+00   -1.19480418E+01
   3.91829021E-01    4.39759547E+00   -1.23456377E+01
   3.96733343E-01    4.33615941E+00   -1.27004544E+01
   4.01699050E-01    4.27229618E+00   -1.30138051E+01
   4.06726910E-01    4.20615977E+00   -1.32870340E+01
   4.11817702E-01    4.13790403E+00   -1.35215124E+01
   4.16972212E-01    4.06768242E+00   -1.37186342E+01
   4.22191238E-01    3.99564774E+00   -1.38798121E+01
   4.27475588E-01    3.92195169E+00   -1.40064727E+01
   4.32826080E-01    3.84674488E+00   -1.41000548E+01
   4.38243541E-01    3.77017630E+00   -1.41620034E+01
   4.43728810E-01    3.69239312E+00   -1.41937659E+01
   4.49282735E-01    3.61354063E+00   -1.41967918E+01
   4.54906176E-01    3.53376174E+00   -1.41725252E+01
   4.60600002E-01    3.45319690E+00   -1.41224041E+01
   4.66365095E-01    3.37198387E+00   -1.40478568E+01
   4.72202347E-01    3.29025748E+00   -1.39502985E+01
   4.78112661E-01    3.20814944E+00   -1.38311285E+01
   4.84096951E-01    3.12578818E+00   -1.36917285E+01
   4.90156143E-01    3.04329867E+00   -1.35334590E+01
   4.96291175E-01    2.96080221E+00   -1.33576572E+01
   5.02502996E-01    2.87841650E+00   -1.31656372E+01
   5.08792567E-01    2.79625489E+00   -1.29586799E+01
   5.15160862E-01    2.71442726E+00   -1.27380451E+01
   5.21608865E-01    2.63303899E+00   -1.25049564E+01
   5.28137574E-01    2.55219129E+00   -1.22606066E+01
   5.34748001E-01    2.47198095E+00   -1.20061536E+01
   5.41441166E-01    2.39250049E+00   -1.17427217E+01
   5.48218106E-01    2.31383786E+00   -1.14713986E+01
   5.55079870E-01    2.23607663E+00   -1.11932267E+01
   5.62027519E-01    2.15929548E+00   -1.09092368E+01
   5.69062128E-01    2.08356877E+00   -1.06203894E+01
   5.76184785E-01    2.00896611E+00   -1.03276221E+01
   5.83396594E-01    1.93555255E+00   -1.00318290E+01
   5.90698668E-01    1.86338844E+00   -9.73386375E+00
   5.98092139E-01    1.79252963E+00   -9.43454150E+00
   6.05578151E-01    1.72302728E+00   -9.13463454E+00
   6.13157861E-01    1.65492813E+00   -8.83487698E+00
   6.20832442E-01    1.58827430E+00   -8.53596016E+00
   6.28603082E-01    1.52310357E+00   -8.23853687E+00
   6.36470983E-01    1.45944932E+00   -7.94321898E+00
   6.44437362E-01    1.39734065E+00   -7.65057894E+00
   6.52503453E-01    1.33680242E+00   -7.36114990E+00
   6.60670503E-01    1.27785540E+00   -7.07542563E+00
   6.68939775E-01    1.22051637E+00   -6.79386272E+00
   6.77312550E-01    1.16479818E+00   -6.51687974E+00
   6.85790122E-01    1.11070992E+00   -6.24485854E+00
   6.94373804E-01    1.05825702E+00   -5.97814524E+00
   7.03064923E-01    1.00744138E+00   -5.71705028E+00
   7.11864825E-01    9.58261508E-01   -5.46185095E+00
   7.20774870E-01    9.10712679E-01   -5.21279092E+00
   7.29796438E-01    8.64787055E-01   -4.97008208E+00
   7.38930925E-01    8.20473850E-01   -4.73390544E+00
   7.48179742E-01    7.77759498E-01   -4.50441211E+00
   7.57544323E-01    7.36627768E-01   -4.28172524E+00
   7.67026115E-01    6.97059960E-01   -4.06594050E+00
   7.76626586E-01    6.59035043E-01   -3.85712786E+00
   7.86347221E-01    6.22529820E-01   -3.65533268E+00
   7.96189524E-01    5.87519119E-01   -3.46057708E+00
   8.06155019E-01    5.53975878E-01   -3.27286152E+00
   8.16245246E-01    5.21871373E-01   -3.09216584E+00
   8.26461767E-01    4.91175338E-01   -2.91845082E+00
   8.36806164E-01    4.61856131E-01   -2.75165946E+00
   8.47280035E-01    4.33880872E-01   -2.59171827E+00
   8.57885003E-01    4.07215639E-01   -2.43853873E+00
   8.68622708E-01    3.81825518E-01   -2.29201835E+00
   8.79494811E-01    3.57674830E-01   -2.15204211E+00
   8.90502995E-01    3.34727222E-01   -2.01848358E+00
   9.01648962E-01    3.12945811E-01   -1.89120611E+00
   9.12934438E-01    2.92293347E-01   -1.77006416E+00
   9.24361168E-01    2.72732239E-01   -1.65490402E+00
   9.35930921E-01    2.54224769E-01   -1.54556523E+00
   9.47645487E-01    2.36733143E-01   -1.44188139E+00
   9.59506677E-01    2.20219640E-01   -1.34368127E+00
   9.71516328E-01    2.04646666E-01   -1.25078957E+00
   9.83676298E-01    1.89976909E-01   -1.16302804E+00
   9.95988467E-01    1.76173344E-01   -1.08021596E+00
   1.00845474E+00    1.63199410E-01   -1.00217133E+00
   1.02107705E+00    1.51019001E-01   -9.28711218E-01
   1.03385735E+00    1.39596598E-01   -8.59652736E-01
   1.04679761E+00    1.28897310E-01   -7.94813565E-01
   1.05989983E+00    1.18886929E-01   -7.34012521E-01
   1.07316605E+00    1.09532016E-01   -6.77070278E-01
   1.08659832E+00    1.00799897E-01   -6.23809599E-01
   1.10019871E+00    9.26587423E-02   -5.74055993E-01
   1.11396933E+00    8.50776355E-02   -5.27638295E-01
   1.12791231E+00    7.80265106E-02   -4.84388549E-01
   1.14202981E+00    7.14762703E-02   -4.44142819E-01
   1.15632401E+00    6.53987661E-02   -4.06741268E-01
   1.17079712E+00    5.97668269E-02   -3.72028473E-01
   1.18545139E+00    5.45542708E-02   -3.39853647E-01
   1.20028907E+00    4.97359078E-02   -3.10070786E-01
   1.21531247E+00    4.52875662E-02   -2.82538949E-01
   1.23052391E+00    4.11860525E-02   -2.57122146E-01
   1.24592575E+00    3.74091905E-02   -2.33689672E-01
   1.26152036E+00    3.39357921E-02   -2.12116033E-01
   1.27731016E+00    3.07456533E-02   -1.92281016E-01
   1.29329759E+00    2.78195395E-02   -1.74069690E-01
   1.30948513E+00    2.51391744E-02   -1.57372404E-01
   1.32587528E+00    2.26872074E-02   -1.42084676E-01
   1.34247058E+00    2.04472398E-02   -1.28107405E-01
   1.35927359E+00    1.84037239E-02   -1.15346327E-01
   1.37628692E+00    1.65420087E-02   -1.03712338E-01
   1.39351320E+00    1.48482830E-02   -9.31212015E-02
   1.41095508E+00    1.33095552E-02   -8.34934658E-02
   1.42861528E+00    1.19136247E-02   -7.47543288E-02
   1.44649652E+00    1.06490585E-02   -6.68335313E-02
   1.46460157E+00    9.50514832E-03   -5.96651230E-02
   1.48293324E+00    8.47189406E-03   -5.31873900E-02
   1.50149435E+00    7.53996387E-03   -4.73426336E-02
   1.52028778E+00    6.70068369E-03   -4.20771274E-02
   1.53931644E+00    5.94597078E-03   -3.73407268E-02
   1.55858327E+00    5.26833675E-03   -3.30869037E-02
   1.57809126E+00    4.66084200E-03   -2.92724798E-02
   1.59784341E+00    4.11707043E-03   -2.58574826E-02
   1.61784280E+00    3.63109903E-03   -2.28049680E-02
   1.63809250E+00    3.19746951E-03   -2.00808535E-02
   1.65859566E+00    2.81116470E-03   -1.76537796E-02
   1.67935545E+00    2.46757155E-03   -1.54948869E-02
   1.70037508E+00    2.16246643E-03   -1.35777304E-02
   1.72165779E+00    1.89198523E-03   -1.18780980E-02
   1.74320690E+00    1.65259647E-03   -1.03738470E-02
   1.76502572E+00    1.44108132E-03   -9.04478302E-03
   1.78711764E+00    1.25451343E-03   -7.87253661E-03
   1.80948607E+00    1.09023120E-03   -6.84039276E-03
   1.83213448E+00    9.45823646E-04   -5.93320378E-03
   1.85506636E+00    8.19110103E-04   -5.13726438E-03
   1.87828527E+00    7.08117671E-04   -4.44017131E-03
   1.90179480E+00    6.11071538E-04   -3.83076388E-03
   1.92559859E+00    5.26371551E-04   -3.29897772E-03
   1.94970031E+00    4.52583376E-04   -2.83579001E-03
   1.97410371E+00    3.88419578E-04   -2.43310112E-03
   1.99881255E+00    3.32728946E-04   -2.08366793E-03
   2.02383065E+00    2.84484526E-04   -1.78102893E-03
   2.04916190E+00    2.42770186E-04   -1.51941990E-03
   2.07481020E+00    2.06771580E-04   -1.29371729E-03
   2.10077954E+00    1.75766682E-04   -1.09937870E-03
   2.12707391E+00    1.49115235E-04   -9.32376574E-04
   2.15369740E+00    1.26251585E-04   -7.89153131E-04
   2.18065412E+00    1.06677457E-04   -6.66574874E-04
   2.20794825E+00    8.99533051E-05   -5.61878164E-04
   2.23558400E+00    7.56941248E-05   -4.72642799E-04
   2.26356565E+00    6.35616261E-05   -3.96742728E-04
   2.29189754E+00    5.32607787E-05   -3.32324253E-04
   2.32058404E+00    4.45334595E-05   -2.77766012E-04
   2.34962959E+00    3.71555119E-05   -2.31660420E-04
   2.37903870E+00    3.09317714E-05   -1.92782327E-04
   2.40881590E+00    2.56934006E-05   -1.60072208E-04
   2.43896581E+00    2.12941709E-05   -1.32612734E-04
   2.46949309E+00    1.76080888E-05   -1.09613800E-04
   2.50040246E+00    1.45265753E-05   -9.03947664E-05
   2.53169871E+00    1.19564497E-05   -7.43717454E-05
   2.56338668E+00    9.81787426E-06   -6.10446584E-05
   2.59547127E+00    8.04259734E-06   -4.99861754E-05
   2.62795745E+00    6.57243918E-06   -4.08321807E-05
   2.66085024E+00    5.35791778E-06   -3.32731271E-05
   2.69415473E+00    4.35704389E-06   -2.70464555E-05
   2.72787608E+00    3.53428641E-06   -2.19300895E-05
   2.76201950E+00    2.85964673E-06   -1.77366168E-05
   2.79659027E+00    2.30786425E-06   -1.43082985E-05
   2.83159375E+00    1.85772606E-06   -1.15127330E-05
   2.86703535E+00    1.49146608E-06   -9.23908504E-06
   2.90292056E+00    1.19423480E-06   -7.39475862E-06
   2.93925492E+00    9.53679318E-07   -5.90276297E-06
   2.97604406E+00    7.59508380E-07   -4.69898764E-06
   3.01329367E+00    6.03207571E-07   -3.73041724E-06
   3.05100952E+00    4.77736870E-07   -2.95323823E-06
   3.08919743E+00    3.77300448E-07   -2.33139814E-06
   3.12786333E+00    2.97129770E-07   -1.83524927E-06
   3.16701318E+00    2.33319612E-07   -1.44052350E-06
   3.20665305E+00    1.82677694E-07   -1.12739297E-06
   3.24678908E+00    1.42604205E-07   -8.79717802E-07
   3.28742747E+00    1.10988630E-07   -6.84402212E-07
   3.32857450E+00    8.61209927E-08   -5.30841037E-07
   3.37023655E+00    6.66199043E-08   -4.10471229E-07
   3.41242007E+00    5.13746624E-08   -3.16411110E-07
   3.45513158E+00    3.94938956E-08   -2.43140653E-07
   3.49837768E+00    3.02639259E-08   -1.86242407E-07
   3.54216507E+00    2.31163940E-08   -1.42200133E-07
   3.58650053E+00    1.75994713E-08   -1.08219893E-07
   3.63139091E+00    1.33550543E-08   -8.20883809E-08
   3.67684316E+00    1.01003448E-08   -6.20585718E-08
   3.72286431E+00    7.61301027E-09   -4.67576403E-08
   3.76946148E+00    5.71862076E-09   -3.51090562E-08
   3.81664189E+00    4.28072618E-09   -2.62710898E-08
   3.86441283E+00    3.19313002E-09   -1.95889496E-08
   3.91278170E+00    2.37342370E-09   -1.45547551E-08
   3.96175597E+00    1.75778791E-09   -1.07753736E-08
   4.01134323E+00    1.29710767E-09   -7.94839307E-09
   4.06155115E+00    9.53642357E-10   -5.84154211E-09
   4.11238749E+00    6.98513339E-10   -4.27717087E-09
   4.16386013E+00    5.09701992E-10   -3.11989063E-09
   4.21597702E+00    3.70508055E-10   -2.26706051E-09
   4.26874624E+00    2.68284817E-10   -1.64098742E-09
   4.32217594E+00    1.93505919E-10   -1.18317346E-09
   4.37627439E+00    1.39015239E-10   -8.49694604E-10
   4.43104996E+00    9.94661312E-11   -6.07747569E-10
   4.48651113E+00    7.08814913E-11   -4.32942064E-10
   4.54266648E+00    5.03030744E-11   -3.07143757E-10
   4.59952470E+00    3.55508565E-11   -2.16994545E-10
   4.65709458E+00    2.50179459E-11   -1.52652257E-10
   4.71538503E+00    1.75314119E-11   -1.06935706E-10
   4.77440508E+00    1.22320470E-11   -7.45865588E-11
   4.83416385E+00    8.49655855E-12   -5.17918329E-11
   4.89467059E+00    5.87656312E-12   -3.58096453E-11
   4.95593466E+00    4.04604307E-12   -2.46471515E-11
   5.01796554E+00    2.77300578E-12   -1.68868219E-11
   5.08077283E+00    1.89148561E-12   -1.15149536E-11
   5.14436625E+00    1.28444436E-12   -7.81696395E-12
   5.20875563E+00    8.67995767E-13   -5.28086658E-12
   5.27395094E+00    5.83884355E-13   -3.55124595E-12
   5.33996227E+00    3.90798934E-13   -2.37615472E-12
   5.40679983E+00    2.60250565E-13   -1.58190926E-12
   5.47447396E+00    1.72461475E-13   -1.04797698E-12
   5.54299513E+00    1.13774462E-13   -6.91156779E-13
   5.61237395E+00    7.46660739E-14   -4.53448410E-13
   5.68262114E+00    4.86730239E-14   -2.95505139E-13
   5.75374758E+00    3.16495832E-14   -1.92097506E-13
   5.82576428E+00    2.03873940E-14   -1.23705475E-13
   5.89868237E+00    1.31115302E-14   -7.95350751E-14
   5.97251314E+00    8.37440560E-15   -5.07854710E-14
   6.04726801E+00    5.26706557E-15   -3.19317601E-14
   6.12295855E+00    3.34008523E-15   -2.02439229E-14
   6.19959647E+00    2.12938593E-15   -1.29030517E-14
   6.27719363E+00    1.32882998E-15   -8.04994314E-15
   6.35576203E+00    8.23501888E-16   -4.98731560E-15
   6.43531383E+00    5.03775397E-16   -3.05007317E-15
   6.51586134E+00    3.02699038E-16   -1.83207597E-15
   6.59741702E+00    1.85804695E-16   -1.12430007E-15
   6.67999349E+00    1.16931856E-16   -7.07462459E-16
   6.76360353E+00    7.10934664E-17   -4.30058674E-16
   6.84826007E+00    4.21038144E-17   -2.54630765E-16
   6.93397622E+00    2.49287845E-17   -1.50711145E-16
   7.02076522E+00    1.43852686E-17   -8.69303460E-17
   7.10864053E+00    7.82698434E-18   -4.72707046E-17
   7.19761572E+00    4.26194653E-18   -2.57255674E-17
   7.28770457E+00    2.64447544E-18   -1.59630713E-17
   7.37892102E+00    1.86514824E-18   -1.12654218E-17
   7.47127917E+00    1.28943013E-18   -7.79121652E-18
   7.56479332E+00    8.52779972E-19   -5.15147636E-18
   7.65947795E+00    5.16866961E-19   -3.11613331E-18
   7.75534769E+00    2.40207483E-19    0.00000000E+00
   7.85241738E+00    0.00000000E+00    0.00000000E+00
   7.95070205E+00    0.00000000E+00    0.00000000E+00
   8.05021689E+00    0.00000000E+00    0.00000000E+00
   8.15097731E+00    0.00000000E+00    0.00000000E+00
   8.25299889E+00    0.00000000E+00    0.00000000E+00
   8.35629743E+00    0.00000000E+00    0.00000000E+00
   8.46088890E+00    0.00000000E+00    0.00000000E+00
   8.56678949E+00    0.00000000E+00    0.00000000E+00
   8.67401559E+00    0.00000000E+00    0.00000000E+00
   8.78258377E+00    0.00000000E+00    0.00000000E+00
   8.89251085E+00    0.00000000E+00    0.00000000E+00
   9.00381383E+00    0.00000000E+00    0.00000000E+00
   9.11650993E+00    0.00000000E+00    0.00000000E+00
   9.23061659E+00    0.00000000E+00    0.00000000E+00
   9.34615147E+00    0.00000000E+00    0.00000000E+00
   9.46313243E+00    0.00000000E+00    0.00000000E+00
   9.58157759E+00    0.00000000E+00    0.00000000E+00
   9.70150526E+00    0.00000000E+00    0.00000000E+00
   9.82293400E+00    0.00000000E+00    0.00000000E+00
   9.94588261E+00    0.00000000E+00    0.00000000E+00
   1.00703701E+01    0.00000000E+00    0.00000000E+00
   1.01964157E+01    0.00000000E+00    0.00000000E+00
   1.03240390E+01    0.00000000E+00    0.00000000E+00
   1.04532597E+01    0.00000000E+00    0.00000000E+00
   1.05840978E+01    0.00000000E+00    0.00000000E+00
   1.07165735E+01    0.00000000E+00    0.00000000E+00
   1.08507073E+01    0.00000000E+00    0.00000000E+00
   1.09865200E+01    0.00000000E+00    0.00000000E+00
   1.11240326E+01    0.00000000E+00    0.00000000E+00
   1.12632664E+01    0.00000000E+00    0.00000000E+00
   1.14042429E+01    0.00000000E+00    0.00000000E+00
   1.15469840E+01    0.00000000E+00    0.00000000E+00
   1.16915116E+01    0.00000000E+00    0.00000000E+00
   1.18378482E+01    0.00000000E+00    0.00000000E+00
   1.19860165E+01    0.00000000E+00    0.00000000E+00
   1.21360393E+01    0.00000000E+00    0.00000000E+00
   1.22879398E+01    0.00000000E+00    0.00000000E+00
   1.24417417E+01    0.00000000E+00    0.00000000E+00
   1.25974685E+01    0.00000000E+00    0.00000000E+00
   1.27551446E+01    0.00000000E+00    0.00000000E+00
   1.29147941E+01    0.00000000E+00    0.00000000E+00
   1.30764420E+01    0.00000000E+00    0.00000000E+00
   1.32401131E+01    0.00000000E+00    0.00000000E+00
   1.34058327E+01    0.00000000E+00    0.00000000E+00
   1.35736266E+01    0.00000000E+00    0.00000000E+00
   1.37435207E+01    0.00000000E+00    0.00000000E+00
   1.39155413E+01    0.00000000E+00    0.00000000E+00
   1.40897150E+01    0.00000000E+00    0.00000000E+00
   1.42660687E+01    0.00000000E+00    0.00000000E+00
   1.44446297E+01    0.00000000E+00    0.00000000E+00
   1.46254257E+01    0.00000000E+00    0.00000000E+00
   1.48084846E+01    0.00000000E+00    0.00000000E+00
   1.49938348E+01    0.00000000E+00    0.00000000E+00
   1.51815049E+01    0.00000000E+00    0.00000000E+00
   1.53715240E+01    0.00000000E+00    0.00000000E+00
   1.55639214E+01    0.00000000E+00    0.00000000E+00
   1.57587270E+01    0.00000000E+00    0.00000000E+00
   1.59559709E+01    0.00000000E+00    0.00000000E+00
   1.61556836E+01    0.00000000E+00    0.00000000E+00
   1.63578959E+01    0.00000000E+00    0.00000000E+00
   1.65626393E+01    0.00000000E+00    0.00000000E+00
   1.67699453E+01    0.00000000E+00    0.00000000E+00
   1.69798461E+01    0.00000000E+00    0.00000000E+00
   1.71923741E+01    0.00000000E+00    0.00000000E+00
   1.74075622E+01    0.00000000E+00    0.00000000E+00
   1.76254437E+01    0.00000000E+00    0.00000000E+00
   1.78460523E+01    0.00000000E+00    0.00000000E+00
   1.80694221E+01    0.00000000E+00    0.00000000E+00
   1.82955878E+01    0.00000000E+00    0.00000000E+00
   1.85245842E+01    0.00000000E+00    0.00000000E+00
   1.87564469E+01    0.00000000E+00    0.00000000E+00
   1.89912117E+01    0.00000000E+00    0.00000000E+00
   1.92289149E+01    0.00000000E+00    0.00000000E+00
   1.94695933E+01    0.00000000E+00    0.00000000E+00
   1.97132842E+01    0.00000000E+00    0.00000000E+00
   1.99600252E+01    0.00000000E+00    0.00000000E+00
   2.02098546E+01    0.00000000E+00    0.00000000E+00
   2.04628109E+01    0.00000000E+00    0.00000000E+00
   2.07189334E+01    0.00000000E+00    0.00000000E+00
   2.09782616E+01    0.00000000E+00    0.00000000E+00
   2.12408357E+01    0.00000000E+00    0.00000000E+00
   2.15066963E+01    0.00000000E+00    0.00000000E+00
   2.17758846E+01    0.00000000E+00    0.00000000E+00
   2.20484421E+01    0.00000000E+00    0.00000000E+00
   2.23244111E+01    0.00000000E+00    0.00000000E+00
   2.26038343E+01    0.00000000E+00    0.00000000E+00
   2.28867548E+01    0.00000000E+00    0.00000000E+00
   2.31732165E+01    0.00000000E+00    0.00000000E+00
   2.34632638E+01    0.00000000E+00    0.00000000E+00
   2.37569414E+01    0.00000000E+00    0.00000000E+00
   2.40542948E+01    0.00000000E+00    0.00000000E+00
   2.43553700E+01    0.00000000E+00    0.00000000E+00
   2.46602136E+01    0.00000000E+00    0.00000000E+00
   2.49688728E+01    0.00000000E+00    0.00000000E+00
   2.52813953E+01    0.00000000E+00    0.00000000E+00
   2.55978295E+01    0.00000000E+00    0.00000000E+00
   2.59182244E+01    0.00000000E+00    0.00000000E+00
   2.62426294E+01    0.00000000E+00    0.00000000E+00
   2.65710949E+01    0.00000000E+00    0.00000000E+00
   2.69036716E+01    0.00000000E+00    0.00000000E+00
   2.72404110E+01    0.00000000E+00    0.00000000E+00
   2.75813652E+01    0.00000000E+00    0.00000000E+00
   2.79265870E+01    0.00000000E+00    0.00000000E+00
   2.82761297E+01    0.00000000E+00    0.00000000E+00
   2.86300474E+01    0.00000000E+00    0.00000000E+00
   2.89883950E+01    0.00000000E+00    0.00000000E+00
   2.93512278E+01    0.00000000E+00    0.00000000E+00
   2.97186020E+01    0.00000000E+00    0.00000000E+00
   3.00905745E+01    0.00000000E+00    0.00000000E+00
   3.04672027E+01    0.00000000E+00    0.00000000E+00
   3.08485450E+01    0.00000000E+00    0.00000000E+00
   3.12346603E+01    0.00000000E+00    0.00000000E+00
   3.16256085E+01    0.00000000E+00    0.00000000E+00
   3.20214499E+01    0.00000000E+00    0.00000000E+00
   3.24222459E+01    0.00000000E+00    0.00000000E+00
   3.28280585E+01    0.00000000E+00    0.00000000E+00
   3.32389504E+01    0.00000000E+00    0.00000000E+00
   3.36549852E+01    0.00000000E+00    0.00000000E+00
   3.40762273E+01    0.00000000E+00    0.00000000E+00
   3.45027419E+01    0.00000000E+00    0.00000000E+00
   3.49345950E+01    0.00000000E+00    0.00000000E+00
   3.53718533E+01    0.00000000E+00    0.00000000E+00
   3.58145846E+01    0.00000000E+00    0.00000000E+00
   3.62628573E+01    0.00000000E+00    0.00000000E+00
   3.67167408E+01    0.00000000E+00    0.00000000E+00
   3.71763053E+01    0.00000000E+00    0.00000000E+00
   3.76416220E+01    0.00000000E+00    0.00000000E+00
   3.81127628E+01    0.00000000E+00    0.00000000E+00
   3.85898006E+01    0.00000000E+00    0.00000000E+00
   3.90728093E+01    0.00000000E+00    0.00000000E+00
   3.95618635E+01    0.00000000E+00    0.00000000E+00
   4.00570390E+01    0.00000000E+00    0.00000000E+00
   4.05584123E+01    0.00000000E+00    0.00000000E+00
   4.10660611E+01    0.00000000E+00    0.00000000E+00
   4.15800638E+01    0.00000000E+00    0.00000000E+00
   4.21005001E+01    0.00000000E+00    0.00000000E+00
   4.26274504E+01    0.00000000E+00    0.00000000E+00
   4.31609962E+01    0.00000000E+00    0.00000000E+00
   4.37012202E+01    0.00000000E+00    0.00000000E+00
   4.42482059E+01    0.00000000E+00    0.00000000E+00
   4.48020379E+01    0.00000000E+00    0.00000000E+00
   4.53628019E+01    0.00000000E+00    0.00000000E+00
   4.59305847E+01    0.00000000E+00    0.00000000E+00
   4.65054742E+01    0.00000000E+00    0.00000000E+00
   4.70875593E+01    0.00000000E+00    0.00000000E+00
   4.76769300E+01    0.00000000E+00    0.00000000E+00
   4.82736776E+01    0.00000000E+00    0.00000000E+00
   4.88778944E+01    0.00000000E+00    0.00000000E+00
   4.94896738E+01    0.00000000E+00    0.00000000E+00
   5.01091105E+01    0.00000000E+00    0.00000000E+00
   5.07363005E+01    0.00000000E+00    0.00000000E+00
   5.13713406E+01    0.00000000E+00    0.00000000E+00
   5.20143292E+01    0.00000000E+00    0.00000000E+00
   5.26653658E+01    0.00000000E+00    0.00000000E+00
   5.33245511E+01    0.00000000E+00    0.00000000E+00
   5.39919870E+01    0.00000000E+00    0.00000000E+00
   5.46677769E+01    0.00000000E+00    0.00000000E+00
   5.53520253E+01    0.00000000E+00    0.00000000E+00
   5.60448381E+01    0.00000000E+00    0.00000000E+00
   5.67463225E+01    0.00000000E+00    0.00000000E+00
   5.74565870E+01    0.00000000E+00    0.00000000E+00
   5.81757415E+01    0.00000000E+00    0.00000000E+00
   5.89038973E+01    0.00000000E+00    0.00000000E+00
   5.96411671E+01    0.00000000E+00    0.00000000E+00
   6.03876648E+01    0.00000000E+00    0.00000000E+00
   6.11435062E+01    0.00000000E+00    0.00000000E+00
   6.19088079E+01    0.00000000E+00    0.00000000E+00
   6.26836886E+01    0.00000000E+00    0.00000000E+00
   6.34682681E+01    0.00000000E+00    0.00000000E+00
   6.42626677E+01    0.00000000E+00    0.00000000E+00
   6.50670104E+01    0.00000000E+00    0.00000000E+00
   6.58814207E+01    0.00000000E+00    0.00000000E+00
   6.67060245E+01    0.00000000E+00    0.00000000E+00
   6.75409494E+01    0.00000000E+00    0.00000000E+00
   6.83863247E+01    0.00000000E+00    0.00000000E+00
   6.92422811E+01    0.00000000E+00    0.00000000E+00
   7.01089511E+01    0.00000000E+00    0.00000000E+00
   7.09864687E+01    0.00000000E+00    0.00000000E+00
   7.18749698E+01    0.00000000E+00    0.00000000E+00
   7.27745918E+01    0.00000000E+00    0.00000000E+00
   7.36854739E+01    0.00000000E+00    0.00000000E+00
   7.46077570E+01    0.00000000E+00    0.00000000E+00
   7.55415839E+01    0.00000000E+00    0.00000000E+00
   7.64870990E+01    0.00000000E+00    0.00000000E+00
   7.74444486E+01    0.00000000E+00    0.00000000E+00
   7.84137809E+01    0.00000000E+00    0.00000000E+00
   7.93952458E+01    0.00000000E+00    0.00000000E+00
   8.03889952E+01    0.00000000E+00    0.00000000E+00
   8.13951829E+01    0.00000000E+00    0.00000000E+00
   8.24139645E+01    0.00000000E+00    0.00000000E+00
   8.34454976E+01    0.00000000E+00    0.00000000E+00
   8.44899420E+01    0.00000000E+00    0.00000000E+00
   8.55474591E+01    0.00000000E+00    0.00000000E+00
   8.66182126E+01    0.00000000E+00    0.00000000E+00
   8.77023681E+01    0.00000000E+00    0.00000000E+00
   8.88000935E+01    0.00000000E+00    0.00000000E+00
   8.99115585E+01    0.00000000E+00    0.00000000E+00
   9.10369352E+01    0.00000000E+00    0.00000000E+00
   9.21763977E+01    0.00000000E+00    0.00000000E+00
   9.33301222E+01    0.00000000E+00    0.00000000E+00
   9.44982872E+01    0.00000000E+00    0.00000000E+00
   9.56810736E+01    0.00000000E+00    0.00000000E+00
   9.68786644E+01    0.00000000E+00    0.00000000E+00
   9.80912447E+01    0.00000000E+00    0.00000000E+00
   9.93190023E+01    0.00000000E+00    0.00000000E+00
   1.00562127E+02    0.00000000E+00    0.00000000E+00
   1.01820811E+02    0.00000000E+00    0.00000000E+00
   1.03095250E+02    0.00000000E+00    0.00000000E+00
   1.04385640E+02    0.00000000E+00    0.00000000E+00
   1.05692182E+02    0.00000000E+00    0.00000000E+00
   1.07015076E+02    0.00000000E+00    0.00000000E+00
   1.08354529E+02    0.00000000E+00    0.00000000E+00
   1.09710747E+02    0.00000000E+00    0.00000000E+00
   1.11083940E+02    0.00000000E+00    0.00000000E+00
   1.12474320E+02    0.00000000E+00    0.00000000E+00
   1.13882103E+02    0.00000000E+00    0.00000000E+00
   1.15307507E+02    0.00000000E+00    0.00000000E+00
   1.16750752E+02    0.00000000E+00    0.00000000E+00
   1.18212061E+02    0.00000000E+00    0.00000000E+00
   1.19691660E+02    0.00000000E+00    0.00000000E+00
   1.21189779E+02    0.00000000E+00    0.00000000E+00
   1.22706649E+02    0.00000000E+00    0.00000000E+00
   1.24242505E+02    0.00000000E+00    0.00000000E+00
   1.25797584E+02    0.00000000E+00    0.00000000E+00
   1.27372128E+02    0.00000000E+00    0.00000000E+00
   1.28966379E+02    0.00000000E+00    0.00000000E+00
   1.30580585E+02    0.00000000E+00    0.00000000E+00
   1.32214995E+02    0.00000000E+00    0.00000000E+00
   1.33869862E+02    0.00000000E+00    0.00000000E+00
   1.35545442E+02    0.00000000E+00    0.00000000E+00
   1.37241995E+02    0.00000000E+00    0.00000000E+00
   1.38959782E+02    0.00000000E+00    0.00000000E+00
   1.40699070E+02    0.00000000E+00    0.00000000E+00
   1.42460128E+02    0.00000000E+00    0.00000000E+00
   1.44243228E+02    0.00000000E+00    0.00000000E+00
   1.46048646E+02    0.00000000E+00    0.00000000E+00
   1.47876662E+02    0.00000000E+00    0.00000000E+00
   1.49727558E+02    0.00000000E+00    0.00000000E+00
   1.51601621E+02    0.00000000E+00    0.00000000E+00
   1.53499140E+02    0.00000000E+00    0.00000000E+00
   1.55420410E+02    0.00000000E+00    0.00000000E+00
   1.57365727E+02    0.00000000E+00    0.00000000E+00
   1.59335393E+02    0.00000000E+00    0.00000000E+00
   1.61329712E+02    0.00000000E+00    0.00000000E+00
   1.63348993E+02    0.00000000E+00    0.00000000E+00
   1.65393548E+02    0.00000000E+00    0.00000000E+00
   1.67463694E+02    0.00000000E+00    0.00000000E+00
   1.69559751E+02    0.00000000E+00    0.00000000E+00
   1.71682043E+02    0.00000000E+00    0.00000000E+00
   1.73830898E+02    0.00000000E+00    0.00000000E+00
   1.76006650E+02    0.00000000E+00    0.00000000E+00
   1.78209635E+02    0.00000000E+00    0.00000000E+00
   1.80440193E+02    0.00000000E+00    0.00000000E+00
   1.82698670E+02    0.00000000E+00    0.00000000E+00
   1.84985415E+02    0.00000000E+00    0.00000000E+00
   1.87300782E+02    0.00000000E+00    0.00000000E+00
   1.89645130E+02    0.00000000E+00    0.00000000E+00
   1.92018820E+02    0.00000000E+00    0.00000000E+00
   1.94422221E+02    0.00000000E+00    0.00000000E+00
