# Peaks:     0.274949  
   6.85565443E-05    4.90554011E-05    1.17143462E+00
   6.94146312E-05    5.00781617E-05    1.18109284E+00
   7.02834584E-05    5.11150963E-05    1.19068963E+00
   7.11631603E-05    5.21678359E-05    1.20025471E+00
   7.20538729E-05    5.32381226E-05    1.20981856E+00
   7.29557341E-05    5.43278149E-05    1.21941247E+00
   7.38688835E-05    5.54388944E-05    1.22906860E+00
   7.47934623E-05    5.65734712E-05    1.23881992E+00
   7.57296135E-05    5.77335761E-05    1.24869627E+00
   7.66774821E-05    5.89198910E-05    1.25870057E+00
   7.76372147E-05    6.01324998E-05    1.26882435E+00
   7.86089597E-05    6.13714585E-05    1.27905882E+00
   7.95928676E-05    6.26367956E-05    1.28939490E+00
   8.05890905E-05    6.39285104E-05    1.29982326E+00
   8.15977826E-05    6.52465726E-05    1.31033429E+00
   8.26191001E-05    6.65911643E-05    1.32092239E+00
   8.36532008E-05    6.79629408E-05    1.33159032E+00
   8.47002448E-05    6.93626345E-05    1.34234186E+00
   8.57603942E-05    7.07910015E-05    1.35318088E+00
   8.68338129E-05    7.22488230E-05    1.36411131E+00
   8.79206670E-05    7.37369060E-05    1.37513717E+00
   8.90211247E-05    7.52560192E-05    1.38626150E+00
   9.01353563E-05    7.68067913E-05    1.39748480E+00
   9.12635341E-05    7.83898365E-05    1.40880716E+00
   9.24058328E-05    8.00057786E-05    1.42022861E+00
   9.35624290E-05    8.16552506E-05    1.43174917E+00
   9.47335018E-05    8.33388950E-05    1.44336881E+00
   9.59192322E-05    8.50573823E-05    1.45508776E+00
   9.71198038E-05    8.68114491E-05    1.46690708E+00
   9.83354024E-05    8.86018571E-05    1.47882800E+00
   9.95662160E-05    9.04293839E-05    1.49085173E+00
   1.00812435E-04    9.22948236E-05    1.50297947E+00
   1.02074252E-04    9.41989870E-05    1.51521243E+00
   1.03351863E-04    9.61426981E-05    1.52755176E+00
   1.04645465E-04    9.81267867E-05    1.53999848E+00
   1.05955259E-04    1.00152097E-04    1.55255360E+00
   1.07281446E-04    1.02219490E-04    1.56521808E+00
   1.08624233E-04    1.04329844E-04    1.57799289E+00
   1.09983826E-04    1.06484053E-04    1.59087898E+00
   1.11360437E-04    1.08683033E-04    1.60387735E+00
   1.12754278E-04    1.10927728E-04    1.61698912E+00
   1.14165566E-04    1.13219101E-04    1.63021547E+00
   1.15594517E-04    1.15558136E-04    1.64355752E+00
   1.17041354E-04    1.17945836E-04    1.65701641E+00
   1.18506301E-04    1.20383224E-04    1.67059326E+00
   1.19989583E-04    1.22871345E-04    1.68428921E+00
   1.21491431E-04    1.25411270E-04    1.69810547E+00
   1.23012077E-04    1.28004090E-04    1.71204326E+00
   1.24551755E-04    1.30650920E-04    1.72610378E+00
   1.26110706E-04    1.33352897E-04    1.74028822E+00
   1.27689168E-04    1.36111180E-04    1.75459775E+00
   1.29287388E-04    1.38926953E-04    1.76903358E+00
   1.30905612E-04    1.41801434E-04    1.78359703E+00
   1.32544090E-04    1.44735862E-04    1.79828941E+00
   1.34203076E-04    1.47731503E-04    1.81311200E+00
   1.35882827E-04    1.50789649E-04    1.82806609E+00
   1.37583602E-04    1.53911616E-04    1.84315296E+00
   1.39305665E-04    1.57098753E-04    1.85837392E+00
   1.41049282E-04    1.60352439E-04    1.87373037E+00
   1.42814724E-04    1.63674084E-04    1.88922372E+00
   1.44602262E-04    1.67065126E-04    1.90485535E+00
   1.46412174E-04    1.70527030E-04    1.92062663E+00
   1.48244740E-04    1.74061294E-04    1.93653894E+00
   1.50100243E-04    1.77669449E-04    1.95259369E+00
   1.51978970E-04    1.81353063E-04    1.96879240E+00
   1.53881213E-04    1.85113738E-04    1.98513656E+00
   1.55807265E-04    1.88953108E-04    2.00162767E+00
   1.57757424E-04    1.92872838E-04    2.01826719E+00
   1.59731992E-04    1.96874629E-04    2.03505658E+00
   1.61731276E-04    2.00960224E-04    2.05199742E+00
   1.63755583E-04    2.05131407E-04    2.06909132E+00
   1.65805227E-04    2.09389996E-04    2.08633987E+00
   1.67880526E-04    2.13737848E-04    2.10374468E+00
   1.69981800E-04    2.18176857E-04    2.12130730E+00
   1.72109374E-04    2.22708958E-04    2.13902933E+00
   1.74263579E-04    2.27336133E-04    2.15691247E+00
   1.76444746E-04    2.32060411E-04    2.17495845E+00
   1.78653214E-04    2.36883859E-04    2.19316898E+00
   1.80889324E-04    2.41808588E-04    2.21154577E+00
   1.83153423E-04    2.46836753E-04    2.23009050E+00
   1.85445860E-04    2.51970555E-04    2.24880489E+00
   1.87766990E-04    2.57212251E-04    2.26769078E+00
   1.90117173E-04    2.62564147E-04    2.28675003E+00
   1.92496772E-04    2.68028595E-04    2.30598447E+00
   1.94906155E-04    2.73607996E-04    2.32539592E+00
   1.97345695E-04    2.79304801E-04    2.34498618E+00
   1.99815769E-04    2.85121519E-04    2.36475714E+00
   2.02316760E-04    2.91060718E-04    2.38471080E+00
   2.04849055E-04    2.97125021E-04    2.40484913E+00
   2.07413045E-04    3.03317105E-04    2.42517409E+00
   2.10009128E-04    3.09639701E-04    2.44568762E+00
   2.12637704E-04    3.16095601E-04    2.46639166E+00
   2.15299180E-04    3.22687663E-04    2.48728830E+00
   2.17993969E-04    3.29418811E-04    2.50837967E+00
   2.20722487E-04    3.36292031E-04    2.52966789E+00
   2.23485157E-04    3.43310369E-04    2.55115503E+00
   2.26282406E-04    3.50476936E-04    2.57284318E+00
   2.29114666E-04    3.57794911E-04    2.59473446E+00
   2.31982376E-04    3.65267553E-04    2.61683115E+00
   2.34885980E-04    3.72898192E-04    2.63913551E+00
   2.37825927E-04    3.80690227E-04    2.66164980E+00
   2.40802672E-04    3.88647126E-04    2.68437625E+00
   2.43816675E-04    3.96772433E-04    2.70731708E+00
   2.46868403E-04    4.05069775E-04    2.73047466E+00
   2.49958327E-04    4.13542867E-04    2.75385142E+00
   2.53086927E-04    4.22195501E-04    2.77744979E+00
   2.56254686E-04    4.31031549E-04    2.80127217E+00
   2.59462094E-04    4.40054961E-04    2.82532094E+00
   2.62709647E-04    4.49269778E-04    2.84959852E+00
   2.65997849E-04    4.58680141E-04    2.87410751E+00
   2.69327207E-04    4.68290283E-04    2.89885050E+00
   2.72698237E-04    4.78104523E-04    2.92383010E+00
   2.76111460E-04    4.88127274E-04    2.94904885E+00
   2.79567405E-04    4.98363040E-04    2.97450930E+00
   2.83066606E-04    5.08816435E-04    3.00021413E+00
   2.86609605E-04    5.19492183E-04    3.02616616E+00
   2.90196950E-04    5.30395106E-04    3.05236814E+00
   2.93829196E-04    5.41530133E-04    3.07882285E+00
   2.97506905E-04    5.52902290E-04    3.10553301E+00
   3.01230645E-04    5.64516720E-04    3.13250138E+00
   3.05000994E-04    5.76378694E-04    3.15973094E+00
   3.08818534E-04    5.88493597E-04    3.18722465E+00
   3.12683857E-04    6.00866931E-04    3.21498549E+00
   3.16597560E-04    6.13504313E-04    3.24301638E+00
   3.20560248E-04    6.26411480E-04    3.27132023E+00
   3.24572536E-04    6.39594311E-04    3.29990015E+00
   3.28635043E-04    6.53058823E-04    3.32875933E+00
   3.32748399E-04    6.66811160E-04    3.35790094E+00
   3.36913239E-04    6.80857596E-04    3.38732812E+00
   3.41130209E-04    6.95204542E-04    3.41704398E+00
   3.45399960E-04    7.09858553E-04    3.44705173E+00
   3.49723153E-04    7.24826350E-04    3.47735477E+00
   3.54100458E-04    7.40114798E-04    3.50795650E+00
   3.58532551E-04    7.55730910E-04    3.53886030E+00
   3.63020118E-04    7.71681848E-04    3.57006950E+00
   3.67563854E-04    7.87974932E-04    3.60158745E+00
   3.72164462E-04    8.04617664E-04    3.63341772E+00
   3.76822653E-04    8.21617719E-04    3.66556397E+00
   3.81539148E-04    8.38982935E-04    3.69802979E+00
   3.86314677E-04    8.56721318E-04    3.73081876E+00
   3.91149979E-04    8.74841048E-04    3.76393443E+00
   3.96045802E-04    8.93350502E-04    3.79738055E+00
   4.01002903E-04    9.12258258E-04    3.83116099E+00
   4.06022050E-04    9.31573081E-04    3.86527961E+00
   4.11104019E-04    9.51303922E-04    3.89974025E+00
   4.16249596E-04    9.71459927E-04    3.93454669E+00
   4.21459578E-04    9.92050453E-04    3.96970281E+00
   4.26734770E-04    1.01308509E-03    4.00521275E+00
   4.32075990E-04    1.03457364E-03    4.04108064E+00
   4.37484062E-04    1.05652611E-03    4.07731058E+00
   4.42959825E-04    1.07895274E-03    4.11390660E+00
   4.48504125E-04    1.10186398E-03    4.15087279E+00
   4.54117820E-04    1.12527056E-03    4.18821349E+00
   4.59801779E-04    1.14918343E-03    4.22593311E+00
   4.65556881E-04    1.17361380E-03    4.26403604E+00
   4.71384017E-04    1.19857312E-03    4.30252658E+00
   4.77284088E-04    1.22407308E-03    4.34140906E+00
   4.83258007E-04    1.25012566E-03    4.38068803E+00
   4.89306699E-04    1.27674314E-03    4.42036820E+00
   4.95431099E-04    1.30393805E-03    4.46045423E+00
   5.01632155E-04    1.33172319E-03    4.50095073E+00
   5.07910826E-04    1.36011167E-03    4.54186228E+00
   5.14268084E-04    1.38911687E-03    4.58319364E+00
   5.20704913E-04    1.41875254E-03    4.62494983E+00
   5.27222308E-04    1.44903269E-03    4.66713581E+00
   5.33821279E-04    1.47997167E-03    4.70975651E+00
   5.40502845E-04    1.51158413E-03    4.75281680E+00
   5.47268040E-04    1.54388507E-03    4.79632165E+00
   5.54117913E-04    1.57688985E-03    4.84027638E+00
   5.61053521E-04    1.61061417E-03    4.88468627E+00
   5.68075939E-04    1.64507410E-03    4.92955655E+00
   5.75186253E-04    1.68028604E-03    4.97489242E+00
   5.82385563E-04    1.71626676E-03    5.02069912E+00
   5.89674984E-04    1.75303348E-03    5.06698226E+00
   5.97055642E-04    1.79060379E-03    5.11374746E+00
   6.04528680E-04    1.82899565E-03    5.16100030E+00
   6.12095254E-04    1.86822746E-03    5.20874627E+00
   6.19756535E-04    1.90831799E-03    5.25699091E+00
   6.27513708E-04    1.94928651E-03    5.30574010E+00
   6.35367974E-04    1.99115271E-03    5.35499982E+00
   6.43320548E-04    2.03393675E-03    5.40477600E+00
   6.51372660E-04    2.07765920E-03    5.45507450E+00
   6.59525556E-04    2.12234111E-03    5.50590113E+00
   6.67780498E-04    2.16800404E-03    5.55726208E+00
   6.76138763E-04    2.21467008E-03    5.60916371E+00
   6.84601643E-04    2.26236178E-03    5.66161232E+00
   6.93170450E-04    2.31110221E-03    5.71461413E+00
   7.01846507E-04    2.36091496E-03    5.76817531E+00
   7.10631158E-04    2.41182417E-03    5.82230227E+00
   7.19525763E-04    2.46385458E-03    5.87700177E+00
   7.28531696E-04    2.51703147E-03    5.93228048E+00
   7.37650352E-04    2.57138070E-03    5.98814501E+00
   7.46883142E-04    2.62692870E-03    6.04460190E+00
   7.56231494E-04    2.68370252E-03    6.10165789E+00
   7.65696854E-04    2.74172988E-03    6.15932009E+00
   7.75280687E-04    2.80103912E-03    6.21759559E+00
   7.84984476E-04    2.86165922E-03    6.27649139E+00
   7.94809723E-04    2.92361981E-03    6.33601440E+00
   8.04757947E-04    2.98695121E-03    6.39617169E+00
   8.14830687E-04    3.05168447E-03    6.45697072E+00
   8.25029503E-04    3.11785138E-03    6.51841902E+00
   8.35355973E-04    3.18548441E-03    6.58052397E+00
   8.45811693E-04    3.25461679E-03    6.64329292E+00
   8.56398283E-04    3.32528250E-03    6.70673325E+00
   8.67117379E-04    3.39751636E-03    6.77085286E+00
   8.77970641E-04    3.47135399E-03    6.83565967E+00
   8.88959747E-04    3.54683181E-03    6.90116148E+00
   9.00086399E-04    3.62398707E-03    6.96736603E+00
   9.11352317E-04    3.70285786E-03    7.03428108E+00
   9.22759244E-04    3.78348324E-03    7.10191494E+00
   9.34308947E-04    3.86590313E-03    7.17027597E+00
   9.46003210E-04    3.95015839E-03    7.23937242E+00
   9.57843846E-04    4.03629077E-03    7.30921245E+00
   9.69832684E-04    4.12434301E-03    7.37980420E+00
   9.81971580E-04    4.21435886E-03    7.45115634E+00
   9.94262413E-04    4.30638311E-03    7.52327767E+00
   1.00670708E-03    4.40046158E-03    7.59617691E+00
   1.01930752E-03    4.49664110E-03    7.66986266E+00
   1.03206566E-03    4.59496958E-03    7.74434349E+00
   1.04498350E-03    4.69549610E-03    7.81962847E+00
   1.05806302E-03    4.79827089E-03    7.89572685E+00
   1.07130625E-03    4.90334532E-03    7.97264782E+00
   1.08471524E-03    5.01077193E-03    8.05040039E+00
   1.09829206E-03    5.12060445E-03    8.12899357E+00
   1.11203882E-03    5.23289791E-03    8.20843685E+00
   1.12595763E-03    5.34770866E-03    8.28873997E+00
   1.14005067E-03    5.46509430E-03    8.36991253E+00
   1.15432009E-03    5.58511376E-03    8.45196403E+00
   1.16876812E-03    5.70782731E-03    8.53490390E+00
   1.18339699E-03    5.83329667E-03    8.61874208E+00
   1.19820896E-03    5.96158503E-03    8.70348877E+00
   1.21320633E-03    6.09275700E-03    8.78915405E+00
   1.22839141E-03    6.22687868E-03    8.87574785E+00
   1.24376655E-03    6.36401765E-03    8.96328005E+00
   1.25933413E-03    6.50424316E-03    9.05176106E+00
   1.27509657E-03    6.64762606E-03    9.14120154E+00
   1.29105630E-03    6.79423883E-03    9.23161205E+00
   1.30721578E-03    6.94415560E-03    9.32300301E+00
   1.32357753E-03    7.09745218E-03    9.41538472E+00
   1.34014407E-03    7.25420621E-03    9.50876802E+00
   1.35691796E-03    7.41449718E-03    9.60316408E+00
   1.37390181E-03    7.57840636E-03    9.69858392E+00
   1.39109823E-03    7.74601689E-03    9.79503842E+00
   1.40850989E-03    7.91741382E-03    9.89253835E+00
   1.42613948E-03    8.09268421E-03    9.99109504E+00
   1.44398973E-03    8.27191719E-03    1.00907201E+01
   1.46206341E-03    8.45520393E-03    1.01914250E+01
   1.48036331E-03    8.64263766E-03    1.02932212E+01
   1.49889225E-03    8.83431375E-03    1.03961198E+01
   1.51765311E-03    9.03032985E-03    1.05001327E+01
   1.53664880E-03    9.23078590E-03    1.06052719E+01
   1.55588224E-03    9.43578414E-03    1.07115494E+01
   1.57535641E-03    9.64542911E-03    1.08189770E+01
   1.59507434E-03    9.85982776E-03    1.09275664E+01
   1.61503906E-03    1.00790896E-02    1.10373299E+01
   1.63525367E-03    1.03033266E-02    1.11482800E+01
   1.65572130E-03    1.05326536E-02    1.12604292E+01
   1.67644511E-03    1.07671876E-02    1.13737897E+01
   1.69742831E-03    1.10070486E-02    1.14883737E+01
   1.71867415E-03    1.12523593E-02    1.16041938E+01
   1.74018591E-03    1.15032455E-02    1.17212632E+01
   1.76196692E-03    1.17598356E-02    1.18395947E+01
   1.78402055E-03    1.20222609E-02    1.19592010E+01
   1.80635022E-03    1.22906560E-02    1.20800946E+01
   1.82895938E-03    1.25651585E-02    1.22022888E+01
   1.85185152E-03    1.28459091E-02    1.23257971E+01
   1.87503019E-03    1.31330520E-02    1.24506328E+01
   1.89849898E-03    1.34267343E-02    1.25768089E+01
   1.92226151E-03    1.37271068E-02    1.27043385E+01
   1.94632147E-03    1.40343237E-02    1.28332353E+01
   1.97068257E-03    1.43485428E-02    1.29635131E+01
   1.99534859E-03    1.46699255E-02    1.30951858E+01
   2.02032334E-03    1.49986369E-02    1.32282668E+01
   2.04561069E-03    1.53348457E-02    1.33627695E+01
   2.07121454E-03    1.56787249E-02    1.34987079E+01
   2.09713887E-03    1.60304512E-02    1.36360965E+01
   2.12338768E-03    1.63902054E-02    1.37749493E+01
   2.14996503E-03    1.67581725E-02    1.39152802E+01
   2.17687503E-03    1.71345416E-02    1.40571031E+01
   2.20412186E-03    1.75195062E-02    1.42004324E+01
   2.23170971E-03    1.79132644E-02    1.43452828E+01
   2.25964288E-03    1.83160187E-02    1.44916687E+01
   2.28792566E-03    1.87279762E-02    1.46396045E+01
   2.31656245E-03    1.91493487E-02    1.47891042E+01
   2.34555767E-03    1.95803530E-02    1.49401827E+01
   2.37491581E-03    2.00212107E-02    1.50928551E+01
   2.40464140E-03    2.04721487E-02    1.52471360E+01
   2.43473906E-03    2.09333988E-02    1.54030401E+01
   2.46521344E-03    2.14051981E-02    1.55605819E+01
   2.49606925E-03    2.18877892E-02    1.57197764E+01
   2.52731126E-03    2.23814204E-02    1.58806390E+01
   2.55894431E-03    2.28863453E-02    1.60431847E+01
   2.59097330E-03    2.34028235E-02    1.62074284E+01
   2.62340318E-03    2.39311203E-02    1.63733848E+01
   2.65623897E-03    2.44715072E-02    1.65410692E+01
   2.68948574E-03    2.50242619E-02    1.67104972E+01
   2.72314865E-03    2.55896683E-02    1.68816841E+01
   2.75723290E-03    2.61680165E-02    1.70546449E+01
   2.79174376E-03    2.67596035E-02    1.72293944E+01
   2.82668658E-03    2.73647328E-02    1.74059484E+01
   2.86206676E-03    2.79837150E-02    1.75843225E+01
   2.89788978E-03    2.86168676E-02    1.77645321E+01
   2.93416117E-03    2.92645150E-02    1.79465922E+01
   2.97088656E-03    2.99269890E-02    1.81305180E+01
   3.00807161E-03    3.06046293E-02    1.83163252E+01
   3.04572210E-03    3.12977827E-02    1.85040297E+01
   3.08384383E-03    3.20068042E-02    1.86936467E+01
   3.12244272E-03    3.27320563E-02    1.88851915E+01
   3.16152472E-03    3.34739099E-02    1.90786791E+01
   3.20109590E-03    3.42327441E-02    1.92741254E+01
   3.24116237E-03    3.50089469E-02    1.94715460E+01
   3.28173033E-03    3.58029143E-02    1.96709563E+01
   3.32280606E-03    3.66150516E-02    1.98723715E+01
   3.36439591E-03    3.74457727E-02    2.00758067E+01
   3.40650632E-03    3.82955011E-02    2.02812774E+01
   3.44914381E-03    3.91646698E-02    2.04887993E+01
   3.49231497E-03    4.00537210E-02    2.06983876E+01
   3.53602647E-03    4.09631070E-02    2.09100572E+01
   3.58028510E-03    4.18932898E-02    2.11238231E+01
   3.62509768E-03    4.28447420E-02    2.13397007E+01
   3.67047116E-03    4.38179465E-02    2.15577053E+01
   3.71641256E-03    4.48133969E-02    2.17778519E+01
   3.76292898E-03    4.58315974E-02    2.20001551E+01
   3.81002763E-03    4.68730634E-02    2.22246294E+01
   3.85771578E-03    4.79383219E-02    2.24512901E+01
   3.90600082E-03    4.90279113E-02    2.26801520E+01
   3.95489022E-03    5.01423818E-02    2.29112296E+01
   4.00439155E-03    5.12822952E-02    2.31445370E+01
   4.05451245E-03    5.24482262E-02    2.33800885E+01
   4.10526070E-03    5.36407617E-02    2.36178986E+01
   4.15664413E-03    5.48605017E-02    2.38579817E+01
   4.20867071E-03    5.61080589E-02    2.41003517E+01
   4.26134847E-03    5.73840591E-02    2.43450219E+01
   4.31468557E-03    5.86891419E-02    2.45920060E+01
   4.36869027E-03    6.00239612E-02    2.48413179E+01
   4.42337092E-03    6.13891844E-02    2.50929712E+01
   4.47873597E-03    6.27854936E-02    2.53469789E+01
   4.53479401E-03    6.42135851E-02    2.56033536E+01
   4.59155369E-03    6.56741705E-02    2.58621082E+01
   4.64902380E-03    6.71679769E-02    2.61232555E+01
   4.70721324E-03    6.86957467E-02    2.63868083E+01
   4.76613100E-03    7.02582382E-02    2.66527784E+01
   4.82578621E-03    7.18562254E-02    2.69211775E+01
   4.88618809E-03    7.34904992E-02    2.71920173E+01
   4.94734599E-03    7.51618676E-02    2.74653096E+01
   5.00926937E-03    7.68711554E-02    2.77410658E+01
   5.07196782E-03    7.86192048E-02    2.80192966E+01
   5.13545103E-03    8.04068753E-02    2.83000124E+01
   5.19972882E-03    8.22350450E-02    2.85832234E+01
   5.26481115E-03    8.41046109E-02    2.88689401E+01
   5.33070808E-03    8.60164883E-02    2.91571724E+01
   5.39742981E-03    8.79716114E-02    2.94479295E+01
   5.46498666E-03    8.99709338E-02    2.97412200E+01
   5.53338908E-03    9.20154293E-02    3.00370527E+01
   5.60264766E-03    9.41060924E-02    3.03354364E+01
   5.67277312E-03    9.62439377E-02    3.06363791E+01
   5.74377630E-03    9.84300005E-02    3.09398881E+01
   5.81566819E-03    1.00665337E-01    3.12459702E+01
   5.88845991E-03    1.02951026E-01    3.15546324E+01
   5.96216273E-03    1.05288170E-01    3.18658811E+01
   6.03678806E-03    1.07677890E-01    3.21797224E+01
   6.11234742E-03    1.10121333E-01    3.24961615E+01
   6.18885253E-03    1.12619668E-01    3.28152028E+01
   6.26631521E-03    1.15174088E-01    3.31368511E+01
   6.34474745E-03    1.17785811E-01    3.34611103E+01
   6.42416139E-03    1.20456079E-01    3.37879840E+01
   6.50456931E-03    1.23186157E-01    3.41174747E+01
   6.58598365E-03    1.25977338E-01    3.44495846E+01
   6.66841702E-03    1.28830940E-01    3.47843154E+01
   6.75188216E-03    1.31748307E-01    3.51216684E+01
   6.83639199E-03    1.34730811E-01    3.54616442E+01
   6.92195959E-03    1.37779849E-01    3.58042424E+01
   7.00859819E-03    1.40896845E-01    3.61494621E+01
   7.09632121E-03    1.44083253E-01    3.64973019E+01
   7.18514220E-03    1.47340557E-01    3.68477598E+01
   7.27507493E-03    1.50670267E-01    3.72008331E+01
   7.36613330E-03    1.54073922E-01    3.75565181E+01
   7.45833139E-03    1.57553092E-01    3.79148101E+01
   7.55168349E-03    1.61109378E-01    3.82757042E+01
   7.64620402E-03    1.64744412E-01    3.86391949E+01
   7.74190762E-03    1.68459856E-01    3.90052755E+01
   7.83880909E-03    1.72257403E-01    3.93739383E+01
   7.93692343E-03    1.76138779E-01    3.97451748E+01
   8.03626581E-03    1.80105743E-01    4.01189759E+01
   8.13685161E-03    1.84160088E-01    4.04953318E+01
   8.23869639E-03    1.88303640E-01    4.08742313E+01
   8.34181591E-03    1.92538258E-01    4.12556626E+01
   8.44622613E-03    1.96865833E-01    4.16396124E+01
   8.55194319E-03    2.01288297E-01    4.20260672E+01
   8.65898346E-03    2.05807617E-01    4.24150121E+01
   8.76736349E-03    2.10425791E-01    4.28064313E+01
   8.87710007E-03    2.15144856E-01    4.32003076E+01
   8.98821016E-03    2.19966886E-01    4.35966229E+01
   9.10071096E-03    2.24893992E-01    4.39953583E+01
   9.21461987E-03    2.29928327E-01    4.43964936E+01
   9.32995452E-03    2.35072078E-01    4.48000074E+01
   9.44673276E-03    2.40327469E-01    4.52058770E+01
   9.56497265E-03    2.45696765E-01    4.56140785E+01
   9.68469248E-03    2.51182275E-01    4.60245871E+01
   9.80591079E-03    2.56786346E-01    4.64373765E+01
   9.92864633E-03    2.62511364E-01    4.68524193E+01
   1.00529181E-02    2.68359755E-01    4.72696864E+01
   1.01787453E-02    2.74333988E-01    4.76891477E+01
   1.03061474E-02    2.80436576E-01    4.81107717E+01
   1.04351441E-02    2.86670075E-01    4.85345255E+01
   1.05657555E-02    2.93037080E-01    4.89603748E+01
   1.06980016E-02    2.99540230E-01    4.93882837E+01
   1.08319030E-02    3.06182208E-01    4.98182150E+01
   1.09674803E-02    3.12965746E-01    5.02501299E+01
   1.11047546E-02    3.19893618E-01    5.06839881E+01
   1.12437471E-02    3.26968639E-01    5.11197479E+01
   1.13844793E-02    3.34193669E-01    5.15573658E+01
   1.15269730E-02    3.41571615E-01    5.19967967E+01
   1.16712501E-02    3.49105438E-01    5.24379939E+01
   1.18173332E-02    3.56798138E-01    5.28809091E+01
   1.19652446E-02    3.64652762E-01    5.33254922E+01
   1.21150075E-02    3.72672398E-01    5.37716915E+01
   1.22666448E-02    3.80860188E-01    5.42194534E+01
   1.24201800E-02    3.89219327E-01    5.46687224E+01
   1.25756370E-02    3.97753053E-01    5.51194416E+01
   1.27330398E-02    4.06464647E-01    5.55715518E+01
   1.28924127E-02    4.15357436E-01    5.60249923E+01
   1.30537804E-02    4.24434802E-01    5.64797002E+01
   1.32171679E-02    4.33700181E-01    5.69356108E+01
   1.33826003E-02    4.43157051E-01    5.73926573E+01
   1.35501035E-02    4.52808938E-01    5.78507712E+01
   1.37197031E-02    4.62659408E-01    5.83098818E+01
   1.38914256E-02    4.72712087E-01    5.87699164E+01
   1.40652974E-02    4.82970656E-01    5.92308001E+01
   1.42413455E-02    4.93438839E-01    5.96924557E+01
   1.44195971E-02    5.04120402E-01    6.01548045E+01
   1.46000797E-02    5.15019156E-01    6.06177653E+01
   1.47828214E-02    5.26138971E-01    6.10812549E+01
   1.49678504E-02    5.37483773E-01    6.15451872E+01
   1.51551953E-02    5.49057529E-01    6.20094743E+01
   1.53448850E-02    5.60864247E-01    6.24740264E+01
   1.55369491E-02    5.72907977E-01    6.29387513E+01
   1.57314171E-02    5.85192827E-01    6.34035543E+01
   1.59283191E-02    5.97722967E-01    6.38683380E+01
   1.61276857E-02    6.10502601E-01    6.43330027E+01
   1.63295476E-02    6.23535974E-01    6.47974470E+01
   1.65339361E-02    6.36827365E-01    6.52615671E+01
   1.67408829E-02    6.50381112E-01    6.57252563E+01
   1.69504199E-02    6.64201614E-01    6.61884052E+01
   1.71625796E-02    6.78293305E-01    6.66509019E+01
   1.73773948E-02    6.92660652E-01    6.71126328E+01
   1.75948987E-02    7.07308151E-01    6.75734817E+01
   1.78151250E-02    7.22240358E-01    6.80333299E+01
   1.80381077E-02    7.37461884E-01    6.84920550E+01
   1.82638814E-02    7.52977371E-01    6.89495328E+01
   1.84924810E-02    7.68791484E-01    6.94056370E+01
   1.87239419E-02    7.84908915E-01    6.98602392E+01
   1.89582998E-02    8.01334420E-01    7.03132071E+01
   1.91955911E-02    8.18072805E-01    7.07644057E+01
   1.94358524E-02    8.35128892E-01    7.12136976E+01
   1.96791210E-02    8.52507519E-01    7.16609439E+01
   1.99254344E-02    8.70213540E-01    7.21060033E+01
   2.01748308E-02    8.88251871E-01    7.25487307E+01
   2.04273488E-02    9.06627477E-01    7.29889777E+01
   2.06830274E-02    9.25345327E-01    7.34265941E+01
   2.09419062E-02    9.44410396E-01    7.38614276E+01
   2.12040252E-02    9.63827660E-01    7.42933244E+01
   2.14694251E-02    9.83602158E-01    7.47221263E+01
   2.17381468E-02    1.00373897E+00    7.51476715E+01
   2.20102320E-02    1.02424318E+00    7.55697964E+01
   2.22857228E-02    1.04511984E+00    7.59883360E+01
   2.25646617E-02    1.06637402E+00    7.64031236E+01
   2.28470919E-02    1.08801078E+00    7.68139889E+01
   2.31330572E-02    1.11003528E+00    7.72207573E+01
   2.34226018E-02    1.13245264E+00    7.76232522E+01
   2.37157704E-02    1.15526795E+00    7.80212960E+01
   2.40126085E-02    1.17848626E+00    7.84147098E+01
   2.43131620E-02    1.20211268E+00    7.88033108E+01
   2.46174773E-02    1.22615233E+00    7.91869116E+01
   2.49256016E-02    1.25061031E+00    7.95653238E+01
   2.52375825E-02    1.27549167E+00    7.99383579E+01
   2.55534683E-02    1.30080138E+00    8.03058233E+01
   2.58733079E-02    1.32654447E+00    8.06675256E+01
   2.61971508E-02    1.35272596E+00    8.10232665E+01
   2.65250470E-02    1.37935080E+00    8.13728472E+01
   2.68570474E-02    1.40642387E+00    8.17160683E+01
   2.71932032E-02    1.43395008E+00    8.20527260E+01
   2.75335665E-02    1.46193428E+00    8.23826142E+01
   2.78781900E-02    1.49038124E+00    8.27055270E+01
   2.82271270E-02    1.51929563E+00    8.30212581E+01
   2.85804314E-02    1.54868214E+00    8.33295963E+01
   2.89381579E-02    1.57854545E+00    8.36303268E+01
   2.93003619E-02    1.60889013E+00    8.39232349E+01
   2.96670995E-02    1.63972060E+00    8.42081069E+01
   3.00384273E-02    1.67104115E+00    8.44847295E+01
   3.04144028E-02    1.70285611E+00    8.47528837E+01
   3.07950842E-02    1.73516973E+00    8.50123486E+01
   3.11805304E-02    1.76798610E+00    8.52629044E+01
   3.15708011E-02    1.80130917E+00    8.55043319E+01
   3.19659565E-02    1.83514288E+00    8.57364067E+01
   3.23660580E-02    1.86949108E+00    8.59589030E+01
   3.27711672E-02    1.90435739E+00    8.61715976E+01
   3.31813471E-02    1.93974526E+00    8.63742695E+01
   3.35966609E-02    1.97565804E+00    8.65666943E+01
   3.40171730E-02    2.01209907E+00    8.67486428E+01
   3.44429484E-02    2.04907147E+00    8.69198887E+01
   3.48740531E-02    2.08657809E+00    8.70802089E+01
   3.53105537E-02    2.12462164E+00    8.72293795E+01
   3.57525177E-02    2.16320482E+00    8.73671714E+01
   3.62000135E-02    2.20233003E+00    8.74933588E+01
   3.66531105E-02    2.24199941E+00    8.76077202E+01
   3.71118786E-02    2.28221493E+00    8.77100333E+01
   3.75763888E-02    2.32297854E+00    8.78000696E+01
   3.80467131E-02    2.36429187E+00    8.78776051E+01
   3.85229243E-02    2.40615622E+00    8.79424214E+01
   3.90050959E-02    2.44857259E+00    8.79943033E+01
   3.94933026E-02    2.49154199E+00    8.80330286E+01
   3.99876199E-02    2.53506510E+00    8.80583784E+01
   4.04881243E-02    2.57914224E+00    8.80701409E+01
   4.09948933E-02    2.62377348E+00    8.80681042E+01
   4.15080053E-02    2.66895876E+00    8.80520537E+01
   4.20275396E-02    2.71469761E+00    8.80217822E+01
   4.25535767E-02    2.76098916E+00    8.79770887E+01
   4.30861979E-02    2.80783242E+00    8.79177668E+01
   4.36254857E-02    2.85522607E+00    8.78436156E+01
   4.41715234E-02    2.90316829E+00    8.77544429E+01
   4.47243956E-02    2.95165705E+00    8.76500552E+01
   4.52841879E-02    3.00069003E+00    8.75302612E+01
   4.58509867E-02    3.05026435E+00    8.73948800E+01
   4.64248799E-02    3.10037689E+00    8.72437313E+01
   4.70059562E-02    3.15102430E+00    8.70766336E+01
   4.75943056E-02    3.20220265E+00    8.68934169E+01
   4.81900190E-02    3.25390746E+00    8.66939217E+01
   4.87931886E-02    3.30613414E+00    8.64779832E+01
   4.94039078E-02    3.35887765E+00    8.62454425E+01
   5.00222711E-02    3.41213229E+00    8.59961556E+01
   5.06483741E-02    3.46589204E+00    8.57299799E+01
   5.12823137E-02    3.52015064E+00    8.54467717E+01
   5.19241881E-02    3.57490113E+00    8.51464019E+01
   5.25740964E-02    3.63013594E+00    8.48287545E+01
   5.32321393E-02    3.68584734E+00    8.44937075E+01
   5.38984185E-02    3.74202710E+00    8.41411482E+01
   5.45730373E-02    3.79866618E+00    8.37709819E+01
   5.52560999E-02    3.85575522E+00    8.33831153E+01
   5.59477121E-02    3.91328449E+00    8.29774576E+01
   5.66479808E-02    3.97124346E+00    8.25539375E+01
   5.73570144E-02    4.02962108E+00    8.21124905E+01
   5.80749226E-02    4.08840613E+00    8.16530485E+01
   5.88018165E-02    4.14758656E+00    8.11755622E+01
   5.95378085E-02    4.20714951E+00    8.06800011E+01
   6.02830126E-02    4.26708190E+00    8.01663320E+01
   6.10375440E-02    4.32737001E+00    7.96345345E+01
   6.18015195E-02    4.38799942E+00    7.90846016E+01
   6.25750573E-02    4.44895538E+00    7.85165279E+01
   6.33582771E-02    4.51022226E+00    7.79303299E+01
   6.41513000E-02    4.57178382E+00    7.73260347E+01
   6.49542488E-02    4.63362353E+00    7.67036690E+01
   6.57672477E-02    4.69572391E+00    7.60632835E+01
   6.65904225E-02    4.75806693E+00    7.54049382E+01
   6.74239005E-02    4.82063418E+00    7.47286958E+01
   6.82678108E-02    4.88340627E+00    7.40346446E+01
   6.91222838E-02    4.94636337E+00    7.33228774E+01
   6.99874518E-02    5.00948513E+00    7.25934962E+01
   7.08634487E-02    5.07275023E+00    7.18466281E+01
   7.17504100E-02    5.13613706E+00    7.10823996E+01
   7.26484729E-02    5.19962324E+00    7.03009553E+01
   7.35577765E-02    5.26318560E+00    6.95024590E+01
   7.44784613E-02    5.32680065E+00    6.86870756E+01
   7.54106698E-02    5.39044395E+00    6.78549953E+01
   7.63545463E-02    5.45409067E+00    6.70064127E+01
   7.73102369E-02    5.51771524E+00    6.61415397E+01
   7.82778893E-02    5.58129143E+00    6.52606044E+01
   7.92576533E-02    5.64479251E+00    6.43638422E+01
   8.02496806E-02    5.70819096E+00    6.34515100E+01
   8.12541245E-02    5.77145891E+00    6.25238690E+01
   8.22711405E-02    5.83456759E+00    6.15812044E+01
   8.33008860E-02    5.89748786E+00    6.06238074E+01
   8.43435203E-02    5.96018987E+00    5.96519876E+01
   8.53992047E-02    6.02264328E+00    5.86660657E+01
   8.64681026E-02    6.08481713E+00    5.76663774E+01
   8.75503793E-02    6.14667993E+00    5.66532723E+01
   8.86462023E-02    6.20819965E+00    5.56271129E+01
   8.97557412E-02    6.26934375E+00    5.45882750E+01
   9.08791676E-02    6.33007912E+00    5.35371506E+01
   9.20166553E-02    6.39037226E+00    5.24741409E+01
   9.31683804E-02    6.45018907E+00    5.13996653E+01
   9.43345211E-02    6.50949514E+00    5.03141503E+01
   9.55152577E-02    6.56825547E+00    4.92180422E+01
   9.67107730E-02    6.62643473E+00    4.81117958E+01
   9.79212519E-02    6.68399721E+00    4.69958785E+01
   9.91468818E-02    6.74090674E+00    4.58707735E+01
   1.00387852E-01    6.79712693E+00    4.47369718E+01
   1.01644355E-01    6.85262098E+00    4.35949787E+01
   1.02916585E-01    6.90735177E+00    4.24453133E+01
   1.04204739E-01    6.96128194E+00    4.12885056E+01
   1.05509016E-01    7.01437400E+00    4.01250906E+01
   1.06829618E-01    7.06659015E+00    3.89556197E+01
   1.08166750E-01    7.11789234E+00    3.77806582E+01
   1.09520617E-01    7.16824248E+00    3.66007769E+01
   1.10891430E-01    7.21760242E+00    3.54165535E+01
   1.12279401E-01    7.26593383E+00    3.42285815E+01
   1.13684745E-01    7.31319837E+00    3.30374603E+01
   1.15107678E-01    7.35935773E+00    3.18437987E+01
   1.16548422E-01    7.40437362E+00    3.06482122E+01
   1.18007198E-01    7.44820783E+00    2.94513262E+01
   1.19484234E-01    7.49082227E+00    2.82537706E+01
   1.20979756E-01    7.53217902E+00    2.70561845E+01
   1.22493998E-01    7.57224037E+00    2.58592104E+01
   1.24027192E-01    7.61096882E+00    2.46635005E+01
   1.25579576E-01    7.64832724E+00    2.34697039E+01
   1.27151391E-01    7.68427876E+00    2.22784817E+01
   1.28742880E-01    7.71878693E+00    2.10904980E+01
   1.30354288E-01    7.75181574E+00    1.99064172E+01
   1.31985866E-01    7.78332972E+00    1.87268957E+01
   1.33637865E-01    7.81329381E+00    1.75526113E+01
   1.35310541E-01    7.84167359E+00    1.63842327E+01
   1.37004153E-01    7.86843529E+00    1.52224253E+01
   1.38718964E-01    7.89354580E+00    1.40678577E+01
   1.40455238E-01    7.91697273E+00    1.29211952E+01
   1.42213243E-01    7.93868450E+00    1.17831003E+01
   1.43993253E-01    7.95865034E+00    1.06542337E+01
   1.45795543E-01    7.97684037E+00    9.53524992E+00
   1.47620391E-01    7.99322562E+00    8.42679932E+00
   1.49468079E-01    8.00777814E+00    7.32952597E+00
   1.51338894E-01    8.02047098E+00    6.24406705E+00
   1.53233125E-01    8.03127830E+00    5.17105204E+00
   1.55151065E-01    8.04017536E+00    4.11110172E+00
   1.57093011E-01    8.04713863E+00    3.06482729E+00
   1.59059263E-01    8.05214577E+00    2.03282976E+00
   1.61050126E-01    8.05517576E+00    1.01569887E+00
   1.63065908E-01    8.05620886E+00    1.40123624E-02
   1.65106920E-01    8.05522672E+00   -9.71664789E-01
   1.67173478E-01    8.05221237E+00   -1.94078120E+00
   1.69265902E-01    8.04715033E+00   -2.89279982E+00
   1.71384517E-01    8.04002658E+00   -3.82719870E+00
   1.73529648E-01    8.03082865E+00   -4.74347157E+00
   1.75701629E-01    8.01954564E+00   -5.64112868E+00
   1.77900796E-01    8.00616825E+00   -6.51969734E+00
   1.80127489E-01    7.99068885E+00   -7.37872258E+00
   1.82382052E-01    7.97310146E+00   -8.21776773E+00
   1.84664834E-01    7.95340183E+00   -9.03641502E+00
   1.86976189E-01    7.93158746E+00   -9.83426609E+00
   1.89316474E-01    7.90765760E+00   -1.06109426E+01
   1.91686050E-01    7.88161334E+00   -1.13660865E+01
   1.94085286E-01    7.85345754E+00   -1.20993610E+01
   1.96514552E-01    7.82319495E+00   -1.28104503E+01
   1.98974223E-01    7.79083219E+00   -1.34990610E+01
   2.01464681E-01    7.75637773E+00   -1.41649216E+01
   2.03986311E-01    7.71984197E+00   -1.48077834E+01
   2.06539502E-01    7.68123724E+00   -1.54274211E+01
   2.09124651E-01    7.64057775E+00   -1.60236328E+01
   2.11742156E-01    7.59787968E+00   -1.65962403E+01
   2.14392424E-01    7.55316113E+00   -1.71450900E+01
   2.17075863E-01    7.50644215E+00   -1.76700528E+01
   2.19792890E-01    7.45774471E+00   -1.81710246E+01
   2.22543925E-01    7.40709272E+00   -1.86479262E+01
   2.25329392E-01    7.35451204E+00   -1.91007045E+01
   2.28149724E-01    7.30003034E+00   -1.95293312E+01
   2.31005357E-01    7.24367728E+00   -1.99338045E+01
   2.33896732E-01    7.18548436E+00   -2.03141484E+01
   2.36824297E-01    7.12548494E+00   -2.06704130E+01
   2.39788505E-01    7.06371415E+00   -2.10026744E+01
   2.42789814E-01    7.00020897E+00   -2.13110348E+01
   2.45828689E-01    6.93500808E+00   -2.15956222E+01
   2.48905600E-01    6.86815193E+00   -2.18565909E+01
   2.52021023E-01    6.79968256E+00   -2.20941201E+01
   2.55175441E-01    6.72964371E+00   -2.23084153E+01
   2.58369340E-01    6.65808067E+00   -2.24997061E+01
   2.61603216E-01    6.58504023E+00   -2.26682473E+01
   2.64877569E-01    6.51057067E+00   -2.28143176E+01
   2.68192905E-01    6.43472164E+00   -2.29382191E+01
   2.71549738E-01    6.35754417E+00   -2.30402773E+01
   2.74948586E-01    6.27909053E+00   -2.31208397E+01
   2.78389976E-01    6.19941422E+00   -2.31802755E+01
   2.81874440E-01    6.11856986E+00   -2.32189747E+01
   2.85402517E-01    6.03661313E+00   -2.32373471E+01
   2.88974753E-01    5.95360071E+00   -2.32358218E+01
   2.92591701E-01    5.86959017E+00   -2.32148458E+01
   2.96253921E-01    5.78463991E+00   -2.31748833E+01
   2.99961979E-01    5.69880909E+00   -2.31164146E+01
   3.03716448E-01    5.61215752E+00   -2.30399351E+01
   3.07517911E-01    5.52474562E+00   -2.29459538E+01
   3.11366954E-01    5.43663427E+00   -2.28349931E+01
   3.15264174E-01    5.34788481E+00   -2.27075867E+01
   3.19210173E-01    5.25855889E+00   -2.25642789E+01
   3.23205563E-01    5.16871839E+00   -2.24056236E+01
   3.27250960E-01    5.07842539E+00   -2.22321828E+01
   3.31346992E-01    4.98774204E+00   -2.20445257E+01
   3.35494292E-01    4.89673045E+00   -2.18432273E+01
   3.39693501E-01    4.80545271E+00   -2.16288678E+01
   3.43945270E-01    4.71397067E+00   -2.14020305E+01
   3.48250255E-01    4.62234601E+00   -2.11633023E+01
   3.52609125E-01    4.53064000E+00   -2.09132705E+01
   3.57022551E-01    4.43891357E+00   -2.06525238E+01
   3.61491219E-01    4.34722712E+00   -2.03816502E+01
   3.66015818E-01    4.25564053E+00   -2.01012359E+01
   3.70597050E-01    4.16421302E+00   -1.98118652E+01
   3.75235622E-01    4.07300311E+00   -1.95141189E+01
   3.79932253E-01    3.98206856E+00   -1.92085734E+01
   3.84687670E-01    3.89146627E+00   -1.88958007E+01
   3.89502607E-01    3.80125224E+00   -1.85763663E+01
   3.94377811E-01    3.71148147E+00   -1.82508300E+01
   3.99314035E-01    3.62220798E+00   -1.79197441E+01
   4.04312043E-01    3.53348461E+00   -1.75836527E+01
   4.09372608E-01    3.44536310E+00   -1.72430923E+01
   4.14496515E-01    3.35789397E+00   -1.68985899E+01
   4.19684554E-01    3.27112647E+00   -1.65506634E+01
   4.24937529E-01    3.18510847E+00   -1.61998200E+01
   4.30256254E-01    3.09988652E+00   -1.58465570E+01
   4.35641550E-01    3.01550576E+00   -1.54913612E+01
   4.41094251E-01    2.93200983E+00   -1.51347077E+01
   4.46615200E-01    2.84944086E+00   -1.47770604E+01
   4.52205253E-01    2.76783938E+00   -1.44188702E+01
   4.57865273E-01    2.68724440E+00   -1.40605773E+01
   4.63596137E-01    2.60769328E+00   -1.37026094E+01
   4.69398731E-01    2.52922162E+00   -1.33453799E+01
   4.75273953E-01    2.45186342E+00   -1.29892908E+01
   4.81222712E-01    2.37565089E+00   -1.26347303E+01
   4.87245929E-01    2.30061449E+00   -1.22820734E+01
   4.93344536E-01    2.22678286E+00   -1.19316812E+01
   4.99519475E-01    2.15418287E+00   -1.15839013E+01
   5.05771703E-01    2.08283952E+00   -1.12390672E+01
   5.12102187E-01    2.01277598E+00   -1.08974982E+01
   5.18511907E-01    1.94401355E+00   -1.05594994E+01
   5.25001853E-01    1.87657164E+00   -1.02253614E+01
   5.31573031E-01    1.81046781E+00   -9.89535990E+00
   5.38226457E-01    1.74571771E+00   -9.56975611E+00
   5.44963160E-01    1.68233512E+00   -9.24879619E+00
   5.51784183E-01    1.62033195E+00   -8.93271127E+00
   5.58690582E-01    1.55971822E+00   -8.62171740E+00
   5.65683424E-01    1.50050213E+00   -8.31601540E+00
   5.72763792E-01    1.44269002E+00   -8.01579090E+00
   5.79932782E-01    1.38628642E+00   -7.72121428E+00
   5.87191502E-01    1.33129408E+00   -7.43244077E+00
   5.94541075E-01    1.27771398E+00   -7.14961045E+00
   6.01982640E-01    1.22554540E+00   -6.87284844E+00
   6.09517347E-01    1.17478591E+00   -6.60226504E+00
   6.17146361E-01    1.12543145E+00   -6.33795595E+00
   6.24870865E-01    1.07747635E+00   -6.08000253E+00
   6.32692051E-01    1.03091339E+00   -5.82847212E+00
   6.40611132E-01    9.85733849E-01   -5.58341838E+00
   6.48629332E-01    9.41927549E-01   -5.34488169E+00
   6.56747891E-01    8.99482921E-01   -5.11288950E+00
   6.64968066E-01    8.58387028E-01   -4.88745711E+00
   6.73291129E-01    8.18625694E-01   -4.66858717E+00
   6.81718367E-01    7.80183465E-01   -4.45627162E+00
   6.90251085E-01    7.43043751E-01   -4.25049107E+00
   6.98890602E-01    7.07188828E-01   -4.05121571E+00
   7.07638256E-01    6.72599963E-01   -3.85840587E+00
   7.16495400E-01    6.39257394E-01   -3.67201233E+00
   7.25463404E-01    6.07140453E-01   -3.49197701E+00
   7.34543656E-01    5.76227610E-01   -3.31823341E+00
   7.43737560E-01    5.46496515E-01   -3.15070706E+00
   7.53046540E-01    5.17924131E-01   -2.98931627E+00
   7.62472036E-01    4.90486675E-01   -2.83397216E+00
   7.72015506E-01    4.64159781E-01   -2.68457954E+00
   7.81678427E-01    4.38918527E-01   -2.54103722E+00
   7.91462293E-01    4.14737485E-01   -2.40323846E+00
   8.01368619E-01    3.91590830E-01   -2.27107160E+00
   8.11398937E-01    3.69452314E-01   -2.14442017E+00
   8.21554800E-01    3.48295401E-01   -2.02316362E+00
   8.31837778E-01    3.28093293E-01   -1.90717766E+00
   8.42249463E-01    3.08818994E-01   -1.79633464E+00
   8.52791466E-01    2.90445364E-01   -1.69050402E+00
   8.63465418E-01    2.72945177E-01   -1.58955277E+00
   8.74272970E-01    2.56291173E-01   -1.49334572E+00
   8.85215794E-01    2.40456107E-01   -1.40174599E+00
   8.96295585E-01    2.25412820E-01   -1.31461542E+00
   9.07514055E-01    2.11134202E-01   -1.23181453E+00
   9.18872941E-01    1.97593487E-01   -1.15320413E+00
   9.30374000E-01    1.84763881E-01   -1.07864354E+00
   9.42019013E-01    1.72619005E-01   -1.00799294E+00
   9.53809780E-01    1.61132736E-01   -9.41112701E-01
   9.65748125E-01    1.50279275E-01   -8.77863826E-01
   9.77835897E-01    1.40033213E-01   -8.18108373E-01
   9.90074966E-01    1.30369532E-01   -7.61709596E-01
   1.00246722E+00    1.21263664E-01   -7.08532317E-01
   1.01501459E+00    1.12691504E-01   -6.58443102E-01
   1.02771901E+00    1.04629448E-01   -6.11310535E-01
   1.04058243E+00    9.70544090E-02   -5.67005408E-01
   1.05360687E+00    8.99438465E-02   -5.25400937E-01
   1.06679432E+00    8.32757830E-02   -4.86372932E-01
   1.08014684E+00    7.70288229E-02   -4.49799969E-01
   1.09366648E+00    7.11821671E-02   -4.15563538E-01
   1.10735534E+00    6.57156260E-02   -3.83548171E-01
   1.12121554E+00    6.06096303E-02   -3.53641563E-01
   1.13524922E+00    5.58452388E-02   -3.25734664E-01
   1.14945854E+00    5.14041449E-02   -2.99721769E-01
   1.16384573E+00    4.72686803E-02   -2.75500580E-01
   1.17841298E+00    4.34218168E-02   -2.52972262E-01
   1.19316257E+00    3.98471666E-02   -2.32041479E-01
   1.20809677E+00    3.65289801E-02   -2.12616418E-01
   1.22321790E+00    3.34521424E-02   -1.94608803E-01
   1.23852829E+00    3.06021680E-02   -1.77933888E-01
   1.25403031E+00    2.79651939E-02   -1.62510447E-01
   1.26972636E+00    2.55279712E-02   -1.48260749E-01
   1.28561887E+00    2.32778556E-02   -1.35110521E-01
   1.30171030E+00    2.12027967E-02   -1.22988904E-01
   1.31800314E+00    1.92913256E-02   -1.11828402E-01
   1.33449990E+00    1.75325423E-02   -1.01564817E-01
   1.35120315E+00    1.59161018E-02   -9.21371818E-02
   1.36811547E+00    1.44321993E-02   -8.34876849E-02
   1.38523946E+00    1.30715549E-02   -7.55615903E-02
   1.40257779E+00    1.18253979E-02   -6.83071500E-02
   1.42013314E+00    1.06854500E-02   -6.16755154E-02
   1.43790821E+00    9.64390909E-03   -5.56206440E-02
   1.45590577E+00    8.69343140E-03   -5.00992011E-02
   1.47412859E+00    7.82711491E-03   -4.50704633E-02
   1.49257950E+00    7.03848156E-03   -4.04962176E-02
   1.51126135E+00    6.32145954E-03   -3.63406578E-02
   1.53017703E+00    5.67036681E-03   -3.25702888E-02
   1.54932947E+00    5.07989178E-03   -2.91538133E-02
   1.56872162E+00    4.54507900E-03   -2.60620476E-02
   1.58835651E+00    4.06130834E-03   -2.32677983E-02
   1.60823715E+00    3.62428237E-03   -2.07457879E-02
   1.62836662E+00    3.23000621E-03   -1.84725341E-02
   1.64874805E+00    2.87477337E-03   -1.64262665E-02
   1.66938458E+00    2.55515082E-03   -1.45868369E-02
   1.69027941E+00    2.26796031E-03   -1.29356077E-02
   1.71143576E+00    2.01026770E-03   -1.14553881E-02
   1.73285692E+00    1.77936457E-03   -1.01303246E-02
   1.75454620E+00    1.57275900E-03   -8.94584450E-03
   1.77650695E+00    1.38815631E-03   -7.88854207E-03
   1.79874257E+00    1.22345117E-03   -6.94613025E-03
   1.82125651E+00    1.07671220E-03   -6.10734902E-03
   1.84405224E+00    9.46173190E-04   -5.36191245E-03
   1.86713329E+00    8.30217371E-04   -4.70041511E-03
   1.89050324E+00    7.27370898E-04   -4.11429273E-03
   1.91416569E+00    6.36290164E-04   -3.59574669E-03
   1.93812432E+00    5.55753863E-04   -3.13769645E-03
   1.96238282E+00    4.84651410E-04   -2.73371091E-03
   1.98694496E+00    4.21976541E-04   -2.37797001E-03
   2.01181453E+00    3.66818724E-04   -2.06521367E-03
   2.03699537E+00    3.18354006E-04   -1.79068776E-03
   2.06249139E+00    2.75839680E-04   -1.55011214E-03
   2.08830654E+00    2.38606567E-04   -1.33963514E-03
   2.11444479E+00    2.06052922E-04   -1.15579751E-03
   2.14091021E+00    1.77638578E-04   -9.95497827E-04
   2.16770688E+00    1.52879474E-04   -8.55960268E-04
   2.19483895E+00    1.31342594E-04   -7.34704815E-04
   2.22231062E+00    1.12641266E-04   -6.29519640E-04
   2.25012614E+00    9.64308213E-05   -5.38435644E-04
   2.27828981E+00    8.24045815E-05   -4.59702949E-04
   2.30680599E+00    7.02901777E-05   -3.91769384E-04
   2.33567909E+00    5.98461433E-05   -3.33260597E-04
   2.36491358E+00    5.08588277E-05   -2.82962063E-04
   2.39451399E+00    4.31395212E-05   -2.39802369E-04
   2.42448489E+00    3.65218918E-05   -2.02838314E-04
   2.45483092E+00    3.08595817E-05   -1.71240984E-04
   2.48555677E+00    2.60240883E-05   -1.44283483E-04
   2.51666721E+00    2.19027589E-05   -1.21329343E-04
   2.54816703E+00    1.83971659E-05   -1.01823142E-04
   2.58006113E+00    1.54212429E-05   -8.52797912E-05
   2.61235442E+00    1.29001614E-05   -7.12780517E-05
   2.64505192E+00    1.07687621E-05   -5.94515444E-05
   2.67815867E+00    8.97059933E-06   -4.94832645E-05
   2.71167981E+00    7.45674994E-06   -4.10987721E-05
   2.74562051E+00    6.18501478E-06   -3.40616230E-05
   2.77998602E+00    5.11895859E-06   -2.81679014E-05
   2.81478168E+00    4.22728209E-06   -2.32426363E-05
   2.85001285E+00    3.48311466E-06   -1.91357834E-05
   2.88568499E+00    2.86344582E-06   -1.57189970E-05
   2.92180363E+00    2.34862072E-06   -1.28827693E-05
   2.95837434E+00    1.92188462E-06   -1.05338532E-05
   2.99540279E+00    1.56898854E-06   -8.59303300E-06
   3.03289470E+00    1.27784313E-06   -6.99317147E-06
   3.07085588E+00    1.03821733E-06   -5.67751158E-06
   3.10929220E+00    8.41469896E-07   -4.59816620E-06
   3.14820961E+00    6.80322330E-07   -3.71484193E-06
   3.18761413E+00    5.48658465E-07   -2.99371482E-06
   3.22751185E+00    4.41358736E-07   -2.40650119E-06
   3.26790896E+00    3.54133617E-07   -1.92952656E-06
   3.30881169E+00    2.83409453E-07   -1.54308707E-06
   3.35022638E+00    2.26212954E-07   -1.23080510E-06
   3.39215944E+00    1.80080709E-07   -9.79124710E-07
   3.43461736E+00    1.42970021E-07   -7.76815776E-07
   3.47760669E+00    1.13197373E-07   -6.14631579E-07
   3.52113410E+00    8.93778762E-08   -4.84972699E-07
   3.56520633E+00    7.03731996E-08   -3.81598371E-07
   3.60983018E+00    5.52526381E-08   -2.99410755E-07
   3.65501256E+00    4.32569763E-08   -2.34255046E-07
   3.70076047E+00    3.37673214E-08   -1.82747318E-07
   3.74708099E+00    2.62820393E-08   -1.42147179E-07
   3.79398127E+00    2.03952515E-08   -1.10239243E-07
   3.84146858E+00    1.57794353E-08   -8.52373156E-08
   3.88955026E+00    1.21710868E-08   -6.57055376E-08
   3.93823376E+00    9.35886597E-09   -5.04932424E-08
   3.98752661E+00    7.17393473E-09   -3.86819157E-08
   4.03743642E+00    5.48173293E-09   -2.95401068E-08
   4.08797094E+00    4.17528582E-09   -2.24867719E-08
   4.13913796E+00    3.16986636E-09   -1.70620650E-08
   4.19094542E+00    2.39866254E-09   -1.29036499E-08
   4.24340133E+00    1.80905899E-09   -9.72639591E-09
   4.29651380E+00    1.35978190E-09   -7.30680004E-09
   4.35029105E+00    1.01860163E-09   -5.47046253E-09
   4.40474140E+00    7.60396650E-10   -4.08154449E-09
   4.45987328E+00    5.65655714E-10   -3.03461812E-09
   4.51569522E+00    4.19302193E-10   -2.24827495E-09
   4.57221585E+00    3.09704027E-10   -1.65974905E-09
   4.62944392E+00    2.27920910E-10   -1.22083176E-09
   4.68738829E+00    1.67118524E-10   -8.94695203E-10
   4.74605791E+00    1.22081943E-10   -6.53256303E-10
   4.80546187E+00    8.88455194E-11   -4.75173331E-10
   4.86560937E+00    6.44109307E-11   -3.44320706E-10
   4.92650969E+00    4.65166684E-11   -2.48543211E-10
   4.98817228E+00    3.34626434E-11   -1.78708801E-10
   5.05060666E+00    2.39764957E-11   -1.27987151E-10
   5.11382250E+00    1.71105686E-11   -9.12940818E-11
   5.17782959E+00    1.21612988E-11   -6.48572028E-11
   5.24263781E+00    8.60793453E-12   -4.58859510E-11
   5.30825721E+00    6.06768024E-12   -3.23302126E-11
   5.37469793E+00    4.25905172E-12   -2.26833037E-11
   5.44197026E+00    2.97663103E-12   -1.58463124E-11
   5.51008460E+00    2.07151292E-12   -1.10230864E-11
   5.57905149E+00    1.43529771E-12   -7.63435256E-12
   5.64888160E+00    9.90038103E-13   -5.26379563E-12
   5.71958575E+00    6.79921836E-13   -3.61347865E-12
   5.79117486E+00    4.64794789E-13   -2.46916004E-12
   5.86366001E+00    3.16239774E-13   -1.67929869E-12
   5.93705242E+00    2.14188535E-13   -1.13692967E-12
   6.01136345E+00    1.44360323E-13   -7.65972103E-13
   6.08660459E+00    9.68757045E-14   -5.13819528E-13
   6.16278749E+00    6.46697919E-14   -3.42869760E-13
   6.23992392E+00    4.29483293E-14   -2.27618533E-13
   6.31802584E+00    2.83985553E-14   -1.50450671E-13
   6.39710531E+00    1.86814004E-14   -9.89341065E-14
   6.47717459E+00    1.22297830E-14   -6.47434653E-14
   6.55824605E+00    7.95123085E-15   -4.20776324E-14
   6.64033224E+00    5.15757292E-15   -2.72840643E-14
   6.72344585E+00    3.31241754E-15   -1.75166156E-14
   6.80759976E+00    2.12700019E-15   -1.12440473E-14
   6.89280698E+00    1.35275475E-15   -7.14863767E-15
   6.97908070E+00    8.49030762E-16   -4.48502530E-15
   7.06643426E+00    5.38676252E-16   -2.84465183E-15
   7.15488118E+00    3.41875350E-16   -1.80486567E-15
   7.24443514E+00    2.12545379E-16   -1.12172089E-15
   7.33511001E+00    1.31456432E-16   -6.93530784E-16
   7.42691980E+00    7.99046886E-17   -4.21398701E-16
   7.51987873E+00    4.79608646E-17   -2.52834850E-16
   7.61400118E+00    2.96145645E-17   -1.56076841E-16
   7.70930171E+00    1.85545668E-17   -9.77729908E-17
   7.80579507E+00    1.11929456E-17   -5.89680946E-17
   7.90349619E+00    6.60748573E-18   -3.47990740E-17
   8.00242018E+00    3.90628005E-18   -2.05640509E-17
   8.10258235E+00    2.22209079E-18   -1.16911374E-17
   8.20399820E+00    1.19768809E-18   -6.29670781E-18
   8.30668343E+00    6.60849655E-19   -3.47228236E-18
   8.41065390E+00    4.25441194E-19    0.00000000E+00
   8.51592573E+00    3.01132983E-19    0.00000000E+00
   8.62251519E+00    2.06818641E-19    0.00000000E+00
   8.73043877E+00    1.35086327E-19    0.00000000E+00
   8.83971317E+00    7.91972341E-20    0.00000000E+00
   8.95035531E+00    3.18616203E-20    0.00000000E+00
   9.06238230E+00    0.00000000E+00    0.00000000E+00
   9.17581147E+00    0.00000000E+00    0.00000000E+00
   9.29066038E+00    0.00000000E+00    0.00000000E+00
   9.40694679E+00    0.00000000E+00    0.00000000E+00
   9.52468870E+00    0.00000000E+00    0.00000000E+00
   9.64390432E+00    0.00000000E+00    0.00000000E+00
   9.76461211E+00    0.00000000E+00    0.00000000E+00
   9.88683073E+00    0.00000000E+00    0.00000000E+00
   1.00105791E+01    0.00000000E+00    0.00000000E+00
   1.01358764E+01    0.00000000E+00    0.00000000E+00
   1.02627419E+01    0.00000000E+00    0.00000000E+00
   1.03911954E+01    0.00000000E+00    0.00000000E+00
   1.05212566E+01    0.00000000E+00    0.00000000E+00
   1.06529458E+01    0.00000000E+00    0.00000000E+00
   1.07862832E+01    0.00000000E+00    0.00000000E+00
   1.09212895E+01    0.00000000E+00    0.00000000E+00
   1.10579857E+01    0.00000000E+00    0.00000000E+00
   1.11963928E+01    0.00000000E+00    0.00000000E+00
   1.13365323E+01    0.00000000E+00    0.00000000E+00
   1.14784258E+01    0.00000000E+00    0.00000000E+00
   1.16220954E+01    0.00000000E+00    0.00000000E+00
   1.17675632E+01    0.00000000E+00    0.00000000E+00
   1.19148517E+01    0.00000000E+00    0.00000000E+00
   1.20639838E+01    0.00000000E+00    0.00000000E+00
   1.22149824E+01    0.00000000E+00    0.00000000E+00
   1.23678711E+01    0.00000000E+00    0.00000000E+00
   1.25226733E+01    0.00000000E+00    0.00000000E+00
   1.26794132E+01    0.00000000E+00    0.00000000E+00
   1.28381149E+01    0.00000000E+00    0.00000000E+00
   1.29988030E+01    0.00000000E+00    0.00000000E+00
   1.31615023E+01    0.00000000E+00    0.00000000E+00
   1.33262380E+01    0.00000000E+00    0.00000000E+00
   1.34930357E+01    0.00000000E+00    0.00000000E+00
   1.36619211E+01    0.00000000E+00    0.00000000E+00
   1.38329203E+01    0.00000000E+00    0.00000000E+00
   1.40060598E+01    0.00000000E+00    0.00000000E+00
   1.41813665E+01    0.00000000E+00    0.00000000E+00
   1.43588673E+01    0.00000000E+00    0.00000000E+00
   1.45385899E+01    0.00000000E+00    0.00000000E+00
   1.47205619E+01    0.00000000E+00    0.00000000E+00
   1.49048116E+01    0.00000000E+00    0.00000000E+00
   1.50913675E+01    0.00000000E+00    0.00000000E+00
   1.52802583E+01    0.00000000E+00    0.00000000E+00
   1.54715135E+01    0.00000000E+00    0.00000000E+00
   1.56651624E+01    0.00000000E+00    0.00000000E+00
   1.58612352E+01    0.00000000E+00    0.00000000E+00
   1.60597621E+01    0.00000000E+00    0.00000000E+00
   1.62607739E+01    0.00000000E+00    0.00000000E+00
   1.64643016E+01    0.00000000E+00    0.00000000E+00
   1.66703768E+01    0.00000000E+00    0.00000000E+00
   1.68790313E+01    0.00000000E+00    0.00000000E+00
   1.70902975E+01    0.00000000E+00    0.00000000E+00
   1.73042079E+01    0.00000000E+00    0.00000000E+00
   1.75207958E+01    0.00000000E+00    0.00000000E+00
   1.77400946E+01    0.00000000E+00    0.00000000E+00
   1.79621382E+01    0.00000000E+00    0.00000000E+00
   1.81869610E+01    0.00000000E+00    0.00000000E+00
   1.84145979E+01    0.00000000E+00    0.00000000E+00
   1.86450839E+01    0.00000000E+00    0.00000000E+00
   1.88784548E+01    0.00000000E+00    0.00000000E+00
   1.91147467E+01    0.00000000E+00    0.00000000E+00
   1.93539962E+01    0.00000000E+00    0.00000000E+00
   1.95962402E+01    0.00000000E+00    0.00000000E+00
   1.98415162E+01    0.00000000E+00    0.00000000E+00
   2.00898622E+01    0.00000000E+00    0.00000000E+00
   2.03413167E+01    0.00000000E+00    0.00000000E+00
   2.05959185E+01    0.00000000E+00    0.00000000E+00
   2.08537070E+01    0.00000000E+00    0.00000000E+00
   2.11147221E+01    0.00000000E+00    0.00000000E+00
   2.13790042E+01    0.00000000E+00    0.00000000E+00
   2.16465942E+01    0.00000000E+00    0.00000000E+00
   2.19175335E+01    0.00000000E+00    0.00000000E+00
   2.21918639E+01    0.00000000E+00    0.00000000E+00
   2.24696281E+01    0.00000000E+00    0.00000000E+00
   2.27508688E+01    0.00000000E+00    0.00000000E+00
   2.30356298E+01    0.00000000E+00    0.00000000E+00
   2.33239549E+01    0.00000000E+00    0.00000000E+00
   2.36158888E+01    0.00000000E+00    0.00000000E+00
   2.39114767E+01    0.00000000E+00    0.00000000E+00
   2.42107644E+01    0.00000000E+00    0.00000000E+00
   2.45137980E+01    0.00000000E+00    0.00000000E+00
   2.48206246E+01    0.00000000E+00    0.00000000E+00
   2.51312916E+01    0.00000000E+00    0.00000000E+00
   2.54458470E+01    0.00000000E+00    0.00000000E+00
   2.57643396E+01    0.00000000E+00    0.00000000E+00
   2.60868186E+01    0.00000000E+00    0.00000000E+00
   2.64133338E+01    0.00000000E+00    0.00000000E+00
   2.67439359E+01    0.00000000E+00    0.00000000E+00
   2.70786760E+01    0.00000000E+00    0.00000000E+00
   2.74176059E+01    0.00000000E+00    0.00000000E+00
   2.77607779E+01    0.00000000E+00    0.00000000E+00
   2.81082453E+01    0.00000000E+00    0.00000000E+00
   2.84600617E+01    0.00000000E+00    0.00000000E+00
   2.88162816E+01    0.00000000E+00    0.00000000E+00
   2.91769602E+01    0.00000000E+00    0.00000000E+00
   2.95421532E+01    0.00000000E+00    0.00000000E+00
   2.99119171E+01    0.00000000E+00    0.00000000E+00
   3.02863092E+01    0.00000000E+00    0.00000000E+00
   3.06653873E+01    0.00000000E+00    0.00000000E+00
   3.10492102E+01    0.00000000E+00    0.00000000E+00
   3.14378371E+01    0.00000000E+00    0.00000000E+00
   3.18313284E+01    0.00000000E+00    0.00000000E+00
   3.22297447E+01    0.00000000E+00    0.00000000E+00
   3.26331478E+01    0.00000000E+00    0.00000000E+00
   3.30416001E+01    0.00000000E+00    0.00000000E+00
   3.34551648E+01    0.00000000E+00    0.00000000E+00
   3.38739059E+01    0.00000000E+00    0.00000000E+00
   3.42978881E+01    0.00000000E+00    0.00000000E+00
   3.47271771E+01    0.00000000E+00    0.00000000E+00
   3.51618393E+01    0.00000000E+00    0.00000000E+00
   3.56019420E+01    0.00000000E+00    0.00000000E+00
   3.60475531E+01    0.00000000E+00    0.00000000E+00
   3.64987418E+01    0.00000000E+00    0.00000000E+00
   3.69555778E+01    0.00000000E+00    0.00000000E+00
   3.74181317E+01    0.00000000E+00    0.00000000E+00
   3.78864752E+01    0.00000000E+00    0.00000000E+00
   3.83606807E+01    0.00000000E+00    0.00000000E+00
   3.88408216E+01    0.00000000E+00    0.00000000E+00
   3.93269721E+01    0.00000000E+00    0.00000000E+00
   3.98192076E+01    0.00000000E+00    0.00000000E+00
   4.03176041E+01    0.00000000E+00    0.00000000E+00
   4.08222388E+01    0.00000000E+00    0.00000000E+00
   4.13331897E+01    0.00000000E+00    0.00000000E+00
   4.18505360E+01    0.00000000E+00    0.00000000E+00
   4.23743576E+01    0.00000000E+00    0.00000000E+00
   4.29047356E+01    0.00000000E+00    0.00000000E+00
   4.34417521E+01    0.00000000E+00    0.00000000E+00
   4.39854901E+01    0.00000000E+00    0.00000000E+00
   4.45360339E+01    0.00000000E+00    0.00000000E+00
   4.50934685E+01    0.00000000E+00    0.00000000E+00
   4.56578802E+01    0.00000000E+00    0.00000000E+00
   4.62293564E+01    0.00000000E+00    0.00000000E+00
   4.68079854E+01    0.00000000E+00    0.00000000E+00
   4.73938568E+01    0.00000000E+00    0.00000000E+00
   4.79870614E+01    0.00000000E+00    0.00000000E+00
   4.85876907E+01    0.00000000E+00    0.00000000E+00
   4.91958378E+01    0.00000000E+00    0.00000000E+00
   4.98115968E+01    0.00000000E+00    0.00000000E+00
   5.04350629E+01    0.00000000E+00    0.00000000E+00
   5.10663326E+01    0.00000000E+00    0.00000000E+00
   5.17055036E+01    0.00000000E+00    0.00000000E+00
   5.23526747E+01    0.00000000E+00    0.00000000E+00
   5.30079462E+01    0.00000000E+00    0.00000000E+00
   5.36714194E+01    0.00000000E+00    0.00000000E+00
   5.43431969E+01    0.00000000E+00    0.00000000E+00
   5.50233827E+01    0.00000000E+00    0.00000000E+00
   5.57120820E+01    0.00000000E+00    0.00000000E+00
   5.64094015E+01    0.00000000E+00    0.00000000E+00
   5.71154489E+01    0.00000000E+00    0.00000000E+00
   5.78303336E+01    0.00000000E+00    0.00000000E+00
   5.85541661E+01    0.00000000E+00    0.00000000E+00
   5.92870584E+01    0.00000000E+00    0.00000000E+00
   6.00291240E+01    0.00000000E+00    0.00000000E+00
   6.07804776E+01    0.00000000E+00    0.00000000E+00
   6.15412356E+01    0.00000000E+00    0.00000000E+00
   6.23115155E+01    0.00000000E+00    0.00000000E+00
   6.30914367E+01    0.00000000E+00    0.00000000E+00
   6.38811197E+01    0.00000000E+00    0.00000000E+00
   6.46806868E+01    0.00000000E+00    0.00000000E+00
   6.54902616E+01    0.00000000E+00    0.00000000E+00
   6.63099695E+01    0.00000000E+00    0.00000000E+00
   6.71399373E+01    0.00000000E+00    0.00000000E+00
   6.79802933E+01    0.00000000E+00    0.00000000E+00
   6.88311676E+01    0.00000000E+00    0.00000000E+00
   6.96926919E+01    0.00000000E+00    0.00000000E+00
   7.05649994E+01    0.00000000E+00    0.00000000E+00
   7.14482252E+01    0.00000000E+00    0.00000000E+00
   7.23425058E+01    0.00000000E+00    0.00000000E+00
   7.32479797E+01    0.00000000E+00    0.00000000E+00
   7.41647870E+01    0.00000000E+00    0.00000000E+00
   7.50930694E+01    0.00000000E+00    0.00000000E+00
   7.60329707E+01    0.00000000E+00    0.00000000E+00
   7.69846362E+01    0.00000000E+00    0.00000000E+00
   7.79482133E+01    0.00000000E+00    0.00000000E+00
   7.89238509E+01    0.00000000E+00    0.00000000E+00
   7.99117001E+01    0.00000000E+00    0.00000000E+00
   8.09119137E+01    0.00000000E+00    0.00000000E+00
   8.19246465E+01    0.00000000E+00    0.00000000E+00
   8.29500551E+01    0.00000000E+00    0.00000000E+00
   8.39882982E+01    0.00000000E+00    0.00000000E+00
   8.50395365E+01    0.00000000E+00    0.00000000E+00
   8.61039326E+01    0.00000000E+00    0.00000000E+00
   8.71816512E+01    0.00000000E+00    0.00000000E+00
   8.82728590E+01    0.00000000E+00    0.00000000E+00
   8.93777249E+01    0.00000000E+00    0.00000000E+00
   9.04964199E+01    0.00000000E+00    0.00000000E+00
   9.16291170E+01    0.00000000E+00    0.00000000E+00
   9.27759914E+01    0.00000000E+00    0.00000000E+00
   9.39372207E+01    0.00000000E+00    0.00000000E+00
   9.51129846E+01    0.00000000E+00    0.00000000E+00
   9.63034648E+01    0.00000000E+00    0.00000000E+00
   9.75088457E+01    0.00000000E+00    0.00000000E+00
   9.87293137E+01    0.00000000E+00    0.00000000E+00
   9.99650577E+01    0.00000000E+00    0.00000000E+00
   1.01216269E+02    0.00000000E+00    0.00000000E+00
   1.02483141E+02    0.00000000E+00    0.00000000E+00
   1.03765869E+02    0.00000000E+00    0.00000000E+00
   1.05064653E+02    0.00000000E+00    0.00000000E+00
   1.06379694E+02    0.00000000E+00    0.00000000E+00
   1.07711193E+02    0.00000000E+00    0.00000000E+00
   1.09059359E+02    0.00000000E+00    0.00000000E+00
   1.10424399E+02    0.00000000E+00    0.00000000E+00
   1.11806524E+02    0.00000000E+00    0.00000000E+00
   1.13205949E+02    0.00000000E+00    0.00000000E+00
   1.14622889E+02    0.00000000E+00    0.00000000E+00
   1.16057565E+02    0.00000000E+00    0.00000000E+00
   1.17510198E+02    0.00000000E+00    0.00000000E+00
   1.18981012E+02    0.00000000E+00    0.00000000E+00
   1.20470237E+02    0.00000000E+00    0.00000000E+00
   1.21978100E+02    0.00000000E+00    0.00000000E+00
   1.23504838E+02    0.00000000E+00    0.00000000E+00
   1.25050684E+02    0.00000000E+00    0.00000000E+00
   1.26615879E+02    0.00000000E+00    0.00000000E+00
   1.28200665E+02    0.00000000E+00    0.00000000E+00
   1.29805286E+02    0.00000000E+00    0.00000000E+00
   1.31429992E+02    0.00000000E+00    0.00000000E+00
   1.33075034E+02    0.00000000E+00    0.00000000E+00
   1.34740666E+02    0.00000000E+00    0.00000000E+00
   1.36427145E+02    0.00000000E+00    0.00000000E+00
   1.38134733E+02    0.00000000E+00    0.00000000E+00
   1.39863695E+02    0.00000000E+00    0.00000000E+00
   1.41614297E+02    0.00000000E+00    0.00000000E+00
   1.43386810E+02    0.00000000E+00    0.00000000E+00
   1.45181509E+02    0.00000000E+00    0.00000000E+00
   1.46998671E+02    0.00000000E+00    0.00000000E+00
   1.48838578E+02    0.00000000E+00    0.00000000E+00
   1.50701513E+02    0.00000000E+00    0.00000000E+00
   1.52587767E+02    0.00000000E+00    0.00000000E+00
   1.54497629E+02    0.00000000E+00    0.00000000E+00
   1.56431396E+02    0.00000000E+00    0.00000000E+00
   1.58389368E+02    0.00000000E+00    0.00000000E+00
   1.60371846E+02    0.00000000E+00    0.00000000E+00
   1.62379138E+02    0.00000000E+00    0.00000000E+00
   1.64411554E+02    0.00000000E+00    0.00000000E+00
   1.66469408E+02    0.00000000E+00    0.00000000E+00
   1.68553020E+02    0.00000000E+00    0.00000000E+00
   1.70662712E+02    0.00000000E+00    0.00000000E+00
   1.72798809E+02    0.00000000E+00    0.00000000E+00
   1.74961643E+02    0.00000000E+00    0.00000000E+00
   1.77151547E+02    0.00000000E+00    0.00000000E+00
   1.79368862E+02    0.00000000E+00    0.00000000E+00
   1.81613930E+02    0.00000000E+00    0.00000000E+00
   1.83887098E+02    0.00000000E+00    0.00000000E+00
   1.86188718E+02    0.00000000E+00    0.00000000E+00
   1.88519146E+02    0.00000000E+00    0.00000000E+00
   1.90878743E+02    0.00000000E+00    0.00000000E+00
   1.93267874E+02    0.00000000E+00    0.00000000E+00
   1.95686909E+02    0.00000000E+00    0.00000000E+00
   1.98136221E+02    0.00000000E+00    0.00000000E+00
   2.00616190E+02    0.00000000E+00    0.00000000E+00
   2.03127199E+02    0.00000000E+00    0.00000000E+00
   2.05669638E+02    0.00000000E+00    0.00000000E+00
