# Peaks:     0.219793      1.040582  
   6.85565443E-05   -1.60050672E-05   -3.82199185E-01
   6.94146312E-05   -1.63387159E-05   -3.85349464E-01
   7.02834584E-05   -1.66769922E-05   -3.88479787E-01
   7.11631603E-05   -1.70204320E-05   -3.91599922E-01
   7.20538729E-05   -1.73696078E-05   -3.94719891E-01
   7.29557341E-05   -1.77251303E-05   -3.97849985E-01
   7.38688835E-05   -1.80876508E-05   -4.01000768E-01
   7.47934623E-05   -1.84578628E-05   -4.04183091E-01
   7.57296135E-05   -1.88364193E-05   -4.07406481E-01
   7.66774821E-05   -1.92235190E-05   -4.10671439E-01
   7.76372147E-05   -1.96191870E-05   -4.13975165E-01
   7.86089597E-05   -2.00234400E-05   -4.17314767E-01
   7.95928676E-05   -2.04362854E-05   -4.20687261E-01
   8.05890905E-05   -2.08577209E-05   -4.24089570E-01
   8.15977826E-05   -2.12877358E-05   -4.27518553E-01
   8.26191001E-05   -2.17264055E-05   -4.30972678E-01
   8.36532008E-05   -2.21739503E-05   -4.34452956E-01
   8.47002448E-05   -2.26306097E-05   -4.37960631E-01
   8.57603942E-05   -2.30966312E-05   -4.41496968E-01
   8.68338129E-05   -2.35722703E-05   -4.45063259E-01
   8.79206670E-05   -2.40577905E-05   -4.48660815E-01
   8.90211247E-05   -2.45534360E-05   -4.52290514E-01
   9.01353563E-05   -2.50594086E-05   -4.55952467E-01
   9.12635341E-05   -2.55759084E-05   -4.59646698E-01
   9.24058328E-05   -2.61031389E-05   -4.63373220E-01
   9.35624290E-05   -2.66413065E-05   -4.67132035E-01
   9.47335018E-05   -2.71906206E-05   -4.70923134E-01
   9.59192322E-05   -2.77513025E-05   -4.74746631E-01
   9.71198038E-05   -2.83235937E-05   -4.78602893E-01
   9.83354024E-05   -2.89077426E-05   -4.82492316E-01
   9.95662160E-05   -2.95040030E-05   -4.86415295E-01
   1.00812435E-04   -3.01126339E-05   -4.90372222E-01
   1.02074252E-04   -3.07338999E-05   -4.94363488E-01
   1.03351863E-04   -3.13680692E-05   -4.98389464E-01
   1.04645465E-04   -3.20154122E-05   -5.02450480E-01
   1.05955259E-04   -3.26762044E-05   -5.06546858E-01
   1.07281446E-04   -3.33507267E-05   -5.10678916E-01
   1.08624233E-04   -3.40392653E-05   -5.14846969E-01
   1.09983826E-04   -3.47421123E-05   -5.19051325E-01
   1.11360437E-04   -3.54595667E-05   -5.23292314E-01
   1.12754278E-04   -3.61919365E-05   -5.27570310E-01
   1.14165566E-04   -3.69395361E-05   -5.31885688E-01
   1.15594517E-04   -3.77026863E-05   -5.36238819E-01
   1.17041354E-04   -3.84817144E-05   -5.40630073E-01
   1.18506301E-04   -3.92769541E-05   -5.45059814E-01
   1.19989583E-04   -4.00887466E-05   -5.49528416E-01
   1.21491431E-04   -4.09174409E-05   -5.54036276E-01
   1.23012077E-04   -4.17633936E-05   -5.58583788E-01
   1.24551755E-04   -4.26269680E-05   -5.63171343E-01
   1.26110706E-04   -4.35085349E-05   -5.67799329E-01
   1.27689168E-04   -4.44084725E-05   -5.72468127E-01
   1.29287388E-04   -4.53271678E-05   -5.77178139E-01
   1.30905612E-04   -4.62650174E-05   -5.81929790E-01
   1.32544090E-04   -4.72224261E-05   -5.86723508E-01
   1.34203076E-04   -4.81998068E-05   -5.91559714E-01
   1.35882827E-04   -4.91975807E-05   -5.96438824E-01
   1.37583602E-04   -5.02161776E-05   -6.01361253E-01
   1.39305665E-04   -5.12560373E-05   -6.06327436E-01
   1.41049282E-04   -5.23176103E-05   -6.11337830E-01
   1.42814724E-04   -5.34013563E-05   -6.16392892E-01
   1.44602262E-04   -5.45077441E-05   -6.21493072E-01
   1.46412174E-04   -5.56372523E-05   -6.26638817E-01
   1.48244740E-04   -5.67903689E-05   -6.31830572E-01
   1.50100243E-04   -5.79675942E-05   -6.37068807E-01
   1.51978970E-04   -5.91694399E-05   -6.42354015E-01
   1.53881213E-04   -6.03964282E-05   -6.47686684E-01
   1.55807265E-04   -6.16490919E-05   -6.53067296E-01
   1.57757424E-04   -6.29279748E-05   -6.58496330E-01
   1.59731992E-04   -6.42336318E-05   -6.63974265E-01
   1.61731276E-04   -6.55666318E-05   -6.69501617E-01
   1.63755583E-04   -6.69275565E-05   -6.75078910E-01
   1.65805227E-04   -6.83169994E-05   -6.80706666E-01
   1.67880526E-04   -6.97355660E-05   -6.86385402E-01
   1.69981800E-04   -7.11838743E-05   -6.92115630E-01
   1.72109374E-04   -7.26625556E-05   -6.97897869E-01
   1.74263579E-04   -7.41722574E-05   -7.03732679E-01
   1.76444746E-04   -7.57136409E-05   -7.09620622E-01
   1.78653214E-04   -7.72873808E-05   -7.15562257E-01
   1.80889324E-04   -7.88941656E-05   -7.21558136E-01
   1.83153423E-04   -8.05346981E-05   -7.27608806E-01
   1.85445860E-04   -8.22096971E-05   -7.33714836E-01
   1.87766990E-04   -8.39198992E-05   -7.39876830E-01
   1.90117173E-04   -8.56660563E-05   -7.46095388E-01
   1.92496772E-04   -8.74489360E-05   -7.52371107E-01
   1.94906155E-04   -8.92693215E-05   -7.58704579E-01
   1.97345695E-04   -9.11280121E-05   -7.65096391E-01
   1.99815769E-04   -9.30258270E-05   -7.71547169E-01
   2.02316760E-04   -9.49636044E-05   -7.78057559E-01
   2.04849055E-04   -9.69421998E-05   -7.84628205E-01
   2.07413045E-04   -9.89624864E-05   -7.91259744E-01
   2.10009128E-04   -1.01025355E-04   -7.97952807E-01
   2.12637704E-04   -1.03131717E-04   -8.04708032E-01
   2.15299180E-04   -1.05282505E-04   -8.11526104E-01
   2.17993969E-04   -1.07478673E-04   -8.18407715E-01
   2.20722487E-04   -1.09721196E-04   -8.25353551E-01
   2.23485157E-04   -1.12011066E-04   -8.32364294E-01
   2.26282406E-04   -1.14349298E-04   -8.39440618E-01
   2.29114666E-04   -1.16736931E-04   -8.46583223E-01
   2.31982376E-04   -1.19175028E-04   -8.53792852E-01
   2.34885980E-04   -1.21664675E-04   -8.61070244E-01
   2.37825927E-04   -1.24206981E-04   -8.68416133E-01
   2.40802672E-04   -1.26803078E-04   -8.75831244E-01
   2.43816675E-04   -1.29454121E-04   -8.83316305E-01
   2.46868403E-04   -1.32161295E-04   -8.90872088E-01
   2.49958327E-04   -1.34925812E-04   -8.98499390E-01
   2.53086927E-04   -1.37748908E-04   -9.06199000E-01
   2.56254686E-04   -1.40631847E-04   -9.13971699E-01
   2.59462094E-04   -1.43575918E-04   -9.21818264E-01
   2.62709647E-04   -1.46582439E-04   -9.29739488E-01
   2.65997849E-04   -1.49652762E-04   -9.37736220E-01
   2.69327207E-04   -1.52788267E-04   -9.45809308E-01
   2.72698237E-04   -1.55990364E-04   -9.53959593E-01
   2.76111460E-04   -1.59260493E-04   -9.62187909E-01
   2.79567405E-04   -1.62600122E-04   -9.70495087E-01
   2.83066606E-04   -1.66010758E-04   -9.78882009E-01
   2.86609605E-04   -1.69493943E-04   -9.87349587E-01
   2.90196950E-04   -1.73051249E-04   -9.95898726E-01
   2.93829196E-04   -1.76684284E-04   -1.00453032E+00
   2.97506905E-04   -1.80394688E-04   -1.01324526E+00
   3.01230645E-04   -1.84184139E-04   -1.02204446E+00
   3.05000994E-04   -1.88054358E-04   -1.03092888E+00
   3.08818534E-04   -1.92007101E-04   -1.03989949E+00
   3.12683857E-04   -1.96044164E-04   -1.04895726E+00
   3.16597560E-04   -2.00167378E-04   -1.05810315E+00
   3.20560248E-04   -2.04378617E-04   -1.06733809E+00
   3.24572536E-04   -2.08679797E-04   -1.07666312E+00
   3.28635043E-04   -2.13072884E-04   -1.08607927E+00
   3.32748399E-04   -2.17559880E-04   -1.09558757E+00
   3.36913239E-04   -2.22142833E-04   -1.10518905E+00
   3.41130209E-04   -2.26823834E-04   -1.11488471E+00
   3.45399960E-04   -2.31605024E-04   -1.12467562E+00
   3.49723153E-04   -2.36488594E-04   -1.13456289E+00
   3.54100458E-04   -2.41476784E-04   -1.14454761E+00
   3.58532551E-04   -2.46571883E-04   -1.15463089E+00
   3.63020118E-04   -2.51776227E-04   -1.16481382E+00
   3.67563854E-04   -2.57092205E-04   -1.17509749E+00
   3.72164462E-04   -2.62522265E-04   -1.18548307E+00
   3.76822653E-04   -2.68068911E-04   -1.19597174E+00
   3.81539148E-04   -2.73734699E-04   -1.20656470E+00
   3.86314677E-04   -2.79522243E-04   -1.21726309E+00
   3.91149979E-04   -2.85434210E-04   -1.22806807E+00
   3.96045802E-04   -2.91473336E-04   -1.23898088E+00
   4.01002903E-04   -2.97642418E-04   -1.25000278E+00
   4.06022050E-04   -3.03944316E-04   -1.26113502E+00
   4.11104019E-04   -3.10381950E-04   -1.27237886E+00
   4.16249596E-04   -3.16958305E-04   -1.28373552E+00
   4.21459578E-04   -3.23676434E-04   -1.29520628E+00
   4.26734770E-04   -3.30539466E-04   -1.30679249E+00
   4.32075990E-04   -3.37550599E-04   -1.31849550E+00
   4.37484062E-04   -3.44713099E-04   -1.33031664E+00
   4.42959825E-04   -3.52030305E-04   -1.34225722E+00
   4.48504125E-04   -3.59505628E-04   -1.35431858E+00
   4.54117820E-04   -3.67142568E-04   -1.36650214E+00
   4.59801779E-04   -3.74944700E-04   -1.37880935E+00
   4.65556881E-04   -3.82915680E-04   -1.39124162E+00
   4.71384017E-04   -3.91059242E-04   -1.40380036E+00
   4.77284088E-04   -3.99379202E-04   -1.41648698E+00
   4.83258007E-04   -4.07879473E-04   -1.42930298E+00
   4.89306699E-04   -4.16564056E-04   -1.44224988E+00
   4.95431099E-04   -4.25437040E-04   -1.45532922E+00
   5.01632155E-04   -4.34502605E-04   -1.46854248E+00
   5.07910826E-04   -4.43765022E-04   -1.48189115E+00
   5.14268084E-04   -4.53228665E-04   -1.49537682E+00
   5.20704913E-04   -4.62898012E-04   -1.50900110E+00
   5.27222308E-04   -4.72777641E-04   -1.52276562E+00
   5.33821279E-04   -4.82872231E-04   -1.53667197E+00
   5.40502845E-04   -4.93186562E-04   -1.55072175E+00
   5.47268040E-04   -5.03725527E-04   -1.56491660E+00
   5.54117913E-04   -5.14494140E-04   -1.57925823E+00
   5.61053521E-04   -5.25497525E-04   -1.59374837E+00
   5.68075939E-04   -5.36740921E-04   -1.60838874E+00
   5.75186253E-04   -5.48229679E-04   -1.62318101E+00
   5.82385563E-04   -5.59969277E-04   -1.63812691E+00
   5.89674984E-04   -5.71965328E-04   -1.65322827E+00
   5.97055642E-04   -5.84223571E-04   -1.66848692E+00
   6.04528680E-04   -5.96749870E-04   -1.68390467E+00
   6.12095254E-04   -6.09550222E-04   -1.69948332E+00
   6.19756535E-04   -6.22630759E-04   -1.71522468E+00
   6.27513708E-04   -6.35997763E-04   -1.73113067E+00
   6.35367974E-04   -6.49657664E-04   -1.74720324E+00
   6.43320548E-04   -6.63617032E-04   -1.76344432E+00
   6.51372660E-04   -6.77882583E-04   -1.77985581E+00
   6.59525556E-04   -6.92461185E-04   -1.79643963E+00
   6.67780498E-04   -7.07359876E-04   -1.81319779E+00
   6.76138763E-04   -7.22585856E-04   -1.83013236E+00
   6.84601643E-04   -7.38146489E-04   -1.84724541E+00
   6.93170450E-04   -7.54049300E-04   -1.86453895E+00
   7.01846507E-04   -7.70301984E-04   -1.88201500E+00
   7.10631158E-04   -7.86912420E-04   -1.89967565E+00
   7.19525763E-04   -8.03888679E-04   -1.91752312E+00
   7.28531696E-04   -8.21239011E-04   -1.93555957E+00
   7.37650352E-04   -8.38971851E-04   -1.95378716E+00
   7.46883142E-04   -8.57095822E-04   -1.97220802E+00
   7.56231494E-04   -8.75619754E-04   -1.99082435E+00
   7.65696854E-04   -8.94552688E-04   -2.00963849E+00
   7.75280687E-04   -9.13903874E-04   -2.02865273E+00
   7.84984476E-04   -9.33682765E-04   -2.04786935E+00
   7.94809723E-04   -9.53899028E-04   -2.06729062E+00
   8.04757947E-04   -9.74562556E-04   -2.08691884E+00
   8.14830687E-04   -9.95683483E-04   -2.10675645E+00
   8.25029503E-04   -1.01727218E-03   -2.12680589E+00
   8.35355973E-04   -1.03933924E-03   -2.14706959E+00
   8.45811693E-04   -1.06189550E-03   -2.16754993E+00
   8.56398283E-04   -1.08495206E-03   -2.18824932E+00
   8.67117379E-04   -1.10852027E-03   -2.20917035E+00
   8.77970641E-04   -1.13261176E-03   -2.23031560E+00
   8.88959747E-04   -1.15723840E-03   -2.25168760E+00
   9.00086399E-04   -1.18241236E-03   -2.27328889E+00
   9.11352317E-04   -1.20814606E-03   -2.29512199E+00
   9.22759244E-04   -1.23445225E-03   -2.31718962E+00
   9.34308947E-04   -1.26134394E-03   -2.33949451E+00
   9.46003210E-04   -1.28883448E-03   -2.36203934E+00
   9.57843846E-04   -1.31693748E-03   -2.38482678E+00
   9.69832684E-04   -1.34566688E-03   -2.40785947E+00
   9.81971580E-04   -1.37503697E-03   -2.43114027E+00
   9.94262413E-04   -1.40506237E-03   -2.45467203E+00
   1.00670708E-03   -1.43575800E-03   -2.47845759E+00
   1.01930752E-03   -1.46713917E-03   -2.50249976E+00
   1.03206566E-03   -1.49922149E-03   -2.52680134E+00
   1.04498350E-03   -1.53202098E-03   -2.55136528E+00
   1.05806302E-03   -1.56555404E-03   -2.57619462E+00
   1.07130625E-03   -1.59983742E-03   -2.60129234E+00
   1.08471524E-03   -1.63488826E-03   -2.62666137E+00
   1.09829206E-03   -1.67072410E-03   -2.65230465E+00
   1.11203882E-03   -1.70736289E-03   -2.67822530E+00
   1.12595763E-03   -1.74482301E-03   -2.70442648E+00
   1.14005067E-03   -1.78312327E-03   -2.73091133E+00
   1.15432009E-03   -1.82228288E-03   -2.75768294E+00
   1.16876812E-03   -1.86232150E-03   -2.78474437E+00
   1.18339699E-03   -1.90325929E-03   -2.81209890E+00
   1.19820896E-03   -1.94511686E-03   -2.83974984E+00
   1.21320633E-03   -1.98791528E-03   -2.86770047E+00
   1.22839141E-03   -2.03167612E-03   -2.89595403E+00
   1.24376655E-03   -2.07642144E-03   -2.92451373E+00
   1.25933413E-03   -2.12217382E-03   -2.95338300E+00
   1.27509657E-03   -2.16895639E-03   -2.98256531E+00
   1.29105630E-03   -2.21679279E-03   -3.01206409E+00
   1.30721578E-03   -2.26570720E-03   -3.04188274E+00
   1.32357753E-03   -2.31572437E-03   -3.07202461E+00
   1.34014407E-03   -2.36686963E-03   -3.10249326E+00
   1.35691796E-03   -2.41916890E-03   -3.13329231E+00
   1.37390181E-03   -2.47264870E-03   -3.16442538E+00
   1.39109823E-03   -2.52733617E-03   -3.19589599E+00
   1.40850989E-03   -2.58325905E-03   -3.22770766E+00
   1.42613948E-03   -2.64044574E-03   -3.25986410E+00
   1.44398973E-03   -2.69892533E-03   -3.29236909E+00
   1.46206341E-03   -2.75872756E-03   -3.32522638E+00
   1.48036331E-03   -2.81988285E-03   -3.35843966E+00
   1.49889225E-03   -2.88242231E-03   -3.39201260E+00
   1.51765311E-03   -2.94637781E-03   -3.42594906E+00
   1.53664880E-03   -3.01178195E-03   -3.46025297E+00
   1.55588224E-03   -3.07866809E-03   -3.49492823E+00
   1.57535641E-03   -3.14707034E-03   -3.52997869E+00
   1.59507434E-03   -3.21702359E-03   -3.56540816E+00
   1.61503906E-03   -3.28856356E-03   -3.60122066E+00
   1.63525367E-03   -3.36172682E-03   -3.63742027E+00
   1.65572130E-03   -3.43655077E-03   -3.67401105E+00
   1.67644511E-03   -3.51307364E-03   -3.71099699E+00
   1.69742831E-03   -3.59133457E-03   -3.74838204E+00
   1.71867415E-03   -3.67137361E-03   -3.78617037E+00
   1.74018591E-03   -3.75323174E-03   -3.82436623E+00
   1.76196692E-03   -3.83695089E-03   -3.86297381E+00
   1.78402055E-03   -3.92257394E-03   -3.90199724E+00
   1.80635022E-03   -4.01014474E-03   -3.94144063E+00
   1.82895938E-03   -4.09970819E-03   -3.98130830E+00
   1.85185152E-03   -4.19131023E-03   -4.02160463E+00
   1.87503019E-03   -4.28499786E-03   -4.06233397E+00
   1.89849898E-03   -4.38081914E-03   -4.10350056E+00
   1.92226151E-03   -4.47882320E-03   -4.14510866E+00
   1.94632147E-03   -4.57906038E-03   -4.18716274E+00
   1.97068257E-03   -4.68158217E-03   -4.22966733E+00
   1.99534859E-03   -4.78644122E-03   -4.27262691E+00
   2.02032334E-03   -4.89369139E-03   -4.31604589E+00
   2.04561069E-03   -5.00338774E-03   -4.35992862E+00
   2.07121454E-03   -5.11558666E-03   -4.40427969E+00
   2.09713887E-03   -5.23034584E-03   -4.44910376E+00
   2.12338768E-03   -5.34772426E-03   -4.49440545E+00
   2.14996503E-03   -5.46778226E-03   -4.54018929E+00
   2.17687503E-03   -5.59058153E-03   -4.58645977E+00
   2.20412186E-03   -5.71618523E-03   -4.63322162E+00
   2.23170971E-03   -5.84465797E-03   -4.68047961E+00
   2.25964288E-03   -5.97606582E-03   -4.72823847E+00
   2.28792566E-03   -6.11047634E-03   -4.77650283E+00
   2.31656245E-03   -6.24795862E-03   -4.82527731E+00
   2.34555767E-03   -6.38858339E-03   -4.87456675E+00
   2.37491581E-03   -6.53242298E-03   -4.92437604E+00
   2.40464140E-03   -6.67955137E-03   -4.97470999E+00
   2.43473906E-03   -6.83004420E-03   -5.02557334E+00
   2.46521344E-03   -6.98397881E-03   -5.07697081E+00
   2.49606925E-03   -7.14143436E-03   -5.12890734E+00
   2.52731126E-03   -7.30249183E-03   -5.18138791E+00
   2.55894431E-03   -7.46723400E-03   -5.23441743E+00
   2.59097330E-03   -7.63574552E-03   -5.28800072E+00
   2.62340318E-03   -7.80811294E-03   -5.34214257E+00
   2.65623897E-03   -7.98442484E-03   -5.39684801E+00
   2.68948574E-03   -8.16477180E-03   -5.45212210E+00
   2.72314865E-03   -8.34924644E-03   -5.50796979E+00
   2.75723290E-03   -8.53794344E-03   -5.56439598E+00
   2.79174376E-03   -8.73095961E-03   -5.62140552E+00
   2.82668658E-03   -8.92839404E-03   -5.67900353E+00
   2.86206676E-03   -9.13034800E-03   -5.73719509E+00
   2.89788978E-03   -9.33692507E-03   -5.79598520E+00
   2.93416117E-03   -9.54823109E-03   -5.85537878E+00
   2.97088656E-03   -9.76437431E-03   -5.91538074E+00
   3.00807161E-03   -9.98546549E-03   -5.97599623E+00
   3.04572210E-03   -1.02116178E-02   -6.03723037E+00
   3.08384383E-03   -1.04429471E-02   -6.09908818E+00
   3.12244272E-03   -1.06795715E-02   -6.16157457E+00
   3.16152472E-03   -1.09216121E-02   -6.22469447E+00
   3.20109590E-03   -1.11691926E-02   -6.28845302E+00
   3.24116237E-03   -1.14224394E-02   -6.35285532E+00
   3.28173033E-03   -1.16814819E-02   -6.41790640E+00
   3.32280606E-03   -1.19464520E-02   -6.48361115E+00
   3.36439591E-03   -1.22174850E-02   -6.54997448E+00
   3.40650632E-03   -1.24947190E-02   -6.61700149E+00
   3.44914381E-03   -1.27782951E-02   -6.68469725E+00
   3.49231497E-03   -1.30683577E-02   -6.75306670E+00
   3.53602647E-03   -1.33650542E-02   -6.82211468E+00
   3.58028510E-03   -1.36685353E-02   -6.89184606E+00
   3.62509768E-03   -1.39789552E-02   -6.96226589E+00
   3.67047116E-03   -1.42964715E-02   -7.03337912E+00
   3.71641256E-03   -1.46212452E-02   -7.10519060E+00
   3.76292898E-03   -1.49534405E-02   -7.17770507E+00
   3.81002763E-03   -1.52932258E-02   -7.25092728E+00
   3.85771578E-03   -1.56407728E-02   -7.32486217E+00
   3.90600082E-03   -1.59962573E-02   -7.39951457E+00
   3.95489022E-03   -1.63598585E-02   -7.47488916E+00
   4.00439155E-03   -1.67317599E-02   -7.55099052E+00
   4.05451245E-03   -1.71121487E-02   -7.62782328E+00
   4.10526070E-03   -1.75012166E-02   -7.70539219E+00
   4.15664413E-03   -1.78991590E-02   -7.78370188E+00
   4.20867071E-03   -1.83061759E-02   -7.86275685E+00
   4.26134847E-03   -1.87224714E-02   -7.94256144E+00
   4.31468557E-03   -1.91482540E-02   -8.02312009E+00
   4.36869027E-03   -1.95837370E-02   -8.10443731E+00
   4.42337092E-03   -2.00291382E-02   -8.18651747E+00
   4.47873597E-03   -2.04846799E-02   -8.26936480E+00
   4.53479401E-03   -2.09505892E-02   -8.35298338E+00
   4.59155369E-03   -2.14270982E-02   -8.43737735E+00
   4.64902380E-03   -2.19144440E-02   -8.52255093E+00
   4.70721324E-03   -2.24128688E-02   -8.60850816E+00
   4.76613100E-03   -2.29226197E-02   -8.69525292E+00
   4.82578621E-03   -2.34439493E-02   -8.78278896E+00
   4.88618809E-03   -2.39771154E-02   -8.87112006E+00
   4.94734599E-03   -2.45223815E-02   -8.96025006E+00
   5.00926937E-03   -2.50800166E-02   -9.05018257E+00
   5.07196782E-03   -2.56502953E-02   -9.14092109E+00
   5.13545103E-03   -2.62334979E-02   -9.23246890E+00
   5.19972882E-03   -2.68299108E-02   -9.32482937E+00
   5.26481115E-03   -2.74398263E-02   -9.41800584E+00
   5.33070808E-03   -2.80635429E-02   -9.51200146E+00
   5.39742981E-03   -2.87013654E-02   -9.60681917E+00
   5.46498666E-03   -2.93536045E-02   -9.70246178E+00
   5.53338908E-03   -3.00205778E-02   -9.79893210E+00
   5.60264766E-03   -3.07026096E-02   -9.89623289E+00
   5.67277312E-03   -3.14000306E-02   -9.99436670E+00
   5.74377630E-03   -3.21131784E-02   -1.00933359E+01
   5.81566819E-03   -3.28423974E-02   -1.01931426E+01
   5.88845991E-03   -3.35880393E-02   -1.02937891E+01
   5.96216273E-03   -3.43504631E-02   -1.03952773E+01
   6.03678806E-03   -3.51300351E-02   -1.04976092E+01
   6.11234742E-03   -3.59271286E-02   -1.06007863E+01
   6.18885253E-03   -3.67421249E-02   -1.07048102E+01
   6.26631521E-03   -3.75754128E-02   -1.08096821E+01
   6.34474745E-03   -3.84273894E-02   -1.09154034E+01
   6.42416139E-03   -3.92984594E-02   -1.10219751E+01
   6.50456931E-03   -4.01890357E-02   -1.11293980E+01
   6.58598365E-03   -4.10995392E-02   -1.12376727E+01
   6.66841702E-03   -4.20303996E-02   -1.13467996E+01
   6.75188216E-03   -4.29820551E-02   -1.14567791E+01
   6.83639199E-03   -4.39549526E-02   -1.15676113E+01
   6.92195959E-03   -4.49495476E-02   -1.16792959E+01
   7.00859819E-03   -4.59663043E-02   -1.17918325E+01
   7.09632121E-03   -4.70056967E-02   -1.19052206E+01
   7.18514220E-03   -4.80682079E-02   -1.20194595E+01
   7.27507493E-03   -4.91543303E-02   -1.21345481E+01
   7.36613330E-03   -5.02645656E-02   -1.22504850E+01
   7.45833139E-03   -5.13994251E-02   -1.23672687E+01
   7.55168349E-03   -5.25594305E-02   -1.24848974E+01
   7.64620402E-03   -5.37451137E-02   -1.26033692E+01
   7.74190762E-03   -5.49570162E-02   -1.27226818E+01
   7.83880909E-03   -5.61956897E-02   -1.28428325E+01
   7.93692343E-03   -5.74616962E-02   -1.29638183E+01
   8.03626581E-03   -5.87556090E-02   -1.30856363E+01
   8.13685161E-03   -6.00780124E-02   -1.32082830E+01
   8.23869639E-03   -6.14295009E-02   -1.33317547E+01
   8.34181591E-03   -6.28106799E-02   -1.34560472E+01
   8.44622613E-03   -6.42221661E-02   -1.35811561E+01
   8.55194319E-03   -6.56645885E-02   -1.37070769E+01
   8.65898346E-03   -6.71385871E-02   -1.38338045E+01
   8.76736349E-03   -6.86448136E-02   -1.39613335E+01
   8.87710007E-03   -7.01839310E-02   -1.40896581E+01
   8.98821016E-03   -7.17566143E-02   -1.42187723E+01
   9.10071096E-03   -7.33635518E-02   -1.43486697E+01
   9.21461987E-03   -7.50054438E-02   -1.44793435E+01
   9.32995452E-03   -7.66830026E-02   -1.46107864E+01
   9.44673276E-03   -7.83969526E-02   -1.47429909E+01
   9.56497265E-03   -8.01480311E-02   -1.48759490E+01
   9.68469248E-03   -8.19369895E-02   -1.50096522E+01
   9.80591079E-03   -8.37645921E-02   -1.51440918E+01
   9.92864633E-03   -8.56316156E-02   -1.52792586E+01
   1.00529181E-02   -8.75388496E-02   -1.54151429E+01
   1.01787453E-02   -8.94870973E-02   -1.55517345E+01
   1.03061474E-02   -9.14771770E-02   -1.56890229E+01
   1.04351441E-02   -9.35099203E-02   -1.58269971E+01
   1.05657555E-02   -9.55861719E-02   -1.59656456E+01
   1.06980016E-02   -9.77067899E-02   -1.61049564E+01
   1.08319030E-02   -9.98726476E-02   -1.62449170E+01
   1.09674803E-02   -1.02084634E-01   -1.63855145E+01
   1.11047546E-02   -1.04343650E-01   -1.65267354E+01
   1.12437471E-02   -1.06650613E-01   -1.66685657E+01
   1.13844793E-02   -1.09006453E-01   -1.68109910E+01
   1.15269730E-02   -1.11412114E-01   -1.69539960E+01
   1.16712501E-02   -1.13868561E-01   -1.70975653E+01
   1.18173332E-02   -1.16376767E-01   -1.72416826E+01
   1.19652446E-02   -1.18937724E-01   -1.73863313E+01
   1.21150075E-02   -1.21552436E-01   -1.75314941E+01
   1.22666448E-02   -1.24221923E-01   -1.76771530E+01
   1.24201800E-02   -1.26947225E-01   -1.78232896E+01
   1.25756370E-02   -1.29729394E-01   -1.79698847E+01
   1.27330398E-02   -1.32569495E-01   -1.81169187E+01
   1.28924127E-02   -1.35468609E-01   -1.82643713E+01
   1.30537804E-02   -1.38427836E-01   -1.84122214E+01
   1.32171679E-02   -1.41448290E-01   -1.85604475E+01
   1.33826003E-02   -1.44531103E-01   -1.87090273E+01
   1.35501035E-02   -1.47677418E-01   -1.88579377E+01
   1.37197031E-02   -1.50888393E-01   -1.90071554E+01
   1.38914256E-02   -1.54165206E-01   -1.91566560E+01
   1.40652974E-02   -1.57509050E-01   -1.93064144E+01
   1.42413455E-02   -1.60921136E-01   -1.94564049E+01
   1.44195971E-02   -1.64402684E-01   -1.96066011E+01
   1.46000797E-02   -1.67954930E-01   -1.97569761E+01
   1.47828214E-02   -1.71579131E-01   -1.99075020E+01
   1.49678504E-02   -1.75276559E-01   -2.00581499E+01
   1.51551953E-02   -1.79048501E-01   -2.02088907E+01
   1.53448850E-02   -1.82896255E-01   -2.03596942E+01
   1.55369491E-02   -1.86821133E-01   -2.05105296E+01
   1.57314171E-02   -1.90824469E-01   -2.06613654E+01
   1.59283191E-02   -1.94907611E-01   -2.08121689E+01
   1.61276857E-02   -1.99071922E-01   -2.09629069E+01
   1.63295476E-02   -2.03318776E-01   -2.11135454E+01
   1.65339361E-02   -2.07649557E-01   -2.12640498E+01
   1.67408829E-02   -2.12065671E-01   -2.14143844E+01
   1.69504199E-02   -2.16568540E-01   -2.15645126E+01
   1.71625796E-02   -2.21159599E-01   -2.17143970E+01
   1.73773948E-02   -2.25840292E-01   -2.18639996E+01
   1.75948987E-02   -2.30612072E-01   -2.20132815E+01
   1.78151250E-02   -2.35476411E-01   -2.21622030E+01
   1.80381077E-02   -2.40434799E-01   -2.23107233E+01
   1.82638814E-02   -2.45488736E-01   -2.24588007E+01
   1.84924810E-02   -2.50639726E-01   -2.26063929E+01
   1.87239419E-02   -2.55889285E-01   -2.27534570E+01
   1.89582998E-02   -2.61238946E-01   -2.28999486E+01
   1.91955911E-02   -2.66690258E-01   -2.30458226E+01
   1.94358524E-02   -2.72244775E-01   -2.31910331E+01
   1.96791210E-02   -2.77904057E-01   -2.33355334E+01
   1.99254344E-02   -2.83669666E-01   -2.34792761E+01
   2.01748308E-02   -2.89543183E-01   -2.36222128E+01
   2.04273488E-02   -2.95526207E-01   -2.37642936E+01
   2.06830274E-02   -3.01620337E-01   -2.39054681E+01
   2.09419062E-02   -3.07827172E-01   -2.40456852E+01
   2.12040252E-02   -3.14148311E-01   -2.41848934E+01
   2.14694251E-02   -3.20585366E-01   -2.43230396E+01
   2.17381468E-02   -3.27139966E-01   -2.44600697E+01
   2.20102320E-02   -3.33813740E-01   -2.45959287E+01
   2.22857228E-02   -3.40608310E-01   -2.47305612E+01
   2.25646617E-02   -3.47525293E-01   -2.48639112E+01
   2.28470919E-02   -3.54566319E-01   -2.49959213E+01
   2.31330572E-02   -3.61733029E-01   -2.51265329E+01
   2.34226018E-02   -3.69027058E-01   -2.52556868E+01
   2.37157704E-02   -3.76450026E-01   -2.53833234E+01
   2.40126085E-02   -3.84003548E-01   -2.55093823E+01
   2.43131620E-02   -3.91689253E-01   -2.56338017E+01
   2.46174773E-02   -3.99508769E-01   -2.57565188E+01
   2.49256016E-02   -4.07463703E-01   -2.58774706E+01
   2.52375825E-02   -4.15555647E-01   -2.59965936E+01
   2.55534683E-02   -4.23786194E-01   -2.61138230E+01
   2.58733079E-02   -4.32156948E-01   -2.62290927E+01
   2.61971508E-02   -4.40669490E-01   -2.63423360E+01
   2.65250470E-02   -4.49325374E-01   -2.64534863E+01
   2.68570474E-02   -4.58126131E-01   -2.65624764E+01
   2.71932032E-02   -4.67073298E-01   -2.66692376E+01
   2.75335665E-02   -4.76168409E-01   -2.67737003E+01
   2.78781900E-02   -4.85412961E-01   -2.68757944E+01
   2.82271270E-02   -4.94808414E-01   -2.69754502E+01
   2.85804314E-02   -5.04356223E-01   -2.70725966E+01
   2.89381579E-02   -5.14057836E-01   -2.71671612E+01
   2.93003619E-02   -5.23914661E-01   -2.72590717E+01
   2.96670995E-02   -5.33928056E-01   -2.73482559E+01
   3.00384273E-02   -5.44099369E-01   -2.74346407E+01
   3.04144028E-02   -5.54429940E-01   -2.75181513E+01
   3.07950842E-02   -5.64921062E-01   -2.75987131E+01
   3.11805304E-02   -5.75573964E-01   -2.76762521E+01
   3.15708011E-02   -5.86389838E-01   -2.77506938E+01
   3.19659565E-02   -5.97369882E-01   -2.78219619E+01
   3.23660580E-02   -6.08515241E-01   -2.78899799E+01
   3.27711672E-02   -6.19826989E-01   -2.79546721E+01
   3.31813471E-02   -6.31306141E-01   -2.80159630E+01
   3.35966609E-02   -6.42953703E-01   -2.80737753E+01
   3.40171730E-02   -6.54770630E-01   -2.81280317E+01
   3.44429484E-02   -6.66757790E-01   -2.81786559E+01
   3.48740531E-02   -6.78915980E-01   -2.82255719E+01
   3.53105537E-02   -6.91246003E-01   -2.82687015E+01
   3.57525177E-02   -7.03748594E-01   -2.83079665E+01
   3.62000135E-02   -7.16424390E-01   -2.83432899E+01
   3.66531105E-02   -7.29273925E-01   -2.83745966E+01
   3.71118786E-02   -7.42297671E-01   -2.84018106E+01
   3.75763888E-02   -7.55496107E-01   -2.84248538E+01
   3.80467131E-02   -7.68869615E-01   -2.84436487E+01
   3.85229243E-02   -7.82418454E-01   -2.84581199E+01
   3.90050959E-02   -7.96142769E-01   -2.84681934E+01
   3.94933026E-02   -8.10042678E-01   -2.84737937E+01
   3.99876199E-02   -8.24118222E-01   -2.84748452E+01
   4.04881243E-02   -8.38369305E-01   -2.84712743E+01
   4.09948933E-02   -8.52795754E-01   -2.84630078E+01
   4.15080053E-02   -8.67397325E-01   -2.84499717E+01
   4.20275396E-02   -8.82173627E-01   -2.84320948E+01
   4.25535767E-02   -8.97124163E-01   -2.84093065E+01
   4.30861979E-02   -9.12248377E-01   -2.83815352E+01
   4.36254857E-02   -9.27545558E-01   -2.83487122E+01
   4.41715234E-02   -9.43014868E-01   -2.83107697E+01
   4.47243956E-02   -9.58655403E-01   -2.82676395E+01
   4.52841879E-02   -9.74466090E-01   -2.82192561E+01
   4.58509867E-02   -9.90445724E-01   -2.81655554E+01
   4.64248799E-02   -1.00659302E+00   -2.81064731E+01
   4.70059562E-02   -1.02290651E+00   -2.80419477E+01
   4.75943056E-02   -1.03938459E+00   -2.79719195E+01
   4.81900190E-02   -1.05602556E+00   -2.78963286E+01
   4.87931886E-02   -1.07282751E+00   -2.78151195E+01
   4.94039078E-02   -1.08978843E+00   -2.77282360E+01
   5.00222711E-02   -1.10690618E+00   -2.76356239E+01
   5.06483741E-02   -1.12417837E+00   -2.75372333E+01
   5.12823137E-02   -1.14160251E+00   -2.74330148E+01
   5.19241881E-02   -1.15917597E+00   -2.73229208E+01
   5.25740964E-02   -1.17689589E+00   -2.72069071E+01
   5.32321393E-02   -1.19475933E+00   -2.70849299E+01
   5.38984185E-02   -1.21276307E+00   -2.69569502E+01
   5.45730373E-02   -1.23090376E+00   -2.68229307E+01
   5.52560999E-02   -1.24917791E+00   -2.66828348E+01
   5.59477121E-02   -1.26758178E+00   -2.65366320E+01
   5.66479808E-02   -1.28611146E+00   -2.63842925E+01
   5.73570144E-02   -1.30476286E+00   -2.62257899E+01
   5.80749226E-02   -1.32353170E+00   -2.60611007E+01
   5.88018165E-02   -1.34241350E+00   -2.58902038E+01
   5.95378085E-02   -1.36140354E+00   -2.57130838E+01
   6.02830126E-02   -1.38049696E+00   -2.55297251E+01
   6.10375440E-02   -1.39968867E+00   -2.53401175E+01
   6.18015195E-02   -1.41897330E+00   -2.51442556E+01
   6.25750573E-02   -1.43834541E+00   -2.49421336E+01
   6.33582771E-02   -1.45779922E+00   -2.47337529E+01
   6.41513000E-02   -1.47732877E+00   -2.45191181E+01
   6.49542488E-02   -1.49692794E+00   -2.42982349E+01
   6.57672477E-02   -1.51659027E+00   -2.40711172E+01
   6.65904225E-02   -1.53630917E+00   -2.38377797E+01
   6.74239005E-02   -1.55607786E+00   -2.35982397E+01
   6.82678108E-02   -1.57588920E+00   -2.33525236E+01
   6.91222838E-02   -1.59573589E+00   -2.31006595E+01
   6.99874518E-02   -1.61561047E+00   -2.28426769E+01
   7.08634487E-02   -1.63550512E+00   -2.25786149E+01
   7.17504100E-02   -1.65541186E+00   -2.23085138E+01
   7.26484729E-02   -1.67532255E+00   -2.20324160E+01
   7.35577765E-02   -1.69522867E+00   -2.17503738E+01
   7.44784613E-02   -1.71512153E+00   -2.14624417E+01
   7.54106698E-02   -1.73499224E+00   -2.11686776E+01
   7.63545463E-02   -1.75483164E+00   -2.08691457E+01
   7.73102369E-02   -1.77463040E+00   -2.05639120E+01
   7.82778893E-02   -1.79437885E+00   -2.02530518E+01
   7.92576533E-02   -1.81406719E+00   -1.99366412E+01
   8.02496806E-02   -1.83368534E+00   -1.96147635E+01
   8.12541245E-02   -1.85322303E+00   -1.92875046E+01
   8.22711405E-02   -1.87266972E+00   -1.89549574E+01
   8.33008860E-02   -1.89201469E+00   -1.86172183E+01
   8.43435203E-02   -1.91124698E+00   -1.82743890E+01
   8.53992047E-02   -1.93035543E+00   -1.79265759E+01
   8.64681026E-02   -1.94932866E+00   -1.75738903E+01
   8.75503793E-02   -1.96815506E+00   -1.72164488E+01
   8.86462023E-02   -1.98682286E+00   -1.68543715E+01
   8.97557412E-02   -2.00532006E+00   -1.64877852E+01
   9.08791676E-02   -2.02363447E+00   -1.61168201E+01
   9.20166553E-02   -2.04175371E+00   -1.57416122E+01
   9.31683804E-02   -2.05966522E+00   -1.53623013E+01
   9.43345211E-02   -2.07735627E+00   -1.49790327E+01
   9.55152577E-02   -2.09481394E+00   -1.45919562E+01
   9.67107730E-02   -2.11202515E+00   -1.42012264E+01
   9.79212519E-02   -2.12897669E+00   -1.38070020E+01
   9.91468818E-02   -2.14565516E+00   -1.34094473E+01
   1.00387852E-01   -2.16204705E+00   -1.30087299E+01
   1.01644355E-01   -2.17813871E+00   -1.26050228E+01
   1.02916585E-01   -2.19391636E+00   -1.21985028E+01
   1.04204739E-01   -2.20936611E+00   -1.17893517E+01
   1.05509016E-01   -2.22447397E+00   -1.13777544E+01
   1.06829618E-01   -2.23922586E+00   -1.09639011E+01
   1.08166750E-01   -2.25360761E+00   -1.05479853E+01
   1.09520617E-01   -2.26760498E+00   -1.01302050E+01
   1.10891430E-01   -2.28120370E+00   -9.71076094E+00
   1.12279401E-01   -2.29438940E+00   -9.28985908E+00
   1.13684745E-01   -2.30714773E+00   -8.86770737E+00
   1.15107678E-01   -2.31946429E+00   -8.44451863E+00
   1.16548422E-01   -2.33132468E+00   -8.02050755E+00
   1.18007198E-01   -2.34271451E+00   -7.59589380E+00
   1.19484234E-01   -2.35361944E+00   -7.17089707E+00
   1.20979756E-01   -2.36402511E+00   -6.74574323E+00
   1.22493998E-01   -2.37391726E+00   -6.32065807E+00
   1.24027192E-01   -2.38328169E+00   -5.89587135E+00
   1.25579576E-01   -2.39210428E+00   -5.47161437E+00
   1.27151391E-01   -2.40037101E+00   -5.04812101E+00
   1.28742880E-01   -2.40806799E+00   -4.62562575E+00
   1.30354288E-01   -2.41518147E+00   -4.20436610E+00
   1.31985866E-01   -2.42169784E+00   -3.78457976E+00
   1.33637865E-01   -2.42760366E+00   -3.36650601E+00
   1.35310541E-01   -2.43288571E+00   -2.95038512E+00
   1.37004153E-01   -2.43753095E+00   -2.53645756E+00
   1.38718964E-01   -2.44152658E+00   -2.12496393E+00
   1.40455238E-01   -2.44486005E+00   -1.71614564E+00
   1.42213243E-01   -2.44751907E+00   -1.31024305E+00
   1.43993253E-01   -2.44949164E+00   -9.07496527E-01
   1.45795543E-01   -2.45076606E+00   -5.08145170E-01
   1.47620391E-01   -2.45133097E+00   -1.12427342E-01
   1.49468079E-01   -2.45117533E+00    2.79420267E-01
   1.51338894E-01   -2.45028848E+00    6.67162570E-01
   1.53233125E-01   -2.44866013E+00    1.05056653E+00
   1.55151065E-01   -2.44628041E+00    1.42940142E+00
   1.57093011E-01   -2.44313987E+00    1.80343913E+00
   1.59059263E-01   -2.43922947E+00    2.17245448E+00
   1.61050126E-01   -2.43454066E+00    2.53622547E+00
   1.63065908E-01   -2.42906536E+00    2.89453367E+00
   1.65106920E-01   -2.42279600E+00    3.24716432E+00
   1.67173478E-01   -2.41572548E+00    3.59390684E+00
   1.69265902E-01   -2.40784730E+00    3.93455492E+00
   1.71384517E-01   -2.39915545E+00    4.26890691E+00
   1.73529648E-01   -2.38964452E+00    4.59676602E+00
   1.75701629E-01   -2.37930969E+00    4.91794058E+00
   1.77900796E-01   -2.36814672E+00    5.23224433E+00
   1.80127489E-01   -2.35615201E+00    5.53949656E+00
   1.82382052E-01   -2.34332258E+00    5.83952253E+00
   1.84664834E-01   -2.32965610E+00    6.13215348E+00
   1.86976189E-01   -2.31515091E+00    6.41722701E+00
   1.89316474E-01   -2.29980604E+00    6.69458721E+00
   1.91686050E-01   -2.28362117E+00    6.96408498E+00
   1.94085286E-01   -2.26659673E+00    7.22557807E+00
   1.96514552E-01   -2.24873385E+00    7.47893145E+00
   1.98974223E-01   -2.23003439E+00    7.72401740E+00
   2.01464681E-01   -2.21050094E+00    7.96071577E+00
   2.03986311E-01   -2.19013686E+00    8.18891412E+00
   2.06539502E-01   -2.16894623E+00    8.40850793E+00
   2.09124651E-01   -2.14693395E+00    8.61940080E+00
   2.11742156E-01   -2.12410564E+00    8.82150460E+00
   2.14392424E-01   -2.10046773E+00    9.01473964E+00
   2.17075863E-01   -2.07602744E+00    9.19903488E+00
   2.19792890E-01   -2.05079273E+00    9.37432784E+00
   2.22543925E-01   -2.02477242E+00    9.54056527E+00
   2.25329392E-01   -1.99797606E+00    9.69770266E+00
   2.28149724E-01   -1.97041403E+00    9.84570480E+00
   2.31005357E-01   -1.94209748E+00    9.98454564E+00
   2.33896732E-01   -1.91303836E+00    1.01142086E+01
   2.36824297E-01   -1.88324940E+00    1.02346863E+01
   2.39788505E-01   -1.85274410E+00    1.03459810E+01
   2.42789814E-01   -1.82153675E+00    1.04481043E+01
   2.45828689E-01   -1.78964239E+00    1.05410774E+01
   2.48905600E-01   -1.75707683E+00    1.06249310E+01
   2.52021023E-01   -1.72385660E+00    1.06997052E+01
   2.55175441E-01   -1.68999899E+00    1.07654494E+01
   2.58369340E-01   -1.65552200E+00    1.08222224E+01
   2.61603216E-01   -1.62044432E+00    1.08700924E+01
   2.64877569E-01   -1.58478535E+00    1.09091363E+01
   2.68192905E-01   -1.54856516E+00    1.09394403E+01
   2.71549738E-01   -1.51180446E+00    1.09610991E+01
   2.74948586E-01   -1.47452461E+00    1.09742162E+01
   2.78389976E-01   -1.43674757E+00    1.09789033E+01
   2.81874440E-01   -1.39849590E+00    1.09752804E+01
   2.85402517E-01   -1.35979275E+00    1.09634751E+01
   2.88974753E-01   -1.32066179E+00    1.09436230E+01
   2.92591701E-01   -1.28112721E+00    1.09158667E+01
   2.96253921E-01   -1.24121372E+00    1.08803560E+01
   2.99961979E-01   -1.20094650E+00    1.08372476E+01
   3.03716448E-01   -1.16035116E+00    1.07867042E+01
   3.07517911E-01   -1.11945375E+00    1.07288952E+01
   3.11366954E-01   -1.07828068E+00    1.06639950E+01
   3.15264174E-01   -1.03685875E+00    1.05921840E+01
   3.19210173E-01   -9.95215095E-01    1.05136476E+01
   3.23205563E-01   -9.53377135E-01    1.04285757E+01
   3.27250960E-01   -9.11372581E-01    1.03371628E+01
   3.31346992E-01   -8.69229379E-01    1.02396073E+01
   3.35494292E-01   -8.26975701E-01    1.01361115E+01
   3.39693501E-01   -7.84639891E-01    1.00268808E+01
   3.43945270E-01   -7.42250457E-01    9.91212383E+00
   3.48250255E-01   -6.99836043E-01    9.79205220E+00
   3.52609125E-01   -6.57425323E-01    9.66687902E+00
   3.57022551E-01   -6.15047090E-01    9.53682029E+00
   3.61491219E-01   -5.72730171E-01    9.40209391E+00
   3.66015818E-01   -5.30503334E-01    9.26291853E+00
   3.70597050E-01   -4.88395355E-01    9.11951460E+00
   3.75235622E-01   -4.46434909E-01    8.97210307E+00
   3.79932253E-01   -4.04650633E-01    8.82090649E+00
   3.84687670E-01   -3.63070898E-01    8.66614592E+00
   3.89502607E-01   -3.21724060E-01    8.50804474E+00
   3.94377811E-01   -2.80638250E-01    8.34682596E+00
   3.99314035E-01   -2.39841151E-01    8.18270910E+00
   4.04312043E-01   -1.99360545E-01    8.01591851E+00
   4.09372608E-01   -1.59223566E-01    7.84667262E+00
   4.14496515E-01   -1.19457308E-01    7.67519331E+00
   4.19684554E-01   -8.00882414E-02    7.50169736E+00
   4.24937529E-01   -4.11426810E-02    7.32640385E+00
   4.30256254E-01   -2.64621303E-03    7.14952565E+00
   4.35641550E-01    3.53756660E-02    6.97127979E+00
   4.41094251E-01    7.28983674E-02    6.79187474E+00
   4.46615200E-01    1.09897296E-01    6.61152568E+00
   4.52205253E-01    1.46349124E-01    6.43043301E+00
   4.57865273E-01    1.82230808E-01    6.24880010E+00
   4.63596137E-01    2.17519461E-01    6.06683574E+00
   4.69398731E-01    2.52193398E-01    5.88473587E+00
   4.75273953E-01    2.86231586E-01    5.70269365E+00
   4.81222712E-01    3.19613524E-01    5.52090222E+00
   4.87245929E-01    3.52319555E-01    5.33954859E+00
   4.93344536E-01    3.84330762E-01    5.15881677E+00
   4.99519475E-01    4.15629001E-01    4.97888692E+00
   5.05771703E-01    4.46196997E-01    4.79993348E+00
   5.12102187E-01    4.76018279E-01    4.62212720E+00
   5.18511907E-01    5.05077265E-01    4.44563311E+00
   5.25001853E-01    5.33359230E-01    4.27061195E+00
   5.31573031E-01    5.60850368E-01    4.09721845E+00
   5.38226457E-01    5.87537779E-01    3.92560228E+00
   5.44963160E-01    6.13409502E-01    3.75590716E+00
   5.51784183E-01    6.38454514E-01    3.58827113E+00
   5.58690582E-01    6.62662747E-01    3.42282624E+00
   5.65683424E-01    6.86025100E-01    3.25969853E+00
   5.72763792E-01    7.08533440E-01    3.09900791E+00
   5.79932782E-01    7.30180612E-01    2.94086817E+00
   5.87191502E-01    7.50960444E-01    2.78538691E+00
   5.94541075E-01    7.70867748E-01    2.63266555E+00
   6.01982640E-01    7.89898324E-01    2.48279937E+00
   6.09517347E-01    8.08048959E-01    2.33587755E+00
   6.17146361E-01    8.25317430E-01    2.19198318E+00
   6.24870865E-01    8.41702496E-01    2.05119338E+00
   6.32692051E-01    8.57203902E-01    1.91357933E+00
   6.40611132E-01    8.71822374E-01    1.77920637E+00
   6.48629332E-01    8.85559610E-01    1.64813403E+00
   6.56747891E-01    8.98418280E-01    1.52041616E+00
   6.64968066E-01    9.10402016E-01    1.39610091E+00
   6.73291129E-01    9.21515401E-01    1.27523089E+00
   6.81718367E-01    9.31763965E-01    1.15784311E+00
   6.90251085E-01    9.41154171E-01    1.04396911E+00
   6.98890602E-01    9.49693398E-01    9.33634966E-01
   7.07638256E-01    9.57389935E-01    8.26861323E-01
   7.16495400E-01    9.64252954E-01    7.23663432E-01
   7.25463404E-01    9.70292500E-01    6.24051185E-01
   7.34543656E-01    9.75519469E-01    5.28029150E-01
   7.43737560E-01    9.79945582E-01    4.35596614E-01
   7.53046540E-01    9.83583361E-01    3.46747629E-01
   7.62472036E-01    9.86446109E-01    2.61471066E-01
   7.72015506E-01    9.88547874E-01    1.79750686E-01
   7.81678427E-01    9.89903420E-01    1.01565219E-01
   7.91462293E-01    9.90528201E-01    2.68884547E-02
   8.01368619E-01    9.90438319E-01   -4.43106524E-02
   8.11398937E-01    9.89650489E-01   -1.12067848E-01
   8.21554800E-01    9.88182013E-01   -1.76423471E-01
   8.31837778E-01    9.86050723E-01   -2.37422262E-01
   8.42249463E-01    9.83274957E-01   -2.95113228E-01
   8.52791466E-01    9.79873515E-01   -3.49549466E-01
   8.63465418E-01    9.75865596E-01   -4.00787889E-01
   8.74272970E-01    9.71270792E-01   -4.48889141E-01
   8.85215794E-01    9.66109027E-01   -4.93917331E-01
   8.96295585E-01    9.60400500E-01   -5.35939742E-01
   9.07514055E-01    9.54165663E-01   -5.75026673E-01
   9.18872941E-01    9.47425165E-01   -6.11251152E-01
   9.30374000E-01    9.40199813E-01   -6.44688705E-01
   9.42019013E-01    9.32510528E-01   -6.75417088E-01
   9.53809780E-01    9.24378300E-01   -7.03516030E-01
   9.65748125E-01    9.15824154E-01   -7.29066985E-01
   9.77835897E-01    9.06869101E-01   -7.52152858E-01
   9.90074966E-01    8.97534100E-01   -7.72857755E-01
   1.00246722E+00    8.87840018E-01   -7.91266705E-01
   1.01501459E+00    8.77807602E-01   -8.07465475E-01
   1.02771901E+00    8.67457432E-01   -8.21540251E-01
   1.04058243E+00    8.56809890E-01   -8.33577433E-01
   1.05360687E+00    8.45885125E-01   -8.43663396E-01
   1.06679432E+00    8.34703031E-01   -8.51884293E-01
   1.08014684E+00    8.23283206E-01   -8.58325822E-01
   1.09366648E+00    8.11644930E-01   -8.63073011E-01
   1.10735534E+00    7.99807140E-01   -8.66210063E-01
   1.12121554E+00    7.87788401E-01   -8.67820152E-01
   1.13524922E+00    7.75606894E-01   -8.67985275E-01
   1.14945854E+00    7.63280370E-01   -8.66786012E-01
   1.16384573E+00    7.50826179E-01   -8.64301582E-01
   1.17841298E+00    7.38261203E-01   -8.60609482E-01
   1.19316257E+00    7.25601871E-01   -8.55785517E-01
   1.20809677E+00    7.12864139E-01   -8.49903639E-01
   1.22321790E+00    7.00063473E-01   -8.43035864E-01
   1.23852829E+00    6.87214851E-01   -8.35252189E-01
   1.25403031E+00    6.74332746E-01   -8.26620537E-01
   1.26972636E+00    6.61431118E-01   -8.17206639E-01
   1.28561887E+00    6.48523425E-01   -8.07074093E-01
   1.30171030E+00    6.35622602E-01   -7.96284228E-01
   1.31800314E+00    6.22741063E-01   -7.84896092E-01
   1.33449990E+00    6.09890713E-01   -7.72966501E-01
   1.35120315E+00    5.97082934E-01   -7.60549936E-01
   1.36811547E+00    5.84328596E-01   -7.47698615E-01
   1.38523946E+00    5.71638056E-01   -7.34462451E-01
   1.40257779E+00    5.59021164E-01   -7.20889096E-01
   1.42013314E+00    5.46487269E-01   -7.07023942E-01
   1.43790821E+00    5.34045226E-01   -6.92910164E-01
   1.45590577E+00    5.21703396E-01   -6.78588719E-01
   1.47412859E+00    5.09469667E-01   -6.64098436E-01
   1.49257950E+00    4.97351450E-01   -6.49476009E-01
   1.51126135E+00    4.85355694E-01   -6.34756053E-01
   1.53017703E+00    4.73488897E-01   -6.19971175E-01
   1.54932947E+00    4.61757112E-01   -6.05152003E-01
   1.56872162E+00    4.50165963E-01   -5.90327252E-01
   1.58835651E+00    4.38720646E-01   -5.75523735E-01
   1.60823715E+00    4.27425958E-01   -5.60766536E-01
   1.62836662E+00    4.16286290E-01   -5.46078927E-01
   1.64874805E+00    4.05305653E-01   -5.31482559E-01
   1.66938458E+00    3.94487676E-01   -5.16997365E-01
   1.69027941E+00    3.83835635E-01   -5.02641792E-01
   1.71143576E+00    3.73352455E-01   -4.88432809E-01
   1.73285692E+00    3.63040722E-01   -4.74385891E-01
   1.75454620E+00    3.52902700E-01   -4.60515163E-01
   1.77650695E+00    3.42940340E-01   -4.46833432E-01
   1.79874257E+00    3.33155294E-01   -4.33352255E-01
   1.82125651E+00    3.23548927E-01   -4.20082001E-01
   1.84405224E+00    3.14122329E-01   -4.07031892E-01
   1.86713329E+00    3.04876328E-01   -3.94210091E-01
   1.89050324E+00    2.95811501E-01   -3.81623732E-01
   1.91416569E+00    2.86928185E-01   -3.69278986E-01
   1.93812432E+00    2.78226490E-01   -3.57181117E-01
   1.96238282E+00    2.69706310E-01   -3.45334530E-01
   1.98694496E+00    2.61367335E-01   -3.33742824E-01
   2.01181453E+00    2.53209060E-01   -3.22408840E-01
   2.03699537E+00    2.45230797E-01   -3.11334712E-01
   2.06249139E+00    2.37431684E-01   -3.00521909E-01
   2.08830654E+00    2.29810698E-01   -2.89971282E-01
   2.11444479E+00    2.22366662E-01   -2.79683108E-01
   2.14091021E+00    2.15098255E-01   -2.69657129E-01
   2.16770688E+00    2.08004024E-01   -2.59892589E-01
   2.19483895E+00    2.01082390E-01   -2.50388280E-01
   2.22231062E+00    1.94331657E-01   -2.41142570E-01
   2.25012614E+00    1.87750021E-01   -2.32153442E-01
   2.27828981E+00    1.81335580E-01   -2.23418524E-01
   2.30680599E+00    1.75086340E-01   -2.14935123E-01
   2.33567909E+00    1.69000219E-01   -2.06700256E-01
   2.36491358E+00    1.63075064E-01   -1.98710673E-01
   2.39451399E+00    1.57308646E-01   -1.90962887E-01
   2.42448489E+00    1.51698676E-01   -1.83453202E-01
   2.45483092E+00    1.46242806E-01   -1.76177732E-01
   2.48555677E+00    1.40938639E-01   -1.69132425E-01
   2.51666721E+00    1.35783733E-01   -1.62313090E-01
   2.54816703E+00    1.30775603E-01   -1.55715404E-01
   2.58006113E+00    1.25911733E-01   -1.49334943E-01
   2.61235442E+00    1.21189577E-01   -1.43167195E-01
   2.64505192E+00    1.16606563E-01   -1.37207575E-01
   2.67815867E+00    1.12160102E-01   -1.31451443E-01
   2.71167981E+00    1.07847587E-01   -1.25894116E-01
   2.74562051E+00    1.03666399E-01   -1.20530881E-01
   2.77998602E+00    9.96139141E-02   -1.15357008E-01
   2.81478168E+00    9.56875021E-02   -1.10367763E-01
   2.85001285E+00    9.18845326E-02   -1.05558414E-01
   2.88568499E+00    8.82023783E-02   -1.00924247E-01
   2.92180363E+00    8.46384165E-02   -9.64605699E-02
   2.95837434E+00    8.11900336E-02   -9.21627611E-02
   2.99540279E+00    7.78546270E-02   -8.80261624E-02
   3.03289470E+00    7.46296102E-02   -8.40460031E-02
   3.07085588E+00    7.15126671E-02   -8.02114729E-02
   3.10929220E+00    6.85009810E-02   -7.65310266E-02
   3.14820961E+00    6.55920154E-02   -7.29940742E-02
   3.18761413E+00    6.27832578E-02   -6.95959307E-02
   3.22751185E+00    6.00722185E-02   -6.63323469E-02
   3.26790896E+00    5.74564336E-02   -6.31991205E-02
   3.30881169E+00    5.49334649E-02   -6.01921167E-02
   3.35022638E+00    5.25009028E-02   -5.73072801E-02
   3.39215944E+00    5.01563665E-02   -5.45406344E-02
   3.43461736E+00    4.78975059E-02   -5.18882846E-02
   3.47760669E+00    4.57220019E-02   -4.93464178E-02
   3.52113410E+00    4.36275676E-02   -4.69113054E-02
   3.56520633E+00    4.16119481E-02   -4.45793006E-02
   3.60983018E+00    3.96729261E-02   -4.23468485E-02
   3.65501256E+00    3.78083132E-02   -4.02104706E-02
   3.70076047E+00    3.60159594E-02   -3.81667793E-02
   3.74708099E+00    3.42937494E-02   -3.62124712E-02
   3.79398127E+00    3.26396039E-02   -3.43443281E-02
   3.84146858E+00    3.10514796E-02   -3.25592163E-02
   3.88955026E+00    2.95273698E-02   -3.08540865E-02
   3.93823376E+00    2.80653048E-02   -2.92259726E-02
   3.98752661E+00    2.66633517E-02   -2.76719913E-02
   4.03743642E+00    2.53196147E-02   -2.61893410E-02
   4.08797094E+00    2.40322354E-02   -2.47753006E-02
   4.13913796E+00    2.27993926E-02   -2.34272287E-02
   4.19094542E+00    2.16193024E-02   -2.21425623E-02
   4.24340133E+00    2.04902175E-02   -2.09188144E-02
   4.29651380E+00    1.94104304E-02   -1.97535776E-02
   4.35029105E+00    1.83782670E-02   -1.86445137E-02
   4.40474140E+00    1.73920925E-02   -1.75893610E-02
   4.45987328E+00    1.64503085E-02   -1.65859284E-02
   4.51569522E+00    1.55513534E-02   -1.56320953E-02
   4.57221585E+00    1.46937017E-02   -1.47258096E-02
   4.62944392E+00    1.38758645E-02   -1.38650864E-02
   4.68738829E+00    1.30963887E-02   -1.30480068E-02
   4.74605791E+00    1.23538571E-02   -1.22727158E-02
   4.80546187E+00    1.16468878E-02   -1.15374214E-02
   4.86560937E+00    1.09741341E-02   -1.08403927E-02
   4.92650969E+00    1.03342842E-02   -1.01799584E-02
   4.98817228E+00    9.72606086E-03   -9.55450571E-03
   5.05060666E+00    9.14822084E-03   -8.96247834E-03
   5.11382250E+00    8.59955493E-03   -8.40237557E-03
   5.17782959E+00    8.07888724E-03   -7.87275039E-03
   5.24263781E+00    7.58507487E-03   -7.37220815E-03
   5.30825721E+00    7.11700779E-03   -6.89940543E-03
   5.37469793E+00    6.67360816E-03   -6.45304838E-03
   5.44197026E+00    6.25382898E-03   -6.03189020E-03
   5.51008460E+00    5.85665854E-03   -5.63473565E-03
   5.57905149E+00    5.48111012E-03   -5.26042788E-03
   5.64888160E+00    5.12623303E-03   -4.90786091E-03
   5.71958575E+00    4.79110315E-03   -4.57596758E-03
   5.79117486E+00    4.47482773E-03   -4.26372456E-03
   5.86366001E+00    4.17654287E-03   -3.97014868E-03
   5.93705242E+00    3.89541339E-03   -3.69429618E-03
   6.01136345E+00    3.63063237E-03   -3.43526150E-03
   6.08660459E+00    3.38142069E-03   -3.19217618E-03
   6.16278749E+00    3.14702651E-03   -2.96420775E-03
   6.23992392E+00    2.92672479E-03   -2.75055856E-03
   6.31802584E+00    2.71981675E-03   -2.55046479E-03
   6.39710531E+00    2.52562944E-03   -2.36319534E-03
   6.47717459E+00    2.34351512E-03   -2.18805081E-03
   6.55824605E+00    2.17285084E-03   -2.02436250E-03
   6.64033224E+00    2.01303781E-03   -1.87149143E-03
   6.72344585E+00    1.86350098E-03   -1.72882734E-03
   6.80759976E+00    1.72368842E-03   -1.59578779E-03
   6.89280698E+00    1.59307080E-03   -1.47181719E-03
   6.97908070E+00    1.47114088E-03   -1.35638592E-03
   7.06643426E+00    1.35741291E-03   -1.24898942E-03
   7.15488118E+00    1.25142212E-03   -1.14914734E-03
   7.24443514E+00    1.15272417E-03   -1.05640269E-03
   7.33511001E+00    1.06089457E-03   -9.70320997E-04
   7.42691980E+00    9.75528144E-04   -8.90489489E-04
   7.51987873E+00    8.96238470E-04   -8.16516290E-04
   7.61400118E+00    8.22657333E-04   -7.48029665E-04
   7.70930171E+00    7.54434131E-04   -6.84677200E-04
   7.80579507E+00    6.91235435E-04   -6.26125176E-04
   7.90349619E+00    6.32744288E-04   -5.72057680E-04
   8.00242018E+00    5.78659736E-04   -5.22175977E-04
   8.10258235E+00    5.28696312E-04   -4.76197835E-04
   8.20399820E+00    4.82583433E-04   -4.33856783E-04
   8.30668343E+00    4.40064902E-04   -3.94901487E-04
   8.41065390E+00    4.00898363E-04   -3.59095083E-04
   8.51592573E+00    3.64854780E-04   -3.26214546E-04
   8.62251519E+00    3.31717917E-04   -2.96050081E-04
   8.73043877E+00    3.01283831E-04   -2.68404515E-04
   8.83971317E+00    2.73360362E-04   -2.43092716E-04
   8.95035531E+00    2.47766643E-04   -2.19941026E-04
   9.06238230E+00    2.24332615E-04   -1.98786712E-04
   9.17581147E+00    2.02898541E-04   -1.79477424E-04
   9.29066038E+00    1.83314548E-04   -1.61870681E-04
   9.40694679E+00    1.65440172E-04   -1.45833376E-04
   9.52468870E+00    1.49143901E-04   -1.31241273E-04
   9.64390432E+00    1.34302748E-04   -1.17978552E-04
   9.76461211E+00    1.20801827E-04   -1.05937350E-04
   9.88683073E+00    1.08533940E-04   -9.50173240E-05
   1.00105791E+01    9.73991770E-05   -8.51252300E-05
   1.01358764E+01    8.73045295E-05   -7.61745190E-05
   1.02627419E+01    7.81635154E-05   -6.80849463E-05
   1.03911954E+01    6.98958166E-05   -6.07821986E-05
   1.05212566E+01    6.24269296E-05   -5.41975356E-05
   1.06529458E+01    5.56878289E-05   -4.82674479E-05
   1.07862832E+01    4.96146398E-05   -4.29333260E-05
   1.09212895E+01    4.41483326E-05   -3.81411526E-05
   1.10579857E+01    3.92344259E-05   -3.38412054E-05
   1.11963928E+01    3.48226892E-05   -2.99877629E-05
   1.13365323E+01    3.08668765E-05   -2.65388403E-05
   1.14784258E+01    2.73244742E-05   -2.34559410E-05
   1.16220954E+01    2.41564395E-05   -2.07038014E-05
   1.17675632E+01    2.13269688E-05   -1.82501655E-05
   1.19148517E+01    1.88032783E-05   -1.60655715E-05
   1.20639838E+01    1.65553777E-05   -1.41231348E-05
   1.22149824E+01    1.45558859E-05   -1.23983700E-05
   1.23678711E+01    1.27798259E-05   -1.08689958E-05
   1.25226733E+01    1.12044529E-05   -9.51477043E-06
   1.26794132E+01    9.80908264E-06   -8.31733008E-06
   1.28381149E+01    8.57492841E-06   -7.26003475E-06
   1.29988030E+01    7.48496026E-06   -6.32783559E-06
   1.31615023E+01    6.52375364E-06   -5.50713382E-06
   1.33262380E+01    5.67736475E-06   -4.78566426E-06
   1.34930357E+01    4.93320562E-06   -4.15237939E-06
   1.36619211E+01    4.27993117E-06   -3.59734479E-06
   1.38329203E+01    3.70733031E-06   -3.11163887E-06
   1.40060598E+01    3.20622800E-06   -2.68726288E-06
   1.41813665E+01    2.76839276E-06   -2.31705627E-06
   1.43588673E+01    2.38645168E-06   -1.99461915E-06
   1.45385899E+01    2.05381009E-06   -1.71423939E-06
   1.47205619E+01    1.76458470E-06   -1.47083182E-06
   1.49048116E+01    1.51352570E-06   -1.25986823E-06
   1.50913675E+01    1.29596494E-06   -1.07733049E-06
   1.52802583E+01    1.10775502E-06   -9.19655984E-07
   1.54715135E+01    9.45217789E-07   -7.83691593E-07
   1.56651624E+01    8.05097175E-07   -6.66651591E-07
   1.58612352E+01    6.84515754E-07   -5.66079088E-07
   1.60597621E+01    5.80935026E-07   -4.79810820E-07
   1.62607739E+01    4.92119751E-07   -4.05945640E-07
   1.64643016E+01    4.16105293E-07   -3.42815751E-07
   1.66703768E+01    3.51167863E-07   -2.88960577E-07
   1.68790313E+01    2.95797882E-07   -2.43103428E-07
   1.70902975E+01    2.48675952E-07   -2.04130510E-07
   1.73042079E+01    2.08650924E-07   -1.71071831E-07
   1.75207958E+01    1.74720627E-07   -1.43084445E-07
   1.77400946E+01    1.46013899E-07   -1.19436900E-07
   1.79621382E+01    1.21775370E-07   -9.94960769E-08
   1.81869610E+01    1.01351248E-07   -8.27149407E-08
   1.84145979E+01    8.41766023E-08   -6.86216114E-08
   1.86450839E+01    6.97645295E-08   -5.68100702E-08
   1.88784548E+01    5.76963258E-08   -4.69317465E-08
   1.91147467E+01    4.76122765E-08   -3.86876688E-08
   1.93539962E+01    3.92044268E-08   -3.18222927E-08
   1.95962402E+01    3.22095162E-08   -2.61175331E-08
   1.98415162E+01    2.64029988E-08   -2.13875956E-08
   2.00898622E+01    2.15937807E-08   -1.74748445E-08
   2.03413167E+01    1.76196525E-08   -1.42446346E-08
   2.05959185E+01    1.43433648E-08   -1.15840555E-08
   2.08537070E+01    1.16487130E-08   -9.39836880E-09
   2.11147221E+01    9.43766890E-09   -7.60693279E-09
   2.13790042E+01    7.62778349E-09   -6.14214189E-09
   2.16465942E+01    6.14985422E-09   -4.94730746E-09
   2.19175335E+01    4.94596927E-09   -3.97506326E-09
   2.21918639E+01    3.96774424E-09   -3.18588932E-09
   2.24696281E+01    3.17488305E-09   -2.54691755E-09
   2.27508688E+01    2.53390026E-09   -2.03087168E-09
   2.30356298E+01    2.01704193E-09   -1.61517393E-09
   2.33239549E+01    1.60136091E-09   -1.28118104E-09
   2.36158888E+01    1.26793830E-09   -1.01354198E-09
   2.39114767E+01    1.00121302E-09   -7.99646047E-10
   2.42107644E+01    7.88420975E-10   -6.29161890E-10
   2.45137980E+01    6.19128424E-10   -4.93654538E-10
   2.48206246E+01    4.84816243E-10   -3.86244952E-10
   2.51312916E+01    3.78557520E-10   -3.01346280E-10
   2.54458470E+01    2.94733145E-10   -2.34431626E-10
   2.57643396E+01    2.28797126E-10   -1.81842717E-10
   2.60868186E+01    1.77087027E-10   -1.40635545E-10
   2.64133338E+01    1.36651352E-10   -1.08440122E-10
   2.67439359E+01    1.05128596E-10   -8.33622351E-11
   2.70786760E+01    8.06280583E-11   -6.38868816E-11
   2.74176059E+01    6.16449112E-11   -4.88094923E-11
   2.77607779E+01    4.69822653E-11   -3.71729516E-11
   2.81082453E+01    3.56928000E-11   -2.82204650E-11
   2.84600617E+01    2.70282735E-11   -2.13548559E-11
   2.88162816E+01    2.04000205E-11   -1.61067541E-11
   2.91769602E+01    1.53460699E-11   -1.21081525E-11
   2.95421532E+01    1.15054149E-11   -9.07173708E-12
   2.99119171E+01    8.59654299E-12   -6.77366220E-12
   3.02863092E+01    6.40103323E-12   -5.04040443E-12
   3.06653873E+01    4.74958247E-12   -3.73757830E-12
   3.10492102E+01    3.51173032E-12   -2.76171901E-12
   3.14378371E+01    2.58721602E-12   -2.03337923E-12
   3.18313284E+01    1.89915979E-12   -1.49168907E-12
   3.22297447E+01    1.38898981E-12   -1.09031194E-12
   3.26331478E+01    1.01209239E-12   -7.93981672E-13
   3.30416001E+01    7.34682082E-13   -5.76012596E-13
   3.34551648E+01    5.31275124E-13   -4.16291750E-13
   3.38739059E+01    3.82707762E-13   -2.99705681E-13
   3.42978881E+01    2.74602682E-13   -2.14924174E-13
   3.47271771E+01    1.96257157E-13   -1.53519043E-13
   3.51618393E+01    1.39701021E-13   -1.09218434E-13
   3.56019420E+01    9.90408577E-14   -7.73880220E-14
   3.60475531E+01    6.99245810E-14   -5.46078930E-14
   3.64987418E+01    4.91640231E-14   -3.83744781E-14
   3.69555778E+01    3.44216624E-14   -2.68534201E-14
   3.74181317E+01    2.39959805E-14   -1.87103526E-14
   3.78864752E+01    1.66565321E-14   -1.29809655E-14
   3.83606807E+01    1.15113784E-14   -8.96668079E-15
   3.88408216E+01    7.91969899E-15   -6.16591949E-15
   3.93269721E+01    5.42509892E-15   -4.22167691E-15
   3.98192076E+01    3.69905354E-15   -2.87712535E-15
   4.03176041E+01    2.51056152E-15   -1.95178832E-15
   4.08222388E+01    1.69594006E-15   -1.31785863E-15
   4.13331897E+01    1.13998715E-15   -8.85435800E-16
   4.18505360E+01    7.63130846E-16   -5.92460080E-16
   4.23743576E+01    5.08100433E-16   -3.94288489E-16
   4.29047356E+01    3.36518239E-16   -2.61023492E-16
   4.34417521E+01    2.21985943E-16   -1.72110480E-16
   4.39854901E+01    1.45625973E-16   -1.12858317E-16
   4.45360339E+01    9.50863189E-17   -7.36594458E-17
   4.50934685E+01    6.16560448E-17   -4.77420461E-17
   4.56578802E+01    3.98948028E-17   -3.08791458E-17
   4.62293564E+01    2.55977172E-17   -1.98047876E-17
   4.68079854E+01    1.63825528E-17   -1.26700414E-17
   4.73938568E+01    1.03127160E-17   -7.97227861E-18
   4.79870614E+01    6.47555580E-18   -5.00383018E-18
   4.85876907E+01    4.13743140E-18   -3.19606550E-18
   4.91958378E+01    2.60925417E-18    0.00000000E+00
   4.98115968E+01    1.61597127E-18    0.00000000E+00
   5.04350629E+01    9.92349801E-19    0.00000000E+00
   5.10663326E+01    5.95445263E-19    0.00000000E+00
   5.17055036E+01    3.59267427E-19    0.00000000E+00
   5.23526747E+01    2.25835083E-19    0.00000000E+00
   5.30079462E+01    1.40337732E-19    0.00000000E+00
   5.36714194E+01    8.39854746E-20    0.00000000E+00
   5.43431969E+01    4.94213490E-20    0.00000000E+00
   5.50233827E+01    2.87069067E-20    0.00000000E+00
   5.57120820E+01    1.56841720E-20    0.00000000E+00
   5.64094015E+01    0.00000000E+00    0.00000000E+00
   5.71154489E+01    0.00000000E+00    0.00000000E+00
   5.78303336E+01    0.00000000E+00    0.00000000E+00
   5.85541661E+01    0.00000000E+00    0.00000000E+00
   5.92870584E+01    0.00000000E+00    0.00000000E+00
   6.00291240E+01    0.00000000E+00    0.00000000E+00
   6.07804776E+01    0.00000000E+00    0.00000000E+00
   6.15412356E+01    0.00000000E+00    0.00000000E+00
   6.23115155E+01    0.00000000E+00    0.00000000E+00
   6.30914367E+01    0.00000000E+00    0.00000000E+00
   6.38811197E+01    0.00000000E+00    0.00000000E+00
   6.46806868E+01    0.00000000E+00    0.00000000E+00
   6.54902616E+01    0.00000000E+00    0.00000000E+00
   6.63099695E+01    0.00000000E+00    0.00000000E+00
   6.71399373E+01    0.00000000E+00    0.00000000E+00
   6.79802933E+01    0.00000000E+00    0.00000000E+00
   6.88311676E+01    0.00000000E+00    0.00000000E+00
   6.96926919E+01    0.00000000E+00    0.00000000E+00
   7.05649994E+01    0.00000000E+00    0.00000000E+00
   7.14482252E+01    0.00000000E+00    0.00000000E+00
   7.23425058E+01    0.00000000E+00    0.00000000E+00
   7.32479797E+01    0.00000000E+00    0.00000000E+00
   7.41647870E+01    0.00000000E+00    0.00000000E+00
   7.50930694E+01    0.00000000E+00    0.00000000E+00
   7.60329707E+01    0.00000000E+00    0.00000000E+00
   7.69846362E+01    0.00000000E+00    0.00000000E+00
   7.79482133E+01    0.00000000E+00    0.00000000E+00
   7.89238509E+01    0.00000000E+00    0.00000000E+00
   7.99117001E+01    0.00000000E+00    0.00000000E+00
   8.09119137E+01    0.00000000E+00    0.00000000E+00
   8.19246465E+01    0.00000000E+00    0.00000000E+00
   8.29500551E+01    0.00000000E+00    0.00000000E+00
   8.39882982E+01    0.00000000E+00    0.00000000E+00
   8.50395365E+01    0.00000000E+00    0.00000000E+00
   8.61039326E+01    0.00000000E+00    0.00000000E+00
   8.71816512E+01    0.00000000E+00    0.00000000E+00
   8.82728590E+01    0.00000000E+00    0.00000000E+00
   8.93777249E+01    0.00000000E+00    0.00000000E+00
   9.04964199E+01    0.00000000E+00    0.00000000E+00
   9.16291170E+01    0.00000000E+00    0.00000000E+00
   9.27759914E+01    0.00000000E+00    0.00000000E+00
   9.39372207E+01    0.00000000E+00    0.00000000E+00
   9.51129846E+01    0.00000000E+00    0.00000000E+00
   9.63034648E+01    0.00000000E+00    0.00000000E+00
   9.75088457E+01    0.00000000E+00    0.00000000E+00
   9.87293137E+01    0.00000000E+00    0.00000000E+00
   9.99650577E+01    0.00000000E+00    0.00000000E+00
   1.01216269E+02    0.00000000E+00    0.00000000E+00
   1.02483141E+02    0.00000000E+00    0.00000000E+00
   1.03765869E+02    0.00000000E+00    0.00000000E+00
   1.05064653E+02    0.00000000E+00    0.00000000E+00
   1.06379694E+02    0.00000000E+00    0.00000000E+00
   1.07711193E+02    0.00000000E+00    0.00000000E+00
   1.09059359E+02    0.00000000E+00    0.00000000E+00
   1.10424399E+02    0.00000000E+00    0.00000000E+00
   1.11806524E+02    0.00000000E+00    0.00000000E+00
   1.13205949E+02    0.00000000E+00    0.00000000E+00
   1.14622889E+02    0.00000000E+00    0.00000000E+00
   1.16057565E+02    0.00000000E+00    0.00000000E+00
   1.17510198E+02    0.00000000E+00    0.00000000E+00
   1.18981012E+02    0.00000000E+00    0.00000000E+00
   1.20470237E+02    0.00000000E+00    0.00000000E+00
   1.21978100E+02    0.00000000E+00    0.00000000E+00
   1.23504838E+02    0.00000000E+00    0.00000000E+00
   1.25050684E+02    0.00000000E+00    0.00000000E+00
   1.26615879E+02    0.00000000E+00    0.00000000E+00
   1.28200665E+02    0.00000000E+00    0.00000000E+00
   1.29805286E+02    0.00000000E+00    0.00000000E+00
   1.31429992E+02    0.00000000E+00    0.00000000E+00
   1.33075034E+02    0.00000000E+00    0.00000000E+00
   1.34740666E+02    0.00000000E+00    0.00000000E+00
   1.36427145E+02    0.00000000E+00    0.00000000E+00
   1.38134733E+02    0.00000000E+00    0.00000000E+00
   1.39863695E+02    0.00000000E+00    0.00000000E+00
   1.41614297E+02    0.00000000E+00    0.00000000E+00
   1.43386810E+02    0.00000000E+00    0.00000000E+00
   1.45181509E+02    0.00000000E+00    0.00000000E+00
   1.46998671E+02    0.00000000E+00    0.00000000E+00
   1.48838578E+02    0.00000000E+00    0.00000000E+00
   1.50701513E+02    0.00000000E+00    0.00000000E+00
   1.52587767E+02    0.00000000E+00    0.00000000E+00
   1.54497629E+02    0.00000000E+00    0.00000000E+00
   1.56431396E+02    0.00000000E+00    0.00000000E+00
   1.58389368E+02    0.00000000E+00    0.00000000E+00
   1.60371846E+02    0.00000000E+00    0.00000000E+00
   1.62379138E+02    0.00000000E+00    0.00000000E+00
   1.64411554E+02    0.00000000E+00    0.00000000E+00
   1.66469408E+02    0.00000000E+00    0.00000000E+00
   1.68553020E+02    0.00000000E+00    0.00000000E+00
   1.70662712E+02    0.00000000E+00    0.00000000E+00
   1.72798809E+02    0.00000000E+00    0.00000000E+00
   1.74961643E+02    0.00000000E+00    0.00000000E+00
   1.77151547E+02    0.00000000E+00    0.00000000E+00
   1.79368862E+02    0.00000000E+00    0.00000000E+00
   1.81613930E+02    0.00000000E+00    0.00000000E+00
   1.83887098E+02    0.00000000E+00    0.00000000E+00
   1.86188718E+02    0.00000000E+00    0.00000000E+00
   1.88519146E+02    0.00000000E+00    0.00000000E+00
   1.90878743E+02    0.00000000E+00    0.00000000E+00
   1.93267874E+02    0.00000000E+00    0.00000000E+00
   1.95686909E+02    0.00000000E+00    0.00000000E+00
   1.98136221E+02    0.00000000E+00    0.00000000E+00
   2.00616190E+02    0.00000000E+00    0.00000000E+00
   2.03127199E+02    0.00000000E+00    0.00000000E+00
   2.05669638E+02    0.00000000E+00    0.00000000E+00
