# Peaks:     0.219793      0.977836    203.127199  
   6.85565443E-05    4.14722849E-11    9.90353501E-07
   6.94146312E-05    4.23358994E-11    9.98497179E-07
   7.02834584E-05    4.32115762E-11    1.00659106E-06
   7.11631603E-05    4.41007932E-11    1.01466219E-06
   7.20538729E-05    4.50051295E-11    1.02273833E-06
   7.29557341E-05    4.59262703E-11    1.03084796E-06
   7.38688835E-05    4.68660129E-11    1.03902037E-06
   7.47934623E-05    4.78262599E-11    1.04728537E-06
   7.57296135E-05    4.88082857E-11    1.05565933E-06
   7.66774821E-05    4.98122412E-11    1.06413662E-06
   7.76372147E-05    5.08381565E-11    1.07270946E-06
   7.86089597E-05    5.18860373E-11    1.08136984E-06
   7.95928676E-05    5.29558635E-11    1.09010949E-06
   8.05890905E-05    5.40475879E-11    1.09891988E-06
   8.15977826E-05    5.51613119E-11    1.10779541E-06
   8.26191001E-05    5.62975570E-11    1.11673798E-06
   8.36532008E-05    5.74569246E-11    1.12575069E-06
   8.47002448E-05    5.86400357E-11    1.13483666E-06
   8.57603942E-05    5.98475314E-11    1.14399910E-06
   8.68338129E-05    6.10800738E-11    1.15324128E-06
   8.79206670E-05    6.23383039E-11    1.16256581E-06
   8.90211247E-05    6.36227482E-11    1.17197322E-06
   9.01353563E-05    6.49339165E-11    1.18146360E-06
   9.12635341E-05    6.62723266E-11    1.19103699E-06
   9.24058328E-05    6.76385040E-11    1.20069344E-06
   9.35624290E-05    6.90329824E-11    1.21043293E-06
   9.47335018E-05    7.04563162E-11    1.22025565E-06
   9.59192322E-05    7.19091139E-11    1.23016247E-06
   9.71198038E-05    7.33920055E-11    1.24015439E-06
   9.83354024E-05    7.49056344E-11    1.25023243E-06
   9.95662160E-05    7.64506575E-11    1.26039757E-06
   1.00812435E-04    7.80277454E-11    1.27065083E-06
   1.02074252E-04    7.96375804E-11    1.28099316E-06
   1.03351863E-04    8.12808497E-11    1.29142543E-06
   1.04645465E-04    8.29582526E-11    1.30194846E-06
   1.05955259E-04    8.46705020E-11    1.31256308E-06
   1.07281446E-04    8.64183247E-11    1.32327010E-06
   1.08624233E-04    8.82024619E-11    1.33407031E-06
   1.09983826E-04    9.00236714E-11    1.34496454E-06
   1.11360437E-04    9.18827338E-11    1.35595373E-06
   1.12754278E-04    9.37804469E-11    1.36703885E-06
   1.14165566E-04    9.57176249E-11    1.37822086E-06
   1.15594517E-04    9.76950981E-11    1.38950069E-06
   1.17041354E-04    9.97137135E-11    1.40087929E-06
   1.18506301E-04    1.01774336E-10    1.41235761E-06
   1.19989583E-04    1.03877851E-10    1.42393665E-06
   1.21491431E-04    1.06025164E-10    1.43561744E-06
   1.23012077E-04    1.08217196E-10    1.44740097E-06
   1.24551755E-04    1.10454889E-10    1.45928825E-06
   1.26110706E-04    1.12739202E-10    1.47128026E-06
   1.27689168E-04    1.15071115E-10    1.48337800E-06
   1.29287388E-04    1.17451636E-10    1.49558257E-06
   1.30905612E-04    1.19881791E-10    1.50789506E-06
   1.32544090E-04    1.22362627E-10    1.52031656E-06
   1.34203076E-04    1.24895214E-10    1.53284814E-06
   1.35882827E-04    1.27480642E-10    1.54549086E-06
   1.37583602E-04    1.30120026E-10    1.55824582E-06
   1.39305665E-04    1.32814509E-10    1.57111419E-06
   1.41049282E-04    1.35565256E-10    1.58409714E-06
   1.42814724E-04    1.38373457E-10    1.59719583E-06
   1.44602262E-04    1.41240327E-10    1.61041142E-06
   1.46412174E-04    1.44167104E-10    1.62374503E-06
   1.48244740E-04    1.47155055E-10    1.63719787E-06
   1.50100243E-04    1.50205479E-10    1.65077118E-06
   1.51978970E-04    1.53319700E-10    1.66446623E-06
   1.53881213E-04    1.56499071E-10    1.67828426E-06
   1.55807265E-04    1.59744971E-10    1.69222650E-06
   1.57757424E-04    1.63058806E-10    1.70629417E-06
   1.59731992E-04    1.66442020E-10    1.72048856E-06
   1.61731276E-04    1.69896087E-10    1.73481104E-06
   1.63755583E-04    1.73422514E-10    1.74926294E-06
   1.65805227E-04    1.77022837E-10    1.76384559E-06
   1.67880526E-04    1.80698623E-10    1.77856032E-06
   1.69981800E-04    1.84451474E-10    1.79340845E-06
   1.72109374E-04    1.88283029E-10    1.80839137E-06
   1.74263579E-04    1.92194966E-10    1.82351054E-06
   1.76444746E-04    1.96188998E-10    1.83876740E-06
   1.78653214E-04    2.00266870E-10    1.85416337E-06
   1.80889324E-04    2.04430366E-10    1.86969986E-06
   1.83153423E-04    2.08681307E-10    1.88537831E-06
   1.85445860E-04    2.13021561E-10    1.90120025E-06
   1.87766990E-04    2.17453034E-10    1.91716722E-06
   1.90117173E-04    2.21977675E-10    1.93328077E-06
   1.92496772E-04    2.26597470E-10    1.94954242E-06
   1.94906155E-04    2.31314446E-10    1.96595367E-06
   1.97345695E-04    2.36130679E-10    1.98251609E-06
   1.99815769E-04    2.41048293E-10    1.99923135E-06
   2.02316760E-04    2.46069460E-10    2.01610109E-06
   2.04849055E-04    2.51196394E-10    2.03312697E-06
   2.07413045E-04    2.56431356E-10    2.05031061E-06
   2.10009128E-04    2.61776655E-10    2.06765362E-06
   2.12637704E-04    2.67234653E-10    2.08515774E-06
   2.15299180E-04    2.72807772E-10    2.10282474E-06
   2.17993969E-04    2.78498482E-10    2.12065639E-06
   2.20722487E-04    2.84309302E-10    2.13865446E-06
   2.23485157E-04    2.90242807E-10    2.15682067E-06
   2.26282406E-04    2.96301627E-10    2.17515678E-06
   2.29114666E-04    3.02488456E-10    2.19366469E-06
   2.31982376E-04    3.08806050E-10    2.21234631E-06
   2.34885980E-04    3.15257222E-10    2.23120351E-06
   2.37825927E-04    3.21844841E-10    2.25023818E-06
   2.40802672E-04    3.28571838E-10    2.26945217E-06
   2.43816675E-04    3.35441213E-10    2.28884742E-06
   2.46868403E-04    3.42456038E-10    2.30842597E-06
   2.49958327E-04    3.49619451E-10    2.32818987E-06
   2.53086927E-04    3.56934655E-10    2.34814112E-06
   2.56254686E-04    3.64404920E-10    2.36828172E-06
   2.59462094E-04    3.72033585E-10    2.38861367E-06
   2.62709647E-04    3.79824076E-10    2.40913914E-06
   2.65997849E-04    3.87779893E-10    2.42986029E-06
   2.69327207E-04    3.95904612E-10    2.45077931E-06
   2.72698237E-04    4.04201882E-10    2.47189833E-06
   2.76111460E-04    4.12675429E-10    2.49321950E-06
   2.79567405E-04    4.21329067E-10    2.51474502E-06
   2.83066606E-04    4.30166702E-10    2.53647722E-06
   2.86609605E-04    4.39192327E-10    2.55841845E-06
   2.90196950E-04    4.48410015E-10    2.58057100E-06
   2.93829196E-04    4.57823926E-10    2.60293717E-06
   2.97506905E-04    4.67438312E-10    2.62551925E-06
   3.01230645E-04    4.77257530E-10    2.64831970E-06
   3.05000994E-04    4.87286036E-10    2.67134103E-06
   3.08818534E-04    4.97528382E-10    2.69458572E-06
   3.12683857E-04    5.07989213E-10    2.71805624E-06
   3.16597560E-04    5.18673276E-10    2.74175501E-06
   3.20560248E-04    5.29585426E-10    2.76568457E-06
   3.24572536E-04    5.40730640E-10    2.78984759E-06
   3.28635043E-04    5.52114000E-10    2.81424674E-06
   3.32748399E-04    5.63740699E-10    2.83888467E-06
   3.36913239E-04    5.75616038E-10    2.86376400E-06
   3.41130209E-04    5.87745435E-10    2.88888736E-06
   3.45399960E-04    6.00134445E-10    2.91425756E-06
   3.49723153E-04    6.12788747E-10    2.93987746E-06
   3.54100458E-04    6.25714142E-10    2.96574991E-06
   3.58532551E-04    6.38916554E-10    2.99187771E-06
   3.63020118E-04    6.52402037E-10    3.01826365E-06
   3.67563854E-04    6.66176787E-10    3.04491066E-06
   3.72164462E-04    6.80247151E-10    3.07182179E-06
   3.76822653E-04    6.94619614E-10    3.09900009E-06
   3.81539148E-04    7.09300799E-10    3.12644856E-06
   3.86314677E-04    7.24297470E-10    3.15417020E-06
   3.91149979E-04    7.39616546E-10    3.18216804E-06
   3.96045802E-04    7.55265120E-10    3.21044532E-06
   4.01002903E-04    7.71250439E-10    3.23900529E-06
   4.06022050E-04    7.87579910E-10    3.26785118E-06
   4.11104019E-04    8.04261098E-10    3.29698620E-06
   4.16249596E-04    8.21301733E-10    3.32641352E-06
   4.21459578E-04    8.38709738E-10    3.35613655E-06
   4.26734770E-04    8.56493220E-10    3.38615878E-06
   4.32075990E-04    8.74660461E-10    3.41648364E-06
   4.37484062E-04    8.93219922E-10    3.44711457E-06
   4.42959825E-04    9.12180249E-10    3.47805495E-06
   4.48504125E-04    9.31550293E-10    3.50930832E-06
   4.54117820E-04    9.51339122E-10    3.54087840E-06
   4.59801779E-04    9.71556000E-10    3.57276886E-06
   4.65556881E-04    9.92210395E-10    3.60498338E-06
   4.71384017E-04    1.01331198E-09    3.63752556E-06
   4.77284088E-04    1.03487064E-09    3.67039910E-06
   4.83258007E-04    1.05689653E-09    3.70360792E-06
   4.89306699E-04    1.07940002E-09    3.73715598E-06
   4.95431099E-04    1.10239169E-09    3.77104716E-06
   5.01632155E-04    1.12588236E-09    3.80528534E-06
   5.07910826E-04    1.14988312E-09    3.83987439E-06
   5.14268084E-04    1.17440530E-09    3.87481846E-06
   5.20704913E-04    1.19946050E-09    3.91012173E-06
   5.27222308E-04    1.22506059E-09    3.94578838E-06
   5.33821279E-04    1.25121768E-09    3.98182252E-06
   5.40502845E-04    1.27794415E-09    4.01822824E-06
   5.47268040E-04    1.30525270E-09    4.05500989E-06
   5.54117913E-04    1.33315632E-09    4.09217195E-06
   5.61053521E-04    1.36166828E-09    4.12971885E-06
   5.68075939E-04    1.39080216E-09    4.16765499E-06
   5.75186253E-04    1.42057181E-09    4.20598471E-06
   5.82385563E-04    1.45099145E-09    4.24471251E-06
   5.89674984E-04    1.48207560E-09    4.28384317E-06
   5.97055642E-04    1.51383915E-09    4.32338140E-06
   6.04528680E-04    1.54629728E-09    4.36333189E-06
   6.12095254E-04    1.57946553E-09    4.40369926E-06
   6.19756535E-04    1.61335980E-09    4.44448824E-06
   6.27513708E-04    1.64799637E-09    4.48570385E-06
   6.35367974E-04    1.68339189E-09    4.52735112E-06
   6.43320548E-04    1.71956339E-09    4.56943503E-06
   6.51372660E-04    1.75652827E-09    4.61196047E-06
   6.59525556E-04    1.79430433E-09    4.65493243E-06
   6.67780498E-04    1.83290980E-09    4.69835618E-06
   6.76138763E-04    1.87236335E-09    4.74223708E-06
   6.84601643E-04    1.91268405E-09    4.78658043E-06
   6.93170450E-04    1.95389139E-09    4.83139145E-06
   7.01846507E-04    1.99600533E-09    4.87667534E-06
   7.10631158E-04    2.03904627E-09    4.92243763E-06
   7.19525763E-04    2.08303514E-09    4.96868401E-06
   7.28531696E-04    2.12799330E-09    5.01542008E-06
   7.37650352E-04    2.17394262E-09    5.06265141E-06
   7.46883142E-04    2.22090543E-09    5.11038351E-06
   7.56231494E-04    2.26890463E-09    5.15862216E-06
   7.65696854E-04    2.31796363E-09    5.20737337E-06
   7.75280687E-04    2.36810641E-09    5.25664309E-06
   7.84984476E-04    2.41935746E-09    5.30643722E-06
   7.94809723E-04    2.47174181E-09    5.35676155E-06
   8.04757947E-04    2.52528512E-09    5.40762217E-06
   8.14830687E-04    2.58001365E-09    5.45902541E-06
   8.25029503E-04    2.63595427E-09    5.51097757E-06
   8.35355973E-04    2.69313442E-09    5.56348488E-06
   8.45811693E-04    2.75158218E-09    5.61655348E-06
   8.56398283E-04    2.81132631E-09    5.67018974E-06
   8.67117379E-04    2.87239624E-09    5.72440033E-06
   8.77970641E-04    2.93482208E-09    5.77919191E-06
   8.88959747E-04    2.99863463E-09    5.83457107E-06
   9.00086399E-04    3.06386537E-09    5.89054427E-06
   9.11352317E-04    3.13054651E-09    5.94711819E-06
   9.22759244E-04    3.19871107E-09    6.00429988E-06
   9.34308947E-04    3.26839282E-09    6.06209634E-06
   9.46003210E-04    3.33962627E-09    6.12051452E-06
   9.57843846E-04    3.41244674E-09    6.17956124E-06
   9.69832684E-04    3.48689034E-09    6.23924351E-06
   9.81971580E-04    3.56299410E-09    6.29956872E-06
   9.94262413E-04    3.64079588E-09    6.36054426E-06
   1.00670708E-03    3.72033439E-09    6.42217743E-06
   1.01930752E-03    3.80164923E-09    6.48447546E-06
   1.03206566E-03    3.88478092E-09    6.54744564E-06
   1.04498350E-03    3.96977095E-09    6.61109576E-06
   1.05806302E-03    4.05666179E-09    6.67543359E-06
   1.07130625E-03    4.14549686E-09    6.74046680E-06
   1.08471524E-03    4.23632056E-09    6.80620296E-06
   1.09829206E-03    4.32917835E-09    6.87264977E-06
   1.11203882E-03    4.42411675E-09    6.93981537E-06
   1.12595763E-03    4.52118341E-09    7.00770791E-06
   1.14005067E-03    4.62042700E-09    7.07633547E-06
   1.15432009E-03    4.72189735E-09    7.14570599E-06
   1.16876812E-03    4.82564540E-09    7.21582750E-06
   1.18339699E-03    4.93172338E-09    7.28670856E-06
   1.19820896E-03    5.04018468E-09    7.35835771E-06
   1.21320633E-03    5.15108393E-09    7.43078339E-06
   1.22839141E-03    5.26447698E-09    7.50399394E-06
   1.24376655E-03    5.38042100E-09    7.57799776E-06
   1.25933413E-03    5.49897454E-09    7.65280381E-06
   1.27509657E-03    5.62019751E-09    7.72842104E-06
   1.29105630E-03    5.74415115E-09    7.80485829E-06
   1.30721578E-03    5.87089814E-09    7.88212429E-06
   1.32357753E-03    6.00050258E-09    7.96022781E-06
   1.34014407E-03    6.13303012E-09    8.03917815E-06
   1.35691796E-03    6.26854796E-09    8.11898469E-06
   1.37390181E-03    6.40712480E-09    8.19965668E-06
   1.39109823E-03    6.54883093E-09    8.28120325E-06
   1.40850989E-03    6.69373823E-09    8.36363355E-06
   1.42613948E-03    6.84192034E-09    8.44695730E-06
   1.44398973E-03    6.99345262E-09    8.53118425E-06
   1.46206341E-03    7.14841212E-09    8.61632405E-06
   1.48036331E-03    7.30687765E-09    8.70238619E-06
   1.49889225E-03    7.46892984E-09    8.78938025E-06
   1.51765311E-03    7.63465128E-09    8.87731635E-06
   1.53664880E-03    7.80412645E-09    8.96620466E-06
   1.55588224E-03    7.97744177E-09    9.05605519E-06
   1.57535641E-03    8.15468560E-09    9.14687782E-06
   1.59507434E-03    8.33594838E-09    9.23868250E-06
   1.61503906E-03    8.52132270E-09    9.33147979E-06
   1.63525367E-03    8.71090329E-09    9.42528022E-06
   1.65572130E-03    8.90478704E-09    9.52009422E-06
   1.67644511E-03    9.10307304E-09    9.61593204E-06
   1.69742831E-03    9.30586268E-09    9.71280403E-06
   1.71867415E-03    9.51325976E-09    9.81072109E-06
   1.74018591E-03    9.72537048E-09    9.90969417E-06
   1.76196692E-03    9.94230348E-09    1.00097341E-05
   1.78402055E-03    1.01641698E-08    1.01108514E-05
   1.80635022E-03    1.03910832E-08    1.02130569E-05
   1.82895938E-03    1.06231599E-08    1.03163620E-05
   1.85185152E-03    1.08605190E-08    1.04207778E-05
   1.87503019E-03    1.11032823E-08    1.05263155E-05
   1.89849898E-03    1.13515743E-08    1.06329862E-05
   1.92226151E-03    1.16055223E-08    1.07408009E-05
   1.94632147E-03    1.18652568E-08    1.08497713E-05
   1.97068257E-03    1.21309112E-08    1.09599092E-05
   1.99534859E-03    1.24026218E-08    1.10712259E-05
   2.02032334E-03    1.26805283E-08    1.11837329E-05
   2.04561069E-03    1.29647733E-08    1.12974416E-05
   2.07121454E-03    1.32555030E-08    1.14123639E-05
   2.09713887E-03    1.35528669E-08    1.15285119E-05
   2.12338768E-03    1.38570177E-08    1.16458975E-05
   2.14996503E-03    1.41681118E-08    1.17645324E-05
   2.17687503E-03    1.44863091E-08    1.18844282E-05
   2.20412186E-03    1.48117733E-08    1.20055973E-05
   2.23170971E-03    1.51446717E-08    1.21280521E-05
   2.25964288E-03    1.54851755E-08    1.22518046E-05
   2.28792566E-03    1.58334598E-08    1.23768669E-05
   2.31656245E-03    1.61897037E-08    1.25032509E-05
   2.34555767E-03    1.65540903E-08    1.26309695E-05
   2.37491581E-03    1.69268073E-08    1.27600352E-05
   2.40464140E-03    1.73080462E-08    1.28904603E-05
   2.43473906E-03    1.76980029E-08    1.30222570E-05
   2.46521344E-03    1.80968779E-08    1.31554377E-05
   2.49606925E-03    1.85048765E-08    1.32900154E-05
   2.52731126E-03    1.89222084E-08    1.34260028E-05
   2.55894431E-03    1.93490880E-08    1.35634126E-05
   2.59097330E-03    1.97857347E-08    1.37022571E-05
   2.62340318E-03    2.02323728E-08    1.38425490E-05
   2.65623897E-03    2.06892318E-08    1.39843015E-05
   2.68948574E-03    2.11565465E-08    1.41275274E-05
   2.72314865E-03    2.16345568E-08    1.42722395E-05
   2.75723290E-03    2.21235080E-08    1.44184505E-05
   2.79174376E-03    2.26236511E-08    1.45661731E-05
   2.82668658E-03    2.31352427E-08    1.47154207E-05
   2.86206676E-03    2.36585454E-08    1.48662062E-05
   2.89788978E-03    2.41938274E-08    1.50185427E-05
   2.93416117E-03    2.47413630E-08    1.51724427E-05
   2.97088656E-03    2.53014328E-08    1.53279192E-05
   3.00807161E-03    2.58743237E-08    1.54849856E-05
   3.04572210E-03    2.64603290E-08    1.56436550E-05
   3.08384383E-03    2.70597487E-08    1.58039404E-05
   3.12244272E-03    2.76728893E-08    1.59658543E-05
   3.16152472E-03    2.83000641E-08    1.61294098E-05
   3.20109590E-03    2.89415939E-08    1.62946204E-05
   3.24116237E-03    2.95978064E-08    1.64614991E-05
   3.28173033E-03    3.02690363E-08    1.66300588E-05
   3.32280606E-03    3.09556261E-08    1.68003119E-05
   3.36439591E-03    3.16579259E-08    1.69722717E-05
   3.40650632E-03    3.23762936E-08    1.71459514E-05
   3.44914381E-03    3.31110951E-08    1.73213639E-05
   3.49231497E-03    3.38627042E-08    1.74985220E-05
   3.53602647E-03    3.46315030E-08    1.76774381E-05
   3.58028510E-03    3.54178822E-08    1.78581251E-05
   3.62509768E-03    3.62222412E-08    1.80405961E-05
   3.67047116E-03    3.70449882E-08    1.82248638E-05
   3.71641256E-03    3.78865403E-08    1.84109407E-05
   3.76292898E-03    3.87473234E-08    1.85988389E-05
   3.81002763E-03    3.96277736E-08    1.87885712E-05
   3.85771578E-03    4.05283359E-08    1.89801502E-05
   3.90600082E-03    4.14494657E-08    1.91735884E-05
   3.95489022E-03    4.23916275E-08    1.93688978E-05
   4.00439155E-03    4.33552965E-08    1.95660903E-05
   4.05451245E-03    4.43409583E-08    1.97651780E-05
   4.10526070E-03    4.53491089E-08    1.99661733E-05
   4.15664413E-03    4.63802554E-08    2.01690880E-05
   4.20867071E-03    4.74349154E-08    2.03739337E-05
   4.26134847E-03    4.85136179E-08    2.05807218E-05
   4.31468557E-03    4.96169035E-08    2.07894638E-05
   4.36869027E-03    5.07453248E-08    2.10001714E-05
   4.42337092E-03    5.18994457E-08    2.12128559E-05
   4.47873597E-03    5.30798426E-08    2.14275281E-05
   4.53479401E-03    5.42871039E-08    2.16441987E-05
   4.59155369E-03    5.55218310E-08    2.18628785E-05
   4.64902380E-03    5.67846384E-08    2.20835785E-05
   4.70721324E-03    5.80761534E-08    2.23063089E-05
   4.76613100E-03    5.93970165E-08    2.25310798E-05
   4.82578621E-03    6.07478820E-08    2.27579010E-05
   4.88618809E-03    6.21294182E-08    2.29867824E-05
   4.94734599E-03    6.35423079E-08    2.32177338E-05
   5.00926937E-03    6.49872479E-08    2.34507647E-05
   5.07196782E-03    6.64649497E-08    2.36858838E-05
   5.13545103E-03    6.79761395E-08    2.39230999E-05
   5.19972882E-03    6.95215597E-08    2.41624217E-05
   5.26481115E-03    7.11019678E-08    2.44038580E-05
   5.33070808E-03    7.27181372E-08    2.46474167E-05
   5.39742981E-03    7.43708571E-08    2.48931054E-05
   5.46498666E-03    7.60609331E-08    2.51409315E-05
   5.53338908E-03    7.77891883E-08    2.53909023E-05
   5.60264766E-03    7.95564628E-08    2.56430250E-05
   5.67277312E-03    8.13636135E-08    2.58973061E-05
   5.74377630E-03    8.32115150E-08    2.61537516E-05
   5.81566819E-03    8.51010598E-08    2.64123672E-05
   5.88845991E-03    8.70331595E-08    2.66731587E-05
   5.96216273E-03    8.90087442E-08    2.69361313E-05
   6.03678806E-03    9.10287626E-08    2.72012898E-05
   6.11234742E-03    9.30941825E-08    2.74686384E-05
   6.18885253E-03    9.52059913E-08    2.77381807E-05
   6.26631521E-03    9.73651973E-08    2.80099206E-05
   6.34474745E-03    9.95728290E-08    2.82838613E-05
   6.42416139E-03    1.01829935E-07    2.85600054E-05
   6.50456931E-03    1.04137585E-07    2.88383549E-05
   6.58598365E-03    1.06496870E-07    2.91189112E-05
   6.66841702E-03    1.08908903E-07    2.94016758E-05
   6.75188216E-03    1.11374820E-07    2.96866496E-05
   6.83639199E-03    1.13895779E-07    2.99738325E-05
   6.92195959E-03    1.16472959E-07    3.02632240E-05
   7.00859819E-03    1.19107564E-07    3.05548230E-05
   7.09632121E-03    1.21800822E-07    3.08486284E-05
   7.18514220E-03    1.24553985E-07    3.11446381E-05
   7.27507493E-03    1.27368329E-07    3.14428492E-05
   7.36613330E-03    1.30245152E-07    3.17432583E-05
   7.45833139E-03    1.33185782E-07    3.20458614E-05
   7.55168349E-03    1.36191569E-07    3.23506540E-05
   7.64620402E-03    1.39263891E-07    3.26576310E-05
   7.74190762E-03    1.42404151E-07    3.29667862E-05
   7.83880909E-03    1.45613779E-07    3.32781127E-05
   7.93692343E-03    1.48894231E-07    3.35916033E-05
   8.03626581E-03    1.52246994E-07    3.39072498E-05
   8.13685161E-03    1.55673580E-07    3.42250434E-05
   8.23869639E-03    1.59175531E-07    3.45449744E-05
   8.34181591E-03    1.62754413E-07    3.48670319E-05
   8.44622613E-03    1.66411826E-07    3.51912048E-05
   8.55194319E-03    1.70149401E-07    3.55174810E-05
   8.65898346E-03    1.73968794E-07    3.58458475E-05
   8.76736349E-03    1.77871695E-07    3.61762902E-05
   8.87710007E-03    1.81859819E-07    3.65087943E-05
   8.98821016E-03    1.85934919E-07    3.68433440E-05
   9.10071096E-03    1.90098777E-07    3.71799227E-05
   9.21461987E-03    1.94353208E-07    3.75185128E-05
   9.32995452E-03    1.98700056E-07    3.78590955E-05
   9.44673276E-03    2.03141198E-07    3.82016511E-05
   9.56497265E-03    2.07678546E-07    3.85461590E-05
   9.68469248E-03    2.12314047E-07    3.88925974E-05
   9.80591079E-03    2.17049680E-07    3.92409435E-05
   9.92864633E-03    2.21887458E-07    3.95911733E-05
   1.00529181E-02    2.26829425E-07    3.99432618E-05
   1.01787453E-02    2.31877665E-07    4.02971826E-05
   1.03061474E-02    2.37034299E-07    4.06529086E-05
   1.04351441E-02    2.42301480E-07    4.10104110E-05
   1.05657555E-02    2.47681397E-07    4.13696602E-05
   1.06980016E-02    2.53176273E-07    4.17306249E-05
   1.08319030E-02    2.58788370E-07    4.20932729E-05
   1.09674803E-02    2.64519992E-07    4.24575705E-05
   1.11047546E-02    2.70373476E-07    4.28234830E-05
   1.12437471E-02    2.76351194E-07    4.31909739E-05
   1.13844793E-02    2.82455557E-07    4.35600057E-05
   1.15269730E-02    2.88689016E-07    4.39305393E-05
   1.16712501E-02    2.95054063E-07    4.43025343E-05
   1.18173332E-02    3.01553228E-07    4.46759487E-05
   1.19652446E-02    3.08189074E-07    4.50507392E-05
   1.21150075E-02    3.14964205E-07    4.54268610E-05
   1.22666448E-02    3.21881266E-07    4.58042677E-05
   1.24201800E-02    3.28942949E-07    4.61829112E-05
   1.25756370E-02    3.36151978E-07    4.65627422E-05
   1.27330398E-02    3.43511116E-07    4.69437095E-05
   1.28924127E-02    3.51023162E-07    4.73257606E-05
   1.30537804E-02    3.58690966E-07    4.77088410E-05
   1.32171679E-02    3.66517417E-07    4.80928945E-05
   1.33826003E-02    3.74505444E-07    4.84778635E-05
   1.35501035E-02    3.82658010E-07    4.88636885E-05
   1.37197031E-02    3.90978117E-07    4.92503085E-05
   1.38914256E-02    3.99468814E-07    4.96376604E-05
   1.40652974E-02    4.08133197E-07    5.00256793E-05
   1.42413455E-02    4.16974395E-07    5.04142986E-05
   1.44195971E-02    4.25995576E-07    5.08034500E-05
   1.46000797E-02    4.35199941E-07    5.11930633E-05
   1.47828214E-02    4.44590744E-07    5.15830661E-05
   1.49678504E-02    4.54171284E-07    5.19733842E-05
   1.51551953E-02    4.63944893E-07    5.23639414E-05
   1.53448850E-02    4.73914936E-07    5.27546598E-05
   1.55369491E-02    4.84084814E-07    5.31454597E-05
   1.57314171E-02    4.94457978E-07    5.35362589E-05
   1.59283191E-02    5.05037923E-07    5.39269730E-05
   1.61276857E-02    5.15828178E-07    5.43175160E-05
   1.63295476E-02    5.26832299E-07    5.47077998E-05
   1.65339361E-02    5.38053878E-07    5.50977345E-05
   1.67408829E-02    5.49496561E-07    5.54872273E-05
   1.69504199E-02    5.61164033E-07    5.58761835E-05
   1.71625796E-02    5.73060005E-07    5.62645062E-05
   1.73773948E-02    5.85188213E-07    5.66520971E-05
   1.75948987E-02    5.97552423E-07    5.70388555E-05
   1.78151250E-02    6.10156458E-07    5.74246779E-05
   1.80381077E-02    6.23004177E-07    5.78094584E-05
   1.82638814E-02    6.36099460E-07    5.81930892E-05
   1.84924810E-02    6.49446208E-07    5.85754609E-05
   1.87239419E-02    6.63048340E-07    5.89564619E-05
   1.89582998E-02    6.76909834E-07    5.93359775E-05
   1.91955911E-02    6.91034702E-07    5.97138905E-05
   1.94358524E-02    7.05426972E-07    6.00900816E-05
   1.96791210E-02    7.20090681E-07    6.04644300E-05
   1.99254344E-02    7.35029877E-07    6.08368130E-05
   2.01748308E-02    7.50248660E-07    6.12071046E-05
   2.04273488E-02    7.65751166E-07    6.15751759E-05
   2.06830274E-02    7.81541533E-07    6.19408962E-05
   2.09419062E-02    7.97623900E-07    6.23041335E-05
   2.12040252E-02    8.14002412E-07    6.26647534E-05
   2.14694251E-02    8.30681265E-07    6.30226182E-05
   2.17381468E-02    8.47664673E-07    6.33775875E-05
   2.20102320E-02    8.64956838E-07    6.37295195E-05
   2.22857228E-02    8.82561947E-07    6.40782709E-05
   2.25646617E-02    9.00484212E-07    6.44236957E-05
   2.28470919E-02    9.18727879E-07    6.47656442E-05
   2.31330572E-02    9.37297179E-07    6.51039652E-05
   2.34226018E-02    9.56196314E-07    6.54385063E-05
   2.37157704E-02    9.75429470E-07    6.57691133E-05
   2.40126085E-02    9.95000884E-07    6.60956278E-05
   2.43131620E-02    1.01491479E-06    6.64178889E-05
   2.46174773E-02    1.03517537E-06    6.67357349E-05
   2.49256016E-02    1.05578678E-06    6.70490029E-05
   2.52375825E-02    1.07675312E-06    6.73575287E-05
   2.55534683E-02    1.09807855E-06    6.76611432E-05
   2.58733079E-02    1.11976723E-06    6.79596748E-05
   2.61971508E-02    1.14182325E-06    6.82529510E-05
   2.65250470E-02    1.16425061E-06    6.85407990E-05
   2.68570474E-02    1.18705329E-06    6.88230449E-05
   2.71932032E-02    1.21023528E-06    6.90995105E-05
   2.75335665E-02    1.23380052E-06    6.93700149E-05
   2.78781900E-02    1.25775289E-06    6.96343773E-05
   2.82271270E-02    1.28209618E-06    6.98924166E-05
   2.85804314E-02    1.30683418E-06    7.01439473E-05
   2.89381579E-02    1.33197062E-06    7.03887821E-05
   2.93003619E-02    1.35750914E-06    7.06267340E-05
   2.96670995E-02    1.38345326E-06    7.08576160E-05
   3.00384273E-02    1.40980647E-06    7.10812374E-05
   3.04144028E-02    1.43657223E-06    7.12974047E-05
   3.07950842E-02    1.46375388E-06    7.15059257E-05
   3.11805304E-02    1.49135457E-06    7.17066086E-05
   3.15708011E-02    1.51937746E-06    7.18992575E-05
   3.19659565E-02    1.54782564E-06    7.20836749E-05
   3.23660580E-02    1.57670201E-06    7.22596649E-05
   3.27711672E-02    1.60600931E-06    7.24270324E-05
   3.31813471E-02    1.63575027E-06    7.25855775E-05
   3.35966609E-02    1.66592751E-06    7.27350995E-05
   3.40171730E-02    1.69654343E-06    7.28754000E-05
   3.44429484E-02    1.72760022E-06    7.30062827E-05
   3.48740531E-02    1.75910006E-06    7.31275469E-05
   3.53105537E-02    1.79104500E-06    7.32389896E-05
   3.57525177E-02    1.82343689E-06    7.33404107E-05
   3.62000135E-02    1.85627728E-06    7.34316135E-05
   3.66531105E-02    1.88956763E-06    7.35123994E-05
   3.71118786E-02    1.92330931E-06    7.35825664E-05
   3.75763888E-02    1.95750343E-06    7.36419162E-05
   3.80467131E-02    1.99215081E-06    7.36902536E-05
   3.85229243E-02    2.02725221E-06    7.37273791E-05
   3.90050959E-02    2.06280817E-06    7.37530953E-05
   3.94933026E-02    2.09881886E-06    7.37672099E-05
   3.99876199E-02    2.13528430E-06    7.37695298E-05
   4.04881243E-02    2.17220436E-06    7.37598595E-05
   4.09948933E-02    2.20957858E-06    7.37380092E-05
   4.15080053E-02    2.24740614E-06    7.37037931E-05
   4.20275396E-02    2.28568615E-06    7.36570214E-05
   4.25535767E-02    2.32441739E-06    7.35975086E-05
   4.30861979E-02    2.36359821E-06    7.35250754E-05
   4.36254857E-02    2.40322685E-06    7.34395403E-05
   4.41715234E-02    2.44330121E-06    7.33407242E-05
   4.47243956E-02    2.48381878E-06    7.32284561E-05
   4.52841879E-02    2.52477681E-06    7.31025637E-05
   4.58509867E-02    2.56617227E-06    7.29628771E-05
   4.64248799E-02    2.60800165E-06    7.28092350E-05
   4.70059562E-02    2.65026120E-06    7.26414760E-05
   4.75943056E-02    2.69294684E-06    7.24594414E-05
   4.81900190E-02    2.73605397E-06    7.22629822E-05
   4.87931886E-02    2.77957775E-06    7.20519485E-05
   4.94039078E-02    2.82351297E-06    7.18261957E-05
   5.00222711E-02    2.86785386E-06    7.15855886E-05
   5.06483741E-02    2.91259442E-06    7.13299914E-05
   5.12823137E-02    2.95772814E-06    7.10592776E-05
   5.19241881E-02    3.00324804E-06    7.07733267E-05
   5.25740964E-02    3.04914694E-06    7.04720166E-05
   5.32321393E-02    3.09541704E-06    7.01552377E-05
   5.38984185E-02    3.14204988E-06    6.98228929E-05
   5.45730373E-02    3.18903691E-06    6.94748801E-05
   5.52560999E-02    3.23636906E-06    6.91111042E-05
   5.59477121E-02    3.28403657E-06    6.87314860E-05
   5.66479808E-02    3.33202923E-06    6.83359515E-05
   5.73570144E-02    3.38033645E-06    6.79244298E-05
   5.80749226E-02    3.42894710E-06    6.74968599E-05
   5.88018165E-02    3.47784958E-06    6.70531868E-05
   5.95378085E-02    3.52703161E-06    6.65933693E-05
   6.02830126E-02    3.57648055E-06    6.61173688E-05
   6.10375440E-02    3.62618311E-06    6.56251597E-05
   6.18015195E-02    3.67612556E-06    6.51167218E-05
   6.25750573E-02    3.72629346E-06    6.45920490E-05
   6.33582771E-02    3.77667202E-06    6.40511377E-05
   6.41513000E-02    3.82724578E-06    6.34939979E-05
   6.49542488E-02    3.87799862E-06    6.29206534E-05
   6.57672477E-02    3.92891401E-06    6.23311301E-05
   6.65904225E-02    3.97997471E-06    6.17254713E-05
   6.74239005E-02    4.03116302E-06    6.11037241E-05
   6.82678108E-02    4.08246052E-06    6.04659526E-05
   6.91222838E-02    4.13384829E-06    5.98122278E-05
   6.99874518E-02    4.18530684E-06    5.91426305E-05
   7.08634487E-02    4.23681590E-06    5.84572597E-05
   7.17504100E-02    4.28835486E-06    5.77562162E-05
   7.26484729E-02    4.33990227E-06    5.70396211E-05
   7.35577765E-02    4.39143625E-06    5.63076005E-05
   7.44784613E-02    4.44293428E-06    5.55602934E-05
   7.54106698E-02    4.49437310E-06    5.47978566E-05
   7.63545463E-02    4.54572905E-06    5.40204506E-05
   7.73102369E-02    4.59697769E-06    5.32282549E-05
   7.82778893E-02    4.64809418E-06    5.24214548E-05
   7.92576533E-02    4.69905285E-06    5.16002547E-05
   8.02496806E-02    4.74982767E-06    5.07648647E-05
   8.12541245E-02    4.80039182E-06    4.99155138E-05
   8.22711405E-02    4.85071808E-06    4.90524371E-05
   8.33008860E-02    4.90077849E-06    4.81758885E-05
   8.43435203E-02    4.95054467E-06    4.72861286E-05
   8.53992047E-02    4.99998753E-06    4.63834365E-05
   8.64681026E-02    5.04907761E-06    4.54680971E-05
   8.75503793E-02    5.09778472E-06    4.45404151E-05
   8.86462023E-02    5.14607827E-06    4.36007025E-05
   8.97557412E-02    5.19392710E-06    4.26492862E-05
   9.08791676E-02    5.24129953E-06    4.16865065E-05
   9.20166553E-02    5.28816348E-06    4.07127118E-05
   9.31683804E-02    5.33448626E-06    3.97282687E-05
   9.43345211E-02    5.38023479E-06    3.87335527E-05
   9.55152577E-02    5.42537555E-06    3.77289526E-05
   9.67107730E-02    5.46987459E-06    3.67148683E-05
   9.79212519E-02    5.51369752E-06    3.56917130E-05
   9.91468818E-02    5.55680957E-06    3.46599126E-05
   1.00387852E-01    5.59917569E-06    3.36199009E-05
   1.01644355E-01    5.64076036E-06    3.25721270E-05
   1.02916585E-01    5.68152781E-06    3.15170508E-05
   1.04204739E-01    5.72144196E-06    3.04551430E-05
   1.05509016E-01    5.76046648E-06    2.93868838E-05
   1.06829618E-01    5.79856476E-06    2.83127668E-05
   1.08166750E-01    5.83570001E-06    2.72332943E-05
   1.09520617E-01    5.87183527E-06    2.61489785E-05
   1.10891430E-01    5.90693339E-06    2.50603438E-05
   1.12279401E-01    5.94095713E-06    2.39679205E-05
   1.13684745E-01    5.97386914E-06    2.28722522E-05
   1.15107678E-01    6.00563206E-06    2.17738880E-05
   1.16548422E-01    6.03620844E-06    2.06733894E-05
   1.18007198E-01    6.06556096E-06    1.95713203E-05
   1.19484234E-01    6.09365226E-06    1.84682578E-05
   1.20979756E-01    6.12044513E-06    1.73647835E-05
   1.22493998E-01    6.14590249E-06    1.62614861E-05
   1.24027192E-01    6.16998741E-06    1.51589625E-05
   1.25579576E-01    6.19266325E-06    1.40578119E-05
   1.27151391E-01    6.21389360E-06    1.29586400E-05
   1.28742880E-01    6.23364234E-06    1.18620596E-05
   1.30354288E-01    6.25187372E-06    1.07686861E-05
   1.31985866E-01    6.26855242E-06    9.67913438E-06
   1.33637865E-01    6.28364353E-06    8.59402938E-06
   1.35310541E-01    6.29711266E-06    7.51399343E-06
   1.37004153E-01    6.30892596E-06    6.43965094E-06
   1.38718964E-01    6.31905017E-06    5.37162841E-06
   1.40455238E-01    6.32745267E-06    4.31055172E-06
   1.42213243E-01    6.33410153E-06    3.25704583E-06
   1.43993253E-01    6.33896559E-06    2.21173512E-06
   1.45795543E-01    6.34201443E-06    1.17524136E-06
   1.47620391E-01    6.34321853E-06    1.48183407E-07
   1.49468079E-01    6.34254923E-06   -8.68823185E-07
   1.51338894E-01    6.33997882E-06   -1.87516746E-06
   1.53233125E-01    6.33548059E-06   -2.87024367E-06
   1.55151065E-01    6.32902887E-06   -3.85345199E-06
   1.57093011E-01    6.32059909E-06   -4.82419936E-06
   1.59059263E-01    6.31016781E-06   -5.78190029E-06
   1.61050126E-01    6.29771282E-06   -6.72597738E-06
   1.63065908E-01    6.28321312E-06   -7.65586247E-06
   1.65106920E-01    6.26664903E-06   -8.57099712E-06
   1.67173478E-01    6.24800217E-06   -9.47083336E-06
   1.69265902E-01    6.22725559E-06   -1.03548345E-05
   1.71384517E-01    6.20439375E-06   -1.12224758E-05
   1.73529648E-01    6.17940261E-06   -1.20732450E-05
   1.75701629E-01    6.15226962E-06   -1.29066434E-05
   1.77900796E-01    6.12298382E-06   -1.37221857E-05
   1.80127489E-01    6.09153587E-06   -1.45194018E-05
   1.82382052E-01    6.05791807E-06   -1.52978361E-05
   1.84664834E-01    6.02212439E-06   -1.60570494E-05
   1.86976189E-01    5.98415055E-06   -1.67966183E-05
   1.89316474E-01    5.94399404E-06   -1.75161367E-05
   1.91686050E-01    5.90165416E-06   -1.82152155E-05
   1.94085286E-01    5.85713202E-06   -1.88934841E-05
   1.96514552E-01    5.81043062E-06   -1.95505900E-05
   1.98974223E-01    5.76155483E-06   -2.01862001E-05
   2.01464681E-01    5.71051149E-06   -2.08000006E-05
   2.03986311E-01    5.65730935E-06   -2.13916978E-05
   2.06539502E-01    5.60195916E-06   -2.19610185E-05
   2.09124651E-01    5.54447366E-06   -2.25077108E-05
   2.11742156E-01    5.48486760E-06   -2.30315439E-05
   2.14392424E-01    5.42315776E-06   -2.35323090E-05
   2.17075863E-01    5.35936310E-06   -2.40098202E-05
   2.19792890E-01    5.29350422E-06   -2.44639125E-05
   2.22543925E-01    5.22560427E-06   -2.48944463E-05
   2.25329392E-01    5.15568830E-06   -2.53013045E-05
   2.28149724E-01    5.08378327E-06   -2.56843931E-05
   2.31005357E-01    5.00991839E-06   -2.60436429E-05
   2.33896732E-01    4.93412485E-06   -2.63790088E-05
   2.36824297E-01    4.85643599E-06   -2.66904704E-05
   2.39788505E-01    4.77688684E-06   -2.69780299E-05
   2.42789814E-01    4.69551492E-06   -2.72417170E-05
   2.45828689E-01    4.61235955E-06   -2.74815851E-05
   2.48905600E-01    4.52746186E-06   -2.76977106E-05
   2.52021023E-01    4.44086518E-06   -2.78901965E-05
   2.55175441E-01    4.35261466E-06   -2.80591697E-05
   2.58369340E-01    4.26275726E-06   -2.82047803E-05
   2.61603216E-01    4.17134192E-06   -2.83272037E-05
   2.64877569E-01    4.07841929E-06   -2.84266381E-05
   2.68192905E-01    3.98404182E-06   -2.85033051E-05
   2.71549738E-01    3.88826367E-06   -2.85574493E-05
   2.74948586E-01    3.79114066E-06   -2.85893372E-05
   2.78389976E-01    3.69273025E-06   -2.85992579E-05
   2.81874440E-01    3.59309141E-06   -2.85875206E-05
   2.85402517E-01    3.49228465E-06   -2.85544556E-05
   2.88974753E-01    3.39037198E-06   -2.85004138E-05
   2.92591701E-01    3.28741655E-06   -2.84257628E-05
   2.96253921E-01    3.18348312E-06   -2.83308913E-05
   2.99961979E-01    3.07863758E-06   -2.82162046E-05
   3.03716448E-01    2.97294691E-06   -2.80821237E-05
   3.07517911E-01    2.86647933E-06   -2.79290871E-05
   3.11366954E-01    2.75930401E-06   -2.77575471E-05
   3.15264174E-01    2.65149114E-06   -2.75679710E-05
   3.19210173E-01    2.54311176E-06   -2.73608389E-05
   3.23205563E-01    2.43423780E-06   -2.71366439E-05
   3.27250960E-01    2.32494175E-06   -2.68958891E-05
   3.31346992E-01    2.21529697E-06   -2.66390902E-05
   3.35494292E-01    2.10537727E-06   -2.63667712E-05
   3.39693501E-01    1.99525700E-06   -2.60794656E-05
   3.43945270E-01    1.88501094E-06   -2.57777149E-05
   3.48250255E-01    1.77471421E-06   -2.54620678E-05
   3.52609125E-01    1.66444215E-06   -2.51330788E-05
   3.57022551E-01    1.55427030E-06   -2.47913084E-05
   3.61491219E-01    1.44427429E-06   -2.44373217E-05
   3.66015818E-01    1.33452982E-06   -2.40716887E-05
   3.70597050E-01    1.22511245E-06   -2.36949818E-05
   3.75235622E-01    1.11609746E-06   -2.33077743E-05
   3.79932253E-01    1.00756021E-06   -2.29106457E-05
   3.84687670E-01    8.99575491E-07   -2.25041737E-05
   3.89502607E-01    7.92217575E-07   -2.20889347E-05
   3.94377811E-01    6.85560840E-07   -2.16655141E-05
   3.99314035E-01    5.79677931E-07   -2.12344798E-05
   4.04312043E-01    4.74641988E-07   -2.07964157E-05
   4.09372608E-01    3.70524869E-07   -2.03518960E-05
   4.14496515E-01    2.67397584E-07   -1.99014929E-05
   4.19684554E-01    1.65330400E-07   -1.94457782E-05
   4.24937529E-01    6.43919628E-08   -1.89853112E-05
   4.30256254E-01   -3.53490260E-08   -1.85206652E-05
   4.35641550E-01   -1.33826418E-07   -1.80523877E-05
   4.41094251E-01   -2.30973950E-07   -1.75810437E-05
   4.46615200E-01   -3.26728294E-07   -1.71071660E-05
   4.52205253E-01   -4.21026414E-07   -1.66313015E-05
   4.57865273E-01   -5.13806863E-07   -1.61539886E-05
   4.63596137E-01   -6.05010175E-07   -1.56757533E-05
   4.69398731E-01   -6.94578664E-07   -1.51971108E-05
   4.75273953E-01   -7.82456374E-07   -1.47185691E-05
   4.81222712E-01   -8.68588661E-07   -1.42406373E-05
   4.87245929E-01   -9.52923396E-07   -1.37638036E-05
   4.93344536E-01   -1.03541030E-06   -1.32885485E-05
   4.99519475E-01   -1.11600106E-06   -1.28153436E-05
   5.05771703E-01   -1.19464959E-06   -1.23446472E-05
   5.12102187E-01   -1.27131192E-06   -1.18769057E-05
   5.18511907E-01   -1.34594637E-06   -1.14125535E-05
   5.25001853E-01   -1.41851352E-06   -1.09520122E-05
   5.31573031E-01   -1.48897632E-06   -1.04956876E-05
   5.38226457E-01   -1.55730010E-06   -1.00439732E-05
   5.44963160E-01   -1.62345261E-06   -9.59724676E-06
   5.51784183E-01   -1.68740407E-06   -9.15587131E-06
   5.58690582E-01   -1.74912719E-06   -8.72019438E-06
   5.65683424E-01   -1.80859719E-06   -8.29054795E-06
   5.72763792E-01   -1.86579182E-06   -7.86724807E-06
   5.79932782E-01   -1.92069139E-06   -7.45059489E-06
   5.87191502E-01   -1.97327879E-06   -7.04087250E-06
   5.94541075E-01   -2.02353946E-06   -6.63834894E-06
   6.01982640E-01   -2.07146144E-06   -6.24327629E-06
   6.09517347E-01   -2.11703535E-06   -5.85589073E-06
   6.17146361E-01   -2.16025441E-06   -5.47641267E-06
   6.24870865E-01   -2.20111441E-06   -5.10504691E-06
   6.32692051E-01   -2.23961373E-06   -4.74198279E-06
   6.40611132E-01   -2.27575330E-06   -4.38739440E-06
   6.48629332E-01   -2.30953665E-06   -4.04144075E-06
   6.56747891E-01   -2.34096982E-06   -3.70426587E-06
   6.64968066E-01   -2.37006139E-06   -3.37599906E-06
   6.73291129E-01   -2.39682245E-06   -3.05675495E-06
   6.81718367E-01   -2.42126657E-06   -2.74663364E-06
   6.90251085E-01   -2.44340978E-06   -2.44572080E-06
   6.98890602E-01   -2.46327053E-06   -2.15408778E-06
   7.07638256E-01   -2.48086964E-06   -1.87179166E-06
   7.16495400E-01   -2.49623031E-06   -1.59887532E-06
   7.25463404E-01   -2.50937797E-06   -1.33536755E-06
   7.34543656E-01   -2.52034034E-06   -1.08128312E-06
   7.43737560E-01   -2.52914731E-06   -8.36622842E-07
   7.53046540E-01   -2.53583089E-06   -6.01373735E-07
   7.62472036E-01   -2.54042513E-06   -3.75509144E-07
   7.72015506E-01   -2.54296606E-06   -1.58988904E-07
   7.81678427E-01   -2.54349160E-06    4.82404527E-08
   7.91462293E-01   -2.54204150E-06    2.46245438E-07
   8.01368619E-01   -2.53865720E-06    4.35105394E-07
   8.11398937E-01   -2.53338180E-06    6.14912091E-07
   8.21554800E-01   -2.52625991E-06    7.85769435E-07
   8.31837778E-01   -2.51733758E-06    9.47793046E-07
   8.42249463E-01   -2.50666216E-06    1.10110982E-06
   8.52791466E-01   -2.49428228E-06    1.24585755E-06
   8.63465418E-01   -2.48024752E-06    1.38218392E-06
   8.74272970E-01   -2.46460867E-06    1.51024702E-06
   8.85215794E-01   -2.44741725E-06    1.63021358E-06
   8.96295585E-01   -2.42872559E-06    1.74225910E-06
   9.07514055E-01   -2.40858666E-06    1.84656701E-06
   9.18872941E-01   -2.38705398E-06    1.94332800E-06
   9.30374000E-01   -2.36418147E-06    2.03273939E-06
   9.42019013E-01   -2.34002338E-06    2.11500444E-06
   9.53809780E-01   -2.31463414E-06    2.19033174E-06
   9.65748125E-01   -2.28806827E-06    2.25893442E-06
   9.77835897E-01   -2.26038026E-06    2.32102952E-06
   9.90074966E-01   -2.23162450E-06    2.37683729E-06
   1.00246722E+00   -2.20185512E-06    2.42658054E-06
   1.01501459E+00   -2.17112593E-06    2.47048396E-06
   1.02771901E+00   -2.13949033E-06    2.50877349E-06
   1.04058243E+00   -2.10700121E-06    2.54167577E-06
   1.05360687E+00   -2.07371081E-06    2.56941707E-06
   1.06679432E+00   -2.03967073E-06    2.59222345E-06
   1.08014684E+00   -2.00493184E-06    2.61031983E-06
   1.09366648E+00   -1.96954413E-06    2.62392934E-06
   1.10735534E+00   -1.93355670E-06    2.63327291E-06
   1.12121554E+00   -1.89701770E-06    2.63856885E-06
   1.13524922E+00   -1.85997423E-06    2.64003235E-06
   1.14945854E+00   -1.82247233E-06    2.63787518E-06
   1.16384573E+00   -1.78455693E-06    2.63230515E-06
   1.17841298E+00   -1.74627176E-06    2.62352586E-06
   1.19316257E+00   -1.70765938E-06    2.61173643E-06
   1.20809677E+00   -1.66876108E-06    2.59713107E-06
   1.22321790E+00   -1.62961690E-06    2.57989899E-06
   1.23852829E+00   -1.59026557E-06    2.56022412E-06
   1.25403031E+00   -1.55074452E-06    2.53828487E-06
   1.26972636E+00   -1.51108983E-06    2.51425406E-06
   1.28561887E+00   -1.47133625E-06    2.48829877E-06
   1.30171030E+00   -1.43151719E-06    2.46058024E-06
   1.31800314E+00   -1.39166467E-06    2.43125362E-06
   1.33449990E+00   -1.35180940E-06    2.40046837E-06
   1.35120315E+00   -1.31198070E-06    2.36836765E-06
   1.36811547E+00   -1.27220655E-06    2.33508885E-06
   1.38523946E+00   -1.23251360E-06    2.30076316E-06
   1.40257779E+00   -1.19292716E-06    2.26551597E-06
   1.42013314E+00   -1.15347124E-06    2.22946666E-06
   1.43790821E+00   -1.11416855E-06    2.19272881E-06
   1.45590577E+00   -1.07504052E-06    2.15541023E-06
   1.47412859E+00   -1.03610731E-06    2.11761303E-06
   1.49257950E+00   -9.97387858E-07    2.07943382E-06
   1.51126135E+00   -9.58899899E-07    2.04096375E-06
   1.53017703E+00   -9.20659965E-07    2.00228861E-06
   1.54932947E+00   -8.82683442E-07    1.96348905E-06
   1.56872162E+00   -8.44984587E-07    1.92464069E-06
   1.58835651E+00   -8.07576556E-07    1.88581425E-06
   1.60823715E+00   -7.70471430E-07    1.84707566E-06
   1.62836662E+00   -7.33680260E-07    1.80848636E-06
   1.64874805E+00   -6.97213087E-07    1.77010328E-06
   1.66938458E+00   -6.61078976E-07    1.73197912E-06
   1.69027941E+00   -6.25286053E-07    1.69416248E-06
   1.71143576E+00   -5.89841532E-07    1.65669800E-06
   1.73285692E+00   -5.54751754E-07    1.61962656E-06
   1.75454620E+00   -5.20022217E-07    1.58298542E-06
   1.77650695E+00   -4.85657607E-07    1.54680838E-06
   1.79874257E+00   -4.51661836E-07    1.51112594E-06
   1.82125651E+00   -4.18038070E-07    1.47596546E-06
   1.84405224E+00   -3.84788764E-07    1.44135133E-06
   1.86713329E+00   -3.51915691E-07    1.40730513E-06
   1.89050324E+00   -3.19419996E-07    1.37384561E-06
   1.91416569E+00   -2.87302175E-07    1.34098921E-06
   1.93812432E+00   -2.55562168E-07    1.30874981E-06
   1.96238282E+00   -2.24199346E-07    1.27713909E-06
   1.98694496E+00   -1.93212561E-07    1.24616659E-06
   2.01181453E+00   -1.62600170E-07    1.21583987E-06
   2.03699537E+00   -1.32360064E-07    1.18616460E-06
   2.06249139E+00   -1.02489693E-07    1.15714474E-06
   2.08830654E+00   -7.29860986E-08    1.12878258E-06
   2.11444479E+00   -4.38459349E-08    1.10107894E-06
   2.14091021E+00   -1.50655049E-08    1.07403320E-06
   2.16770688E+00    1.33592593E-08    1.04764345E-06
   2.19483895E+00    4.14326303E-08    1.02190662E-06
   2.22231062E+00    6.91593112E-08    9.96818474E-07
   2.25012614E+00    9.65441729E-08    9.72373798E-07
   2.27828981E+00    1.23592354E-07    9.48566458E-07
   2.30680599E+00    1.50309213E-07    9.25389475E-07
   2.33567909E+00    1.76700307E-07    9.02835117E-07
   2.36491358E+00    2.02771392E-07    8.80894944E-07
   2.39451399E+00    2.28528328E-07    8.59559980E-07
   2.42448489E+00    2.53977205E-07    8.38820598E-07
   2.45483092E+00    2.79124184E-07    8.18666766E-07
   2.48555677E+00    3.03975550E-07    7.99088019E-07
   2.51666721E+00    3.28537689E-07    7.80073524E-07
   2.54816703E+00    3.52817065E-07    7.61612147E-07
   2.58006113E+00    3.76820213E-07    7.43692498E-07
   2.61235442E+00    4.00553720E-07    7.26302981E-07
   2.64505192E+00    4.24024217E-07    7.09431834E-07
   2.67815867E+00    4.47238370E-07    6.93067172E-07
   2.71167981E+00    4.70202857E-07    6.77197037E-07
   2.74562051E+00    4.92924377E-07    6.61809412E-07
   2.77998602E+00    5.15409620E-07    6.46892278E-07
   2.81478168E+00    5.37665277E-07    6.32433627E-07
   2.85001285E+00    5.59698019E-07    6.18421503E-07
   2.88568499E+00    5.81514494E-07    6.04844027E-07
   2.92180363E+00    6.03121322E-07    5.91689413E-07
   2.95837434E+00    6.24525089E-07    5.78946003E-07
   2.99540279E+00    6.45732337E-07    5.66602277E-07
   3.03289470E+00    6.66749565E-07    5.54646881E-07
   3.07085588E+00    6.87583223E-07    5.43068629E-07
   3.10929220E+00    7.08239705E-07    5.31856531E-07
   3.14820961E+00    7.28725353E-07    5.20999813E-07
   3.18761413E+00    7.49046447E-07    5.10487925E-07
   3.22751185E+00    7.69209210E-07    5.00310548E-07
   3.26790896E+00    7.89219804E-07    4.90457606E-07
   3.30881169E+00    8.09084336E-07    4.80919266E-07
   3.35022638E+00    8.28808822E-07    4.71686005E-07
   3.39215944E+00    8.48399265E-07    4.62748486E-07
   3.43461736E+00    8.67861573E-07    4.54097705E-07
   3.47760669E+00    8.87201609E-07    4.45724917E-07
   3.52113410E+00    9.06425176E-07    4.37621660E-07
   3.56520633E+00    9.25538026E-07    4.29779758E-07
   3.60983018E+00    9.44545863E-07    4.22191322E-07
   3.65501256E+00    9.63454340E-07    4.14848750E-07
   3.70076047E+00    9.82269074E-07    4.07744731E-07
   3.74708099E+00    1.00099564E-06    4.00872246E-07
   3.79398127E+00    1.01963958E-06    3.94224561E-07
   3.84146858E+00    1.03820642E-06    3.87795234E-07
   3.88955026E+00    1.05670166E-06    3.81578107E-07
   3.93823376E+00    1.07513077E-06    3.75567308E-07
   3.98752661E+00    1.09349925E-06    3.69757246E-07
   4.03743642E+00    1.11181256E-06    3.64142609E-07
   4.08797094E+00    1.13007620E-06    3.58718358E-07
   4.13913796E+00    1.14829567E-06    3.53479727E-07
   4.19094542E+00    1.16647650E-06    3.48422214E-07
   4.24340133E+00    1.18462426E-06    3.43541579E-07
   4.29651380E+00    1.20274457E-06    3.38833838E-07
   4.35029105E+00    1.22084308E-06    3.34295257E-07
   4.40474140E+00    1.23892553E-06    3.29922343E-07
   4.45987328E+00    1.25699773E-06    3.25711846E-07
   4.51569522E+00    1.27506555E-06    3.21660742E-07
   4.57221585E+00    1.29313500E-06    3.17766233E-07
   4.62944392E+00    1.31121217E-06    3.14025739E-07
   4.68738829E+00    1.32930327E-06    3.10436888E-07
   4.74605791E+00    1.34741466E-06    3.06997509E-07
   4.80546187E+00    1.36555282E-06    3.03705626E-07
   4.86560937E+00    1.38372442E-06    3.00559450E-07
   4.92650969E+00    1.40193625E-06    2.97557369E-07
   4.98817228E+00    1.42019534E-06    2.94697938E-07
   5.05060666E+00    1.43850886E-06    2.91979878E-07
   5.11382250E+00    1.45688423E-06    2.89402058E-07
   5.17782959E+00    1.47532907E-06    2.86963497E-07
   5.24263781E+00    1.49385123E-06    2.84663343E-07
   5.30825721E+00    1.51245882E-06    2.82500876E-07
   5.37469793E+00    1.53116020E-06    2.80475494E-07
   5.44197026E+00    1.54996401E-06    2.78586704E-07
   5.51008460E+00    1.56887918E-06    2.76834117E-07
   5.57905149E+00    1.58791492E-06    2.75217436E-07
   5.64888160E+00    1.60708078E-06    2.73736448E-07
   5.71958575E+00    1.62638662E-06    2.72391026E-07
   5.79117486E+00    1.64584265E-06    2.71181100E-07
   5.86366001E+00    1.66545941E-06    2.70106672E-07
   5.93705242E+00    1.68524784E-06    2.69167794E-07
   6.01136345E+00    1.70521922E-06    2.68364569E-07
   6.08660459E+00    1.72538527E-06    2.67697137E-07
   6.16278749E+00    1.74575806E-06    2.67165674E-07
   6.23992392E+00    1.76635012E-06    2.66770385E-07
   6.31802584E+00    1.78717437E-06    2.66511493E-07
   6.39710531E+00    1.80824422E-06    2.66389242E-07
   6.47717459E+00    1.82957348E-06    2.66403883E-07
   6.55824605E+00    1.85117647E-06    2.66555674E-07
   6.64033224E+00    1.87306797E-06    2.66844875E-07
   6.72344585E+00    1.89526323E-06    2.67271743E-07
   6.80759976E+00    1.91777804E-06    2.67836527E-07
   6.89280698E+00    1.94062867E-06    2.68539465E-07
   6.97908070E+00    1.96383194E-06    2.69380786E-07
   7.06643426E+00    1.98740519E-06    2.70360697E-07
   7.15488118E+00    2.01136631E-06    2.71479392E-07
   7.24443514E+00    2.03573376E-06    2.72737041E-07
   7.33511001E+00    2.06052656E-06    2.74133794E-07
   7.42691980E+00    2.08576432E-06    2.75669777E-07
   7.51987873E+00    2.11146724E-06    2.77345091E-07
   7.61400118E+00    2.13765612E-06    2.79159814E-07
   7.70930171E+00    2.16435240E-06    2.81113996E-07
   7.80579507E+00    2.19157814E-06    2.83207664E-07
   7.90349619E+00    2.21935602E-06    2.85440816E-07
   8.00242018E+00    2.24770942E-06    2.87813428E-07
   8.10258235E+00    2.27666234E-06    2.90325449E-07
   8.20399820E+00    2.30623949E-06    2.92976803E-07
   8.30668343E+00    2.33646626E-06    2.95767391E-07
   8.41065390E+00    2.36736874E-06    2.98697090E-07
   8.51592573E+00    2.39897377E-06    3.01765753E-07
   8.62251519E+00    2.43130888E-06    3.04973214E-07
   8.73043877E+00    2.46440237E-06    3.08319282E-07
   8.83971317E+00    2.49828329E-06    3.11803747E-07
   8.95035531E+00    2.53298148E-06    3.15426377E-07
   9.06238230E+00    2.56852754E-06    3.19186922E-07
   9.17581147E+00    2.60495289E-06    3.23085111E-07
   9.29066038E+00    2.64228977E-06    3.27120652E-07
   9.40694679E+00    2.68057124E-06    3.31293235E-07
   9.52468870E+00    2.71983121E-06    3.35602532E-07
   9.64390432E+00    2.76010447E-06    3.40048196E-07
   9.76461211E+00    2.80142666E-06    3.44629855E-07
   9.88683073E+00    2.84383434E-06    3.49347122E-07
   1.00105791E+01    2.88736495E-06    3.54199585E-07
   1.01358764E+01    2.93205687E-06    3.59186813E-07
   1.02627419E+01    2.97794943E-06    3.64308353E-07
   1.03911954E+01    3.02508290E-06    3.69563729E-07
   1.05212566E+01    3.07349854E-06    3.74952442E-07
   1.06529458E+01    3.12323857E-06    3.80473968E-07
   1.07862832E+01    3.17434624E-06    3.86127761E-07
   1.09212895E+01    3.22686581E-06    3.91913250E-07
   1.10579857E+01    3.28084258E-06    3.97829839E-07
   1.11963928E+01    3.33632290E-06    4.03876907E-07
   1.13365323E+01    3.39335420E-06    4.10053811E-07
   1.14784258E+01    3.45198499E-06    4.16359879E-07
   1.16220954E+01    3.51226487E-06    4.22794422E-07
   1.17675632E+01    3.57424458E-06    4.29356722E-07
   1.19148517E+01    3.63797600E-06    4.36046044E-07
   1.20639838E+01    3.70351215E-06    4.42861630E-07
   1.22149824E+01    3.77090722E-06    4.49802706E-07
   1.23678711E+01    3.84021662E-06    4.56868479E-07
   1.25226733E+01    3.91149695E-06    4.64058144E-07
   1.26794132E+01    3.98480604E-06    4.71370882E-07
   1.28381149E+01    4.06020298E-06    4.78805868E-07
   1.29988030E+01    4.13774812E-06    4.86362266E-07
   1.31615023E+01    4.21750312E-06    4.94039240E-07
   1.33262380E+01    4.29953093E-06    5.01835953E-07
   1.34930357E+01    4.38389587E-06    5.09751572E-07
   1.36619211E+01    4.47066360E-06    5.17785271E-07
   1.38329203E+01    4.55990116E-06    5.25936234E-07
   1.40060598E+01    4.65167704E-06    5.34203659E-07
   1.41813665E+01    4.74606113E-06    5.42586764E-07
   1.43588673E+01    4.84312482E-06    5.51084787E-07
   1.45385899E+01    4.94294099E-06    5.59696992E-07
   1.47205619E+01    5.04558404E-06    5.68422674E-07
   1.49048116E+01    5.15112995E-06    5.77261158E-07
   1.50913675E+01    5.25965628E-06    5.86211809E-07
   1.52802583E+01    5.37124225E-06    5.95274031E-07
   1.54715135E+01    5.48596873E-06    6.04447271E-07
   1.56651624E+01    5.60391830E-06    6.13731024E-07
   1.58612352E+01    5.72517529E-06    6.23124836E-07
   1.60597621E+01    5.84982583E-06    6.32628305E-07
   1.62607739E+01    5.97795789E-06    6.42241086E-07
   1.64643016E+01    6.10966129E-06    6.51962893E-07
   1.66703768E+01    6.24502782E-06    6.61793502E-07
   1.68790313E+01    6.38415122E-06    6.71732753E-07
   1.70902975E+01    6.52712728E-06    6.81780548E-07
   1.73042079E+01    6.67405386E-06    6.91936862E-07
   1.75207958E+01    6.82503095E-06    7.02201744E-07
   1.77400946E+01    6.98016076E-06    7.12575310E-07
   1.79621382E+01    7.13954774E-06    7.23057751E-07
   1.81869610E+01    7.30329867E-06    7.33649331E-07
   1.84145979E+01    7.47152270E-06    7.44350396E-07
   1.86450839E+01    7.64433143E-06    7.55161347E-07
   1.88784548E+01    7.82183898E-06    7.66082745E-07
   1.91147467E+01    8.00416204E-06    7.77114921E-07
   1.93539962E+01    8.19142004E-06    7.88259486E-07
   1.95962402E+01    8.38373485E-06    7.99513400E-07
   1.98415162E+01    8.58123227E-06    8.10892352E-07
   2.00898622E+01    8.78403660E-06    8.22338614E-07
   2.03413167E+01    8.99229985E-06    8.34229531E-07
   2.05959185E+01    9.20626652E-06    8.46544880E-07
   2.08537070E+01    9.42608602E-06    8.58867430E-07
   2.11147221E+01    9.65188468E-06    8.71276288E-07
   2.13790042E+01    9.88379812E-06    8.83755488E-07
   2.16465942E+01    1.01219644E-05    8.96315813E-07
   2.19175335E+01    1.03665261E-05    9.08960284E-07
   2.21918639E+01    1.06176298E-05    9.21693972E-07
   2.24696281E+01    1.08754262E-05    9.34521210E-07
   2.27508688E+01    1.11400707E-05    9.47446404E-07
   2.30356298E+01    1.14117226E-05    9.60473809E-07
   2.33239549E+01    1.16905460E-05    9.73607601E-07
   2.36158888E+01    1.19767096E-05    9.86851862E-07
   2.39114767E+01    1.22703867E-05    1.00021059E-06
   2.42107644E+01    1.25717553E-05    1.01368772E-06
   2.45137980E+01    1.28809985E-05    1.02728709E-06
   2.48206246E+01    1.31983042E-05    1.04101250E-06
   2.51312916E+01    1.35238656E-05    1.05486766E-06
   2.54458470E+01    1.38578811E-05    1.06885625E-06
   2.57643396E+01    1.42005543E-05    1.08298187E-06
   2.60868186E+01    1.45520944E-05    1.09724809E-06
   2.64133338E+01    1.49127162E-05    1.11165843E-06
   2.67439359E+01    1.52826401E-05    1.12621636E-06
   2.70786760E+01    1.56620925E-05    1.14092533E-06
   2.74176059E+01    1.60513058E-05    1.15578874E-06
   2.77607779E+01    1.64505184E-05    1.17080997E-06
   2.81082453E+01    1.68599751E-05    1.18599236E-06
   2.84600617E+01    1.72799271E-05    1.20133924E-06
   2.88162816E+01    1.77106321E-05    1.21685390E-06
   2.91769602E+01    1.81523546E-05    1.23253963E-06
   2.95421532E+01    1.86053661E-05    1.24839969E-06
   2.99119171E+01    1.90699449E-05    1.26443734E-06
   3.02863092E+01    1.95463769E-05    1.28065582E-06
   3.06653873E+01    2.00349550E-05    1.29705835E-06
   3.10492102E+01    2.05359800E-05    1.31364817E-06
   3.14378371E+01    2.10497603E-05    1.33042850E-06
   3.18313284E+01    2.15766123E-05    1.34740254E-06
   3.22297447E+01    2.21168606E-05    1.36457353E-06
   3.26331478E+01    2.26708381E-05    1.38194469E-06
   3.30416001E+01    2.32388862E-05    1.39951923E-06
   3.34551648E+01    2.38213552E-05    1.41730039E-06
   3.38739059E+01    2.44186043E-05    1.43529140E-06
   3.42978881E+01    2.50310019E-05    1.45349552E-06
   3.47271771E+01    2.56589258E-05    1.47191599E-06
   3.51618393E+01    2.63027635E-05    1.49055609E-06
   3.56019420E+01    2.69629124E-05    1.50941910E-06
   3.60475531E+01    2.76397799E-05    1.52850831E-06
   3.64987418E+01    2.83337841E-05    1.54782705E-06
   3.69555778E+01    2.90453534E-05    1.56737864E-06
   3.74181317E+01    2.97749273E-05    1.58716644E-06
   3.78864752E+01    3.05229566E-05    1.60719382E-06
   3.83606807E+01    3.12899032E-05    1.62746418E-06
   3.88408216E+01    3.20762410E-05    1.64798093E-06
   3.93269721E+01    3.28824560E-05    1.66874752E-06
   3.98192076E+01    3.37090463E-05    1.68976741E-06
   4.03176041E+01    3.45565229E-05    1.71104411E-06
   4.08222388E+01    3.54254095E-05    1.73258113E-06
   4.13331897E+01    3.63162433E-05    1.75438203E-06
   4.18505360E+01    3.72295750E-05    1.77645040E-06
   4.23743576E+01    3.81659692E-05    1.79878983E-06
   4.29047356E+01    3.91260050E-05    1.82140400E-06
   4.34417521E+01    4.01102761E-05    1.84429657E-06
   4.39854901E+01    4.11193909E-05    1.86747125E-06
   4.45360339E+01    4.21539737E-05    1.89093181E-06
   4.50934685E+01    4.32146643E-05    1.91468202E-06
   4.56578802E+01    4.43021188E-05    1.93872572E-06
   4.62293564E+01    4.54170096E-05    1.96306676E-06
   4.68079854E+01    4.65600266E-05    1.98770904E-06
   4.73938568E+01    4.77318768E-05    2.01265651E-06
   4.79870614E+01    4.89332850E-05    2.03791315E-06
   4.85876907E+01    5.01649945E-05    2.06348298E-06
   4.91958378E+01    5.14277675E-05    2.08937008E-06
   4.98115968E+01    5.27223850E-05    2.11557856E-06
   5.04350629E+01    5.40496482E-05    2.14211256E-06
   5.10663326E+01    5.54103782E-05    2.16897631E-06
   5.17055036E+01    5.68054171E-05    2.19617404E-06
   5.23526747E+01    5.82356279E-05    2.22371005E-06
   5.30079462E+01    5.97018958E-05    2.25158868E-06
   5.36714194E+01    6.12051281E-05    2.27981434E-06
   5.43431969E+01    6.27462549E-05    2.30839146E-06
   5.50233827E+01    6.43262301E-05    2.33732454E-06
   5.57120820E+01    6.59460313E-05    2.36661813E-06
   5.64094015E+01    6.76066610E-05    2.39627682E-06
   5.71154489E+01    6.93091469E-05    2.42630527E-06
   5.78303336E+01    7.10545427E-05    2.45670819E-06
   5.85541661E+01    7.28439286E-05    2.48749033E-06
   5.92870584E+01    7.46784120E-05    2.51865653E-06
   6.00291240E+01    7.65591284E-05    2.55021164E-06
   6.07804776E+01    7.84872417E-05    2.58216062E-06
   6.15412356E+01    8.04639454E-05    2.61450844E-06
   6.23115155E+01    8.24904629E-05    2.64726017E-06
   6.30914367E+01    8.45680486E-05    2.68042091E-06
   6.38811197E+01    8.66979883E-05    2.71399584E-06
   6.46806868E+01    8.88816005E-05    2.74799020E-06
   6.54902616E+01    9.11202367E-05    2.78240929E-06
   6.63099695E+01    9.34152826E-05    2.81725846E-06
   6.71399373E+01    9.57681589E-05    2.85254315E-06
   6.79802933E+01    9.81803219E-05    2.88826886E-06
   6.88311676E+01    1.00653265E-04    2.92444115E-06
   6.96926919E+01    1.03188518E-04    2.96106564E-06
   7.05649994E+01    1.05787652E-04    2.99814803E-06
   7.14482252E+01    1.08452274E-04    3.03569410E-06
   7.23425058E+01    1.11184035E-04    3.07370969E-06
   7.32479797E+01    1.13984625E-04    3.11220069E-06
   7.41647870E+01    1.16855779E-04    3.15117311E-06
   7.50930694E+01    1.19799272E-04    3.19063299E-06
   7.60329707E+01    1.22816928E-04    3.23058647E-06
   7.69846362E+01    1.25910615E-04    3.27103974E-06
   7.79482133E+01    1.29082248E-04    3.31199911E-06
   7.89238509E+01    1.32333790E-04    3.35347093E-06
   7.99117001E+01    1.35667253E-04    3.39546163E-06
   8.09119137E+01    1.39084703E-04    3.43797776E-06
   8.19246465E+01    1.42588254E-04    3.48102589E-06
   8.29500551E+01    1.46180075E-04    3.52461272E-06
   8.39882982E+01    1.49862390E-04    3.56874501E-06
   8.50395365E+01    1.53637478E-04    3.61342960E-06
   8.61039326E+01    1.57507677E-04    3.65867344E-06
   8.71816512E+01    1.61475383E-04    3.70448355E-06
   8.82728590E+01    1.65543051E-04    3.75086704E-06
   8.93777249E+01    1.69713201E-04    3.79783109E-06
   9.04964199E+01    1.73988414E-04    3.84538300E-06
   9.16291170E+01    1.78371336E-04    3.89353015E-06
   9.27759914E+01    1.82864681E-04    3.94228000E-06
   9.39372207E+01    1.87471231E-04    3.99164012E-06
   9.51129846E+01    1.92193839E-04    4.04161815E-06
   9.63034648E+01    1.97035426E-04    4.09222186E-06
   9.75088457E+01    2.01998993E-04    4.14345910E-06
   9.87293137E+01    2.07087610E-04    4.19533781E-06
   9.99650577E+01    2.12304429E-04    4.24786603E-06
   1.01216269E+02    2.17652680E-04    4.30105192E-06
   1.02483141E+02    2.23135673E-04    4.35490372E-06
   1.03765869E+02    2.28756804E-04    4.40942978E-06
   1.05064653E+02    2.34519553E-04    4.46463855E-06
   1.06379694E+02    2.40427488E-04    4.52053861E-06
   1.07711193E+02    2.46484265E-04    4.57713862E-06
   1.09059359E+02    2.52693637E-04    4.63444735E-06
   1.10424399E+02    2.59059446E-04    4.69247370E-06
   1.11806524E+02    2.65585635E-04    4.75122665E-06
   1.13205949E+02    2.72276244E-04    4.81071533E-06
   1.14622889E+02    2.79135415E-04    4.87094895E-06
   1.16057565E+02    2.86167396E-04    4.93193685E-06
   1.17510198E+02    2.93376540E-04    4.99368851E-06
   1.18981012E+02    3.00767312E-04    5.05621347E-06
   1.20470237E+02    3.08344286E-04    5.11952146E-06
   1.21978100E+02    3.16112156E-04    5.18362227E-06
   1.23504838E+02    3.24075729E-04    5.24852586E-06
   1.25050684E+02    3.32239938E-04    5.31424228E-06
   1.26615879E+02    3.40609837E-04    5.38078174E-06
   1.28200665E+02    3.49190609E-04    5.44815454E-06
   1.29805286E+02    3.57987567E-04    5.51637112E-06
   1.31429992E+02    3.67006158E-04    5.58544209E-06
   1.33075034E+02    3.76251966E-04    5.65537813E-06
   1.34740666E+02    3.85730716E-04    5.72619011E-06
   1.36427145E+02    3.95448277E-04    5.79788900E-06
   1.38134733E+02    4.05410668E-04    5.87048592E-06
   1.39863695E+02    4.15624055E-04    5.94399213E-06
   1.41614297E+02    4.26094765E-04    6.01841903E-06
   1.43386810E+02    4.36829280E-04    6.09377816E-06
   1.45181509E+02    4.47834247E-04    6.17008122E-06
   1.46998671E+02    4.59116481E-04    6.24734003E-06
   1.48838578E+02    4.70682968E-04    6.32556658E-06
   1.50701513E+02    4.82540871E-04    6.40477301E-06
   1.52587767E+02    4.94697532E-04    6.48497159E-06
   1.54497629E+02    5.07160479E-04    6.56617478E-06
   1.56431396E+02    5.19937430E-04    6.64839516E-06
   1.58389368E+02    5.33036298E-04    6.73164549E-06
   1.60371846E+02    5.46465192E-04    6.81593869E-06
   1.62379138E+02    5.60232430E-04    6.90128783E-06
   1.64411554E+02    5.74346537E-04    6.98770614E-06
   1.66469408E+02    5.88816254E-04    7.07520705E-06
   1.68553020E+02    6.03650540E-04    7.16380413E-06
   1.70662712E+02    6.18858582E-04    7.25351111E-06
   1.72798809E+02    6.34449799E-04    7.34434193E-06
   1.74961643E+02    6.50433846E-04    7.43631066E-06
   1.77151547E+02    6.66820621E-04    7.52943159E-06
   1.79368862E+02    6.83620272E-04    7.62371915E-06
   1.81613930E+02    7.00843205E-04    7.71918801E-06
   1.83887098E+02    7.18500084E-04    7.81585290E-06
   1.86188718E+02    7.36601845E-04    7.91372908E-06
   1.88519146E+02    7.55159697E-04    8.01283074E-06
   1.90878743E+02    7.74185137E-04    8.11317722E-06
   1.93267874E+02    7.93689938E-04    8.21476844E-06
   1.95686909E+02    8.13686216E-04    8.31768198E-06
   1.98136221E+02    8.34186212E-04    8.42168981E-06
   2.00616190E+02    8.55203238E-04    8.52781733E-06
   2.03127199E+02    8.76747892E-04    8.63214139E-06
   2.05669638E+02    8.44620850E-04   -1.23200613E-05
