# Peaks:     0.007548      0.049207      0.146543      0.352155      0.937692  
   8.66025382E-05    1.10226875E+02   -2.10717396E+05
   8.74140724E-05    1.10060754E+02   -2.08619801E+05
   8.82332113E-05    1.09893272E+02   -2.06541606E+05
   8.90600261E-05    1.09724622E+02   -2.04482729E+05
   8.98945889E-05    1.09555007E+02   -2.02443092E+05
   9.07369722E-05    1.09384642E+02   -2.00422623E+05
   9.15872493E-05    1.09213756E+02   -1.98421250E+05
   9.24454941E-05    1.09042587E+02   -1.96438908E+05
   9.33117814E-05    1.08871390E+02   -1.94475534E+05
   9.41861865E-05    1.08700432E+02   -1.92531070E+05
   9.50687855E-05    1.08529983E+02   -1.90605458E+05
   9.59596551E-05    1.08360140E+02   -1.88698576E+05
   9.68588728E-05    1.08190846E+02   -1.86810251E+05
   9.77665170E-05    1.08022035E+02   -1.84940310E+05
   9.86826664E-05    1.07853635E+02   -1.83088579E+05
   9.96074009E-05    1.07685568E+02   -1.81254889E+05
   1.00540801E-04    1.07517752E+02   -1.79439068E+05
   1.01482948E-04    1.07350100E+02   -1.77640950E+05
   1.02433923E-04    1.07182515E+02   -1.75860367E+05
   1.03393810E-04    1.07014914E+02   -1.74097156E+05
   1.04362691E-04    1.06847293E+02   -1.72351171E+05
   1.05340652E-04    1.06679675E+02   -1.70622272E+05
   1.06327777E-04    1.06512084E+02   -1.68910321E+05
   1.07324153E-04    1.06344547E+02   -1.67215180E+05
   1.08329865E-04    1.06177087E+02   -1.65536716E+05
   1.09345001E-04    1.06009732E+02   -1.63874795E+05
   1.10369650E-04    1.05842508E+02   -1.62229285E+05
   1.11403901E-04    1.05675440E+02   -1.60600058E+05
   1.12447843E-04    1.05508542E+02   -1.58986975E+05
   1.13501569E-04    1.05341809E+02   -1.57389892E+05
   1.14565168E-04    1.05175239E+02   -1.55808669E+05
   1.15638734E-04    1.05008825E+02   -1.54243163E+05
   1.16722360E-04    1.04842562E+02   -1.52693235E+05
   1.17816141E-04    1.04676442E+02   -1.51158747E+05
   1.18920171E-04    1.04510455E+02   -1.49639561E+05
   1.20034547E-04    1.04344591E+02   -1.48135542E+05
   1.21159366E-04    1.04178838E+02   -1.46646554E+05
   1.22294725E-04    1.04013198E+02   -1.45172463E+05
   1.23440723E-04    1.03847675E+02   -1.43713135E+05
   1.24597460E-04    1.03682273E+02   -1.42268436E+05
   1.25765036E-04    1.03516994E+02   -1.40838235E+05
   1.26943554E-04    1.03351841E+02   -1.39422401E+05
   1.28133115E-04    1.03186815E+02   -1.38020804E+05
   1.29333824E-04    1.03021917E+02   -1.36633316E+05
   1.30545784E-04    1.02857147E+02   -1.35259810E+05
   1.31769101E-04    1.02692503E+02   -1.33900158E+05
   1.33003882E-04    1.02527990E+02   -1.32554232E+05
   1.34250233E-04    1.02363608E+02   -1.31221906E+05
   1.35508264E-04    1.02199358E+02   -1.29903053E+05
   1.36778083E-04    1.02035240E+02   -1.28597548E+05
   1.38059802E-04    1.01871252E+02   -1.27305266E+05
   1.39353531E-04    1.01707393E+02   -1.26026086E+05
   1.40659384E-04    1.01543660E+02   -1.24759883E+05
   1.41977473E-04    1.01380048E+02   -1.23506537E+05
   1.43307914E-04    1.01216556E+02   -1.22265927E+05
   1.44650823E-04    1.01053188E+02   -1.21037934E+05
   1.46006315E-04    1.00889945E+02   -1.19822437E+05
   1.47374510E-04    1.00726828E+02   -1.18619320E+05
   1.48755525E-04    1.00563839E+02   -1.17428464E+05
   1.50149482E-04    1.00400975E+02   -1.16249753E+05
   1.51556501E-04    1.00238237E+02   -1.15083072E+05
   1.52976705E-04    1.00075620E+02   -1.13928305E+05
   1.54410218E-04    9.99131226E+01   -1.12785338E+05
   1.55857164E-04    9.97507445E+01   -1.11654058E+05
   1.57317668E-04    9.95884882E+01   -1.10534354E+05
   1.58791859E-04    9.94263553E+01   -1.09426114E+05
   1.60279864E-04    9.92643465E+01   -1.08329228E+05
   1.61781813E-04    9.91024618E+01   -1.07243586E+05
   1.63297836E-04    9.89406999E+01   -1.06169079E+05
   1.64828066E-04    9.87790588E+01   -1.05105600E+05
   1.66372635E-04    9.86175354E+01   -1.04053039E+05
   1.67931678E-04    9.84561261E+01   -1.03011290E+05
   1.69505331E-04    9.82948317E+01   -1.01980249E+05
   1.71093729E-04    9.81336544E+01   -1.00959810E+05
   1.72697013E-04    9.79725958E+01   -9.99498721E+04
   1.74315320E-04    9.78116565E+01   -9.89503315E+04
   1.75948792E-04    9.76508364E+01   -9.79610863E+04
   1.77597572E-04    9.74901343E+01   -9.69820352E+04
   1.79261801E-04    9.73295481E+01   -9.60130772E+04
   1.80941626E-04    9.71690747E+01   -9.50541120E+04
   1.82637192E-04    9.70087103E+01   -9.41050398E+04
   1.84348646E-04    9.68484555E+01   -9.31657633E+04
   1.86076139E-04    9.66883125E+01   -9.22361865E+04
   1.87819819E-04    9.65282828E+01   -9.13162138E+04
   1.89579839E-04    9.63683670E+01   -9.04057502E+04
   1.91356352E-04    9.62085648E+01   -8.95047014E+04
   1.93149512E-04    9.60488751E+01   -8.86129732E+04
   1.94959476E-04    9.58892957E+01   -8.77304720E+04
   1.96786400E-04    9.57298235E+01   -8.68571048E+04
   1.98630444E-04    9.55704544E+01   -8.59927790E+04
   2.00491768E-04    9.54111883E+01   -8.51374042E+04
   2.02370534E-04    9.52520273E+01   -8.42908920E+04
   2.04266906E-04    9.50929729E+01   -8.34531543E+04
   2.06181048E-04    9.49340259E+01   -8.26241034E+04
   2.08113127E-04    9.47751860E+01   -8.18036522E+04
   2.10063312E-04    9.46164522E+01   -8.09917138E+04
   2.12031771E-04    9.44578223E+01   -8.01882019E+04
   2.14018676E-04    9.42992934E+01   -7.93930303E+04
   2.16024200E-04    9.41408615E+01   -7.86061134E+04
   2.18048517E-04    9.39825248E+01   -7.78273674E+04
   2.20091804E-04    9.38242854E+01   -7.70567108E+04
   2.22154238E-04    9.36661451E+01   -7.62940628E+04
   2.24235999E-04    9.35081045E+01   -7.55393426E+04
   2.26337267E-04    9.33501636E+01   -7.47924701E+04
   2.28458226E-04    9.31923217E+01   -7.40533655E+04
   2.30599060E-04    9.30345767E+01   -7.33219491E+04
   2.32759956E-04    9.28769258E+01   -7.25981418E+04
   2.34941100E-04    9.27193652E+01   -7.18818645E+04
   2.37142684E-04    9.25618916E+01   -7.11730395E+04
   2.39364898E-04    9.24045063E+01   -7.04715916E+04
   2.41607936E-04    9.22472113E+01   -6.97774468E+04
   2.43871993E-04    9.20900075E+01   -6.90905310E+04
   2.46157267E-04    9.19328952E+01   -6.84107708E+04
   2.48463955E-04    9.17758736E+01   -6.77380929E+04
   2.50792258E-04    9.16189411E+01   -6.70724242E+04
   2.53142380E-04    9.14620954E+01   -6.64136922E+04
   2.55514524E-04    9.13053327E+01   -6.57618242E+04
   2.57908896E-04    9.11486489E+01   -6.51167482E+04
   2.60325706E-04    9.09920434E+01   -6.44783947E+04
   2.62765164E-04    9.08355182E+01   -6.38466956E+04
   2.65227481E-04    9.06790746E+01   -6.32215836E+04
   2.67712872E-04    9.05227131E+01   -6.26029912E+04
   2.70221553E-04    9.03664334E+01   -6.19908516E+04
   2.72753742E-04    9.02102341E+01   -6.13850978E+04
   2.75309660E-04    9.00541132E+01   -6.07856634E+04
   2.77889529E-04    8.98980676E+01   -6.01924820E+04
   2.80493574E-04    8.97420930E+01   -5.96054874E+04
   2.83122020E-04    8.95861862E+01   -5.90246147E+04
   2.85775097E-04    8.94303487E+01   -5.84498015E+04
   2.88453035E-04    8.92745821E+01   -5.78809862E+04
   2.91156068E-04    8.91188871E+01   -5.73181075E+04
   2.93884430E-04    8.89632639E+01   -5.67611041E+04
   2.96638359E-04    8.88077116E+01   -5.62099152E+04
   2.99418095E-04    8.86522284E+01   -5.56644800E+04
   3.02223879E-04    8.84968118E+01   -5.51247378E+04
   3.05055956E-04    8.83414581E+01   -5.45906284E+04
   3.07914571E-04    8.81861627E+01   -5.40620914E+04
   3.10799973E-04    8.80309245E+01   -5.35390690E+04
   3.13712415E-04    8.78757452E+01   -5.30215048E+04
   3.16652148E-04    8.77206261E+01   -5.25093431E+04
   3.19619428E-04    8.75655675E+01   -5.20025281E+04
   3.22614515E-04    8.74105691E+01   -5.15010043E+04
   3.25637668E-04    8.72556298E+01   -5.10047165E+04
   3.28689150E-04    8.71007472E+01   -5.05136093E+04
   3.31769227E-04    8.69459185E+01   -5.00276278E+04
   3.34878166E-04    8.67911394E+01   -4.95467171E+04
   3.38016239E-04    8.66364058E+01   -4.90708228E+04
   3.41183718E-04    8.64817180E+01   -4.85998931E+04
   3.44380879E-04    8.63270776E+01   -4.81338772E+04
   3.47608000E-04    8.61724854E+01   -4.76727244E+04
   3.50865362E-04    8.60179416E+01   -4.72163844E+04
   3.54153247E-04    8.58634455E+01   -4.67648068E+04
   3.57471943E-04    8.57089955E+01   -4.63179415E+04
   3.60821737E-04    8.55545892E+01   -4.58757385E+04
   3.64202922E-04    8.54002230E+01   -4.54381478E+04
   3.67615791E-04    8.52458926E+01   -4.50051197E+04
   3.71060641E-04    8.50915944E+01   -4.45766051E+04
   3.74537772E-04    8.49373296E+01   -4.41525578E+04
   3.78047487E-04    8.47830995E+01   -4.37329317E+04
   3.81590091E-04    8.46289046E+01   -4.33176812E+04
   3.85165891E-04    8.44747448E+01   -4.29067605E+04
   3.88775200E-04    8.43206192E+01   -4.25001242E+04
   3.92418330E-04    8.41665259E+01   -4.20977270E+04
   3.96095600E-04    8.40124621E+01   -4.16995234E+04
   3.99807329E-04    8.38584241E+01   -4.13054683E+04
   4.03553839E-04    8.37044073E+01   -4.09155165E+04
   4.07335457E-04    8.35504089E+01   -4.05296243E+04
   4.11152512E-04    8.33964303E+01   -4.01477499E+04
   4.15005336E-04    8.32424725E+01   -3.97698518E+04
   4.18894264E-04    8.30885360E+01   -3.93958887E+04
   4.22819634E-04    8.29346203E+01   -3.90258194E+04
   4.26781787E-04    8.27807242E+01   -3.86596027E+04
   4.30781070E-04    8.26268458E+01   -3.82971977E+04
   4.34817829E-04    8.24729819E+01   -3.79385633E+04
   4.38892415E-04    8.23191287E+01   -3.75836586E+04
   4.43005184E-04    8.21652814E+01   -3.72324430E+04
   4.47156492E-04    8.20114377E+01   -3.68848770E+04
   4.51346702E-04    8.18575991E+01   -3.65409231E+04
   4.55576177E-04    8.17037666E+01   -3.62005440E+04
   4.59845285E-04    8.15499401E+01   -3.58637022E+04
   4.64154399E-04    8.13961193E+01   -3.55303607E+04
   4.68503892E-04    8.12423027E+01   -3.52004822E+04
   4.72894143E-04    8.10884880E+01   -3.48740298E+04
   4.77325535E-04    8.09346722E+01   -3.45509665E+04
   4.81798452E-04    8.07808511E+01   -3.42312554E+04
   4.86313284E-04    8.06270199E+01   -3.39148595E+04
   4.90870424E-04    8.04731766E+01   -3.36017436E+04
   4.95470267E-04    8.03193226E+01   -3.32918738E+04
   5.00113215E-04    8.01654586E+01   -3.29852165E+04
   5.04799671E-04    8.00115847E+01   -3.26817381E+04
   5.09530042E-04    7.98577001E+01   -3.23814051E+04
   5.14304741E-04    7.97038033E+01   -3.20841839E+04
   5.19124183E-04    7.95498921E+01   -3.17900412E+04
   5.23988786E-04    7.93959630E+01   -3.14989435E+04
   5.28898975E-04    7.92420119E+01   -3.12108577E+04
   5.33855176E-04    7.90880339E+01   -3.09257503E+04
   5.38857821E-04    7.89340271E+01   -3.06435897E+04
   5.43907344E-04    7.87799927E+01   -3.03643454E+04
   5.49004186E-04    7.86259312E+01   -3.00879871E+04
   5.54148788E-04    7.84718427E+01   -2.98144844E+04
   5.59341600E-04    7.83177262E+01   -2.95438074E+04
   5.64583073E-04    7.81635803E+01   -2.92759257E+04
   5.69873662E-04    7.80094024E+01   -2.90108093E+04
   5.75213828E-04    7.78551893E+01   -2.87484281E+04
   5.80604036E-04    7.77009366E+01   -2.84887520E+04
   5.86044754E-04    7.75466394E+01   -2.82317512E+04
   5.91536457E-04    7.73922954E+01   -2.79773968E+04
   5.97079620E-04    7.72379059E+01   -2.77256615E+04
   6.02674728E-04    7.70834712E+01   -2.74765181E+04
   6.08322266E-04    7.69289914E+01   -2.72299394E+04
   6.14022726E-04    7.67744654E+01   -2.69858981E+04
   6.19776604E-04    7.66198916E+01   -2.67443671E+04
   6.25584400E-04    7.64652675E+01   -2.65053194E+04
   6.31446620E-04    7.63105897E+01   -2.62687278E+04
   6.37363774E-04    7.61558540E+01   -2.60345653E+04
   6.43336376E-04    7.60010553E+01   -2.58028049E+04
   6.49364945E-04    7.58461910E+01   -2.55734206E+04
   6.55450008E-04    7.56912619E+01   -2.53463877E+04
   6.61592092E-04    7.55362687E+01   -2.51216819E+04
   6.67791732E-04    7.53812110E+01   -2.48992786E+04
   6.74049468E-04    7.52260879E+01   -2.46791534E+04
   6.80365844E-04    7.50708977E+01   -2.44612819E+04
   6.86741409E-04    7.49156380E+01   -2.42456398E+04
   6.93176719E-04    7.47603053E+01   -2.40322026E+04
   6.99672332E-04    7.46048953E+01   -2.38209459E+04
   7.06228814E-04    7.44494030E+01   -2.36118456E+04
   7.12846736E-04    7.42938252E+01   -2.34048779E+04
   7.19526673E-04    7.41381624E+01   -2.32000208E+04
   7.26269206E-04    7.39824153E+01   -2.29972523E+04
   7.33074922E-04    7.38265834E+01   -2.27965504E+04
   7.39944413E-04    7.36706660E+01   -2.25978931E+04
   7.46878277E-04    7.35146611E+01   -2.24012586E+04
   7.53877116E-04    7.33585664E+01   -2.22066248E+04
   7.60941540E-04    7.32023785E+01   -2.20139700E+04
   7.68072163E-04    7.30460931E+01   -2.18232721E+04
   7.75269606E-04    7.28897052E+01   -2.16345093E+04
   7.82534494E-04    7.27332108E+01   -2.14476602E+04
   7.89867461E-04    7.25766103E+01   -2.12627048E+04
   7.97269142E-04    7.24199041E+01   -2.10796234E+04
   8.04740184E-04    7.22630920E+01   -2.08983963E+04
   8.12281235E-04    7.21061729E+01   -2.07190038E+04
   8.19892952E-04    7.19491451E+01   -2.05414262E+04
   8.27575996E-04    7.17920063E+01   -2.03656437E+04
   8.35331037E-04    7.16347530E+01   -2.01916367E+04
   8.43158748E-04    7.14773812E+01   -2.00193855E+04
   8.51059812E-04    7.13198857E+01   -1.98488704E+04
   8.59034914E-04    7.11622620E+01   -1.96800719E+04
   8.67084750E-04    7.10045098E+01   -1.95129721E+04
   8.75210019E-04    7.08466297E+01   -1.93475532E+04
   8.83411428E-04    7.06886212E+01   -1.91837976E+04
   8.91689690E-04    7.05304834E+01   -1.90216875E+04
   9.00045527E-04    7.03722148E+01   -1.88612052E+04
   9.08479664E-04    7.02138128E+01   -1.87023332E+04
   9.16992836E-04    7.00552742E+01   -1.85450536E+04
   9.25585783E-04    6.98965950E+01   -1.83893489E+04
   9.34259253E-04    6.97377701E+01   -1.82352012E+04
   9.43014000E-04    6.95787946E+01   -1.80825930E+04
   9.51850786E-04    6.94196672E+01   -1.79315079E+04
   9.60770380E-04    6.92603885E+01   -1.77819300E+04
   9.69773557E-04    6.91009581E+01   -1.76338435E+04
   9.78861101E-04    6.89413751E+01   -1.74872325E+04
   9.88033803E-04    6.87816379E+01   -1.73420811E+04
   9.97292460E-04    6.86217442E+01   -1.71983735E+04
   1.00663788E-03    6.84616908E+01   -1.70560937E+04
   1.01607087E-03    6.83014737E+01   -1.69152260E+04
   1.02559226E-03    6.81410881E+01   -1.67757543E+04
   1.03520287E-03    6.79805285E+01   -1.66376627E+04
   1.04490353E-03    6.78197929E+01   -1.65009364E+04
   1.05469511E-03    6.76588816E+01   -1.63655610E+04
   1.06457843E-03    6.74977944E+01   -1.62315224E+04
   1.07455437E-03    6.73365303E+01   -1.60988063E+04
   1.08462379E-03    6.71750878E+01   -1.59673984E+04
   1.09478758E-03    6.70134645E+01   -1.58372847E+04
   1.10504660E-03    6.68516576E+01   -1.57084507E+04
   1.11540176E-03    6.66896630E+01   -1.55808822E+04
   1.12585396E-03    6.65274760E+01   -1.54545650E+04
   1.13640410E-03    6.63650912E+01   -1.53294846E+04
   1.14705310E-03    6.62025054E+01   -1.52056274E+04
   1.15780189E-03    6.60397186E+01   -1.50829806E+04
   1.16865141E-03    6.58767306E+01   -1.49615315E+04
   1.17960260E-03    6.57135407E+01   -1.48412673E+04
   1.19065641E-03    6.55501472E+01   -1.47221753E+04
   1.20181380E-03    6.53865480E+01   -1.46042426E+04
   1.21307574E-03    6.52227402E+01   -1.44874565E+04
   1.22444322E-03    6.50587199E+01   -1.43718042E+04
   1.23591722E-03    6.48944827E+01   -1.42572727E+04
   1.24749874E-03    6.47300230E+01   -1.41438493E+04
   1.25918879E-03    6.45653366E+01   -1.40315214E+04
   1.27098838E-03    6.44004232E+01   -1.39202775E+04
   1.28289855E-03    6.42352825E+01   -1.38101060E+04
   1.29492032E-03    6.40699139E+01   -1.37009957E+04
   1.30705474E-03    6.39043158E+01   -1.35929351E+04
   1.31930288E-03    6.37384863E+01   -1.34859127E+04
   1.33166579E-03    6.35724224E+01   -1.33799170E+04
   1.34414455E-03    6.34061206E+01   -1.32749365E+04
   1.35674025E-03    6.32395765E+01   -1.31709598E+04
   1.36945397E-03    6.30727849E+01   -1.30679752E+04
   1.38228684E-03    6.29057404E+01   -1.29659713E+04
   1.39523996E-03    6.27384420E+01   -1.28649376E+04
   1.40831446E-03    6.25708896E+01   -1.27648638E+04
   1.42151148E-03    6.24030824E+01   -1.26657397E+04
   1.43483216E-03    6.22350193E+01   -1.25675551E+04
   1.44827767E-03    6.20666981E+01   -1.24702998E+04
   1.46184918E-03    6.18981163E+01   -1.23739633E+04
   1.47554786E-03    6.17292705E+01   -1.22785355E+04
   1.48937491E-03    6.15601563E+01   -1.21840059E+04
   1.50333153E-03    6.13907689E+01   -1.20903642E+04
   1.51741893E-03    6.12211026E+01   -1.19976000E+04
   1.53163834E-03    6.10511549E+01   -1.19057036E+04
   1.54599101E-03    6.08809259E+01   -1.18146659E+04
   1.56047816E-03    6.07104148E+01   -1.17244777E+04
   1.57510107E-03    6.05396206E+01   -1.16351298E+04
   1.58986102E-03    6.03685413E+01   -1.15466130E+04
   1.60475927E-03    6.01971746E+01   -1.14589181E+04
   1.61979713E-03    6.00255171E+01   -1.13720359E+04
   1.63497591E-03    5.98535649E+01   -1.12859571E+04
   1.65029692E-03    5.96813131E+01   -1.12006723E+04
   1.66576151E-03    5.95087563E+01   -1.11161722E+04
   1.68137101E-03    5.93358906E+01   -1.10324479E+04
   1.69712679E-03    5.91627157E+01   -1.09494911E+04
   1.71303020E-03    5.89892313E+01   -1.08672936E+04
   1.72908265E-03    5.88154361E+01   -1.07858473E+04
   1.74528552E-03    5.86413287E+01   -1.07051438E+04
   1.76164022E-03    5.84669067E+01   -1.06251749E+04
   1.77814818E-03    5.82921670E+01   -1.05459323E+04
   1.79481084E-03    5.81171059E+01   -1.04674078E+04
   1.81162963E-03    5.79417188E+01   -1.03895928E+04
   1.82860603E-03    5.77660005E+01   -1.03124791E+04
   1.84574151E-03    5.75899459E+01   -1.02360584E+04
   1.86303757E-03    5.74135542E+01   -1.01603232E+04
   1.88049570E-03    5.72368252E+01   -1.00852661E+04
   1.89811743E-03    5.70597579E+01   -1.00108798E+04
   1.91590429E-03    5.68823510E+01   -9.93715697E+03
   1.93385783E-03    5.67046022E+01   -9.86409019E+03
   1.95197960E-03    5.65265090E+01   -9.79167204E+03
   1.97027119E-03    5.63480676E+01   -9.71989506E+03
   1.98873419E-03    5.61692740E+01   -9.64875175E+03
   2.00737020E-03    5.59901231E+01   -9.57823455E+03
   2.02618085E-03    5.58106095E+01   -9.50833593E+03
   2.04516776E-03    5.56307309E+01   -9.43904897E+03
   2.06433260E-03    5.54504874E+01   -9.37036712E+03
   2.08367702E-03    5.52698782E+01   -9.30228381E+03
   2.10320272E-03    5.50889022E+01   -9.23479245E+03
   2.12291139E-03    5.49075575E+01   -9.16788644E+03
   2.14280475E-03    5.47258416E+01   -9.10155912E+03
   2.16288452E-03    5.45437513E+01   -9.03580381E+03
   2.18315246E-03    5.43612828E+01   -8.97061378E+03
   2.20361032E-03    5.41784314E+01   -8.90598227E+03
   2.22425989E-03    5.39951916E+01   -8.84190247E+03
   2.24510296E-03    5.38115600E+01   -8.77836793E+03
   2.26614135E-03    5.36275364E+01   -8.71537276E+03
   2.28737688E-03    5.34431204E+01   -8.65291109E+03
   2.30881141E-03    5.32583110E+01   -8.59097704E+03
   2.33044680E-03    5.30731067E+01   -8.52956469E+03
   2.35228492E-03    5.28875053E+01   -8.46866810E+03
   2.37432769E-03    5.27015041E+01   -8.40828127E+03
   2.39657702E-03    5.25150993E+01   -8.34839819E+03
   2.41903484E-03    5.23282869E+01   -8.28901279E+03
   2.44170310E-03    5.21410617E+01   -8.23011896E+03
   2.46458379E-03    5.19534192E+01   -8.17171069E+03
   2.48767889E-03    5.17653585E+01   -8.11378262E+03
   2.51099040E-03    5.15768798E+01   -8.05632954E+03
   2.53452037E-03    5.13879823E+01   -7.99934617E+03
   2.55827082E-03    5.11986648E+01   -7.94282724E+03
   2.58224384E-03    5.10089256E+01   -7.88676743E+03
   2.60644151E-03    5.08187622E+01   -7.83116139E+03
   2.63086592E-03    5.06281716E+01   -7.77600372E+03
   2.65551921E-03    5.04371498E+01   -7.72128900E+03
   2.68040352E-03    5.02456923E+01   -7.66701173E+03
   2.70552102E-03    5.00537942E+01   -7.61316644E+03
   2.73087389E-03    4.98614534E+01   -7.55974811E+03
   2.75646434E-03    4.96686705E+01   -7.50675210E+03
   2.78229458E-03    4.94754449E+01   -7.45417371E+03
   2.80836688E-03    4.92817761E+01   -7.40200823E+03
   2.83468350E-03    4.90876626E+01   -7.35025093E+03
   2.86124672E-03    4.88931025E+01   -7.29889701E+03
   2.88805886E-03    4.86980931E+01   -7.24794167E+03
   2.91512225E-03    4.85026312E+01   -7.19738004E+03
   2.94243925E-03    4.83067128E+01   -7.14720720E+03
   2.97001223E-03    4.81103330E+01   -7.09741822E+03
   2.99784359E-03    4.79134888E+01   -7.04800837E+03
   3.02593575E-03    4.77161803E+01   -6.99897347E+03
   3.05429116E-03    4.75184079E+01   -6.95030936E+03
   3.08291228E-03    4.73201711E+01   -6.90201182E+03
   3.11180160E-03    4.71214693E+01   -6.85407665E+03
   3.14096164E-03    4.69223009E+01   -6.80649957E+03
   3.17039493E-03    4.67226639E+01   -6.75927629E+03
   3.20010404E-03    4.65225557E+01   -6.71240246E+03
   3.23009154E-03    4.63219727E+01   -6.66587370E+03
   3.26036005E-03    4.61209109E+01   -6.61968556E+03
   3.29091220E-03    4.59193662E+01   -6.57383367E+03
   3.32175064E-03    4.57173385E+01   -6.52831417E+03
   3.35287807E-03    4.55148284E+01   -6.48312336E+03
   3.38429719E-03    4.53118363E+01   -6.43825751E+03
   3.41601072E-03    4.51083619E+01   -6.39371287E+03
   3.44802144E-03    4.49044044E+01   -6.34948565E+03
   3.48033213E-03    4.46999623E+01   -6.30557201E+03
   3.51294559E-03    4.44950338E+01   -6.26196809E+03
   3.54586466E-03    4.42896161E+01   -6.21866998E+03
   3.57909221E-03    4.40837057E+01   -6.17567371E+03
   3.61263113E-03    4.38772988E+01   -6.13297528E+03
   3.64648434E-03    4.36703940E+01   -6.09057105E+03
   3.68065478E-03    4.34629924E+01   -6.04845773E+03
   3.71514542E-03    4.32550950E+01   -6.00663203E+03
   3.74995927E-03    4.30467024E+01   -5.96509062E+03
   3.78509935E-03    4.28378144E+01   -5.92383013E+03
   3.82056872E-03    4.26284303E+01   -5.88284717E+03
   3.85637046E-03    4.24185490E+01   -5.84213831E+03
   3.89250770E-03    4.22081686E+01   -5.80170005E+03
   3.92898357E-03    4.19972865E+01   -5.76152888E+03
   3.96580125E-03    4.17858994E+01   -5.72162120E+03
   4.00296394E-03    4.15740050E+01   -5.68197358E+03
   4.04047487E-03    4.13616046E+01   -5.64258304E+03
   4.07833731E-03    4.11486998E+01   -5.60344667E+03
   4.11655455E-03    4.09352921E+01   -5.56456152E+03
   4.15512992E-03    4.07213820E+01   -5.52592465E+03
   4.19406677E-03    4.05069698E+01   -5.48753304E+03
   4.23336849E-03    4.02920552E+01   -5.44938364E+03
   4.27303849E-03    4.00766373E+01   -5.41147338E+03
   4.31308024E-03    3.98607144E+01   -5.37379913E+03
   4.35349721E-03    3.96442842E+01   -5.33635770E+03
   4.39429291E-03    3.94273443E+01   -5.29914590E+03
   4.43547091E-03    3.92098951E+01   -5.26216094E+03
   4.47703478E-03    3.89919394E+01   -5.22540028E+03
   4.51898813E-03    3.87734794E+01   -5.18886134E+03
   4.56133461E-03    3.85545168E+01   -5.15254152E+03
   4.60407792E-03    3.83350528E+01   -5.11643819E+03
   4.64722177E-03    3.81150882E+01   -5.08054866E+03
   4.69076991E-03    3.78946232E+01   -5.04487024E+03
   4.73472612E-03    3.76736573E+01   -5.00940015E+03
   4.77909425E-03    3.74521893E+01   -4.97413560E+03
   4.82387813E-03    3.72302177E+01   -4.93907373E+03
   4.86908168E-03    3.70077415E+01   -4.90421182E+03
   4.91470882E-03    3.67847640E+01   -4.86954760E+03
   4.96076353E-03    3.65612884E+01   -4.83507884E+03
   5.00724980E-03    3.63373177E+01   -4.80080327E+03
   5.05417168E-03    3.61128544E+01   -4.76671859E+03
   5.10153326E-03    3.58879003E+01   -4.73282249E+03
   5.14933866E-03    3.56624568E+01   -4.69911260E+03
   5.19759203E-03    3.54365249E+01   -4.66558649E+03
   5.24629757E-03    3.52101048E+01   -4.63224173E+03
   5.29545952E-03    3.49831961E+01   -4.59907580E+03
   5.34508216E-03    3.47557981E+01   -4.56608619E+03
   5.39516980E-03    3.45279131E+01   -4.53327072E+03
   5.44572680E-03    3.42995457E+01   -4.50062748E+03
   5.49675756E-03    3.40707003E+01   -4.46815453E+03
   5.54826652E-03    3.38413805E+01   -4.43584989E+03
   5.60025816E-03    3.36115898E+01   -4.40371156E+03
   5.65273700E-03    3.33813309E+01   -4.37173750E+03
   5.70570761E-03    3.31506064E+01   -4.33992562E+03
   5.75917460E-03    3.29194178E+01   -4.30827380E+03
   5.81314261E-03    3.26877664E+01   -4.27677987E+03
   5.86761635E-03    3.24556527E+01   -4.24544161E+03
   5.92260055E-03    3.22230781E+01   -4.21425688E+03
   5.97810000E-03    3.19900477E+01   -4.18322399E+03
   6.03411951E-03    3.17565672E+01   -4.15234129E+03
   6.09066398E-03    3.15226419E+01   -4.12160710E+03
   6.14773831E-03    3.12882767E+01   -4.09101971E+03
   6.20534747E-03    3.10534759E+01   -4.06057738E+03
   6.26349648E-03    3.08182435E+01   -4.03027832E+03
   6.32219039E-03    3.05825827E+01   -4.00012071E+03
   6.38143431E-03    3.03464965E+01   -3.97010268E+03
   6.44123338E-03    3.01099870E+01   -3.94022232E+03
   6.50159283E-03    2.98730563E+01   -3.91047771E+03
   6.56251789E-03    2.96357097E+01   -3.88086728E+03
   6.62401386E-03    2.93979546E+01   -3.85138965E+03
   6.68608610E-03    2.91597978E+01   -3.82204343E+03
   6.74874001E-03    2.89212458E+01   -3.79282718E+03
   6.81198104E-03    2.86823048E+01   -3.76373944E+03
   6.87581468E-03    2.84429803E+01   -3.73477871E+03
   6.94024649E-03    2.82032776E+01   -3.70594345E+03
   7.00528208E-03    2.79632011E+01   -3.67723208E+03
   7.07092711E-03    2.77227549E+01   -3.64864296E+03
   7.13718728E-03    2.74819424E+01   -3.62017443E+03
   7.20406836E-03    2.72407690E+01   -3.59182500E+03
   7.27157617E-03    2.69992433E+01   -3.56359351E+03
   7.33971658E-03    2.67573739E+01   -3.53547883E+03
   7.40849552E-03    2.65151690E+01   -3.50747978E+03
   7.47791898E-03    2.62726367E+01   -3.47959516E+03
   7.54799298E-03    2.60297841E+01   -3.45182371E+03
   7.61872364E-03    2.57866184E+01   -3.42416417E+03
   7.69011709E-03    2.55431459E+01   -3.39661521E+03
   7.76217956E-03    2.52993726E+01   -3.36917546E+03
   7.83491732E-03    2.50553037E+01   -3.34184350E+03
   7.90833668E-03    2.48109454E+01   -3.31461803E+03
   7.98244404E-03    2.45663081E+01   -3.28749810E+03
   8.05724585E-03    2.43214024E+01   -3.26048285E+03
   8.13274860E-03    2.40762390E+01   -3.23357137E+03
   8.20895888E-03    2.38308278E+01   -3.20676272E+03
   8.28588331E-03    2.35851786E+01   -3.18005595E+03
   8.36352858E-03    2.33393006E+01   -3.15345004E+03
   8.44190144E-03    2.30932027E+01   -3.12694396E+03
   8.52100873E-03    2.28468931E+01   -3.10053663E+03
   8.60085731E-03    2.26003795E+01   -3.07422691E+03
   8.68145413E-03    2.23536691E+01   -3.04801363E+03
   8.76280622E-03    2.21067710E+01   -3.02189581E+03
   8.84492063E-03    2.18596977E+01   -2.99587276E+03
   8.92780452E-03    2.16124619E+01   -2.96994382E+03
   9.01146510E-03    2.13650755E+01   -2.94410829E+03
   9.09590965E-03    2.11175505E+01   -2.91836544E+03
   9.18114550E-03    2.08698981E+01   -2.89271450E+03
   9.26718009E-03    2.06221292E+01   -2.86715467E+03
   9.35402088E-03    2.03742544E+01   -2.84168509E+03
   9.44167545E-03    2.01262833E+01   -2.81630488E+03
   9.53015140E-03    1.98782266E+01   -2.79101321E+03
   9.61945645E-03    1.96300985E+01   -2.76580958E+03
   9.70959835E-03    1.93819134E+01   -2.74069352E+03
   9.80058496E-03    1.91336855E+01   -2.71566454E+03
   9.89242418E-03    1.88854284E+01   -2.69072210E+03
   9.98512400E-03    1.86371556E+01   -2.66586563E+03
   1.00786925E-02    1.83888799E+01   -2.64109454E+03
   1.01731378E-02    1.81406136E+01   -2.61640816E+03
   1.02684681E-02    1.78923686E+01   -2.59180582E+03
   1.03646918E-02    1.76441566E+01   -2.56728680E+03
   1.04618171E-02    1.73959931E+01   -2.54285075E+03
   1.05598526E-02    1.71478949E+01   -2.51849742E+03
   1.06588068E-02    1.68998787E+01   -2.49422654E+03
   1.07586882E-02    1.66519605E+01   -2.47003781E+03
   1.08595056E-02    1.64041563E+01   -2.44593089E+03
   1.09612678E-02    1.61564814E+01   -2.42190542E+03
   1.10639835E-02    1.59089507E+01   -2.39796098E+03
   1.11676618E-02    1.56615785E+01   -2.37409712E+03
   1.12723116E-02    1.54143786E+01   -2.35031333E+03
   1.13779421E-02    1.51673661E+01   -2.32660923E+03
   1.14845624E-02    1.49205600E+01   -2.30298475E+03
   1.15921818E-02    1.46739792E+01   -2.27943985E+03
   1.17008097E-02    1.44276426E+01   -2.25597445E+03
   1.18104555E-02    1.41815686E+01   -2.23258845E+03
   1.19211288E-02    1.39357750E+01   -2.20928171E+03
   1.20328392E-02    1.36902794E+01   -2.18605404E+03
   1.21455964E-02    1.34450987E+01   -2.16290522E+03
   1.22594102E-02    1.32002492E+01   -2.13983497E+03
   1.23742906E-02    1.29557470E+01   -2.11684302E+03
   1.24902475E-02    1.27116119E+01   -2.09392936E+03
   1.26072909E-02    1.24678653E+01   -2.07109415E+03
   1.27254312E-02    1.22245286E+01   -2.04833755E+03
   1.28446786E-02    1.19816227E+01   -2.02565967E+03
   1.29650433E-02    1.17391683E+01   -2.00306059E+03
   1.30865360E-02    1.14971852E+01   -1.98054035E+03
   1.32091672E-02    1.12556930E+01   -1.95809895E+03
   1.33329475E-02    1.10147106E+01   -1.93573634E+03
   1.34578878E-02    1.07742563E+01   -1.91345242E+03
   1.35839988E-02    1.05343501E+01   -1.89124723E+03
   1.37112916E-02    1.02950155E+01   -1.86912110E+03
   1.38397772E-02    1.00562761E+01   -1.84707438E+03
   1.39694669E-02    9.81815524E+00   -1.82510737E+03
   1.41003718E-02    9.58067560E+00   -1.80322034E+03
   1.42325034E-02    9.34385943E+00   -1.78141353E+03
   1.43658732E-02    9.10772841E+00   -1.75968711E+03
   1.45004928E-02    8.87230361E+00   -1.73804124E+03
   1.46363739E-02    8.63760568E+00   -1.71647602E+03
   1.47735283E-02    8.40365805E+00   -1.69499178E+03
   1.49119679E-02    8.17048626E+00   -1.67358903E+03
   1.50517048E-02    7.93811543E+00   -1.65226823E+03
   1.51927512E-02    7.70657019E+00   -1.63102982E+03
   1.53351193E-02    7.47587462E+00   -1.60987419E+03
   1.54788214E-02    7.24605218E+00   -1.58880168E+03
   1.56238702E-02    7.01712567E+00   -1.56781260E+03
   1.57702782E-02    6.78911742E+00   -1.54690721E+03
   1.59180582E-02    6.56205274E+00   -1.52608600E+03
   1.60672230E-02    6.33595928E+00   -1.50534966E+03
   1.62177855E-02    6.11086424E+00   -1.48469884E+03
   1.63697590E-02    5.88679429E+00   -1.46413415E+03
   1.65231565E-02    5.66377549E+00   -1.44365615E+03
   1.66779916E-02    5.44183326E+00   -1.42326538E+03
   1.68342775E-02    5.22099230E+00   -1.40296230E+03
   1.69920280E-02    5.00127655E+00   -1.38274734E+03
   1.71512567E-02    4.78270956E+00   -1.36262088E+03
   1.73119775E-02    4.56531870E+00   -1.34258362E+03
   1.74742044E-02    4.34913325E+00   -1.32263639E+03
   1.76379515E-02    4.13418198E+00   -1.30278000E+03
   1.78032331E-02    3.92049301E+00   -1.28301521E+03
   1.79700634E-02    3.70809376E+00   -1.26334271E+03
   1.81384571E-02    3.49701088E+00   -1.24376318E+03
   1.83084288E-02    3.28727023E+00   -1.22427723E+03
   1.84799932E-02    3.07889690E+00   -1.20488540E+03
   1.86531654E-02    2.87191834E+00   -1.18558844E+03
   1.88279602E-02    2.66636433E+00   -1.16638727E+03
   1.90043931E-02    2.46226408E+00   -1.14728275E+03
   1.91824793E-02    2.25964602E+00   -1.12827573E+03
   1.93622343E-02    2.05853773E+00   -1.10936698E+03
   1.95436737E-02    1.85896590E+00   -1.09055721E+03
   1.97268133E-02    1.66095683E+00   -1.07184713E+03
   1.99116692E-02    1.46454009E+00   -1.05323767E+03
   2.00982572E-02    1.26974627E+00   -1.03472987E+03
   2.02865938E-02    1.07660517E+00   -1.01632469E+03
   2.04766952E-02    8.85145702E-01   -9.98023056E+02
   2.06685780E-02    6.95395810E-01   -9.79825829E+02
   2.08622589E-02    5.07382424E-01   -9.61733809E+02
   2.10577547E-02    3.21131435E-01   -9.43747731E+02
   2.12550825E-02    1.36670615E-01   -9.25868476E+02
   2.14542594E-02   -4.59691071E-02   -9.08097154E+02
   2.16553028E-02   -2.26757427E-01   -8.90434841E+02
   2.18582301E-02   -4.05665027E-01   -8.72882557E+02
   2.20630589E-02   -5.82663653E-01   -8.55441260E+02
   2.22698072E-02   -7.57726194E-01   -8.38111841E+02
   2.24784929E-02   -9.30826669E-01   -8.20895125E+02
   2.26891341E-02   -1.10193719E+00   -8.03792081E+02
   2.29017492E-02   -1.27102716E+00   -7.86803874E+02
   2.31163567E-02   -1.43806684E+00   -7.69931624E+02
   2.33329752E-02   -1.60302763E+00   -7.53176388E+02
   2.35516236E-02   -1.76588216E+00   -7.36539151E+02
   2.37723210E-02   -1.92660439E+00   -7.20020825E+02
   2.39950864E-02   -2.08516922E+00   -7.03622276E+02
   2.42199393E-02   -2.24154828E+00   -6.87344597E+02
   2.44468992E-02   -2.39571179E+00   -6.71188994E+02
   2.46759860E-02   -2.54763119E+00   -6.55156606E+02
   2.49072195E-02   -2.69727923E+00   -6.39248501E+02
   2.51406198E-02   -2.84463009E+00   -6.23465668E+02
   2.53762072E-02   -2.98965947E+00   -6.07809016E+02
   2.56140024E-02   -3.13234298E+00   -5.92279474E+02
   2.58540258E-02   -3.27265243E+00   -5.76878236E+02
   2.60962984E-02   -3.41056002E+00   -5.61606487E+02
   2.63408413E-02   -3.54603939E+00   -5.46465339E+02
   2.65876758E-02   -3.67906574E+00   -5.31455819E+02
   2.68368234E-02   -3.80961595E+00   -5.16578866E+02
   2.70883056E-02   -3.93766781E+00   -5.01835378E+02
   2.73421444E-02   -4.06319562E+00   -4.87226496E+02
   2.75983619E-02   -4.18617316E+00   -4.72753413E+02
   2.78569803E-02   -4.30657584E+00   -4.58417237E+02
   2.81180222E-02   -4.42438078E+00   -4.44218991E+02
   2.83815103E-02   -4.53956695E+00   -4.30159598E+02
   2.86474675E-02   -4.65211446E+00   -4.16239932E+02
   2.89159169E-02   -4.76200009E+00   -4.02461097E+02
   2.91868818E-02   -4.86920023E+00   -3.88824243E+02
   2.94603860E-02   -4.97369307E+00   -3.75330425E+02
   2.97364531E-02   -5.07545879E+00   -3.61980603E+02
   3.00151071E-02   -5.17447957E+00   -3.48775632E+02
   3.02963724E-02   -5.27073760E+00   -3.35716391E+02
   3.05802733E-02   -5.36421133E+00   -3.22804007E+02
   3.08668346E-02   -5.45488023E+00   -3.10039570E+02
   3.11560812E-02   -5.54272580E+00   -2.97424070E+02
   3.14480383E-02   -5.62773171E+00   -2.84958388E+02
   3.17427313E-02   -5.70988387E+00   -2.72643292E+02
   3.20401857E-02   -5.78916754E+00   -2.60479616E+02
   3.23404276E-02   -5.86556524E+00   -2.48468382E+02
   3.26434829E-02   -5.93906122E+00   -2.36610532E+02
   3.29493781E-02   -6.00964206E+00   -2.24906893E+02
   3.32581398E-02   -6.07729588E+00   -2.13358229E+02
   3.35697949E-02   -6.14200869E+00   -2.01965450E+02
   3.38843704E-02   -6.20376749E+00   -1.90729433E+02
   3.42018937E-02   -6.26256175E+00   -1.79650938E+02
   3.45223924E-02   -6.31838330E+00   -1.68730608E+02
   3.48458945E-02   -6.37122229E+00   -1.57969213E+02
   3.51724281E-02   -6.42106751E+00   -1.47367626E+02
   3.55020215E-02   -6.46791019E+00   -1.36926609E+02
   3.58347035E-02   -6.51174420E+00   -1.26646789E+02
   3.61705029E-02   -6.55256606E+00   -1.16528673E+02
   3.65094491E-02   -6.59037043E+00   -1.06572899E+02
   3.68515715E-02   -6.62515007E+00   -9.67802397E+01
   3.71968998E-02   -6.65690032E+00   -8.71513494E+01
   3.75454641E-02   -6.68561938E+00   -7.76867428E+01
   3.78972948E-02   -6.71130800E+00   -6.83868178E+01
   3.82524224E-02   -6.73396498E+00   -5.92521093E+01
   3.86108778E-02   -6.75358920E+00   -5.02831750E+01
   3.89726922E-02   -6.77018245E+00   -4.14804351E+01
   3.93378971E-02   -6.78374707E+00   -3.28443052E+01
   3.97065243E-02   -6.79428554E+00   -2.43752201E+01
   4.00786058E-02   -6.80180302E+00   -1.60734918E+01
   4.04541739E-02   -6.80630464E+00   -7.93945974E+00
   4.08332615E-02   -6.80779685E+00    2.65820070E-02
   4.12159014E-02   -6.80628712E+00    7.82437019E+00
   4.16021270E-02   -6.80178412E+00    1.54536808E+01
   4.19919717E-02   -6.79429789E+00    2.29143392E+01
   4.23854697E-02   -6.78383846E+00    3.02061430E+01
   4.27826550E-02   -6.77041870E+00    3.73290210E+01
   4.31835623E-02   -6.75405159E+00    4.42828806E+01
   4.35882263E-02   -6.73475106E+00    5.10676548E+01
   4.39966825E-02   -6.71253349E+00    5.76833849E+01
   4.44089661E-02   -6.68741467E+00    6.41300535E+01
   4.48251132E-02   -6.65941292E+00    7.04077559E+01
   4.52451599E-02   -6.62854783E+00    7.65166303E+01
   4.56691428E-02   -6.59483864E+00    8.24567703E+01
   4.60970987E-02   -6.55830781E+00    8.82284181E+01
   4.65290649E-02   -6.51897817E+00    9.38318119E+01
   4.69650790E-02   -6.47687298E+00    9.92671873E+01
   4.74051789E-02   -6.43201866E+00    1.04534926E+02
   4.78494029E-02   -6.38444102E+00    1.09635352E+02
   4.82977896E-02   -6.33416761E+00    1.14568858E+02
   4.87503780E-02   -6.28122865E+00    1.19335959E+02
   4.92072075E-02   -6.22565346E+00    1.23937095E+02
   4.96683179E-02   -6.16747405E+00    1.28372826E+02
   5.01337493E-02   -6.10672386E+00    1.32643770E+02
   5.06035421E-02   -6.04343590E+00    1.36750495E+02
   5.10777373E-02   -5.97764664E+00    1.40693733E+02
   5.15563760E-02   -5.90939281E+00    1.44474209E+02
   5.20395000E-02   -5.83871156E+00    1.48092645E+02
   5.25271512E-02   -5.76564335E+00    1.51549924E+02
   5.30193721E-02   -5.69022807E+00    1.54846872E+02
   5.35162055E-02   -5.61250763E+00    1.57984406E+02
   5.40176946E-02   -5.53252602E+00    1.60963532E+02
   5.45238830E-02   -5.45032607E+00    1.63785174E+02
   5.50348149E-02   -5.36595402E+00    1.66450421E+02
   5.55505346E-02   -5.27945785E+00    1.68960435E+02
   5.60710869E-02   -5.19088411E+00    1.71316282E+02
   5.65965173E-02   -5.10028283E+00    1.73519198E+02
   5.71268714E-02   -5.00770518E+00    1.75570462E+02
   5.76621953E-02   -4.91320155E+00    1.77471295E+02
   5.82025356E-02   -4.81682595E+00    1.79223094E+02
   5.87479393E-02   -4.71863250E+00    1.80827250E+02
   5.92984539E-02   -4.61867546E+00    1.82285143E+02
   5.98541272E-02   -4.51701260E+00    1.83598328E+02
   6.04150077E-02   -4.41370066E+00    1.84768294E+02
   6.09811440E-02   -4.30879816E+00    1.85796610E+02
   6.15525855E-02   -4.20236592E+00    1.86684957E+02
   6.21293818E-02   -4.09446329E+00    1.87434926E+02
   6.27115832E-02   -3.98515281E+00    1.88048271E+02
   6.32992403E-02   -3.87449869E+00    1.88526823E+02
   6.38924041E-02   -3.76256239E+00    1.88872261E+02
   6.44911264E-02   -3.64940852E+00    1.89086423E+02
   6.50954592E-02   -3.53510530E+00    1.89171333E+02
   6.57054551E-02   -3.41971847E+00    1.89128881E+02
   6.63211671E-02   -3.30331439E+00    1.88960982E+02
   6.69426488E-02   -3.18596345E+00    1.88669767E+02
   6.75699543E-02   -3.06773500E+00    1.88257304E+02
   6.82031381E-02   -2.94869603E+00    1.87725539E+02
   6.88422554E-02   -2.82891720E+00    1.87076612E+02
   6.94873617E-02   -2.70847321E+00    1.86312882E+02
   7.01385131E-02   -2.58743700E+00    1.85436617E+02
   7.07957664E-02   -2.46587768E+00    1.84449878E+02
   7.14591786E-02   -2.34386769E+00    1.83354914E+02
   7.21288076E-02   -2.22148347E+00    1.82154196E+02
   7.28047114E-02   -2.09880179E+00    1.80850222E+02
   7.34869491E-02   -1.97589418E+00    1.79445209E+02
   7.41755798E-02   -1.85283450E+00    1.77941514E+02
   7.48706636E-02   -1.72970040E+00    1.76341713E+02
   7.55722608E-02   -1.60657210E+00    1.74648538E+02
   7.62804326E-02   -1.48352313E+00    1.72864361E+02
   7.69952405E-02   -1.36062548E+00    1.70991486E+02
   7.77167467E-02   -1.23795453E+00    1.69032419E+02
   7.84450140E-02   -1.11558911E+00    1.66989885E+02
   7.91801057E-02   -9.93611479E-01    1.64866819E+02
   7.99220859E-02   -8.72099801E-01    1.62665945E+02
   8.06710189E-02   -7.51125775E-01    1.60389643E+02
   8.14269701E-02   -6.30763468E-01    1.58040454E+02
   8.21900051E-02   -5.11090005E-01    1.55621123E+02
   8.29601904E-02   -3.92185599E-01    1.53134604E+02
   8.37375929E-02   -2.74128430E-01    1.50583761E+02
   8.45222802E-02   -1.56990772E-01    1.47971144E+02
   8.53143207E-02   -4.08466997E-02    1.45299448E+02
   8.61137833E-02    7.42270113E-02    1.42571565E+02
   8.69207375E-02    1.88153415E-01    1.39790433E+02
   8.77352534E-02    3.00861621E-01    1.36958667E+02
   8.85574020E-02    4.12280266E-01    1.34078957E+02
   8.93872548E-02    5.22335710E-01    1.31154176E+02
   9.02248840E-02    6.30952537E-01    1.28187357E+02
   9.10703624E-02    7.38060359E-01    1.25181268E+02
   9.19237636E-02    8.43591971E-01    1.22138532E+02
   9.27851619E-02    9.47478494E-01    1.19061935E+02
   9.36546321E-02    1.04964933E+00    1.15954435E+02
   9.45322500E-02    1.15003633E+00    1.12818890E+02
   9.54180918E-02    1.24857553E+00    1.09657952E+02
   9.63122347E-02    1.34520201E+00    1.06474405E+02
   9.72147564E-02    1.43985032E+00    1.03271142E+02
   9.81257355E-02    1.53245945E+00    1.00050823E+02
   9.90452511E-02    1.62296977E+00    9.68160946E+01
   9.99733833E-02    1.71132074E+00    9.35697515E+01
   1.00910213E-01    1.79745289E+00    9.03146006E+01
   1.01855821E-01    1.88131108E+00    8.70532235E+01
   1.02810291E-01    1.96284050E+00    8.37882796E+01
   1.03773704E-01    2.04198725E+00    8.05224595E+01
   1.04746146E-01    2.11870089E+00    7.72582895E+01
   1.05727700E-01    2.19293151E+00    7.39983715E+01
   1.06718452E-01    2.26463064E+00    7.07453114E+01
   1.07718488E-01    2.33375324E+00    6.75015498E+01
   1.08727896E-01    2.40025510E+00    6.42695992E+01
   1.09746762E-01    2.46409398E+00    6.10519368E+01
   1.10775176E-01    2.52523068E+00    5.78509089E+01
   1.11813227E-01    2.58362705E+00    5.46689342E+01
   1.12861005E-01    2.63924751E+00    5.15083403E+01
   1.13918602E-01    2.69205911E+00    4.83713747E+01
   1.14986109E-01    2.74203032E+00    4.52603368E+01
   1.16063619E-01    2.78913262E+00    4.21773876E+01
   1.17151227E-01    2.83333967E+00    3.91246727E+01
   1.18249027E-01    2.87462717E+00    3.61043320E+01
   1.19357113E-01    2.91297374E+00    3.31183761E+01
   1.20475584E-01    2.94836011E+00    3.01688345E+01
   1.21604535E-01    2.98076970E+00    2.72576380E+01
   1.22744066E-01    3.01018841E+00    2.43866899E+01
   1.23894275E-01    3.03660464E+00    2.15578332E+01
   1.25055262E-01    3.06000946E+00    1.87728042E+01
   1.26227128E-01    3.08039653E+00    1.60333614E+01
   1.27409976E-01    3.09776211E+00    1.33411688E+01
   1.28603908E-01    3.11210520E+00    1.06978223E+01
   1.29809029E-01    3.12342737E+00    8.10484830E+00
   1.31025442E-01    3.13173295E+00    5.56372809E+00
   1.32253254E-01    3.13702895E+00    3.07587826E+00
   1.33492571E-01    3.13932510E+00    6.42641654E-01
   1.34743502E-01    3.13863387E+00   -1.73469831E+00
   1.36006155E-01    3.13497037E+00   -4.05492968E+00
   1.37280640E-01    3.12835251E+00   -6.31690305E+00
   1.38567068E-01    3.11880089E+00   -8.51953923E+00
   1.39865551E-01    3.10633883E+00   -1.06618269E+01
   1.41176201E-01    3.09099227E+00   -1.27428255E+01
   1.42499134E-01    3.07279002E+00   -1.47616594E+01
   1.43834463E-01    3.05176340E+00   -1.67175267E+01
   1.45182306E-01    3.02794644E+00   -1.86096947E+01
   1.46542779E-01    3.00137587E+00   -2.04374991E+01
   1.47916000E-01    2.97209093E+00   -2.22003485E+01
   1.49302090E-01    2.94013344E+00   -2.38977208E+01
   1.50701169E-01    2.90554809E+00   -2.55291621E+01
   1.52113357E-01    2.86838133E+00   -2.70942947E+01
   1.53538780E-01    2.82868294E+00   -2.85928058E+01
   1.54977559E-01    2.78650473E+00   -3.00244524E+01
   1.56429822E-01    2.74190062E+00   -3.13890649E+01
   1.57895692E-01    2.69492767E+00   -3.26865392E+01
   1.59375300E-01    2.64564465E+00   -3.39168423E+01
   1.60868772E-01    2.59411248E+00   -3.50800078E+01
   1.62376240E-01    2.54039460E+00   -3.61761381E+01
   1.63897833E-01    2.48455647E+00   -3.72054009E+01
   1.65433685E-01    2.42666563E+00   -3.81680320E+01
   1.66983930E-01    2.36679145E+00   -3.90643297E+01
   1.68548701E-01    2.30500553E+00   -3.98946598E+01
   1.70128135E-01    2.24138099E+00   -4.06594477E+01
   1.71722370E-01    2.17599311E+00   -4.13591856E+01
   1.73331545E-01    2.10891848E+00   -4.19944218E+01
   1.74955798E-01    2.04023546E+00   -4.25657671E+01
   1.76595272E-01    1.97002425E+00   -4.30738928E+01
   1.78250109E-01    1.89836619E+00   -4.35195259E+01
   1.79920454E-01    1.82534406E+00   -4.39034486E+01
   1.81606450E-01    1.75104149E+00   -4.42264935E+01
   1.83308246E-01    1.67554463E+00   -4.44895620E+01
   1.85025989E-01    1.59893886E+00   -4.46935839E+01
   1.86759829E-01    1.52131255E+00   -4.48395652E+01
   1.88509916E-01    1.44275296E+00   -4.49285324E+01
   1.90276403E-01    1.36335012E+00   -4.49615872E+01
   1.92059443E-01    1.28319299E+00   -4.49398492E+01
   1.93859192E-01    1.20237265E+00   -4.48645056E+01
   1.95675805E-01    1.12097942E+00   -4.47367644E+01
   1.97509442E-01    1.03910514E+00   -4.45578919E+01
   1.99360262E-01    9.56840856E-01   -4.43291736E+01
   2.01228425E-01    8.74278743E-01   -4.40519483E+01
   2.03114094E-01    7.91511262E-01   -4.37275908E+01
   2.05017433E-01    7.08627872E-01   -4.33574557E+01
   2.06938609E-01    6.25721946E-01   -4.29430012E+01
   2.08877787E-01    5.42885638E-01   -4.24856945E+01
   2.10835137E-01    4.60207974E-01   -4.19869782E+01
   2.12810828E-01    3.77781519E-01   -4.14483957E+01
   2.14805034E-01    2.95695593E-01   -4.08714584E+01
   2.16817927E-01    2.14037510E-01   -4.02576721E+01
   2.18849682E-01    1.32898254E-01   -3.96086510E+01
   2.20900476E-01    5.23654331E-02   -3.89259722E+01
   2.22970488E-01   -2.74768796E-02   -3.82111746E+01
   2.25059898E-01   -1.06541261E-01   -3.74659045E+01
   2.27168887E-01   -1.84742340E-01   -3.66917971E+01
   2.29297639E-01   -2.62000619E-01   -3.58903939E+01
   2.31446339E-01   -3.38234206E-01   -3.50633285E+01
   2.33615174E-01   -4.13360306E-01   -3.42122921E+01
   2.35804332E-01   -4.87302795E-01   -3.33388587E+01
   2.38014005E-01   -5.59985295E-01   -3.24446489E+01
   2.40244384E-01   -6.31332154E-01   -3.15313053E+01
   2.42495664E-01   -7.01271885E-01   -3.06004089E+01
   2.44768040E-01   -7.69732843E-01   -2.96535874E+01
   2.47061710E-01   -8.36647047E-01   -2.86924184E+01
   2.49376873E-01   -9.01947561E-01   -2.77184975E+01
   2.51713731E-01   -9.65571193E-01   -2.67333661E+01
   2.54072488E-01   -1.02745536E+00   -2.57385975E+01
   2.56453347E-01   -1.08754115E+00   -2.47357114E+01
   2.58856518E-01   -1.14577159E+00   -2.37262254E+01
   2.61282208E-01   -1.20209231E+00   -2.27116333E+01
   2.63730629E-01   -1.25645201E+00   -2.16933918E+01
   2.66201993E-01   -1.30880188E+00   -2.06729396E+01
   2.68696516E-01   -1.35909529E+00   -1.96517061E+01
   2.71214414E-01   -1.40728893E+00   -1.86310773E+01
   2.73755907E-01   -1.45334265E+00   -1.76123967E+01
   2.76321217E-01   -1.49721874E+00   -1.65969938E+01
   2.78910565E-01   -1.53888228E+00   -1.55861698E+01
   2.81524177E-01   -1.57830171E+00   -1.45811792E+01
   2.84162281E-01   -1.61544831E+00   -1.35832469E+01
   2.86825106E-01   -1.65029644E+00   -1.25935590E+01
   2.89512883E-01   -1.68282345E+00   -1.16132678E+01
   2.92225848E-01   -1.71300978E+00   -1.06434861E+01
   2.94964235E-01   -1.74083900E+00   -9.68528458E+00
   2.97728283E-01   -1.76629772E+00   -8.73969696E+00
   3.00518232E-01   -1.78937563E+00   -7.80771647E+00
   3.03334325E-01   -1.81006559E+00   -6.89029102E+00
   3.06176807E-01   -1.82836345E+00   -5.98832969E+00
   3.09045926E-01   -1.84426821E+00   -5.10269677E+00
   3.11941930E-01   -1.85778188E+00   -4.23421411E+00
   3.14865072E-01   -1.86890956E+00   -3.38365825E+00
   3.17815607E-01   -1.87765931E+00   -2.55176331E+00
   3.20793790E-01   -1.88404220E+00   -1.73921674E+00
   3.23799881E-01   -1.88807227E+00   -9.46662795E-01
   3.26834142E-01   -1.88976642E+00   -1.74700159E-01
   3.29896836E-01   -1.88914446E+00    5.76117348E-01
   3.32988229E-01   -1.88622900E+00    1.30528094E+00
   3.36108592E-01   -1.88104540E+00    2.01232770E+00
   3.39258195E-01   -1.87362176E+00    2.69683777E+00
   3.42437312E-01   -1.86398879E+00    3.35843753E+00
   3.45646220E-01   -1.85217981E+00    3.99679659E+00
   3.48885198E-01   -1.83823063E+00    4.61162886E+00
   3.52154528E-01   -1.82217949E+00    5.20269193E+00
   3.55454494E-01   -1.80406702E+00    5.76978577E+00
   3.58785384E-01   -1.78393610E+00    6.31275312E+00
   3.62147486E-01   -1.76183182E+00    6.83147819E+00
   3.65541094E-01   -1.73780136E+00    7.32588620E+00
   3.68966503E-01   -1.71189393E+00    7.79594245E+00
   3.72424010E-01   -1.68416067E+00    8.24165154E+00
   3.75913917E-01   -1.65465456E+00    8.66305627E+00
   3.79436528E-01   -1.62343025E+00    9.06023713E+00
   3.82992147E-01   -1.59054407E+00    9.43331043E+00
   3.86581086E-01   -1.55605389E+00    9.78242804E+00
   3.90203656E-01   -1.52001902E+00    1.01077758E+01
   3.93860173E-01   -1.48250001E+00    1.04095723E+01
   3.97550954E-01   -1.44355870E+00    1.06880678E+01
   4.01276320E-01   -1.40325802E+00    1.09435431E+01
   4.05036596E-01   -1.36166189E+00    1.11763079E+01
   4.08832109E-01   -1.31883516E+00    1.13866995E+01
   4.12663189E-01   -1.27484344E+00    1.15750819E+01
   4.16530169E-01   -1.22975298E+00    1.17418437E+01
   4.20433385E-01   -1.18363071E+00    1.18873974E+01
   4.24373178E-01   -1.13654389E+00    1.20121773E+01
   4.28349890E-01   -1.08856023E+00    1.21166387E+01
   4.32363867E-01   -1.03974767E+00    1.22012562E+01
   4.36415458E-01   -9.90174304E-01    1.22665222E+01
   4.40505015E-01   -9.39908228E-01    1.23129453E+01
   4.44632895E-01   -8.89017744E-01    1.23410514E+01
   4.48799456E-01   -8.37570257E-01    1.23513737E+01
   4.53005062E-01   -7.85633822E-01    1.23444653E+01
   4.57250077E-01   -7.33275718E-01    1.23208864E+01
   4.61534871E-01   -6.80562813E-01    1.22812074E+01
   4.65859817E-01   -6.27561284E-01    1.22260049E+01
   4.70225292E-01   -5.74336973E-01    1.21558654E+01
   4.74631674E-01   -5.20954851E-01    1.20713792E+01
   4.79079348E-01   -4.67479089E-01    1.19731412E+01
   4.83568700E-01   -4.13973114E-01    1.18617505E+01
   4.88100120E-01   -3.60499145E-01    1.17378056E+01
   4.92674004E-01   -3.07118590E-01    1.16019079E+01
   4.97290748E-01   -2.53891923E-01    1.14546606E+01
   5.01950755E-01   -2.00877601E-01    1.12966559E+01
   5.06654430E-01   -1.48134152E-01    1.11284984E+01
   5.11402183E-01   -9.57175793E-02    1.09507753E+01
   5.16194425E-01   -4.36835221E-02    1.07640810E+01
   5.21031574E-01    7.91477162E-03    1.05689931E+01
   5.25914052E-01    5.90244124E-02    1.03660964E+01
   5.30842282E-01    1.09595365E-01    1.01559524E+01
   5.35816693E-01    1.59577318E-01    9.93913839E+00
   5.40837719E-01    2.08923824E-01    9.71619350E+00
   5.45905795E-01    2.57588966E-01    9.48766289E+00
   5.51021364E-01    3.05527390E-01    9.25409651E+00
   5.56184869E-01    3.52697143E-01    9.01601165E+00
   5.61396760E-01    3.99057357E-01    8.77392363E+00
   5.66657491E-01    4.44569062E-01    8.52833457E+00
   5.71967520E-01    4.89194892E-01    8.27973713E+00
   5.77327307E-01    5.32899564E-01    8.02860806E+00
   5.82737320E-01    5.75649324E-01    7.77541570E+00
   5.88198029E-01    6.17412331E-01    7.52061465E+00
   5.93709909E-01    6.58158989E-01    7.26463938E+00
   5.99273439E-01    6.97861053E-01    7.00791945E+00
   6.04889105E-01    7.36492335E-01    6.75086677E+00
   6.10557393E-01    7.74028651E-01    6.49387735E+00
   6.16278798E-01    8.10447417E-01    6.23733709E+00
   6.22053817E-01    8.45728140E-01    5.98161362E+00
   6.27882953E-01    8.79852052E-01    5.72706218E+00
   6.33766712E-01    9.12802320E-01    5.47402157E+00
   6.39705607E-01    9.44563875E-01    5.22281729E+00
   6.45700153E-01    9.75123496E-01    4.97375933E+00
   6.51750874E-01    1.00446975E+00    4.72714331E+00
   6.57858294E-01    1.03259301E+00    4.48324907E+00
   6.64022946E-01    1.05948538E+00    4.24234293E+00
   6.70245365E-01    1.08514069E+00    4.00467612E+00
   6.76526094E-01    1.10955450E+00    3.77048493E+00
   6.82865678E-01    1.13272405E+00    3.53999176E+00
   6.89264668E-01    1.15464819E+00    3.31340434E+00
   6.95723623E-01    1.17532743E+00    3.09091635E+00
   7.02243102E-01    1.19476381E+00    2.87270763E+00
   7.08823675E-01    1.21296096E+00    2.65894412E+00
   7.15465912E-01    1.22992397E+00    2.44977831E+00
   7.22170393E-01    1.24565941E+00    2.24534936E+00
   7.28937700E-01    1.26017530E+00    2.04578339E+00
   7.35768422E-01    1.27348098E+00    1.85119374E+00
   7.42663153E-01    1.28558719E+00    1.66168127E+00
   7.49622493E-01    1.29650591E+00    1.47733464E+00
   7.56647048E-01    1.30625040E+00    1.29823061E+00
   7.63737429E-01    1.31483510E+00    1.12443438E+00
   7.70894251E-01    1.32227560E+00    9.55999904E-01
   7.78118139E-01    1.32858860E+00    7.92970225E-01
   7.85409721E-01    1.33379185E+00    6.35377831E-01
   7.92769630E-01    1.33790411E+00    4.83244999E-01
   8.00198508E-01    1.34094508E+00    3.36584150E-01
   8.07697000E-01    1.34293537E+00    1.95398218E-01
   8.15265758E-01    1.34389644E+00    5.96810119E-02
   8.22905442E-01    1.34385056E+00   -7.05824227E-02
   8.30616716E-01    1.34282074E+00   -1.95415423E-01
   8.38400251E-01    1.34083070E+00   -3.14849344E-01
   8.46256723E-01    1.33790479E+00   -4.28923189E-01
   8.54186817E-01    1.33406799E+00   -5.37683239E-01
   8.62191222E-01    1.32934579E+00   -6.41182672E-01
   8.70270635E-01    1.32376422E+00   -7.39481225E-01
   8.78425758E-01    1.31734972E+00   -8.32644792E-01
   8.86657301E-01    1.31012916E+00   -9.20745105E-01
   8.94965980E-01    1.30212974E+00   -1.00385932E+00
   9.03352518E-01    1.29337897E+00   -1.08206976E+00
   9.11817645E-01    1.28390462E+00   -1.15546343E+00
   9.20362096E-01    1.27373466E+00   -1.22413182E+00
   9.28986616E-01    1.26289724E+00   -1.28817046E+00
   9.37691954E-01    1.25142061E+00   -1.34767864E+00
   9.46478868E-01    1.23933310E+00   -1.40275906E+00
   9.55348123E-01    1.22666307E+00   -1.45351757E+00
   9.64300489E-01    1.21343888E+00   -1.50006274E+00
   9.73336746E-01    1.19968882E+00   -1.54250570E+00
   9.82457680E-01    1.18544110E+00   -1.58095972E+00
   9.91664085E-01    1.17072379E+00   -1.61554002E+00
   1.00095676E+00    1.15556480E+00   -1.64636337E+00
   1.01033652E+00    1.13999182E+00   -1.67354796E+00
   1.01980417E+00    1.12403233E+00   -1.69721301E+00
   1.02936054E+00    1.10771349E+00   -1.71747857E+00
   1.03900646E+00    1.09106218E+00   -1.73446528E+00
   1.04874277E+00    1.07410495E+00   -1.74829407E+00
   1.05857032E+00    1.05686796E+00   -1.75908603E+00
   1.06848996E+00    1.03937697E+00   -1.76696206E+00
   1.07850255E+00    1.02165734E+00   -1.77204274E+00
   1.08860897E+00    1.00373398E+00   -1.77444824E+00
   1.09881010E+00    9.85631233E-01   -1.77429751E+00
   1.10910682E+00    9.67373096E-01   -1.77170926E+00
   1.11950002E+00    9.48982944E-01   -1.76680061E+00
   1.12999062E+00    9.30483639E-01   -1.75968754E+00
   1.14057953E+00    9.11897482E-01   -1.75048459E+00
   1.15126766E+00    8.93246201E-01   -1.73930470E+00
   1.16205595E+00    8.74550935E-01   -1.72625909E+00
   1.17294533E+00    8.55832214E-01   -1.71145709E+00
   1.18393675E+00    8.37109951E-01   -1.69500606E+00
   1.19503117E+00    8.18403434E-01   -1.67701129E+00
   1.20622956E+00    7.99731311E-01   -1.65757580E+00
   1.21753288E+00    7.81111577E-01   -1.63680035E+00
   1.22894213E+00    7.62561583E-01   -1.61478331E+00
   1.24045829E+00    7.44098007E-01   -1.59162053E+00
   1.25208236E+00    7.25736876E-01   -1.56740539E+00
   1.26381536E+00    7.07493540E-01   -1.54222862E+00
   1.27565831E+00    6.89382683E-01   -1.51617833E+00
   1.28761223E+00    6.71418319E-01   -1.48933981E+00
   1.29967818E+00    6.53613834E-01   -1.46179223E+00
   1.31185719E+00    6.35981860E-01   -1.43362268E+00
   1.32415033E+00    6.18534410E-01   -1.40490443E+00
   1.33655866E+00    6.01282829E-01   -1.37571186E+00
   1.34908327E+00    5.84237816E-01   -1.34611635E+00
   1.36172525E+00    5.67409407E-01   -1.31618648E+00
   1.37448569E+00    5.50807009E-01   -1.28598805E+00
   1.38736570E+00    5.34439380E-01   -1.25558395E+00
   1.40036642E+00    5.18314661E-01   -1.22503434E+00
   1.41348896E+00    5.02440370E-01   -1.19439658E+00
   1.42673446E+00    4.86823416E-01   -1.16372521E+00
   1.44010409E+00    4.71470120E-01   -1.13307211E+00
   1.45359901E+00    4.56386209E-01   -1.10248640E+00
   1.46722038E+00    4.41576845E-01   -1.07201456E+00
   1.48096939E+00    4.27046625E-01   -1.04170043E+00
   1.49484724E+00    4.12799605E-01   -1.01158530E+00
   1.50885514E+00    3.98839304E-01   -9.81707886E-01
   1.52299431E+00    3.85168728E-01   -9.52104454E-01
   1.53726597E+00    3.71790376E-01   -9.22808836E-01
   1.55167136E+00    3.58706263E-01   -8.93852483E-01
   1.56621175E+00    3.45917929E-01   -8.65264557E-01
   1.58088839E+00    3.33426458E-01   -8.37071942E-01
   1.59570256E+00    3.21232497E-01   -8.09299359E-01
   1.61065555E+00    3.09336264E-01   -7.81969396E-01
   1.62574867E+00    2.97737572E-01   -7.55102582E-01
   1.64098322E+00    2.86435842E-01   -7.28717459E-01
   1.65636053E+00    2.75430121E-01   -7.02830664E-01
   1.67188193E+00    2.64719098E-01   -6.77456907E-01
   1.68754879E+00    2.54301119E-01   -6.52609224E-01
   1.70336245E+00    2.44174207E-01   -6.28298861E-01
   1.71932430E+00    2.34336077E-01   -6.04535436E-01
   1.73543573E+00    2.24784149E-01   -5.81326994E-01
   1.75169813E+00    2.15515573E-01   -5.58680070E-01
   1.76811293E+00    2.06527236E-01   -5.36599766E-01
   1.78468154E+00    1.97815783E-01   -5.15089809E-01
   1.80140542E+00    1.89377632E-01   -4.94152632E-01
   1.81828601E+00    1.81208990E-01   -4.73789432E-01
   1.83532478E+00    1.73305866E-01   -4.54000238E-01
   1.85252323E+00    1.65664091E-01   -4.34783981E-01
   1.86988283E+00    1.58279326E-01   -4.16138554E-01
   1.88740511E+00    1.51147084E-01   -3.98060876E-01
   1.90509159E+00    1.44262738E-01   -3.80546956E-01
   1.92294380E+00    1.37621537E-01   -3.63591953E-01
   1.94096330E+00    1.31218623E-01   -3.47190236E-01
   1.95915166E+00    1.25049037E-01   -3.31335440E-01
   1.97751046E+00    1.19107736E-01   -3.16020522E-01
   1.99604130E+00    1.13389609E-01   -3.01237821E-01
   2.01474578E+00    1.07889480E-01   -2.86979103E-01
   2.03362554E+00    1.02602125E-01   -2.73235621E-01
   2.05268222E+00    9.75222853E-02   -2.59998158E-01
   2.07191747E+00    9.26446720E-02   -2.47257076E-01
   2.09133297E+00    8.79639808E-02   -2.35002368E-01
   2.11093041E+00    8.34748995E-02   -2.23223692E-01
   2.13071150E+00    7.91721195E-02   -2.11910427E-01
   2.15067795E+00    7.50503415E-02   -2.01051698E-01
   2.17083150E+00    7.11042867E-02   -1.90636429E-01
   2.19117390E+00    6.73287038E-02   -1.80653372E-01
   2.21170693E+00    6.37183759E-02   -1.71091143E-01
   2.23243237E+00    6.02681302E-02   -1.61938264E-01
   2.25335203E+00    5.69728401E-02   -1.53183178E-01
   2.27446772E+00    5.38274353E-02   -1.44814294E-01
   2.29578128E+00    5.08269087E-02   -1.36820013E-01
   2.31729456E+00    4.79663158E-02   -1.29188745E-01
   2.33900944E+00    4.52407855E-02   -1.21908943E-01
   2.36092781E+00    4.26455249E-02   -1.14969128E-01
   2.38305156E+00    4.01758173E-02   -1.08357899E-01
   2.40538264E+00    3.78270329E-02   -1.02063963E-01
   2.42792297E+00    3.55946303E-02   -9.60761559E-02
   2.45067453E+00    3.34741572E-02   -9.03834470E-02
   2.47363928E+00    3.14612559E-02   -8.49749657E-02
   2.49681924E+00    2.95516647E-02   -7.98400117E-02
   2.52021641E+00    2.77412205E-02   -7.49680686E-02
   2.54383282E+00    2.60258604E-02   -7.03488161E-02
   2.56767055E+00    2.44016231E-02   -6.59721383E-02
   2.59173165E+00    2.28646496E-02   -6.18281333E-02
   2.61601822E+00    2.14111859E-02   -5.79071248E-02
   2.64053238E+00    2.00375814E-02   -5.41996628E-02
   2.66527625E+00    1.87402918E-02   -5.06965377E-02
   2.69025199E+00    1.75158765E-02   -4.73887751E-02
   2.71546178E+00    1.63610014E-02   -4.42676501E-02
   2.74090780E+00    1.52724363E-02   -4.13246821E-02
   2.76659227E+00    1.42470563E-02   -3.85516429E-02
   2.79251743E+00    1.32818394E-02   -3.59405539E-02
   2.81868552E+00    1.23738674E-02   -3.34836901E-02
   2.84509883E+00    1.15203236E-02   -3.11735784E-02
   2.87175965E+00    1.07184922E-02   -2.90029967E-02
   2.89867031E+00    9.96575713E-03   -2.69649747E-02
   2.92583314E+00    9.25960001E-03   -2.50527891E-02
   2.95325051E+00    8.59759943E-03   -2.32599644E-02
   2.98092479E+00    7.97742871E-03   -2.15802683E-02
   3.00885841E+00    7.39685400E-03   -2.00077082E-02
   3.03705379E+00    6.85373321E-03   -1.85365296E-02
   3.06551339E+00    6.34601307E-03   -1.71612097E-02
   3.09423967E+00    5.87172766E-03   -1.58764545E-02
   3.12323514E+00    5.42899671E-03   -1.46771952E-02
   3.15250232E+00    5.01602220E-03   -1.35585798E-02
   3.18204375E+00    4.63108795E-03   -1.25159733E-02
   3.21186202E+00    4.27255554E-03   -1.15449467E-02
   3.24195970E+00    3.93886337E-03   -1.06412760E-02
   3.27233942E+00    3.62852427E-03   -9.80093559E-03
   3.30300383E+00    3.34012245E-03   -9.02009084E-03
   3.33395558E+00    3.07231174E-03   -8.29509374E-03
   3.36519738E+00    2.82381333E-03   -7.62247721E-03
   3.39673194E+00    2.59341331E-03   -6.99894876E-03
   3.42856200E+00    2.37996051E-03   -6.42138493E-03
   3.46069033E+00    2.18236404E-03   -5.88682494E-03
   3.49311973E+00    1.99959116E-03   -5.39246510E-03
   3.52585302E+00    1.83066504E-03   -4.93565289E-03
   3.55889305E+00    1.67466262E-03   -4.51388139E-03
   3.59224269E+00    1.53071207E-03   -4.12478258E-03
   3.62590484E+00    1.39799147E-03   -3.76612369E-03
   3.65988243E+00    1.27572556E-03   -3.43579866E-03
   3.69417842E+00    1.16318457E-03   -3.13182491E-03
   3.72879579E+00    1.05968226E-03   -2.85233818E-03
   3.76373755E+00    9.64572960E-04   -2.59558450E-03
   3.79900674E+00    8.77250787E-04   -2.35991806E-03
   3.83460644E+00    7.97147073E-04   -2.14379430E-03
   3.87053973E+00    7.23729047E-04   -1.94576636E-03
   3.90680974E+00    6.56497505E-04   -1.76447872E-03
   3.94341963E+00    5.94985440E-04   -1.59866348E-03
   3.98037259E+00    5.38756405E-04   -1.44713596E-03
   4.01767182E+00    4.87402777E-04   -1.30878993E-03
   4.05532058E+00    4.40544256E-04   -1.18259357E-03
   4.09332214E+00    3.97826478E-04   -1.06758564E-03
   4.13167980E+00    3.58919366E-04   -9.62871009E-04
   4.17039690E+00    3.23515878E-04   -8.67617274E-04
   4.20947682E+00    2.91330697E-04   -7.81051123E-04
   4.24892294E+00    2.62098901E-04   -7.02454756E-04
   4.28873870E+00    2.35574796E-04   -6.31162670E-04
   4.32892757E+00    2.11530699E-04   -5.66558357E-04
   4.36949304E+00    1.89755865E-04   -5.08071357E-04
   4.41043864E+00    1.70055440E-04   -4.55174414E-04
   4.45176793E+00    1.52249353E-04   -4.07380441E-04
   4.49348452E+00    1.36171507E-04   -3.64240318E-04
   4.53559201E+00    1.21668717E-04   -3.25339987E-04
   4.57809409E+00    1.08599945E-04   -2.90298373E-04
   4.62099445E+00    9.68354282E-05   -2.58764999E-04
   4.66429682E+00    8.62559493E-05   -2.30417990E-04
   4.70800496E+00    7.67520089E-05   -2.04961833E-04
   4.75212269E+00    6.82232445E-05   -1.82125777E-04
   4.79665383E+00    6.05776926E-05   -1.61661830E-04
   4.84160226E+00    5.37312182E-05   -1.43343206E-04
   4.88697190E+00    4.76069134E-05   -1.26962681E-04
   4.93276669E+00    4.21345642E-05   -1.12331147E-04
   4.97899061E+00    3.72501252E-05   -9.92761843E-05
   5.02564768E+00    3.28952841E-05   -8.76408692E-05
   5.07274197E+00    2.90169402E-05   -7.72823655E-05
   5.12027757E+00    2.55668479E-05   -6.80709508E-05
   5.16825861E+00    2.25012254E-05   -5.98889552E-05
   5.21668928E+00    1.97803476E-05   -5.26296569E-05
   5.26557377E+00    1.73682395E-05   -4.61964495E-05
   5.31491636E+00    1.52323642E-05   -4.05019966E-05
   5.36472132E+00    1.33433188E-05   -3.54674083E-05
   5.41499300E+00    1.16745615E-05   -3.10215007E-05
   5.46573576E+00    1.02021831E-05   -2.71001783E-05
   5.51695402E+00    8.90463791E-06   -2.36457060E-05
   5.56865224E+00    7.76257198E-06   -2.06062439E-05
   5.62083490E+00    6.75858983E-06   -1.79352177E-05
   5.67350657E+00    5.87709622E-06   -1.55908907E-05
   5.72667180E+00    5.10411985E-06   -1.35358881E-05
   5.78033524E+00    4.42716078E-06   -1.17367852E-05
   5.83450155E+00    3.83504893E-06   -1.01637261E-05
   5.88917543E+00    3.31782046E-06   -8.79008987E-06
   5.94436166E+00    2.86659212E-06   -7.59215279E-06
   6.00006502E+00    2.47346003E-06   -6.54881545E-06
   6.05629037E+00    2.13139757E-06   -5.64132800E-06
   6.11304259E+00    1.83416994E-06   -4.85306048E-06
   6.17032663E+00    1.57624875E-06   -4.16927313E-06
   6.22814746E+00    1.35274111E-06   -3.57692602E-06
   6.28651013E+00    1.15932164E-06   -3.06449628E-06
   6.34541969E+00    9.92172211E-07   -2.62181666E-06
   6.40488128E+00    8.47927084E-07   -2.23992812E-06
   6.46490008E+00    7.23623634E-07   -1.91094788E-06
   6.52548130E+00    6.16657647E-07   -1.62794961E-06
   6.58663021E+00    5.24743424E-07   -1.38485655E-06
   6.64835214E+00    4.45877581E-07   -1.17634463E-06
   6.71065245E+00    3.78306919E-07   -9.97756548E-07
   6.77353656E+00    3.20499297E-07   -8.45023825E-07
   6.83700995E+00    2.71117899E-07   -7.14598070E-07
   6.90107813E+00    2.28997973E-07   -6.03388836E-07
   6.96574668E+00    1.93126325E-07   -5.08708854E-07
   7.03102123E+00    1.62622885E-07   -4.28224861E-07
   7.09690745E+00    1.36724232E-07   -3.59913640E-07
   7.16341108E+00    1.14770060E-07   -3.02025933E-07
   7.23053790E+00    9.61882874E-08   -2.53046787E-07
   7.29829375E+00    8.04864754E-08   -2.11672664E-07
   7.36668453E+00    6.72390240E-08   -1.76777381E-07
   7.43571618E+00    5.60808108E-08   -1.47395163E-07
   7.50539471E+00    4.66973426E-08   -1.22694465E-07
   7.57572619E+00    3.88196249E-08   -1.01964318E-07
   7.64671672E+00    3.22168583E-08   -8.45949364E-08
   7.71837250E+00    2.66920132E-08   -7.00659522E-08
   7.79069974E+00    2.20770265E-08   -5.79336678E-08
   7.86370475E+00    1.82285770E-08   -4.78198476E-08
   7.93739388E+00    1.50248999E-08   -3.94032659E-08
   8.01177353E+00    1.23625942E-08   -3.24112432E-08
   8.08685017E+00    1.01540894E-08   -2.66129337E-08
   8.16263034E+00    8.32521618E-09   -2.18128901E-08
   8.23912064E+00    6.81354290E-09   -1.78466577E-08
   8.31632770E+00    5.56621108E-09   -1.45750489E-08
   8.39425826E+00    4.53890705E-09   -1.18814202E-08
   8.47291909E+00    3.69434121E-09   -9.66765274E-09
   8.55231704E+00    3.00134907E-09   -7.85177460E-09
   8.63245900E+00    2.43376395E-09   -6.36498419E-09
   8.71335196E+00    1.96976223E-09   -5.14992049E-09
   8.79500295E+00    1.59116090E-09   -4.15880870E-09
   8.87741907E+00    1.28285901E-09   -3.35198632E-09
   8.96060750E+00    1.03227205E-09   -2.69641194E-09
   9.04457547E+00    8.28991036E-10   -2.16476608E-09
   9.12933028E+00    6.64425199E-10   -1.73450938E-09
   9.21487932E+00    5.31462390E-10   -1.38698850E-09
   9.30123001E+00    4.24241418E-10   -1.10683647E-09
   9.38838988E+00    3.37965073E-10   -8.81480431E-10
   9.47636651E+00    2.68678206E-10   -7.00558005E-10
   9.56516755E+00    2.13153561E-10   -5.55616900E-10
   9.65480072E+00    1.68745603E-10   -4.39730762E-10
   9.74527383E+00    1.33309397E-10   -3.47285867E-10
   9.83659474E+00    1.05088999E-10   -2.73688119E-10
   9.92877140E+00    8.26641624E-11   -2.15223014E-10
   1.00218118E+01    6.48829461E-11   -1.68878810E-10
   1.01157241E+01    5.08146555E-11   -1.32223048E-10
   1.02105164E+01    3.97084790E-11   -1.03294081E-10
   1.03061971E+01    3.09600133E-11   -8.05133221E-11
   1.04027743E+01    2.40845783E-11   -6.26153099E-11
   1.05002565E+01    1.86933345E-11   -4.85851560E-11
   1.05986522E+01    1.44757469E-11   -3.76126242E-11
   1.06979699E+01    1.11835959E-11   -2.90502853E-11
   1.07982183E+01    8.62012852E-12   -2.23851227E-11
   1.08994062E+01    6.62831017E-12   -1.72078172E-11
   1.10015422E+01    5.08463327E-12   -1.31965478E-11
   1.11046353E+01    3.89101212E-12   -1.00958179E-11
   1.12086946E+01    2.97059484E-12   -7.70550720E-12
   1.13137289E+01    2.26212268E-12   -5.86615029E-12
   1.14197474E+01    1.71843133E-12   -4.45501382E-12
   1.15267595E+01    1.30219687E-12   -3.37500148E-12
   1.16347743E+01    9.84203246E-13   -2.55013355E-12
   1.17438014E+01    7.42037473E-13   -1.92214224E-12
   1.18538501E+01    5.58035419E-13   -1.44511896E-12
   1.19649300E+01    4.18468189E-13   -1.08339434E-12
   1.20770508E+01    3.13112797E-13   -8.10416966E-13
   1.21902223E+01    2.33605365E-13   -6.04469264E-13
   1.23044543E+01    1.73796042E-13   -4.49588702E-13
   1.24197568E+01    1.28981906E-13   -3.33571790E-13
   1.25361397E+01    9.54779387E-14   -2.46859340E-13
   1.26536133E+01    7.04717587E-14   -1.82157831E-13
   1.27721876E+01    5.18466728E-14   -1.33979959E-13
   1.28918731E+01    3.80447902E-14   -9.82881410E-14
   1.30126801E+01    2.78711758E-14   -7.19864829E-14
   1.31346192E+01    2.03319046E-14   -5.25003065E-14
   1.32577010E+01    1.48029199E-14   -3.82138792E-14
   1.33819361E+01    1.07291401E-14   -2.76902584E-14
   1.35073354E+01    7.76563074E-15   -2.00368737E-14
   1.36339098E+01    5.60474807E-15   -1.44577947E-14
   1.37616703E+01    4.02043766E-15   -1.03683035E-14
   1.38906280E+01    2.88464243E-15   -7.43736702E-15
   1.40207942E+01    2.06755275E-15   -5.32944240E-15
   1.41521801E+01    1.46507047E-15   -3.77547828E-15
   1.42847972E+01    1.03330048E-15   -2.66210227E-15
   1.44186570E+01    7.33448807E-16   -1.88914058E-15
   1.45537712E+01    5.24364349E-16   -1.35033311E-15
   1.46901516E+01    3.70701907E-16   -9.54418769E-16
   1.48278099E+01    2.59397520E-16   -6.67691790E-16
   1.49667582E+01    1.81059854E-16   -4.65935316E-16
   1.51070085E+01    1.25776201E-16   -3.23588131E-16
   1.52485731E+01    8.60736287E-17   -2.21381764E-16
   1.53914643E+01    5.87233885E-17   -1.50994275E-16
   1.55356945E+01    4.06985607E-17   -1.04624603E-16
   1.56812762E+01    2.87887088E-17   -7.39987416E-17
   1.58282221E+01    2.01076836E-17   -5.16788259E-17
   1.59765451E+01    1.37386724E-17   -3.53039749E-17
   1.61262579E+01    9.26467960E-18   -2.38019692E-17
   1.62773737E+01    6.24281632E-18   -1.60340095E-17
   1.64299055E+01    4.20332076E-18   -1.07921980E-17
   1.65838667E+01    2.74487303E-18   -7.04459616E-18
   1.67392707E+01    1.73511757E-18   -4.45077393E-18
   1.68961309E+01    1.08889045E-18   -2.79162448E-18
   1.70544609E+01    7.15763898E-19    0.00000000E+00
   1.72142747E+01    5.19833938E-19    0.00000000E+00
   1.73755861E+01    4.01586478E-19    0.00000000E+00
   1.75384090E+01    3.06355057E-19    0.00000000E+00
   1.77027578E+01    2.28824188E-19    0.00000000E+00
   1.78686466E+01    1.65763931E-19    0.00000000E+00
   1.80360899E+01    1.13743842E-19    0.00000000E+00
   1.82051023E+01    6.91248704E-20    0.00000000E+00
   1.83756985E+01    0.00000000E+00    0.00000000E+00
   1.85478933E+01    0.00000000E+00    0.00000000E+00
   1.87217017E+01    0.00000000E+00    0.00000000E+00
   1.88971389E+01    0.00000000E+00    0.00000000E+00
   1.90742200E+01    0.00000000E+00    0.00000000E+00
   1.92529605E+01    0.00000000E+00    0.00000000E+00
   1.94333759E+01    0.00000000E+00    0.00000000E+00
   1.96154820E+01    0.00000000E+00    0.00000000E+00
   1.97992946E+01    0.00000000E+00    0.00000000E+00
   1.99848296E+01    0.00000000E+00    0.00000000E+00
   2.01721032E+01    0.00000000E+00    0.00000000E+00
   2.03611318E+01    0.00000000E+00    0.00000000E+00
   2.05519316E+01    0.00000000E+00    0.00000000E+00
   2.07445195E+01    0.00000000E+00    0.00000000E+00
   2.09389120E+01    0.00000000E+00    0.00000000E+00
   2.11351261E+01    0.00000000E+00    0.00000000E+00
   2.13331790E+01    0.00000000E+00    0.00000000E+00
   2.15330877E+01    0.00000000E+00    0.00000000E+00
   2.17348697E+01    0.00000000E+00    0.00000000E+00
   2.19385426E+01    0.00000000E+00    0.00000000E+00
   2.21441241E+01    0.00000000E+00    0.00000000E+00
   2.23516320E+01    0.00000000E+00    0.00000000E+00
   2.25610845E+01    0.00000000E+00    0.00000000E+00
   2.27724997E+01    0.00000000E+00    0.00000000E+00
   2.29858960E+01    0.00000000E+00    0.00000000E+00
   2.32012920E+01    0.00000000E+00    0.00000000E+00
   2.34187064E+01    0.00000000E+00    0.00000000E+00
   2.36381582E+01    0.00000000E+00    0.00000000E+00
   2.38596664E+01    0.00000000E+00    0.00000000E+00
   2.40832503E+01    0.00000000E+00    0.00000000E+00
   2.43089294E+01    0.00000000E+00    0.00000000E+00
   2.45367232E+01    0.00000000E+00    0.00000000E+00
   2.47666517E+01    0.00000000E+00    0.00000000E+00
   2.49987348E+01    0.00000000E+00    0.00000000E+00
   2.52329927E+01    0.00000000E+00    0.00000000E+00
   2.54694457E+01    0.00000000E+00    0.00000000E+00
   2.57081146E+01    0.00000000E+00    0.00000000E+00
   2.59490199E+01    0.00000000E+00    0.00000000E+00
   2.61921827E+01    0.00000000E+00    0.00000000E+00
   2.64376242E+01    0.00000000E+00    0.00000000E+00
   2.66853656E+01    0.00000000E+00    0.00000000E+00
   2.69354285E+01    0.00000000E+00    0.00000000E+00
   2.71878348E+01    0.00000000E+00    0.00000000E+00
   2.74426062E+01    0.00000000E+00    0.00000000E+00
   2.76997651E+01    0.00000000E+00    0.00000000E+00
   2.79593338E+01    0.00000000E+00    0.00000000E+00
   2.82213348E+01    0.00000000E+00    0.00000000E+00
   2.84857910E+01    0.00000000E+00    0.00000000E+00
   2.87527254E+01    0.00000000E+00    0.00000000E+00
   2.90221611E+01    0.00000000E+00    0.00000000E+00
   2.92941217E+01    0.00000000E+00    0.00000000E+00
   2.95686308E+01    0.00000000E+00    0.00000000E+00
   2.98457122E+01    0.00000000E+00    0.00000000E+00
   3.01253901E+01    0.00000000E+00    0.00000000E+00
   3.04076888E+01    0.00000000E+00    0.00000000E+00
   3.06926328E+01    0.00000000E+00    0.00000000E+00
   3.09802470E+01    0.00000000E+00    0.00000000E+00
   3.12705564E+01    0.00000000E+00    0.00000000E+00
   3.15635862E+01    0.00000000E+00    0.00000000E+00
   3.18593620E+01    0.00000000E+00    0.00000000E+00
   3.21579094E+01    0.00000000E+00    0.00000000E+00
   3.24592544E+01    0.00000000E+00    0.00000000E+00
   3.27634232E+01    0.00000000E+00    0.00000000E+00
   3.30704424E+01    0.00000000E+00    0.00000000E+00
   3.33803385E+01    0.00000000E+00    0.00000000E+00
   3.36931387E+01    0.00000000E+00    0.00000000E+00
   3.40088700E+01    0.00000000E+00    0.00000000E+00
   3.43275599E+01    0.00000000E+00    0.00000000E+00
   3.46492363E+01    0.00000000E+00    0.00000000E+00
   3.49739270E+01    0.00000000E+00    0.00000000E+00
   3.53016603E+01    0.00000000E+00    0.00000000E+00
   3.56324647E+01    0.00000000E+00    0.00000000E+00
   3.59663691E+01    0.00000000E+00    0.00000000E+00
   3.63034024E+01    0.00000000E+00    0.00000000E+00
   3.66435939E+01    0.00000000E+00    0.00000000E+00
   3.69869733E+01    0.00000000E+00    0.00000000E+00
   3.73335705E+01    0.00000000E+00    0.00000000E+00
   3.76834155E+01    0.00000000E+00    0.00000000E+00
   3.80365389E+01    0.00000000E+00    0.00000000E+00
   3.83929713E+01    0.00000000E+00    0.00000000E+00
   3.87527438E+01    0.00000000E+00    0.00000000E+00
   3.91158876E+01    0.00000000E+00    0.00000000E+00
   3.94824343E+01    0.00000000E+00    0.00000000E+00
   3.98524159E+01    0.00000000E+00    0.00000000E+00
   4.02258645E+01    0.00000000E+00    0.00000000E+00
   4.06028126E+01    0.00000000E+00    0.00000000E+00
   4.09832931E+01    0.00000000E+00    0.00000000E+00
   4.13673389E+01    0.00000000E+00    0.00000000E+00
   4.17549835E+01    0.00000000E+00    0.00000000E+00
   4.21462607E+01    0.00000000E+00    0.00000000E+00
   4.25412044E+01    0.00000000E+00    0.00000000E+00
   4.29398491E+01    0.00000000E+00    0.00000000E+00
   4.33422294E+01    0.00000000E+00    0.00000000E+00
   4.37483803E+01    0.00000000E+00    0.00000000E+00
   4.41583372E+01    0.00000000E+00    0.00000000E+00
   4.45721357E+01    0.00000000E+00    0.00000000E+00
   4.49898118E+01    0.00000000E+00    0.00000000E+00
   4.54114019E+01    0.00000000E+00    0.00000000E+00
   4.58369426E+01    0.00000000E+00    0.00000000E+00
   4.62664709E+01    0.00000000E+00    0.00000000E+00
   4.67000243E+01    0.00000000E+00    0.00000000E+00
   4.71376404E+01    0.00000000E+00    0.00000000E+00
   4.75793573E+01    0.00000000E+00    0.00000000E+00
   4.80252135E+01    0.00000000E+00    0.00000000E+00
   4.84752477E+01    0.00000000E+00    0.00000000E+00
   4.89294990E+01    0.00000000E+00    0.00000000E+00
   4.93880071E+01    0.00000000E+00    0.00000000E+00
   4.98508117E+01    0.00000000E+00    0.00000000E+00
   5.03179532E+01    0.00000000E+00    0.00000000E+00
   5.07894721E+01    0.00000000E+00    0.00000000E+00
   5.12654096E+01    0.00000000E+00    0.00000000E+00
   5.17458070E+01    0.00000000E+00    0.00000000E+00
   5.22307060E+01    0.00000000E+00    0.00000000E+00
   5.27201490E+01    0.00000000E+00    0.00000000E+00
   5.32141784E+01    0.00000000E+00    0.00000000E+00
   5.37128373E+01    0.00000000E+00    0.00000000E+00
   5.42161690E+01    0.00000000E+00    0.00000000E+00
   5.47242173E+01    0.00000000E+00    0.00000000E+00
   5.52370265E+01    0.00000000E+00    0.00000000E+00
   5.57546410E+01    0.00000000E+00    0.00000000E+00
   5.62771061E+01    0.00000000E+00    0.00000000E+00
   5.68044670E+01    0.00000000E+00    0.00000000E+00
   5.73367697E+01    0.00000000E+00    0.00000000E+00
   5.78740605E+01    0.00000000E+00    0.00000000E+00
   5.84163862E+01    0.00000000E+00    0.00000000E+00
   5.89637938E+01    0.00000000E+00    0.00000000E+00
   5.95163312E+01    0.00000000E+00    0.00000000E+00
   6.00740462E+01    0.00000000E+00    0.00000000E+00
   6.06369874E+01    0.00000000E+00    0.00000000E+00
   6.12052039E+01    0.00000000E+00    0.00000000E+00
   6.17787450E+01    0.00000000E+00    0.00000000E+00
   6.23576606E+01    0.00000000E+00    0.00000000E+00
   6.29420012E+01    0.00000000E+00    0.00000000E+00
   6.35318174E+01    0.00000000E+00    0.00000000E+00
   6.41271607E+01    0.00000000E+00    0.00000000E+00
   6.47280829E+01    0.00000000E+00    0.00000000E+00
   6.53346361E+01    0.00000000E+00    0.00000000E+00
   6.59468732E+01    0.00000000E+00    0.00000000E+00
   6.65648475E+01    0.00000000E+00    0.00000000E+00
   6.71886127E+01    0.00000000E+00    0.00000000E+00
   6.78182231E+01    0.00000000E+00    0.00000000E+00
   6.84537334E+01    0.00000000E+00    0.00000000E+00
   6.90951989E+01    0.00000000E+00    0.00000000E+00
   6.97426755E+01    0.00000000E+00    0.00000000E+00
   7.03962195E+01    0.00000000E+00    0.00000000E+00
   7.10558876E+01    0.00000000E+00    0.00000000E+00
   7.17217374E+01    0.00000000E+00    0.00000000E+00
   7.23938267E+01    0.00000000E+00    0.00000000E+00
   7.30722141E+01    0.00000000E+00    0.00000000E+00
   7.37569584E+01    0.00000000E+00    0.00000000E+00
   7.44481194E+01    0.00000000E+00    0.00000000E+00
   7.51457570E+01    0.00000000E+00    0.00000000E+00
   7.58499321E+01    0.00000000E+00    0.00000000E+00
   7.65607059E+01    0.00000000E+00    0.00000000E+00
   7.72781402E+01    0.00000000E+00    0.00000000E+00
   7.80022974E+01    0.00000000E+00    0.00000000E+00
   7.87332405E+01    0.00000000E+00    0.00000000E+00
   7.94710332E+01    0.00000000E+00    0.00000000E+00
   8.02157395E+01    0.00000000E+00    0.00000000E+00
   8.09674243E+01    0.00000000E+00    0.00000000E+00
   8.17261530E+01    0.00000000E+00    0.00000000E+00
   8.24919916E+01    0.00000000E+00    0.00000000E+00
   8.32650067E+01    0.00000000E+00    0.00000000E+00
   8.40452656E+01    0.00000000E+00    0.00000000E+00
   8.48328361E+01    0.00000000E+00    0.00000000E+00
   8.56277868E+01    0.00000000E+00    0.00000000E+00
   8.64301868E+01    0.00000000E+00    0.00000000E+00
   8.72401059E+01    0.00000000E+00    0.00000000E+00
   8.80576146E+01    0.00000000E+00    0.00000000E+00
   8.88827840E+01    0.00000000E+00    0.00000000E+00
   8.97156859E+01    0.00000000E+00    0.00000000E+00
   9.05563927E+01    0.00000000E+00    0.00000000E+00
   9.14049776E+01    0.00000000E+00    0.00000000E+00
   9.22615144E+01    0.00000000E+00    0.00000000E+00
   9.31260777E+01    0.00000000E+00    0.00000000E+00
   9.39987426E+01    0.00000000E+00    0.00000000E+00
   9.48795850E+01    0.00000000E+00    0.00000000E+00
   9.57686817E+01    0.00000000E+00    0.00000000E+00
   9.66661098E+01    0.00000000E+00    0.00000000E+00
   9.75719476E+01    0.00000000E+00    0.00000000E+00
   9.84862738E+01    0.00000000E+00    0.00000000E+00
   9.94091680E+01    0.00000000E+00    0.00000000E+00
   1.00340710E+02    0.00000000E+00    0.00000000E+00
   1.01280982E+02    0.00000000E+00    0.00000000E+00
   1.02230065E+02    0.00000000E+00    0.00000000E+00
   1.03188041E+02    0.00000000E+00    0.00000000E+00
   1.04154995E+02    0.00000000E+00    0.00000000E+00
   1.05131009E+02    0.00000000E+00    0.00000000E+00
   1.06116170E+02    0.00000000E+00    0.00000000E+00
   1.07110562E+02    0.00000000E+00    0.00000000E+00
   1.08114273E+02    0.00000000E+00    0.00000000E+00
   1.09127389E+02    0.00000000E+00    0.00000000E+00
   1.10149999E+02    0.00000000E+00    0.00000000E+00
   1.11182191E+02    0.00000000E+00    0.00000000E+00
   1.12224056E+02    0.00000000E+00    0.00000000E+00
   1.13275684E+02    0.00000000E+00    0.00000000E+00
   1.14337167E+02    0.00000000E+00    0.00000000E+00
   1.15408596E+02    0.00000000E+00    0.00000000E+00
   1.16490066E+02    0.00000000E+00    0.00000000E+00
   1.17581670E+02    0.00000000E+00    0.00000000E+00
   1.18683503E+02    0.00000000E+00    0.00000000E+00
   1.19795661E+02    0.00000000E+00    0.00000000E+00
   1.20918241E+02    0.00000000E+00    0.00000000E+00
   1.22051341E+02    0.00000000E+00    0.00000000E+00
   1.23195058E+02    0.00000000E+00    0.00000000E+00
   1.24349493E+02    0.00000000E+00    0.00000000E+00
   1.25514746E+02    0.00000000E+00    0.00000000E+00
   1.26690918E+02    0.00000000E+00    0.00000000E+00
   1.27878112E+02    0.00000000E+00    0.00000000E+00
   1.29076431E+02    0.00000000E+00    0.00000000E+00
   1.30285979E+02    0.00000000E+00    0.00000000E+00
   1.31506862E+02    0.00000000E+00    0.00000000E+00
   1.32739185E+02    0.00000000E+00    0.00000000E+00
   1.33983056E+02    0.00000000E+00    0.00000000E+00
   1.35238583E+02    0.00000000E+00    0.00000000E+00
   1.36505875E+02    0.00000000E+00    0.00000000E+00
   1.37785043E+02    0.00000000E+00    0.00000000E+00
   1.39076198E+02    0.00000000E+00    0.00000000E+00
   1.40379452E+02    0.00000000E+00    0.00000000E+00
   1.41694918E+02    0.00000000E+00    0.00000000E+00
   1.43022711E+02    0.00000000E+00    0.00000000E+00
   1.44362947E+02    0.00000000E+00    0.00000000E+00
   1.45715742E+02    0.00000000E+00    0.00000000E+00
   1.47081213E+02    0.00000000E+00    0.00000000E+00
   1.48459480E+02    0.00000000E+00    0.00000000E+00
   1.49850663E+02    0.00000000E+00    0.00000000E+00
   1.51254882E+02    0.00000000E+00    0.00000000E+00
   1.52672260E+02    0.00000000E+00    0.00000000E+00
   1.54102919E+02    0.00000000E+00    0.00000000E+00
   1.55546986E+02    0.00000000E+00    0.00000000E+00
   1.57004584E+02    0.00000000E+00    0.00000000E+00
   1.58475841E+02    0.00000000E+00    0.00000000E+00
   1.59960884E+02    0.00000000E+00    0.00000000E+00
   1.61459844E+02    0.00000000E+00    0.00000000E+00
   1.62972850E+02    0.00000000E+00    0.00000000E+00
   1.64500035E+02    0.00000000E+00    0.00000000E+00
   1.66041530E+02    0.00000000E+00    0.00000000E+00
   1.67597470E+02    0.00000000E+00    0.00000000E+00
   1.69167991E+02    0.00000000E+00    0.00000000E+00
   1.70753229E+02    0.00000000E+00    0.00000000E+00
   1.72353321E+02    0.00000000E+00    0.00000000E+00
   1.73968408E+02    0.00000000E+00    0.00000000E+00
   1.75598629E+02    0.00000000E+00    0.00000000E+00
   1.77244127E+02    0.00000000E+00    0.00000000E+00
   1.78905045E+02    0.00000000E+00    0.00000000E+00
   1.80581526E+02    0.00000000E+00    0.00000000E+00
   1.82273718E+02    0.00000000E+00    0.00000000E+00
   1.83981766E+02    0.00000000E+00    0.00000000E+00
   1.85705821E+02    0.00000000E+00    0.00000000E+00
   1.87446031E+02    0.00000000E+00    0.00000000E+00
   1.89202548E+02    0.00000000E+00    0.00000000E+00
   1.90975526E+02    0.00000000E+00    0.00000000E+00
   1.92765117E+02    0.00000000E+00    0.00000000E+00
   1.94571478E+02    0.00000000E+00    0.00000000E+00
   1.96394767E+02    0.00000000E+00    0.00000000E+00
   1.98235141E+02    0.00000000E+00    0.00000000E+00
   2.00092761E+02    0.00000000E+00    0.00000000E+00
   2.01967788E+02    0.00000000E+00    0.00000000E+00
   2.03860386E+02    0.00000000E+00    0.00000000E+00
   2.05770718E+02    0.00000000E+00    0.00000000E+00
   2.07698953E+02    0.00000000E+00    0.00000000E+00
   2.09645256E+02    0.00000000E+00    0.00000000E+00
   2.11609797E+02    0.00000000E+00    0.00000000E+00
   2.13592748E+02    0.00000000E+00    0.00000000E+00
   2.15594281E+02    0.00000000E+00    0.00000000E+00
   2.17614570E+02    0.00000000E+00    0.00000000E+00
   2.19653790E+02    0.00000000E+00    0.00000000E+00
   2.21712120E+02    0.00000000E+00    0.00000000E+00
   2.23789737E+02    0.00000000E+00    0.00000000E+00
   2.25886824E+02    0.00000000E+00    0.00000000E+00
   2.28003562E+02    0.00000000E+00    0.00000000E+00
   2.30140135E+02    0.00000000E+00    0.00000000E+00
   2.32296730E+02    0.00000000E+00    0.00000000E+00
   2.34473534E+02    0.00000000E+00    0.00000000E+00
   2.36670736E+02    0.00000000E+00    0.00000000E+00
   2.38888528E+02    0.00000000E+00    0.00000000E+00
   2.41127102E+02    0.00000000E+00    0.00000000E+00
   2.43386653E+02    0.00000000E+00    0.00000000E+00
   2.45667378E+02    0.00000000E+00    0.00000000E+00
   2.47969476E+02    0.00000000E+00    0.00000000E+00
   2.50293146E+02    0.00000000E+00    0.00000000E+00
   2.52638590E+02    0.00000000E+00    0.00000000E+00
   2.55006013E+02    0.00000000E+00    0.00000000E+00
   2.57395621E+02    0.00000000E+00    0.00000000E+00
   2.59807621E+02    0.00000000E+00    0.00000000E+00
