# Peaks:     0.035431      0.134474      0.341753      0.953438  
   8.88819419E-05   -5.08160787E-01   -3.65564410E+03
   8.97148359E-05   -5.11168217E-01   -3.64272583E+03
   9.05555348E-05   -5.14202831E-01   -3.62993504E+03
   9.14041117E-05   -5.17263843E-01   -3.61726322E+03
   9.22606404E-05   -5.20350410E-01   -3.60470174E+03
   9.31251954E-05   -5.23461631E-01   -3.59224181E+03
   9.39978521E-05   -5.26596543E-01   -3.57987451E+03
   9.48786862E-05   -5.29754124E-01   -3.56759074E+03
   9.57677744E-05   -5.32933281E-01   -3.55538126E+03
   9.66651941E-05   -5.36132858E-01   -3.54323669E+03
   9.75710233E-05   -5.39351624E-01   -3.53114744E+03
   9.84853408E-05   -5.42588277E-01   -3.51910379E+03
   9.94082262E-05   -5.45841458E-01   -3.50709596E+03
   1.00339760E-04   -5.49110533E-01   -3.49511910E+03
   1.01280023E-04   -5.52395905E-01   -3.48317506E+03
   1.02229096E-04   -5.55698074E-01   -3.47126621E+03
   1.03187064E-04   -5.59017569E-01   -3.45939499E+03
   1.04154008E-04   -5.62354949E-01   -3.44756391E+03
   1.05130013E-04   -5.65710804E-01   -3.43577558E+03
   1.06115165E-04   -5.69085756E-01   -3.42403266E+03
   1.07109548E-04   -5.72480463E-01   -3.41233790E+03
   1.08113249E-04   -5.75895615E-01   -3.40069415E+03
   1.09126355E-04   -5.79331919E-01   -3.38910419E+03
   1.10148955E-04   -5.82789706E-01   -3.37756863E+03
   1.11181138E-04   -5.86268973E-01   -3.36608619E+03
   1.12222993E-04   -5.89769702E-01   -3.35465554E+03
   1.13274611E-04   -5.93291870E-01   -3.34327533E+03
   1.14336084E-04   -5.96835448E-01   -3.33194423E+03
   1.15407503E-04   -6.00400404E-01   -3.32066088E+03
   1.16488962E-04   -6.03986699E-01   -3.30942394E+03
   1.17580556E-04   -6.07594291E-01   -3.29823205E+03
   1.18682379E-04   -6.11223135E-01   -3.28708390E+03
   1.19794526E-04   -6.14873297E-01   -3.27597880E+03
   1.20917096E-04   -6.18544937E-01   -3.26491662E+03
   1.22050184E-04   -6.22238224E-01   -3.25389728E+03
   1.23193891E-04   -6.25953338E-01   -3.24292071E+03
   1.24348315E-04   -6.29690463E-01   -3.23198686E+03
   1.25513557E-04   -6.33449791E-01   -3.22109572E+03
   1.26689718E-04   -6.37231522E-01   -3.21024729E+03
   1.27876901E-04   -6.41035865E-01   -3.19944159E+03
   1.29075208E-04   -6.44863034E-01   -3.18867866E+03
   1.30284745E-04   -6.48713189E-01   -3.17795830E+03
   1.31505616E-04   -6.52586449E-01   -3.16728013E+03
   1.32737927E-04   -6.56482939E-01   -3.15664378E+03
   1.33981787E-04   -6.60402785E-01   -3.14604891E+03
   1.35237302E-04   -6.64346116E-01   -3.13549518E+03
   1.36504582E-04   -6.68313068E-01   -3.12498228E+03
   1.37783738E-04   -6.72303779E-01   -3.11450990E+03
   1.39074880E-04   -6.76318393E-01   -3.10407777E+03
   1.40378122E-04   -6.80357056E-01   -3.09368561E+03
   1.41693576E-04   -6.84419923E-01   -3.08333318E+03
   1.43021356E-04   -6.88507135E-01   -3.07302021E+03
   1.44361579E-04   -6.92618834E-01   -3.06274644E+03
   1.45714361E-04   -6.96755164E-01   -3.05251162E+03
   1.47079820E-04   -7.00916276E-01   -3.04231552E+03
   1.48458074E-04   -7.05102323E-01   -3.03215794E+03
   1.49849243E-04   -7.09313467E-01   -3.02203868E+03
   1.51253449E-04   -7.13549871E-01   -3.01195756E+03
   1.52670813E-04   -7.17811708E-01   -3.00191443E+03
   1.54101460E-04   -7.22099155E-01   -2.99190915E+03
   1.55545512E-04   -7.26412392E-01   -2.98194159E+03
   1.57003096E-04   -7.30751573E-01   -2.97201154E+03
   1.58474339E-04   -7.35116847E-01   -2.96211873E+03
   1.59959369E-04   -7.39508363E-01   -2.95226294E+03
   1.61458315E-04   -7.43926279E-01   -2.94244396E+03
   1.62971306E-04   -7.48370756E-01   -2.93266158E+03
   1.64498476E-04   -7.52841961E-01   -2.92291563E+03
   1.66039957E-04   -7.57340067E-01   -2.91320594E+03
   1.67595882E-04   -7.61865250E-01   -2.90353238E+03
   1.69166388E-04   -7.66417694E-01   -2.89389479E+03
   1.70751611E-04   -7.70997562E-01   -2.88429300E+03
   1.72351688E-04   -7.75605011E-01   -2.87472678E+03
   1.73966760E-04   -7.80240205E-01   -2.86519592E+03
   1.75596966E-04   -7.84903311E-01   -2.85570024E+03
   1.77242448E-04   -7.89594501E-01   -2.84623957E+03
   1.78903350E-04   -7.94313955E-01   -2.83681377E+03
   1.80579815E-04   -7.99061857E-01   -2.82742270E+03
   1.82271991E-04   -8.03838398E-01   -2.81806624E+03
   1.83980023E-04   -8.08643773E-01   -2.80874429E+03
   1.85704061E-04   -8.13478155E-01   -2.79945667E+03
   1.87444255E-04   -8.18341709E-01   -2.79020317E+03
   1.89200756E-04   -8.23234607E-01   -2.78098360E+03
   1.90973716E-04   -8.28157026E-01   -2.77179779E+03
   1.92763291E-04   -8.33109148E-01   -2.76264558E+03
   1.94569635E-04   -8.38091160E-01   -2.75352684E+03
   1.96392906E-04   -8.43103257E-01   -2.74444144E+03
   1.98233263E-04   -8.48145642E-01   -2.73538928E+03
   2.00090865E-04   -8.53218517E-01   -2.72637028E+03
   2.01965875E-04   -8.58322070E-01   -2.71738426E+03
   2.03858454E-04   -8.63456476E-01   -2.70843103E+03
   2.05768769E-04   -8.68621915E-01   -2.69951043E+03
   2.07696985E-04   -8.73818574E-01   -2.69062227E+03
   2.09643270E-04   -8.79046644E-01   -2.68176642E+03
   2.11607793E-04   -8.84306326E-01   -2.67294275E+03
   2.13590725E-04   -8.89597823E-01   -2.66415114E+03
   2.15592239E-04   -8.94921348E-01   -2.65539152E+03
   2.17612508E-04   -9.00277119E-01   -2.64666379E+03
   2.19651709E-04   -9.05665337E-01   -2.63796782E+03
   2.21710019E-04   -9.11086188E-01   -2.62930343E+03
   2.23787617E-04   -9.16539863E-01   -2.62067044E+03
   2.25884684E-04   -9.22026557E-01   -2.61206870E+03
   2.28001402E-04   -9.27546473E-01   -2.60349807E+03
   2.30137955E-04   -9.33099819E-01   -2.59495842E+03
   2.32294529E-04   -9.38686813E-01   -2.58644964E+03
   2.34471313E-04   -9.44307675E-01   -2.57797165E+03
   2.36668494E-04   -9.49962638E-01   -2.56952438E+03
   2.38886265E-04   -9.55651924E-01   -2.56110774E+03
   2.41124818E-04   -9.61375730E-01   -2.55272153E+03
   2.43384348E-04   -9.67134257E-01   -2.54436560E+03
   2.45665051E-04   -9.72927708E-01   -2.53603978E+03
   2.47967127E-04   -9.78756297E-01   -2.52774394E+03
   2.50290774E-04   -9.84620242E-01   -2.51947794E+03
   2.52636197E-04   -9.90519767E-01   -2.51124169E+03
   2.55003597E-04   -9.96455106E-01   -2.50303508E+03
   2.57393182E-04   -1.00242650E+00   -2.49485806E+03
   2.59805160E-04   -1.00843420E+00   -2.48671055E+03
   2.62239739E-04   -1.01447842E+00   -2.47859246E+03
   2.64697133E-04   -1.02055939E+00   -2.47050358E+03
   2.67177554E-04   -1.02667731E+00   -2.46244377E+03
   2.69681219E-04   -1.03283239E+00   -2.45441286E+03
   2.72208345E-04   -1.03902487E+00   -2.44641072E+03
   2.74759152E-04   -1.04525498E+00   -2.43843724E+03
   2.77333862E-04   -1.05152296E+00   -2.43049230E+03
   2.79932699E-04   -1.05782905E+00   -2.42257583E+03
   2.82555890E-04   -1.06417352E+00   -2.41468776E+03
   2.85203662E-04   -1.07055662E+00   -2.40682803E+03
   2.87876245E-04   -1.07697861E+00   -2.39899657E+03
   2.90573873E-04   -1.08343972E+00   -2.39119320E+03
   2.93296780E-04   -1.08994017E+00   -2.38341777E+03
   2.96045202E-04   -1.09648019E+00   -2.37567010E+03
   2.98819379E-04   -1.10306001E+00   -2.36795006E+03
   3.01619553E-04   -1.10967989E+00   -2.36025752E+03
   3.04445966E-04   -1.11634006E+00   -2.35259237E+03
   3.07298866E-04   -1.12304079E+00   -2.34495452E+03
   3.10178499E-04   -1.12978235E+00   -2.33734389E+03
   3.13085116E-04   -1.13656501E+00   -2.32976043E+03
   3.16018971E-04   -1.14338907E+00   -2.32220409E+03
   3.18980318E-04   -1.15025478E+00   -2.31467477E+03
   3.21969416E-04   -1.15716238E+00   -2.30717230E+03
   3.24986523E-04   -1.16411211E+00   -2.29969651E+03
   3.28031904E-04   -1.17110423E+00   -2.29224727E+03
   3.31105822E-04   -1.17813898E+00   -2.28482444E+03
   3.34208545E-04   -1.18521664E+00   -2.27742791E+03
   3.37340343E-04   -1.19233748E+00   -2.27005757E+03
   3.40501488E-04   -1.19950178E+00   -2.26271335E+03
   3.43692256E-04   -1.20670982E+00   -2.25539518E+03
   3.46912924E-04   -1.21396192E+00   -2.24810302E+03
   3.50163772E-04   -1.22125836E+00   -2.24083677E+03
   3.53445083E-04   -1.22859938E+00   -2.23359627E+03
   3.56757143E-04   -1.23598526E+00   -2.22638137E+03
   3.60100239E-04   -1.24341625E+00   -2.21919192E+03
   3.63474663E-04   -1.25089264E+00   -2.21202779E+03
   3.66880707E-04   -1.25841470E+00   -2.20488888E+03
   3.70318669E-04   -1.26598273E+00   -2.19777509E+03
   3.73788848E-04   -1.27359702E+00   -2.19068633E+03
   3.77291544E-04   -1.28125789E+00   -2.18362255E+03
   3.80827064E-04   -1.28896565E+00   -2.17658371E+03
   3.84395714E-04   -1.29672061E+00   -2.16956969E+03
   3.87997806E-04   -1.30452304E+00   -2.16258034E+03
   3.91633652E-04   -1.31237321E+00   -2.15561550E+03
   3.95303568E-04   -1.32027140E+00   -2.14867503E+03
   3.99007875E-04   -1.32821791E+00   -2.14175880E+03
   4.02746894E-04   -1.33621305E+00   -2.13486672E+03
   4.06520950E-04   -1.34425712E+00   -2.12799870E+03
   4.10330373E-04   -1.35235045E+00   -2.12115464E+03
   4.14175492E-04   -1.36049336E+00   -2.11433451E+03
   4.18056644E-04   -1.36868621E+00   -2.10753825E+03
   4.21974165E-04   -1.37692928E+00   -2.10076573E+03
   4.25928396E-04   -1.38522288E+00   -2.09401679E+03
   4.29919681E-04   -1.39356729E+00   -2.08729128E+03
   4.33948368E-04   -1.40196282E+00   -2.08058907E+03
   4.38014807E-04   -1.41040980E+00   -2.07391004E+03
   4.42119352E-04   -1.41890853E+00   -2.06725408E+03
   4.46262359E-04   -1.42745935E+00   -2.06062112E+03
   4.50444190E-04   -1.43606261E+00   -2.05401107E+03
   4.54665208E-04   -1.44471867E+00   -2.04742389E+03
   4.58925780E-04   -1.45342788E+00   -2.04085952E+03
   4.63226277E-04   -1.46219054E+00   -2.03431780E+03
   4.67567073E-04   -1.47100698E+00   -2.02779858E+03
   4.71948545E-04   -1.47987750E+00   -2.02130170E+03
   4.76371076E-04   -1.48880243E+00   -2.01482705E+03
   4.80835049E-04   -1.49778211E+00   -2.00837450E+03
   4.85340853E-04   -1.50681689E+00   -2.00194397E+03
   4.89888881E-04   -1.51590712E+00   -1.99553536E+03
   4.94479526E-04   -1.52505318E+00   -1.98914862E+03
   4.99113190E-04   -1.53425544E+00   -1.98278369E+03
   5.03790275E-04   -1.54351426E+00   -1.97644048E+03
   5.08511187E-04   -1.55282997E+00   -1.97011883E+03
   5.13276339E-04   -1.56220289E+00   -1.96381859E+03
   5.18086143E-04   -1.57163338E+00   -1.95753961E+03
   5.22941020E-04   -1.58112177E+00   -1.95128177E+03
   5.27841390E-04   -1.59066843E+00   -1.94504495E+03
   5.32787681E-04   -1.60027372E+00   -1.93882907E+03
   5.37780322E-04   -1.60993804E+00   -1.93263405E+03
   5.42819748E-04   -1.61966177E+00   -1.92645983E+03
   5.47906398E-04   -1.62944532E+00   -1.92030635E+03
   5.53040714E-04   -1.63928905E+00   -1.91417350E+03
   5.58223142E-04   -1.64919331E+00   -1.90806110E+03
   5.63454134E-04   -1.65915845E+00   -1.90196901E+03
   5.68734144E-04   -1.66918483E+00   -1.89589708E+03
   5.74063632E-04   -1.67927282E+00   -1.88984520E+03
   5.79443062E-04   -1.68942281E+00   -1.88381325E+03
   5.84872901E-04   -1.69963519E+00   -1.87780115E+03
   5.90353622E-04   -1.70991037E+00   -1.87180882E+03
   5.95885701E-04   -1.72024878E+00   -1.86583621E+03
   6.01469621E-04   -1.73065083E+00   -1.85988326E+03
   6.07105866E-04   -1.74111689E+00   -1.85394981E+03
   6.12794928E-04   -1.75164733E+00   -1.84803569E+03
   6.18537300E-04   -1.76224253E+00   -1.84214076E+03
   6.24333483E-04   -1.77290286E+00   -1.83626489E+03
   6.30183981E-04   -1.78362874E+00   -1.83040795E+03
   6.36089303E-04   -1.79442056E+00   -1.82456983E+03
   6.42049962E-04   -1.80527875E+00   -1.81875046E+03
   6.48066477E-04   -1.81620374E+00   -1.81294977E+03
   6.54139372E-04   -1.82719598E+00   -1.80716769E+03
   6.60269174E-04   -1.83825590E+00   -1.80140414E+03
   6.66456418E-04   -1.84938389E+00   -1.79565895E+03
   6.72701641E-04   -1.86058032E+00   -1.78993196E+03
   6.79005386E-04   -1.87184561E+00   -1.78422301E+03
   6.85368203E-04   -1.88318015E+00   -1.77853199E+03
   6.91790644E-04   -1.89458438E+00   -1.77285876E+03
   6.98273269E-04   -1.90605872E+00   -1.76720323E+03
   7.04816641E-04   -1.91760363E+00   -1.76156532E+03
   7.11421330E-04   -1.92921957E+00   -1.75594496E+03
   7.18087909E-04   -1.94090701E+00   -1.75034209E+03
   7.24816960E-04   -1.95266638E+00   -1.74475660E+03
   7.31609067E-04   -1.96449807E+00   -1.73918829E+03
   7.38464822E-04   -1.97640252E+00   -1.73363702E+03
   7.45384821E-04   -1.98838013E+00   -1.72810263E+03
   7.52369665E-04   -2.00043133E+00   -1.72258499E+03
   7.59419963E-04   -2.01255659E+00   -1.71708400E+03
   7.66536328E-04   -2.02475636E+00   -1.71159955E+03
   7.73719379E-04   -2.03703111E+00   -1.70613157E+03
   7.80969740E-04   -2.04938133E+00   -1.70067998E+03
   7.88288044E-04   -2.06180753E+00   -1.69524473E+03
   7.95674925E-04   -2.07431011E+00   -1.68982566E+03
   8.03131028E-04   -2.08688952E+00   -1.68442258E+03
   8.10656999E-04   -2.09954618E+00   -1.67903534E+03
   8.18253496E-04   -2.11228055E+00   -1.67366380E+03
   8.25921177E-04   -2.12509307E+00   -1.66830781E+03
   8.33660711E-04   -2.13798422E+00   -1.66296728E+03
   8.41472770E-04   -2.15095449E+00   -1.65764211E+03
   8.49358035E-04   -2.16400439E+00   -1.65233221E+03
   8.57317190E-04   -2.17713441E+00   -1.64703753E+03
   8.65350929E-04   -2.19034508E+00   -1.64175798E+03
   8.73459951E-04   -2.20363683E+00   -1.63649339E+03
   8.81644960E-04   -2.21701010E+00   -1.63124358E+03
   8.89906670E-04   -2.23046535E+00   -1.62600838E+03
   8.98245798E-04   -2.24400305E+00   -1.62078765E+03
   9.06663071E-04   -2.25762367E+00   -1.61558125E+03
   9.15159220E-04   -2.27132771E+00   -1.61038908E+03
   9.23734984E-04   -2.28511569E+00   -1.60521104E+03
   9.32391111E-04   -2.29898812E+00   -1.60004705E+03
   9.41128352E-04   -2.31294555E+00   -1.59489705E+03
   9.49947468E-04   -2.32698849E+00   -1.58976095E+03
   9.58849226E-04   -2.34111742E+00   -1.58463857E+03
   9.67834400E-04   -2.35533277E+00   -1.57952972E+03
   9.76903773E-04   -2.36963504E+00   -1.57443422E+03
   9.86058133E-04   -2.38402469E+00   -1.56935194E+03
   9.95298276E-04   -2.39850223E+00   -1.56428273E+03
   1.00462501E-03   -2.41306817E+00   -1.55922647E+03
   1.01403914E-03   -2.42772303E+00   -1.55418306E+03
   1.02354148E-03   -2.44246736E+00   -1.54915242E+03
   1.03313288E-03   -2.45730172E+00   -1.54413449E+03
   1.04281415E-03   -2.47222667E+00   -1.53912919E+03
   1.05258614E-03   -2.48724269E+00   -1.53413636E+03
   1.06244970E-03   -2.50235024E+00   -1.52915578E+03
   1.07240570E-03   -2.51754982E+00   -1.52418729E+03
   1.08245498E-03   -2.53284191E+00   -1.51923072E+03
   1.09259844E-03   -2.54822702E+00   -1.51428592E+03
   1.10283695E-03   -2.56370568E+00   -1.50935276E+03
   1.11317141E-03   -2.57927842E+00   -1.50443114E+03
   1.12360270E-03   -2.59494580E+00   -1.49952095E+03
   1.13413175E-03   -2.61070839E+00   -1.49462214E+03
   1.14475946E-03   -2.62656678E+00   -1.48973463E+03
   1.15548676E-03   -2.64252149E+00   -1.48485829E+03
   1.16631458E-03   -2.65857299E+00   -1.47999292E+03
   1.17724387E-03   -2.67472179E+00   -1.47513832E+03
   1.18827557E-03   -2.69096837E+00   -1.47029432E+03
   1.19941065E-03   -2.70731327E+00   -1.46546076E+03
   1.21065008E-03   -2.72375699E+00   -1.46063750E+03
   1.22199483E-03   -2.74030010E+00   -1.45582443E+03
   1.23344588E-03   -2.75694315E+00   -1.45102144E+03
   1.24500424E-03   -2.77368672E+00   -1.44622844E+03
   1.25667092E-03   -2.79053141E+00   -1.44144538E+03
   1.26844692E-03   -2.80747778E+00   -1.43667214E+03
   1.28033327E-03   -2.82452631E+00   -1.43190853E+03
   1.29233100E-03   -2.84167751E+00   -1.42715433E+03
   1.30444116E-03   -2.85893187E+00   -1.42240938E+03
   1.31666481E-03   -2.87628991E+00   -1.41767349E+03
   1.32900299E-03   -2.89375218E+00   -1.41294654E+03
   1.34145680E-03   -2.91131921E+00   -1.40822838E+03
   1.35402731E-03   -2.92899158E+00   -1.40351892E+03
   1.36671562E-03   -2.94676987E+00   -1.39881806E+03
   1.37952282E-03   -2.96465467E+00   -1.39412573E+03
   1.39245004E-03   -2.98264657E+00   -1.38944185E+03
   1.40549840E-03   -3.00074606E+00   -1.38476619E+03
   1.41866903E-03   -3.01895362E+00   -1.38009856E+03
   1.43196308E-03   -3.03726977E+00   -1.37543877E+03
   1.44538170E-03   -3.05569503E+00   -1.37078664E+03
   1.45892607E-03   -3.07422991E+00   -1.36614203E+03
   1.47259736E-03   -3.09287498E+00   -1.36150480E+03
   1.48639676E-03   -3.11163080E+00   -1.35687483E+03
   1.50032547E-03   -3.13049794E+00   -1.35225205E+03
   1.51438470E-03   -3.14947701E+00   -1.34763637E+03
   1.52857568E-03   -3.16856859E+00   -1.34302771E+03
   1.54289965E-03   -3.18777318E+00   -1.33842587E+03
   1.55735783E-03   -3.20709124E+00   -1.33383063E+03
   1.57195151E-03   -3.22652329E+00   -1.32924179E+03
   1.58668193E-03   -3.24606981E+00   -1.32465917E+03
   1.60155040E-03   -3.26573134E+00   -1.32008263E+03
   1.61655819E-03   -3.28550841E+00   -1.31551201E+03
   1.63170662E-03   -3.30540158E+00   -1.31094720E+03
   1.64699700E-03   -3.32541140E+00   -1.30638811E+03
   1.66243066E-03   -3.34553846E+00   -1.30183465E+03
   1.67800895E-03   -3.36578337E+00   -1.29728676E+03
   1.69373321E-03   -3.38614660E+00   -1.29274426E+03
   1.70960483E-03   -3.40662863E+00   -1.28820692E+03
   1.72562518E-03   -3.42722991E+00   -1.28367454E+03
   1.74179565E-03   -3.44795093E+00   -1.27914692E+03
   1.75811765E-03   -3.46879218E+00   -1.27462389E+03
   1.77459260E-03   -3.48975418E+00   -1.27010531E+03
   1.79122194E-03   -3.51083745E+00   -1.26559105E+03
   1.80800710E-03   -3.53204252E+00   -1.26108100E+03
   1.82494956E-03   -3.55336995E+00   -1.25657508E+03
   1.84205077E-03   -3.57482033E+00   -1.25207323E+03
   1.85931224E-03   -3.59639416E+00   -1.24757532E+03
   1.87673547E-03   -3.61809188E+00   -1.24308113E+03
   1.89432196E-03   -3.63991391E+00   -1.23859044E+03
   1.91207325E-03   -3.66186071E+00   -1.23410305E+03
   1.92999089E-03   -3.68393271E+00   -1.22961877E+03
   1.94807643E-03   -3.70613039E+00   -1.22513744E+03
   1.96633144E-03   -3.72845422E+00   -1.22065893E+03
   1.98475752E-03   -3.75090470E+00   -1.21618311E+03
   2.00335627E-03   -3.77348235E+00   -1.21170990E+03
   2.02212930E-03   -3.79618769E+00   -1.20723921E+03
   2.04107825E-03   -3.81902124E+00   -1.20277100E+03
   2.06020476E-03   -3.84198344E+00   -1.19830507E+03
   2.07951051E-03   -3.86507465E+00   -1.19384119E+03
   2.09899716E-03   -3.88829524E+00   -1.18937913E+03
   2.11866643E-03   -3.91164562E+00   -1.18491871E+03
   2.13852000E-03   -3.93512618E+00   -1.18045973E+03
   2.15855962E-03   -3.95873733E+00   -1.17600205E+03
   2.17878703E-03   -3.98247949E+00   -1.17154553E+03
   2.19920399E-03   -4.00635312E+00   -1.16709005E+03
   2.21981227E-03   -4.03035865E+00   -1.16263554E+03
   2.24061366E-03   -4.05449657E+00   -1.15818191E+03
   2.26160998E-03   -4.07876734E+00   -1.15372912E+03
   2.28280305E-03   -4.10317128E+00   -1.14927695E+03
   2.30419472E-03   -4.12770871E+00   -1.14482518E+03
   2.32578684E-03   -4.15237992E+00   -1.14037359E+03
   2.34758130E-03   -4.17718523E+00   -1.13592199E+03
   2.36957999E-03   -4.20212497E+00   -1.13147020E+03
   2.39178483E-03   -4.22719948E+00   -1.12701808E+03
   2.41419774E-03   -4.25240910E+00   -1.12256551E+03
   2.43682068E-03   -4.27775420E+00   -1.11811237E+03
   2.45965562E-03   -4.30323516E+00   -1.11365860E+03
   2.48270453E-03   -4.32885236E+00   -1.10920413E+03
   2.50596943E-03   -4.35460609E+00   -1.10474883E+03
   2.52945235E-03   -4.38049656E+00   -1.10029245E+03
   2.55315531E-03   -4.40652398E+00   -1.09583479E+03
   2.57708039E-03   -4.43268858E+00   -1.09137565E+03
   2.60122967E-03   -4.45899057E+00   -1.08691485E+03
   2.62560525E-03   -4.48543019E+00   -1.08245226E+03
   2.65020924E-03   -4.51200768E+00   -1.07798773E+03
   2.67504380E-03   -4.53872331E+00   -1.07352118E+03
   2.70011107E-03   -4.56557733E+00   -1.06905253E+03
   2.72541324E-03   -4.59257003E+00   -1.06458172E+03
   2.75095252E-03   -4.61970162E+00   -1.06010865E+03
   2.77673111E-03   -4.64697217E+00   -1.05563307E+03
   2.80275128E-03   -4.67438177E+00   -1.05115477E+03
   2.82901527E-03   -4.70193050E+00   -1.04667355E+03
   2.85552538E-03   -4.72961844E+00   -1.04218922E+03
   2.88228391E-03   -4.75744570E+00   -1.03770164E+03
   2.90929318E-03   -4.78541237E+00   -1.03321066E+03
   2.93655556E-03   -4.81351856E+00   -1.02871619E+03
   2.96407340E-03   -4.84176440E+00   -1.02421814E+03
   2.99184911E-03   -4.87015000E+00   -1.01971645E+03
   3.01988510E-03   -4.89867550E+00   -1.01521107E+03
   3.04818381E-03   -4.92734086E+00   -1.01070184E+03
   3.07674770E-03   -4.95614602E+00   -1.00618853E+03
   3.10557925E-03   -4.98509089E+00   -1.00167094E+03
   3.13468098E-03   -5.01417540E+00   -9.97148905E+02
   3.16405542E-03   -5.04339948E+00   -9.92622266E+02
   3.19370512E-03   -5.07276306E+00   -9.88090899E+02
   3.22363266E-03   -5.10226607E+00   -9.83554701E+02
   3.25384064E-03   -5.13190847E+00   -9.79013597E+02
   3.28433170E-03   -5.16169021E+00   -9.74467538E+02
   3.31510848E-03   -5.19161118E+00   -9.69916450E+02
   3.34617366E-03   -5.22167116E+00   -9.65360130E+02
   3.37752995E-03   -5.25186986E+00   -9.60798370E+02
   3.40918008E-03   -5.28220702E+00   -9.56230983E+02
   3.44112679E-03   -5.31268235E+00   -9.51657803E+02
   3.47337286E-03   -5.34329558E+00   -9.47078691E+02
   3.50592111E-03   -5.37404644E+00   -9.42493529E+02
   3.53877436E-03   -5.40493466E+00   -9.37902227E+02
   3.57193547E-03   -5.43595996E+00   -9.33304722E+02
   3.60540732E-03   -5.46712210E+00   -9.28700977E+02
   3.63919284E-03   -5.49842078E+00   -9.24090963E+02
   3.67329495E-03   -5.52985556E+00   -9.19474521E+02
   3.70771662E-03   -5.56142593E+00   -9.14851445E+02
   3.74246086E-03   -5.59313136E+00   -9.10221554E+02
   3.77753067E-03   -5.62497132E+00   -9.05584687E+02
   3.81292912E-03   -5.65694528E+00   -9.00940707E+02
   3.84865927E-03   -5.68905270E+00   -8.96289503E+02
   3.88472425E-03   -5.72129306E+00   -8.91630988E+02
   3.92112718E-03   -5.75366580E+00   -8.86965104E+02
   3.95787124E-03   -5.78617039E+00   -8.82291817E+02
   3.99495962E-03   -5.81880628E+00   -8.77611111E+02
   4.03239555E-03   -5.85157277E+00   -8.72922854E+02
   4.07018228E-03   -5.88446903E+00   -8.68226855E+02
   4.10832310E-03   -5.91749426E+00   -8.63522946E+02
   4.14682133E-03   -5.95064763E+00   -8.58810982E+02
   4.18568033E-03   -5.98392830E+00   -8.54090839E+02
   4.22490346E-03   -6.01733543E+00   -8.49362422E+02
   4.26449414E-03   -6.05086817E+00   -8.44625658E+02
   4.30445582E-03   -6.08452567E+00   -8.39880503E+02
   4.34479197E-03   -6.11830707E+00   -8.35126942E+02
   4.38550610E-03   -6.15221148E+00   -8.30364965E+02
   4.42660175E-03   -6.18623786E+00   -8.25594446E+02
   4.46808251E-03   -6.22038504E+00   -8.20815221E+02
   4.50995197E-03   -6.25465188E+00   -8.16027149E+02
   4.55221378E-03   -6.28903720E+00   -8.11230111E+02
   4.59487162E-03   -6.32353982E+00   -8.06424014E+02
   4.63792920E-03   -6.35815855E+00   -8.01608790E+02
   4.68139025E-03   -6.39289218E+00   -7.96784397E+02
   4.72525858E-03   -6.42773950E+00   -7.91950822E+02
   4.76953798E-03   -6.46269928E+00   -7.87108069E+02
   4.81423232E-03   -6.49777012E+00   -7.82256053E+02
   4.85934548E-03   -6.53295052E+00   -7.77394633E+02
   4.90488138E-03   -6.56823896E+00   -7.72523687E+02
   4.95084400E-03   -6.60363390E+00   -7.67643117E+02
   4.99723731E-03   -6.63913376E+00   -7.62752850E+02
   5.04406537E-03   -6.67473698E+00   -7.57852837E+02
   5.09133225E-03   -6.71044196E+00   -7.52943058E+02
   5.13904205E-03   -6.74624710E+00   -7.48023519E+02
   5.18719894E-03   -6.78215077E+00   -7.43094241E+02
   5.23580709E-03   -6.81815114E+00   -7.38155147E+02
   5.28487074E-03   -6.85424631E+00   -7.33206124E+02
   5.33439415E-03   -6.89043432E+00   -7.28247076E+02
   5.38438163E-03   -6.92671322E+00   -7.23277934E+02
   5.43483754E-03   -6.96308100E+00   -7.18298654E+02
   5.48576626E-03   -6.99953567E+00   -7.13309215E+02
   5.53717222E-03   -7.03607520E+00   -7.08309626E+02
   5.58905990E-03   -7.07269753E+00   -7.03299917E+02
   5.64143381E-03   -7.10940049E+00   -6.98280065E+02
   5.69429850E-03   -7.14618176E+00   -6.93250000E+02
   5.74765857E-03   -7.18303900E+00   -6.88209671E+02
   5.80151867E-03   -7.21996985E+00   -6.83159053E+02
   5.85588348E-03   -7.25697192E+00   -6.78098145E+02
   5.91075773E-03   -7.29404277E+00   -6.73026967E+02
   5.96614620E-03   -7.33117987E+00   -6.67945498E+02
   6.02205370E-03   -7.36838057E+00   -6.62853691E+02
   6.07848510E-03   -7.40564218E+00   -6.57751526E+02
   6.13544531E-03   -7.44296199E+00   -6.52639005E+02
   6.19293928E-03   -7.48033729E+00   -6.47516156E+02
   6.25097201E-03   -7.51776529E+00   -6.42383030E+02
   6.30954855E-03   -7.55524310E+00   -6.37239628E+02
   6.36867401E-03   -7.59276768E+00   -6.32085924E+02
   6.42835351E-03   -7.63033596E+00   -6.26921914E+02
   6.48859226E-03   -7.66794487E+00   -6.21747617E+02
   6.54939549E-03   -7.70559127E+00   -6.16563079E+02
   6.61076850E-03   -7.74327201E+00   -6.11368365E+02
   6.67271662E-03   -7.78098376E+00   -6.06163495E+02
   6.73524525E-03   -7.81872311E+00   -6.00948469E+02
   6.79835982E-03   -7.85648660E+00   -5.95723310E+02
   6.86206582E-03   -7.89427074E+00   -5.90488066E+02
   6.92636879E-03   -7.93207199E+00   -5.85242809E+02
   6.99127434E-03   -7.96988680E+00   -5.79987629E+02
   7.05678810E-03   -8.00771139E+00   -5.74722559E+02
   7.12291578E-03   -8.04554190E+00   -5.69447616E+02
   7.18966312E-03   -8.08337443E+00   -5.64162838E+02
   7.25703594E-03   -8.12120502E+00   -5.58868289E+02
   7.32504010E-03   -8.15902969E+00   -5.53564055E+02
   7.39368151E-03   -8.19684443E+00   -5.48250251E+02
   7.46296615E-03   -8.23464516E+00   -5.42926999E+02
   7.53290003E-03   -8.27242757E+00   -5.37594355E+02
   7.60348926E-03   -8.31018724E+00   -5.32252362E+02
   7.67473996E-03   -8.34791973E+00   -5.26901088E+02
   7.74665833E-03   -8.38562052E+00   -5.21540622E+02
   7.81925064E-03   -8.42328509E+00   -5.16171078E+02
   7.89252319E-03   -8.46090886E+00   -5.10792597E+02
   7.96648237E-03   -8.49848721E+00   -5.05405335E+02
   8.04113460E-03   -8.53601529E+00   -5.00009393E+02
   8.11648638E-03   -8.57348810E+00   -4.94604847E+02
   8.19254427E-03   -8.61090061E+00   -4.89191795E+02
   8.26931488E-03   -8.64824773E+00   -4.83770359E+02
   8.34680489E-03   -8.68552432E+00   -4.78340681E+02
   8.42502104E-03   -8.72272524E+00   -4.72902933E+02
   8.50397014E-03   -8.75984523E+00   -4.67457289E+02
   8.58365906E-03   -8.79687884E+00   -4.62003878E+02
   8.66409472E-03   -8.83382050E+00   -4.56542833E+02
   8.74528413E-03   -8.87066463E+00   -4.51074309E+02
   8.82723435E-03   -8.90740559E+00   -4.45598485E+02
   8.90995251E-03   -8.94403770E+00   -4.40115561E+02
   8.99344580E-03   -8.98055513E+00   -4.34625724E+02
   9.07772149E-03   -9.01695181E+00   -4.29129109E+02
   9.16278691E-03   -9.05322160E+00   -4.23625868E+02
   9.24864946E-03   -9.08935832E+00   -4.18116176E+02
   9.33531661E-03   -9.12535575E+00   -4.12600226E+02
   9.42279590E-03   -9.16120761E+00   -4.07078236E+02
   9.51109494E-03   -9.19690761E+00   -4.01550450E+02
   9.60022141E-03   -9.23244938E+00   -3.96017128E+02
   9.69018306E-03   -9.26782634E+00   -3.90478493E+02
   9.78098773E-03   -9.30303167E+00   -3.84934729E+02
   9.87264331E-03   -9.33805850E+00   -3.79386039E+02
   9.96515777E-03   -9.37289991E+00   -3.73832647E+02
   1.00585392E-02   -9.40754895E+00   -3.68274799E+02
   1.01527956E-02   -9.44199861E+00   -3.62712762E+02
   1.02479353E-02   -9.47624187E+00   -3.57146826E+02
   1.03439666E-02   -9.51027152E+00   -3.51577266E+02
   1.04408977E-02   -9.54408005E+00   -3.46004308E+02
   1.05387372E-02   -9.57765989E+00   -3.40428195E+02
   1.06374935E-02   -9.61100342E+00   -3.34849187E+02
   1.07371752E-02   -9.64410299E+00   -3.29267566E+02
   1.08377910E-02   -9.67695092E+00   -3.23683637E+02
   1.09393497E-02   -9.70953948E+00   -3.18097722E+02
   1.10418600E-02   -9.74186087E+00   -3.12510158E+02
   1.11453310E-02   -9.77390702E+00   -3.06921240E+02
   1.12497715E-02   -9.80566971E+00   -3.01331263E+02
   1.13551907E-02   -9.83714070E+00   -2.95740545E+02
   1.14615979E-02   -9.86831173E+00   -2.90149420E+02
   1.15690021E-02   -9.89917441E+00   -2.84558227E+02
   1.16774128E-02   -9.92972011E+00   -2.78967285E+02
   1.17868393E-02   -9.95994018E+00   -2.73376930E+02
   1.18972913E-02   -9.98982592E+00   -2.67787517E+02
   1.20087784E-02   -1.00193686E+01   -2.62199419E+02
   1.21213101E-02   -1.00485596E+01   -2.56613024E+02
   1.22348963E-02   -1.00773896E+01   -2.51028696E+02
   1.23495470E-02   -1.01058497E+01   -2.45446798E+02
   1.24652720E-02   -1.01339307E+01   -2.39867714E+02
   1.25820814E-02   -1.01616233E+01   -2.34291844E+02
   1.26999855E-02   -1.01889183E+01   -2.28719593E+02
   1.28189944E-02   -1.02158060E+01   -2.23151353E+02
   1.29391185E-02   -1.02422771E+01   -2.17587531E+02
   1.30603682E-02   -1.02683219E+01   -2.12028553E+02
   1.31827542E-02   -1.02939309E+01   -2.06474855E+02
   1.33062870E-02   -1.03190941E+01   -2.00926859E+02
   1.34309774E-02   -1.03438016E+01   -1.95384991E+02
   1.35568363E-02   -1.03680436E+01   -1.89849695E+02
   1.36838746E-02   -1.03918099E+01   -1.84321430E+02
   1.38121033E-02   -1.04150907E+01   -1.78800666E+02
   1.39415336E-02   -1.04378756E+01   -1.73287855E+02
   1.40721768E-02   -1.04601542E+01   -1.67783459E+02
   1.42040442E-02   -1.04819163E+01   -1.62287953E+02
   1.43371473E-02   -1.05031515E+01   -1.56801829E+02
   1.44714977E-02   -1.05238493E+01   -1.51325580E+02
   1.46071070E-02   -1.05439992E+01   -1.45859697E+02
   1.47439872E-02   -1.05635904E+01   -1.40404682E+02
   1.48821500E-02   -1.05826124E+01   -1.34961046E+02
   1.50216075E-02   -1.06010543E+01   -1.29529296E+02
   1.51623718E-02   -1.06189052E+01   -1.24109953E+02
   1.53044552E-02   -1.06361543E+01   -1.18703551E+02
   1.54478700E-02   -1.06527908E+01   -1.13310625E+02
   1.55926288E-02   -1.06688034E+01   -1.07931707E+02
   1.57387440E-02   -1.06841811E+01   -1.02567339E+02
   1.58862285E-02   -1.06989129E+01   -9.72180765E+01
   1.60350950E-02   -1.07129876E+01   -9.18844841E+01
   1.61853565E-02   -1.07263940E+01   -8.65671208E+01
   1.63370260E-02   -1.07391208E+01   -8.12665504E+01
   1.64901169E-02   -1.07511567E+01   -7.59833476E+01
   1.66446423E-02   -1.07624903E+01   -7.07180982E+01
   1.68006157E-02   -1.07731104E+01   -6.54713882E+01
   1.69580508E-02   -1.07830055E+01   -6.02438058E+01
   1.71169611E-02   -1.07921642E+01   -5.50359485E+01
   1.72773606E-02   -1.08005750E+01   -4.98484203E+01
   1.74392631E-02   -1.08082264E+01   -4.46818262E+01
   1.76026827E-02   -1.08151069E+01   -3.95367792E+01
   1.77676338E-02   -1.08212051E+01   -3.44138994E+01
   1.79341305E-02   -1.08265094E+01   -2.93138073E+01
   1.81021875E-02   -1.08310081E+01   -2.42371289E+01
   1.82718193E-02   -1.08346899E+01   -1.91844976E+01
   1.84430407E-02   -1.08375432E+01   -1.41565515E+01
   1.86158665E-02   -1.08395565E+01   -9.15393094E+00
   1.87903119E-02   -1.08407183E+01   -4.17728126E+00
   1.89663920E-02   -1.08410169E+01    7.72748046E-01
   1.91441220E-02   -1.08404410E+01    5.69550304E+00
   1.93235176E-02   -1.08389791E+01    1.05903256E+01
   1.95045942E-02   -1.08366198E+01    1.54565545E+01
   1.96873676E-02   -1.08333515E+01    2.02935245E+01
   1.98718538E-02   -1.08291631E+01    2.51005666E+01
   2.00580688E-02   -1.08240431E+01    2.98770089E+01
   2.02460287E-02   -1.08179803E+01    3.46221762E+01
   2.04357500E-02   -1.08109634E+01    3.93353901E+01
   2.06272491E-02   -1.08029814E+01    4.40159702E+01
   2.08205427E-02   -1.07940230E+01    4.86632320E+01
   2.10156477E-02   -1.07840772E+01    5.32764885E+01
   2.12125809E-02   -1.07731332E+01    5.78550527E+01
   2.14113595E-02   -1.07611801E+01    6.23982339E+01
   2.16120009E-02   -1.07482069E+01    6.69053378E+01
   2.18145224E-02   -1.07342031E+01    7.13756714E+01
   2.20189417E-02   -1.07191582E+01    7.58085406E+01
   2.22252766E-02   -1.07030615E+01    8.02032453E+01
   2.24335450E-02   -1.06859026E+01    8.45590868E+01
   2.26437650E-02   -1.06676715E+01    8.88753699E+01
   2.28559550E-02   -1.06483581E+01    9.31513938E+01
   2.30701333E-02   -1.06279520E+01    9.73864552E+01
   2.32863187E-02   -1.06064437E+01    1.01579856E+02
   2.35045299E-02   -1.05838235E+01    1.05730899E+02
   2.37247859E-02   -1.05600818E+01    1.09838880E+02
   2.39471059E-02   -1.05352090E+01    1.13903100E+02
   2.41715092E-02   -1.05091963E+01    1.17922866E+02
   2.43980153E-02   -1.04820344E+01    1.21897476E+02
   2.46266440E-02   -1.04537144E+01    1.25826230E+02
   2.48574151E-02   -1.04242277E+01    1.29708439E+02
   2.50903487E-02   -1.03935662E+01    1.33543416E+02
   2.53254650E-02   -1.03617211E+01    1.37330462E+02
   2.55627847E-02   -1.03286845E+01    1.41068886E+02
   2.58023281E-02   -1.02944488E+01    1.44758011E+02
   2.60441163E-02   -1.02590065E+01    1.48397158E+02
   2.62881703E-02   -1.02223499E+01    1.51985639E+02
   2.65345112E-02   -1.01844722E+01    1.55522782E+02
   2.67831605E-02   -1.01453666E+01    1.59007923E+02
   2.70341399E-02   -1.01050264E+01    1.62440388E+02
   2.72874711E-02   -1.00634452E+01    1.65819513E+02
   2.75431763E-02   -1.00206174E+01    1.69144650E+02
   2.78012776E-02   -9.97653710E+00    1.72415143E+02
   2.80617975E-02   -9.93119879E+00    1.75630343E+02
   2.83247587E-02   -9.88459760E+00    1.78789617E+02
   2.85901841E-02   -9.83672879E+00    1.81892332E+02
   2.88580967E-02   -9.78758763E+00    1.84937850E+02
   2.91285198E-02   -9.73717008E+00    1.87925553E+02
   2.94014771E-02   -9.68547277E+00    1.90854844E+02
   2.96769921E-02   -9.63249215E+00    1.93725112E+02
   2.99550890E-02   -9.57822492E+00    1.96535749E+02
   3.02357918E-02   -9.52266858E+00    1.99286172E+02
   3.05191251E-02   -9.46582112E+00    2.01975815E+02
   3.08051134E-02   -9.40768048E+00    2.04604098E+02
   3.10937816E-02   -9.34824525E+00    2.07170465E+02
   3.13851549E-02   -9.28751486E+00    2.09674387E+02
   3.16792586E-02   -9.22548843E+00    2.12115313E+02
   3.19761183E-02   -9.16216517E+00    2.14492688E+02
   3.22757597E-02   -9.09754516E+00    2.16805988E+02
   3.25782091E-02   -9.03162947E+00    2.19054723E+02
   3.28834926E-02   -8.96442007E+00    2.21238438E+02
   3.31916369E-02   -8.89591856E+00    2.23356650E+02
   3.35026688E-02   -8.82612635E+00    2.25408859E+02
   3.38166153E-02   -8.75504584E+00    2.27394602E+02
   3.41335037E-02   -8.68268047E+00    2.29313454E+02
   3.44533615E-02   -8.60903471E+00    2.31165031E+02
   3.47762167E-02   -8.53411260E+00    2.32948916E+02
   3.51020974E-02   -8.45791784E+00    2.34664667E+02
   3.54310317E-02   -8.38045517E+00    2.36311883E+02
   3.57630485E-02   -8.30173047E+00    2.37890205E+02
   3.60981765E-02   -8.22175079E+00    2.39399323E+02
   3.64364449E-02   -8.14052381E+00    2.40838945E+02
   3.67778832E-02   -8.05805627E+00    2.42208724E+02
   3.71225210E-02   -7.97435563E+00    2.43508336E+02
   3.74703883E-02   -7.88943058E+00    2.44737509E+02
   3.78215155E-02   -7.80329095E+00    2.45896014E+02
   3.81759329E-02   -7.71594623E+00    2.46983597E+02
   3.85336716E-02   -7.62740632E+00    2.48000010E+02
   3.88947625E-02   -7.53768243E+00    2.48945062E+02
   3.92592371E-02   -7.44678702E+00    2.49818613E+02
   3.96271272E-02   -7.35473215E+00    2.50620490E+02
   3.99984647E-02   -7.26152976E+00    2.51350503E+02
   4.03732819E-02   -7.16719305E+00    2.52008516E+02
   4.07516114E-02   -7.07173667E+00    2.52594453E+02
   4.11334862E-02   -6.97517652E+00    2.53108293E+02
   4.15189394E-02   -6.87752794E+00    2.53549972E+02
   4.19080047E-02   -6.77880622E+00    2.53919413E+02
   4.23007158E-02   -6.67902808E+00    2.54216603E+02
   4.26971069E-02   -6.57821174E+00    2.54441592E+02
   4.30972125E-02   -6.47637567E+00    2.54594433E+02
   4.35010674E-02   -6.37353786E+00    2.54675141E+02
   4.39087068E-02   -6.26971766E+00    2.54683792E+02
   4.43201661E-02   -6.16493597E+00    2.54620532E+02
   4.47354810E-02   -6.05921429E+00    2.54485523E+02
   4.51546878E-02   -5.95257334E+00    2.54278879E+02
   4.55778229E-02   -5.84503511E+00    2.54000769E+02
   4.60049231E-02   -5.73662319E+00    2.53651432E+02
   4.64360255E-02   -5.62736183E+00    2.53231134E+02
   4.68711678E-02   -5.51727474E+00    2.52740101E+02
   4.73103876E-02   -5.40638699E+00    2.52178619E+02
   4.77537233E-02   -5.29472499E+00    2.51547035E+02
   4.82012134E-02   -5.18231485E+00    2.50845671E+02
   4.86528969E-02   -5.06918352E+00    2.50074881E+02
   4.91088129E-02   -4.95535965E+00    2.49235103E+02
   4.95690013E-02   -4.84087209E+00    2.48326773E+02
   5.00335020E-02   -4.72574900E+00    2.47350282E+02
   5.05023554E-02   -4.61001999E+00    2.46306087E+02
   5.09756024E-02   -4.49371640E+00    2.45194732E+02
   5.14532840E-02   -4.37687082E+00    2.44016819E+02
   5.19354419E-02   -4.25951448E+00    2.42772868E+02
   5.24221180E-02   -4.14167913E+00    2.41463418E+02
   5.29133547E-02   -4.02339826E+00    2.40089093E+02
   5.34091946E-02   -3.90470708E+00    2.38650609E+02
   5.39096809E-02   -3.78564088E+00    2.37148674E+02
   5.44148572E-02   -3.66623333E+00    2.35583900E+02
   5.49247674E-02   -3.54651939E+00    2.33956964E+02
   5.54394558E-02   -3.42653574E+00    2.32268633E+02
   5.59589673E-02   -3.30632084E+00    2.30519767E+02
   5.64833470E-02   -3.18591401E+00    2.28711270E+02
   5.70126406E-02   -3.06535222E+00    2.26843905E+02
   5.75468941E-02   -2.94467297E+00    2.24918462E+02
   5.80861539E-02   -2.82391546E+00    2.22935823E+02
   5.86304671E-02   -2.70312059E+00    2.20896963E+02
   5.91798808E-02   -2.58233032E+00    2.18802917E+02
   5.97344431E-02   -2.46158485E+00    2.16654613E+02
   6.02942020E-02   -2.34092500E+00    2.14453013E+02
   6.08592063E-02   -2.22039323E+00    2.12199175E+02
   6.14295051E-02   -2.10003337E+00    2.09894235E+02
   6.20051481E-02   -1.97988747E+00    2.07539223E+02
   6.25861853E-02   -1.85999732E+00    2.05135153E+02
   6.31726672E-02   -1.74040621E+00    2.02683132E+02
   6.37646450E-02   -1.62115908E+00    2.00184363E+02
   6.43621701E-02   -1.50230233E+00    1.97640147E+02
   6.49652945E-02   -1.38388102E+00    1.95051699E+02
   6.55740706E-02   -1.26593873E+00    1.92420155E+02
   6.61885514E-02   -1.14852039E+00    1.89746734E+02
   6.68087904E-02   -1.03167239E+00    1.87032756E+02
   6.74348415E-02   -9.15442200E-01    1.84279613E+02
   6.80667593E-02   -7.99875192E-01    1.81488571E+02
   6.87045986E-02   -6.85016331E-01    1.78660882E+02
   6.93484149E-02   -5.70911888E-01    1.75797890E+02
   6.99982643E-02   -4.57609483E-01    1.72901039E+02
   7.06542033E-02   -3.45157827E-01    1.69971853E+02
   7.13162890E-02   -2.33603335E-01    1.67011723E+02
   7.19845790E-02   -1.22991098E-01    1.64021963E+02
   7.26591313E-02   -1.33672691E-02    1.61003978E+02
   7.33400048E-02    9.52208659E-02    1.57959266E+02
   7.40272585E-02    2.02724867E-01    1.54889424E+02
   7.47209524E-02    3.09096510E-01    1.51796053E+02
   7.54211467E-02    4.14290714E-01    1.48680555E+02
   7.61279025E-02    5.18262306E-01    1.45544366E+02
   7.68412810E-02    6.20965235E-01    1.42389010E+02
   7.75613445E-02    7.22352570E-01    1.39216100E+02
   7.82881556E-02    8.22376937E-01    1.36027316E+02
   7.90217774E-02    9.20993311E-01    1.32824189E+02
   7.97622739E-02    1.01815736E+00    1.29608239E+02
   8.05097094E-02    1.11382411E+00    1.26381069E+02
   8.12641489E-02    1.20794813E+00    1.23144357E+02
   8.20256582E-02    1.30048566E+00    1.19899684E+02
   8.27943034E-02    1.39139440E+00    1.16648561E+02
   8.35701514E-02    1.48063170E+00    1.13392569E+02
   8.43532697E-02    1.56815457E+00    1.10133374E+02
   8.51437264E-02    1.65391995E+00    1.06872699E+02
   8.59415904E-02    1.73788687E+00    1.03612142E+02
   8.67469310E-02    1.82001544E+00    1.00353267E+02
   8.75598182E-02    1.90026571E+00    9.70977076E+01
   8.83803229E-02    1.97859870E+00    9.38470772E+01
   8.92085163E-02    2.05497637E+00    9.06029637E+01
   9.00444706E-02    2.12936101E+00    8.73670096E+01
   9.08882584E-02    2.20171621E+00    8.41408023E+01
   9.17399531E-02    2.27200652E+00    8.09259196E+01
   9.25996289E-02    2.34019708E+00    7.77239790E+01
   9.34673606E-02    2.40625445E+00    7.45365310E+01
   9.43432236E-02    2.47014605E+00    7.13651431E+01
   9.52272941E-02    2.53184023E+00    6.82113905E+01
   9.61196490E-02    2.59130678E+00    6.50767871E+01
   9.70203660E-02    2.64851639E+00    6.19628796E+01
   9.79295235E-02    2.70344104E+00    5.88711760E+01
   9.88472005E-02    2.75605400E+00    5.58031603E+01
   9.97734768E-02    2.80632969E+00    5.27603331E+01
   1.00708433E-01    2.85424397E+00    4.97441326E+01
   1.01652151E-01    2.89977396E+00    4.67560115E+01
   1.02604712E-01    2.94289818E+00    4.37973877E+01
   1.03566199E-01    2.98359660E+00    4.08696489E+01
   1.04536696E-01    3.02185061E+00    3.79741852E+01
   1.05516287E-01    3.05764308E+00    3.51123286E+01
   1.06505058E-01    3.09095846E+00    3.22854174E+01
   1.07503095E-01    3.12178264E+00    2.94947403E+01
   1.08510484E-01    3.15010319E+00    2.67415674E+01
   1.09527312E-01    3.17590927E+00    2.40271456E+01
   1.10553670E-01    3.19919162E+00    2.13526805E+01
   1.11589645E-01    3.21994274E+00    1.87193573E+01
   1.12635328E-01    3.23815668E+00    1.61283166E+01
   1.13690810E-01    3.25382939E+00    1.35806827E+01
   1.14756183E-01    3.26695841E+00    1.10775324E+01
   1.15831539E-01    3.27754312E+00    8.61991430E+00
   1.16916972E-01    3.28558463E+00    6.20883802E+00
   1.18012576E-01    3.29108589E+00    3.84527901E+00
   1.19118447E-01    3.29405177E+00    1.53017712E+00
   1.20234681E-01    3.29448864E+00   -7.35575338E-01
   1.21361375E-01    3.29240497E+00   -2.95111834E+00
   1.22498627E-01    3.28781122E+00   -5.11562750E+00
   1.23646536E-01    3.28071955E+00   -7.22832600E+00
   1.24805202E-01    3.27114381E+00   -9.28848001E+00
   1.25974725E-01    3.25910013E+00   -1.12953917E+01
   1.27155208E-01    3.24460621E+00   -1.32484099E+01
   1.28346752E-01    3.22768190E+00   -1.51469247E+01
   1.29549463E-01    3.20834865E+00   -1.69903728E+01
   1.30763444E-01    3.18663013E+00   -1.87782322E+01
   1.31988800E-01    3.16255165E+00   -2.05100278E+01
   1.33225640E-01    3.13614055E+00   -2.21853287E+01
   1.34474069E-01    3.10742601E+00   -2.38037504E+01
   1.35734197E-01    3.07643899E+00   -2.53649538E+01
   1.37006134E-01    3.04321258E+00   -2.68686464E+01
   1.38289990E-01    3.00778123E+00   -2.83145814E+01
   1.39585876E-01    2.97018179E+00   -2.97025598E+01
   1.40893906E-01    2.93045248E+00   -3.10324277E+01
   1.42214193E-01    2.88863358E+00   -3.23040796E+01
   1.43546852E-01    2.84476699E+00   -3.35174555E+01
   1.44892000E-01    2.79889648E+00   -3.46725436E+01
   1.46249752E-01    2.75106737E+00   -3.57693768E+01
   1.47620228E-01    2.70132685E+00   -3.68080366E+01
   1.49003546E-01    2.64972359E+00   -3.77886488E+01
   1.50399827E-01    2.59630826E+00   -3.87113894E+01
   1.51809192E-01    2.54113246E+00   -3.95764731E+01
   1.53231764E-01    2.48424973E+00   -4.03841648E+01
   1.54667667E-01    2.42571546E+00   -4.11347769E+01
   1.56117025E-01    2.36558611E+00   -4.18286635E+01
   1.57579965E-01    2.30391945E+00   -4.24662205E+01
   1.59056613E-01    2.24077457E+00   -4.30478877E+01
   1.60547099E-01    2.17621268E+00   -4.35741560E+01
   1.62051553E-01    2.11029547E+00   -4.40455505E+01
   1.63570104E-01    2.04308608E+00   -4.44626399E+01
   1.65102885E-01    1.97464876E+00   -4.48260333E+01
   1.66650029E-01    1.90504926E+00   -4.51363852E+01
   1.68211671E-01    1.83435373E+00   -4.53943804E+01
   1.69787948E-01    1.76263013E+00   -4.56007543E+01
   1.71378995E-01    1.68994645E+00   -4.57562662E+01
   1.72984951E-01    1.61637256E+00   -4.58617275E+01
   1.74605957E-01    1.54197806E+00   -4.59179691E+01
   1.76242153E-01    1.46683440E+00   -4.59258739E+01
   1.77893681E-01    1.39101263E+00   -4.58863415E+01
   1.79560685E-01    1.31458545E+00   -4.58003212E+01
   1.81243311E-01    1.23762508E+00   -4.56687770E+01
   1.82941703E-01    1.16020519E+00   -4.54927204E+01
   1.84656012E-01    1.08239886E+00   -4.52731751E+01
   1.86386384E-01    1.00428051E+00   -4.50112111E+01
   1.88132972E-01    9.25923676E-01   -4.47079045E+01
   1.89895927E-01    8.47403440E-01   -4.43643836E+01
   1.91675401E-01    7.68793118E-01   -4.39817649E+01
   1.93471551E-01    6.90168295E-01   -4.35612327E+01
   1.95284532E-01    6.11602612E-01   -4.31039549E+01
   1.97114503E-01    5.33169346E-01   -4.26111157E+01
   1.98961621E-01    4.54944258E-01   -4.20839742E+01
   2.00826049E-01    3.76999784E-01   -4.15237434E+01
   2.02707947E-01    2.99409105E-01   -4.09316774E+01
   2.04607481E-01    2.22246259E-01   -4.03090728E+01
   2.06524815E-01    1.45581485E-01   -3.96571682E+01
   2.08460115E-01    6.94869413E-02   -3.89772716E+01
   2.10413551E-01   -5.96442871E-03   -3.82707336E+01
   2.12385292E-01   -8.07052232E-02   -3.75388044E+01
   2.14375510E-01   -1.54667200E-01   -3.67827816E+01
   2.16384378E-01   -2.27779619E-01   -3.60040503E+01
   2.18412071E-01   -2.99975128E-01   -3.52039415E+01
   2.20458764E-01   -3.71189822E-01   -3.43837328E+01
   2.22524637E-01   -4.41357826E-01   -3.35447811E+01
   2.24609869E-01   -5.10415021E-01   -3.26884293E+01
   2.26714640E-01   -5.78299890E-01   -3.18159862E+01
   2.28839136E-01   -6.44951212E-01   -3.09287855E+01
   2.30983539E-01   -7.10310320E-01   -3.00281270E+01
   2.33148037E-01   -7.74318632E-01   -2.91153430E+01
   2.35332818E-01   -8.36920767E-01   -2.81917138E+01
   2.37538073E-01   -8.98061711E-01   -2.72585474E+01
   2.39763992E-01   -9.57689120E-01   -2.63171136E+01
   2.42010770E-01   -1.01575188E+00   -2.53686867E+01
   2.44278602E-01   -1.07220114E+00   -2.44145148E+01
   2.46567686E-01   -1.12698981E+00   -2.34558359E+01
   2.48878220E-01   -1.18007274E+00   -2.24938724E+01
   2.51210405E-01   -1.23140702E+00   -2.15298223E+01
   2.53564445E-01   -1.28095161E+00   -2.05648704E+01
   2.55940544E-01   -1.32866772E+00   -1.96001779E+01
   2.58338909E-01   -1.37451875E+00   -1.86368827E+01
   2.60759749E-01   -1.41847028E+00   -1.76761024E+01
   2.63203273E-01   -1.46049014E+00   -1.67189298E+01
   2.65669696E-01   -1.50054859E+00   -1.57664271E+01
   2.68159231E-01   -1.53861798E+00   -1.48196411E+01
   2.70672095E-01   -1.57467327E+00   -1.38795786E+01
   2.73208506E-01   -1.60869159E+00   -1.29472302E+01
   2.75768685E-01   -1.64065265E+00   -1.20235477E+01
   2.78352856E-01   -1.67053846E+00   -1.11094584E+01
   2.80961242E-01   -1.69833355E+00   -1.02058577E+01
   2.83594070E-01   -1.72402484E+00   -9.31360966E+00
   2.86251571E-01   -1.74760178E+00   -8.43354533E+00
   2.88933974E-01   -1.76905622E+00   -7.56646483E+00
   2.91641514E-01   -1.78838252E+00   -6.71313385E+00
   2.94374425E-01   -1.80557751E+00   -5.87428149E+00
   2.97132946E-01   -1.82064044E+00   -5.05060858E+00
   2.99917316E-01   -1.83357306E+00   -4.24277679E+00
   3.02727778E-01   -1.84437952E+00   -3.45141342E+00
   3.05564577E-01   -1.85306640E+00   -2.67711106E+00
   3.08427958E-01   -1.85964270E+00   -1.92042598E+00
   3.11318172E-01   -1.86411978E+00   -1.18187886E+00
   3.14235469E-01   -1.86651134E+00   -4.61954150E-01
   3.17180103E-01   -1.86683341E+00    2.38899748E-01
   3.20152331E-01   -1.86510430E+00    9.20270636E-01
   3.23152412E-01   -1.86134457E+00    1.58178237E+00
   3.26180605E-01   -1.85557697E+00    2.22309494E+00
   3.29237175E-01   -1.84782642E+00    2.84390414E+00
   3.32322387E-01   -1.83811994E+00    3.44394143E+00
   3.35436510E-01   -1.82648661E+00    4.02297364E+00
   3.38579815E-01   -1.81295754E+00    4.58080241E+00
   3.41752576E-01   -1.79756572E+00    5.11726469E+00
   3.44955067E-01   -1.78034609E+00    5.63223075E+00
   3.48187568E-01   -1.76133542E+00    6.12560486E+00
   3.51450361E-01   -1.74057219E+00    6.59732456E+00
   3.54743728E-01   -1.71809661E+00    7.04735956E+00
   3.58067957E-01   -1.69395049E+00    7.47571158E+00
   3.61423337E-01   -1.66817722E+00    7.88241322E+00
   3.64810159E-01   -1.64082164E+00    8.26752752E+00
   3.68228718E-01   -1.61193000E+00    8.63114690E+00
   3.71679312E-01   -1.58154990E+00    8.97339243E+00
   3.75162241E-01   -1.54973016E+00    9.29441292E+00
   3.78677807E-01   -1.51652079E+00    9.59438398E+00
   3.82226317E-01   -1.48197289E+00    9.87350708E+00
   3.85808080E-01   -1.44613854E+00    1.01320085E+01
   3.89423406E-01   -1.40907081E+00    1.03701383E+01
   3.93072611E-01   -1.37082354E+00    1.05881695E+01
   3.96756012E-01   -1.33145139E+00    1.07863968E+01
   4.00473929E-01   -1.29100969E+00    1.09651354E+01
   4.04226686E-01   -1.24955436E+00    1.11247203E+01
   4.08014609E-01   -1.20714184E+00    1.12655048E+01
   4.11838028E-01   -1.16382902E+00    1.13878599E+01
   4.15697276E-01   -1.11967310E+00    1.14921724E+01
   4.19592688E-01   -1.07473161E+00    1.15788447E+01
   4.23524603E-01   -1.02906240E+00    1.16482944E+01
   4.27493363E-01   -9.82722900E-01    1.17009476E+01
   4.31499313E-01   -9.35771228E-01    1.17372479E+01
   4.35542802E-01   -8.88265257E-01    1.17576477E+01
   4.39624182E-01   -8.40262488E-01    1.17626074E+01
   4.43743808E-01   -7.91820529E-01    1.17525982E+01
   4.47902038E-01   -7.42996614E-01    1.17280985E+01
   4.52099234E-01   -6.93847687E-01    1.16895936E+01
   4.56335761E-01   -6.44430018E-01    1.16375718E+01
   4.60611987E-01   -5.94799854E-01    1.15725308E+01
   4.64928285E-01   -5.45012627E-01    1.14949691E+01
   4.69285031E-01   -4.95123111E-01    1.14053878E+01
   4.73682602E-01   -4.45185613E-01    1.13042917E+01
   4.78121382E-01   -3.95253643E-01    1.11921863E+01
   4.82601757E-01   -3.45379645E-01    1.10695744E+01
   4.87124117E-01   -2.95615729E-01    1.09369636E+01
   4.91688854E-01   -2.46012732E-01    1.07948563E+01
   4.96296367E-01   -1.96620548E-01    1.06437527E+01
   5.00947056E-01   -1.47488370E-01    1.04841542E+01
   5.05641325E-01   -9.86638547E-02    1.03165523E+01
   5.10379584E-01   -5.01940079E-02    1.01414404E+01
   5.15162244E-01   -2.12454870E-03    9.95930485E+00
   5.19989721E-01    4.55003013E-02    9.77062317E+00
   5.24862435E-01    9.26367111E-02    9.57587710E+00
   5.29780811E-01    1.39243415E-01    9.37552544E+00
   5.34745275E-01    1.85278744E-01    9.17004210E+00
   5.39756261E-01    2.30704112E-01    8.95986989E+00
   5.44814203E-01    2.75481564E-01    8.74545381E+00
   5.49919543E-01    3.19573658E-01    8.52724212E+00
   5.55072723E-01    3.62945602E-01    8.30565748E+00
   5.60274193E-01    4.05563511E-01    8.08112059E+00
   5.65524405E-01    4.47395124E-01    7.85404029E+00
   5.70823815E-01    4.88409431E-01    7.62481861E+00
   5.76172885E-01    5.28577123E-01    7.39384450E+00
   5.81572080E-01    5.67870262E-01    7.16149834E+00
   5.87021869E-01    6.06262384E-01    6.92815071E+00
   5.92522728E-01    6.43728817E-01    6.69415659E+00
   5.98075134E-01    6.80246103E-01    6.45986548E+00
   6.03679570E-01    7.15792452E-01    6.22561279E+00
   6.09336524E-01    7.50347667E-01    5.99172202E+00
   6.15046489E-01    7.83892937E-01    5.75850744E+00
   6.20809960E-01    8.16411107E-01    5.52626961E+00
   6.26627440E-01    8.47886501E-01    5.29529820E+00
   6.32499434E-01    8.78304995E-01    5.06587032E+00
   6.38426453E-01    9.07653942E-01    4.83825218E+00
   6.44409013E-01    9.35922248E-01    4.61269673E+00
   6.50447634E-01    9.63100247E-01    4.38944660E+00
   6.56542842E-01    9.89179791E-01    4.16873154E+00
   6.62695167E-01    1.01415419E+00    3.95076923E+00
   6.68905144E-01    1.03801817E+00    3.73576647E+00
   6.75173314E-01    1.06076791E+00    3.52391735E+00
   6.81500221E-01    1.08240096E+00    3.31540499E+00
   6.87886416E-01    1.10291626E+00    3.11040060E+00
   6.94332455E-01    1.12231409E+00    2.90906412E+00
   7.00838899E-01    1.14059607E+00    2.71154414E+00
   7.07406313E-01    1.15776510E+00    2.51797817E+00
   7.14035269E-01    1.17382535E+00    2.32849275E+00
   7.20726343E-01    1.18878225E+00    2.14320364E+00
   7.27480118E-01    1.20264239E+00    1.96221605E+00
   7.34297181E-01    1.21541356E+00    1.78562477E+00
   7.41178126E-01    1.22710470E+00    1.61351449E+00
   7.48123550E-01    1.23772581E+00    1.44595993E+00
   7.55134059E-01    1.24728799E+00    1.28302614E+00
   7.62210261E-01    1.25580337E+00    1.12476868E+00
   7.69352773E-01    1.26328506E+00    9.71233969E-01
   7.76562216E-01    1.26974712E+00    8.22459423E-01
   7.83839218E-01    1.27520454E+00    6.78473790E-01
   7.91184410E-01    1.27967318E+00    5.39297401E-01
   7.98598433E-01    1.28316973E+00    4.04942427E-01
   8.06081931E-01    1.28571169E+00    2.75413159E-01
   8.13635555E-01    1.28731730E+00    1.50706293E-01
   8.21259963E-01    1.28800552E+00    3.08111901E-02
   8.28955817E-01    1.28779598E+00   -8.42898350E-02
   8.36723788E-01    1.28670895E+00   -1.94621228E-01
   8.44564551E-01    1.28476528E+00   -3.00213925E-01
   8.52478787E-01    1.28198637E+00   -4.01105053E-01
   8.60467187E-01    1.27839413E+00   -4.97337666E-01
   8.68530444E-01    1.27401092E+00   -5.88960445E-01
   8.76669260E-01    1.26885955E+00   -6.76027426E-01
   8.84884343E-01    1.26296318E+00   -7.58597711E-01
   8.93176409E-01    1.25634533E+00   -8.36735197E-01
   9.01546177E-01    1.24902982E+00   -9.10508280E-01
   9.09994377E-01    1.24104072E+00   -9.79989592E-01
   9.18521743E-01    1.23240232E+00   -1.04525573E+00
   9.27129017E-01    1.22313908E+00   -1.10638692E+00
   9.35816948E-01    1.21327563E+00   -1.16346685E+00
   9.44586292E-01    1.20283667E+00   -1.21658234E+00
   9.53437811E-01    1.19184698E+00   -1.26582306E+00
   9.62372276E-01    1.18033135E+00   -1.31128130E+00
   9.71390465E-01    1.16831460E+00   -1.35305169E+00
   9.80493160E-01    1.15582145E+00   -1.39123098E+00
   9.89681156E-01    1.14287660E+00   -1.42591776E+00
   9.98955250E-01    1.12950458E+00   -1.45721221E+00
   1.00831625E+00    1.11572981E+00   -1.48521588E+00
   1.01776497E+00    1.10157654E+00   -1.51003147E+00
   1.02730223E+00    1.08706877E+00   -1.53176254E+00
   1.03692886E+00    1.07223031E+00   -1.55051337E+00
   1.04664571E+00    1.05708468E+00   -1.56638869E+00
   1.05645360E+00    1.04165512E+00   -1.57949347E+00
   1.06635341E+00    1.02596453E+00   -1.58993276E+00
   1.07634598E+00    1.01003550E+00   -1.59781144E+00
   1.08643219E+00    9.93890224E-01   -1.60323411E+00
   1.09661292E+00    9.77550527E-01   -1.60630481E+00
   1.10688905E+00    9.61037820E-01   -1.60712694E+00
   1.11726147E+00    9.44373083E-01   -1.60580304E+00
   1.12773110E+00    9.27576851E-01   -1.60243465E+00
   1.13829883E+00    9.10669199E-01   -1.59712220E+00
   1.14896559E+00    8.93669718E-01   -1.58996480E+00
   1.15973230E+00    8.76597507E-01   -1.58106018E+00
   1.17059991E+00    8.59471160E-01   -1.57050449E+00
   1.18156935E+00    8.42308752E-01   -1.55839230E+00
   1.19264159E+00    8.25127828E-01   -1.54481635E+00
   1.20381759E+00    8.07945397E-01   -1.52986759E+00
   1.21509831E+00    7.90777921E-01   -1.51363501E+00
   1.22648474E+00    7.73641310E-01   -1.49620555E+00
   1.23797787E+00    7.56550914E-01   -1.47766412E+00
   1.24957870E+00    7.39521522E-01   -1.45809340E+00
   1.26128824E+00    7.22567357E-01   -1.43757390E+00
   1.27310751E+00    7.05702072E-01   -1.41618384E+00
   1.28503753E+00    6.88938751E-01   -1.39399914E+00
   1.29707934E+00    6.72289910E-01   -1.37109338E+00
   1.30923400E+00    6.55767494E-01   -1.34753773E+00
   1.32150256E+00    6.39382883E-01   -1.32340100E+00
   1.33388608E+00    6.23146894E-01   -1.29874956E+00
   1.34638565E+00    6.07069777E-01   -1.27364735E+00
   1.35900234E+00    5.91161236E-01   -1.24815590E+00
   1.37173727E+00    5.75430417E-01   -1.22233430E+00
   1.38459153E+00    5.59885927E-01   -1.19623922E+00
   1.39756625E+00    5.44535830E-01   -1.16992489E+00
   1.41066255E+00    5.29387663E-01   -1.14344321E+00
   1.42388157E+00    5.14448444E-01   -1.11684351E+00
   1.43722446E+00    4.99724670E-01   -1.09017320E+00
   1.45069239E+00    4.85222387E-01   -1.06347337E+00
   1.46428653E+00    4.70947052E-01   -1.03679396E+00
   1.47800805E+00    4.56903687E-01   -1.01017092E+00
   1.49185815E+00    4.43096841E-01   -9.83642775E-01
   1.50583804E+00    4.29530600E-01   -9.57245339E-01
   1.51994893E+00    4.16208601E-01   -9.31012327E-01
   1.53419205E+00    4.03134042E-01   -9.04975388E-01
   1.54856864E+00    3.90309695E-01   -8.79164122E-01
   1.56307995E+00    3.77737921E-01   -8.53606160E-01
   1.57772725E+00    3.65420679E-01   -8.28327187E-01
   1.59251180E+00    3.53359539E-01   -8.03351011E-01
   1.60743489E+00    3.41555697E-01   -7.78699609E-01
   1.62249783E+00    3.30009989E-01   -7.54393197E-01
   1.63770191E+00    3.18722899E-01   -7.30450267E-01
   1.65304847E+00    3.07694580E-01   -7.06887664E-01
   1.66853884E+00    2.96924861E-01   -6.83720627E-01
   1.68417437E+00    2.86413262E-01   -6.60962859E-01
   1.69995641E+00    2.76159009E-01   -6.38626580E-01
   1.71588635E+00    2.66161045E-01   -6.16722582E-01
   1.73196556E+00    2.56418048E-01   -5.95260298E-01
   1.74819544E+00    2.46928435E-01   -5.74247848E-01
   1.76457741E+00    2.37690384E-01   -5.53692102E-01
   1.78111290E+00    2.28701842E-01   -5.33598737E-01
   1.79780333E+00    2.19960541E-01   -5.13972292E-01
   1.81465017E+00    2.11464006E-01   -4.94816225E-01
   1.83165487E+00    2.03209572E-01   -4.76132964E-01
   1.84881893E+00    1.95194393E-01   -4.57923968E-01
   1.86614382E+00    1.87415455E-01   -4.40189774E-01
   1.88363106E+00    1.79869588E-01   -4.22930048E-01
   1.90128217E+00    1.72553478E-01   -4.06143642E-01
   1.91909869E+00    1.65463675E-01   -3.89828637E-01
   1.93708216E+00    1.58596611E-01   -3.73982396E-01
   1.95523415E+00    1.51948600E-01   -3.58601607E-01
   1.97355624E+00    1.45515860E-01   -3.43682335E-01
   1.99205002E+00    1.39294514E-01   -3.29220060E-01
   2.01071710E+00    1.33280604E-01   -3.15209721E-01
   2.02955911E+00    1.27470101E-01   -3.01645765E-01
   2.04857768E+00    1.21858913E-01   -2.88522176E-01
   2.06777447E+00    1.16442891E-01   -2.75832524E-01
   2.08715115E+00    1.11217845E-01   -2.63569996E-01
   2.10670940E+00    1.06179544E-01   -2.51727437E-01
   2.12645093E+00    1.01323731E-01   -2.40297381E-01
   2.14637746E+00    9.66461232E-02   -2.29272084E-01
   2.16649071E+00    9.21424275E-02   -2.18643561E-01
   2.18679244E+00    8.78083412E-02   -2.08403611E-01
   2.20728441E+00    8.36395625E-02   -1.98543849E-01
   2.22796841E+00    7.96317934E-02   -1.89055731E-01
   2.24884623E+00    7.57807501E-02   -1.79930587E-01
   2.26991970E+00    7.20821635E-02   -1.71159635E-01
   2.29119064E+00    6.85317917E-02   -1.62734019E-01
   2.31266090E+00    6.51254164E-02   -1.54644816E-01
   2.33433236E+00    6.18588560E-02   -1.46883072E-01
   2.35620690E+00    5.87279644E-02   -1.39439810E-01
   2.37828642E+00    5.57286391E-02   -1.32306057E-01
   2.40057284E+00    5.28568225E-02   -1.25472858E-01
   2.42306810E+00    5.01085073E-02   -1.18931291E-01
   2.44577417E+00    4.74797396E-02   -1.12672489E-01
   2.46869300E+00    4.49666217E-02   -1.06687647E-01
   2.49182660E+00    4.25653154E-02   -1.00968038E-01
   2.51517699E+00    4.02720448E-02   -9.55050265E-02
   2.53874618E+00    3.80830988E-02   -9.02900804E-02
   2.56253624E+00    3.59948329E-02   -8.53147781E-02
   2.58654923E+00    3.40036714E-02   -8.05708201E-02
   2.61078724E+00    3.21061104E-02   -7.60500397E-02
   2.63525238E+00    3.02987170E-02   -7.17444057E-02
   2.65994677E+00    2.85781328E-02   -6.76460345E-02
   2.68487257E+00    2.69410740E-02   -6.37471935E-02
   2.71003195E+00    2.53843329E-02   -6.00403078E-02
   2.73542709E+00    2.39047783E-02   -5.65179642E-02
   2.76106020E+00    2.24993570E-02   -5.31729171E-02
   2.78693352E+00    2.11650924E-02   -4.99980887E-02
   2.81304928E+00    1.98990870E-02   -4.69865756E-02
   2.83940978E+00    1.86985216E-02   -4.41316501E-02
   2.86601729E+00    1.75606548E-02   -4.14267603E-02
   2.89287413E+00    1.64828239E-02   -3.88655338E-02
   2.91998265E+00    1.54624438E-02   -3.64417767E-02
   2.94734519E+00    1.44970077E-02   -3.41494771E-02
   2.97496415E+00    1.35840843E-02   -3.19827991E-02
   3.00284191E+00    1.27213212E-02   -2.99360909E-02
   3.03098091E+00    1.19064392E-02   -2.80038749E-02
   3.05938359E+00    1.11372359E-02   -2.61808537E-02
   3.08805243E+00    1.04115823E-02   -2.44619057E-02
   3.11698992E+00    9.72742253E-03   -2.28420833E-02
   3.14619858E+00    9.08277305E-03   -2.13166117E-02
   3.17568095E+00    8.47572109E-03   -1.98808863E-02
   3.20543959E+00    7.90442358E-03   -1.85304699E-02
   3.23547709E+00    7.36710639E-03   -1.72610915E-02
   3.26579606E+00    6.86206212E-03   -1.60686412E-02
   3.29639915E+00    6.38764953E-03   -1.49491691E-02
   3.32728901E+00    5.94229195E-03   -1.38988814E-02
   3.35846834E+00    5.52447528E-03   -1.29141360E-02
   3.38993984E+00    5.13274823E-03   -1.19914432E-02
   3.42170625E+00    4.76571860E-03   -1.11274566E-02
   3.45377034E+00    4.42205268E-03   -1.03189719E-02
   3.48613490E+00    4.10047455E-03   -9.56292479E-03
   3.51880274E+00    3.79976412E-03   -8.85638704E-03
   3.55177670E+00    3.51875407E-03   -8.19655831E-03
   3.58505965E+00    3.25633047E-03   -7.58076802E-03
   3.61865449E+00    3.01143026E-03   -7.00646914E-03
   3.65256414E+00    2.78303935E-03   -6.47123352E-03
   3.68679155E+00    2.57019159E-03   -5.97274938E-03
   3.72133970E+00    2.37196698E-03   -5.50881694E-03
   3.75621159E+00    2.18749035E-03   -5.07734506E-03
   3.79141026E+00    2.01592930E-03   -4.67634634E-03
   3.82693877E+00    1.85649362E-03   -4.30393550E-03
   3.86280021E+00    1.70843251E-03   -3.95832272E-03
   3.89899769E+00    1.57103427E-03   -3.63781274E-03
   3.93553438E+00    1.44362411E-03   -3.34079945E-03
   3.97241345E+00    1.32556331E-03   -3.06576394E-03
   4.00963810E+00    1.21624699E-03   -2.81126889E-03
   4.04721157E+00    1.11510342E-03   -2.57595692E-03
   4.08513714E+00    1.02159256E-03   -2.35854700E-03
   4.12341810E+00    9.35204337E-04   -2.15783015E-03
   4.16205779E+00    8.55457541E-04   -1.97266687E-03
   4.20105956E+00    7.81899102E-04   -1.80198518E-03
   4.24042680E+00    7.14101864E-04   -1.64477529E-03
   4.28016295E+00    6.51663074E-04   -1.50008594E-03
   4.32027146E+00    5.94207461E-04   -1.36703159E-03
   4.36075581E+00    5.41377892E-04   -1.24477018E-03
   4.40161954E+00    4.92841824E-04   -1.13251836E-03
   4.44286619E+00    4.48286881E-04   -1.02954093E-03
   4.48449935E+00    4.07420472E-04   -9.35149841E-04
   4.52652266E+00    3.69968381E-04   -8.48700851E-04
   4.56893975E+00    3.35674242E-04   -7.69592161E-04
   4.61175432E+00    3.04298537E-04   -6.97262028E-04
   4.65497010E+00    2.75617423E-04   -6.31185919E-04
   4.69859085E+00    2.49422154E-04   -5.70875113E-04
   4.74262035E+00    2.25518206E-04   -5.15874576E-04
   4.78706245E+00    2.03724324E-04   -4.65760682E-04
   4.83192101E+00    1.83871890E-04   -4.20139677E-04
   4.87719992E+00    1.65804199E-04   -3.78645943E-04
   4.92290314E+00    1.49375659E-04   -3.40940079E-04
   4.96903463E+00    1.34451177E-04   -3.06707422E-04
   5.01559841E+00    1.20905585E-04   -2.75656676E-04
   5.06259853E+00    1.08622875E-04   -2.47518086E-04
   5.11003907E+00    9.74957637E-05   -2.22042397E-04
   5.15792417E+00    8.74250851E-05   -1.98999400E-04
   5.20625800E+00    7.83192265E-05   -1.78176594E-04
   5.25504475E+00    7.00936819E-05   -1.59378126E-04
   5.30428867E+00    6.26706037E-05   -1.42423718E-04
   5.35399404E+00    5.59782522E-05   -1.27147370E-04
   5.40416519E+00    4.99506749E-05   -1.13396597E-04
   5.45480649E+00    4.45272788E-05   -1.01031416E-04
   5.50592233E+00    3.96524023E-05   -8.99233351E-05
   5.55751717E+00    3.52750457E-05   -7.99547186E-05
   5.60959550E+00    3.13484718E-05   -7.10178448E-05
   5.66216184E+00    2.78298925E-05   -6.30141698E-05
   5.71522077E+00    2.46802279E-05   -5.58537589E-05
   5.76877690E+00    2.18637631E-05   -4.94544834E-05
   5.82283489E+00    1.93479462E-05   -4.37415435E-05
   5.87739945E+00    1.71030823E-05   -3.86467557E-05
   5.93247533E+00    1.51021799E-05   -3.41081894E-05
   5.98806731E+00    1.33206166E-05   -3.00693910E-05
   6.04418023E+00    1.17362385E-05   -2.64796043E-05
   6.10081897E+00    1.03286702E-05   -2.32921795E-05
   6.15798846E+00    9.07962310E-06   -2.04652760E-05
   6.21569368E+00    7.97250286E-06   -1.79609556E-05
   6.27393964E+00    6.99230967E-06   -1.57449499E-05
   6.33273140E+00    6.12549165E-06   -1.37863197E-05
   6.39207410E+00    5.35982976E-06   -1.20571881E-05
   6.45197288E+00    4.68431655E-06   -1.05324596E-05
   6.51243296E+00    4.08904344E-06   -9.18955937E-06
   6.57345960E+00    3.56511302E-06   -8.00822992E-06
   6.63505811E+00    3.10452826E-06   -6.97027599E-06
   6.69723385E+00    2.70012632E-06   -6.05941112E-06
   6.75999222E+00    2.34549098E-06   -5.26105611E-06
   6.82333868E+00    2.03488384E-06   -4.56218046E-06
   6.88727875E+00    1.76318273E-06   -3.95116059E-06
   6.95181799E+00    1.52581254E-06   -3.41762093E-06
   7.01696202E+00    1.31870118E-06   -2.95233267E-06
   7.08271649E+00    1.13822426E-06   -2.54708683E-06
   7.14908714E+00    9.81160878E-07   -2.19459292E-06
   7.21607973E+00    8.44654141E-07   -1.88838845E-06
   7.28370010E+00    7.26169755E-07   -1.62274420E-06
   7.35195412E+00    6.23466057E-07   -1.39259565E-06
   7.42084774E+00    5.34560969E-07   -1.19346748E-06
   7.49038694E+00    4.57705943E-07   -1.02141408E-06
   7.56057778E+00    3.91359253E-07   -8.72958627E-07
   7.63142637E+00    3.34162694E-07   -7.45040011E-07
   7.70293886E+00    2.84923809E-07   -6.34972285E-07
   7.77512148E+00    2.42595146E-07   -5.40397521E-07
   7.84798051E+00    2.06258827E-07   -4.59250686E-07
   7.92152228E+00    1.75111349E-07   -3.89725129E-07
   7.99575320E+00    1.48450497E-07   -3.30242860E-07
   8.07067973E+00    1.25663399E-07   -2.79427452E-07
   8.14630837E+00    1.06215993E-07   -2.36080159E-07
   8.22264571E+00    8.96435527E-08   -1.99158462E-07
   8.29969840E+00    7.55422336E-08   -1.67756932E-07
   8.37747312E+00    6.35619919E-08   -1.41091204E-07
   8.45597666E+00    5.33991498E-08   -1.18481185E-07
   8.53521584E+00    4.47915279E-08   -9.93400500E-08
   8.61519756E+00    3.75123480E-08   -8.31604866E-08
   8.69592876E+00    3.13664146E-08   -6.95060765E-08
   8.77741648E+00    2.61854310E-08   -5.80007456E-08
   8.85966781E+00    2.18250002E-08   -4.83220014E-08
   8.94268989E+00    1.81610130E-08   -4.01928103E-08
   9.02648996E+00    1.50873447E-08   -3.33764102E-08
   9.11107530E+00    1.25130616E-08   -2.76700375E-08
   9.19645327E+00    1.03606791E-08   -2.29010084E-08
   9.28263130E+00    8.56403202E-09   -1.89219437E-08
   9.36961688E+00    7.06686819E-09   -1.56076096E-08
   9.45741759E+00    5.82142346E-09   -1.28517247E-08
   9.54604106E+00    4.78714546E-09   -1.05641008E-08
   9.63549501E+00    3.92972820E-09   -8.66848088E-09
   9.72578721E+00    3.22017750E-09   -7.10044789E-09
   9.81692551E+00    2.63403887E-09   -5.80569818E-09
   9.90891786E+00    2.15069771E-09   -4.73847792E-09
   1.00017722E+01    1.75287546E-09   -3.86045679E-09
   1.00954967E+01    1.42601319E-09   -3.13935339E-09
   1.01900995E+01    1.15795885E-09   -2.54823655E-09
   1.02855888E+01    9.38532671E-10   -2.06455689E-09
   1.03819729E+01    7.59248229E-10   -1.66952524E-09
   1.04792602E+01    6.13050837E-10   -1.34752986E-09
   1.05774591E+01    4.94052577E-10   -1.08554716E-09
   1.06765783E+01    3.97382034E-10   -8.72807171E-10
   1.07766262E+01    3.18998371E-10   -7.00380417E-10
   1.08776117E+01    2.55574030E-10   -5.60917110E-10
   1.09795436E+01    2.04352558E-10   -4.48331684E-10
   1.10824305E+01    1.63065100E-10   -3.57617408E-10
   1.11862817E+01    1.29859273E-10   -2.84688498E-10
   1.12911060E+01    1.03200843E-10   -2.26162396E-10
   1.13969125E+01    8.18469250E-11   -1.79300186E-10
   1.15037106E+01    6.47761554E-11   -1.41852086E-10
   1.16115095E+01    5.11573455E-11   -1.11988051E-10
   1.17203185E+01    4.03164223E-11   -8.82246229E-11
   1.18301471E+01    3.17046876E-11   -6.93547839E-11
   1.19410049E+01    2.48785069E-11   -5.44030645E-11
   1.20529016E+01    1.94792115E-11   -4.25811609E-11
   1.21658468E+01    1.52183988E-11   -3.32554792E-11
   1.22798504E+01    1.18628574E-11   -2.59138906E-11
   1.23949223E+01    9.22667803E-12   -2.01483191E-11
   1.25110725E+01    7.16000156E-12   -1.56299539E-11
   1.26283111E+01    5.54351665E-12   -1.20971223E-11
   1.27466484E+01    4.28199527E-12   -9.34105650E-12
   1.28660945E+01    3.29987105E-12   -7.19616196E-12
   1.29866600E+01    2.53708138E-12   -5.53087150E-12
   1.31083553E+01    1.94595540E-12   -4.24080451E-12
   1.32311909E+01    1.48902029E-12   -3.24394336E-12
   1.33551776E+01    1.13656697E-12   -2.47528881E-12
   1.34803262E+01    8.65467784E-13   -1.88426116E-12
   1.36066475E+01    6.57414894E-13   -1.43083687E-12
   1.37341525E+01    4.98075294E-13   -1.08369417E-12
   1.38628524E+01    3.76467674E-13   -8.18845561E-13
   1.39927582E+01    2.83826550E-13   -6.17150167E-13
   1.41238814E+01    2.13410565E-13   -4.63893280E-13
   1.42562334E+01    1.60064447E-13   -3.47826468E-13
   1.43898255E+01    1.19729801E-13   -2.60097629E-13
   1.45246696E+01    8.93396479E-14   -1.94019871E-13
   1.46607772E+01    6.64835029E-14   -1.44339298E-13
   1.47981602E+01    4.93205633E-14   -1.07045327E-13
   1.49368307E+01    3.65136726E-14   -7.92257584E-14
   1.50768006E+01    2.69513251E-14   -5.84605479E-14
   1.52180821E+01    1.98407053E-14   -4.30242000E-14
   1.53606876E+01    1.45530321E-14   -3.15487229E-14
   1.55046293E+01    1.06515588E-14   -2.30842639E-14
   1.56499200E+01    7.78204319E-15   -1.68606504E-14
   1.57965721E+01    5.66085010E-15   -1.22613525E-14
   1.59445984E+01    4.11012390E-15   -8.90000350E-15
   1.60940119E+01    2.97015786E-15   -6.42971259E-15
   1.62448255E+01    2.14350053E-15   -4.63890870E-15
   1.63970523E+01    1.54339063E-15   -3.33926828E-15
   1.65507057E+01    1.10449637E-15   -2.38901382E-15
   1.67057989E+01    7.90268304E-16   -1.70888293E-15
   1.68623454E+01    5.64215232E-16   -1.21974610E-15
   1.70203589E+01    3.99360221E-16   -8.63115999E-16
   1.71798531E+01    2.82473853E-16   -6.10331013E-16
   1.73408419E+01    2.00552812E-16   -4.33222413E-16
   1.75033393E+01    1.41158597E-16   -3.04846129E-16
   1.76673594E+01    9.84753494E-17   -2.12610377E-16
   1.78329165E+01    6.88369993E-17   -1.48582796E-16
   1.80000250E+01    4.83553059E-17   -1.04350335E-16
   1.81686994E+01    3.35452157E-17   -7.23727644E-17
   1.83389545E+01    2.30248680E-17   -4.96621469E-17
   1.85108050E+01    1.58524641E-17   -3.41831916E-17
   1.86842659E+01    1.10286572E-17   -2.37762470E-17
   1.88593522E+01    7.58516005E-18   -1.63488267E-17
   1.90360792E+01    5.11003638E-18   -1.10110354E-17
   1.92144623E+01    3.42063784E-18   -7.36861839E-18
   1.93945170E+01    2.32378211E-18   -5.00458621E-18
   1.95762589E+01    1.61457745E-18   -3.47667475E-18
   1.97597039E+01    1.10492350E-18    0.00000000E+00
   1.99448680E+01    7.33870888E-19    0.00000000E+00
   2.01317671E+01    4.77981279E-19    0.00000000E+00
   2.03204177E+01    3.12357956E-19    0.00000000E+00
   2.05108361E+01    2.10581285E-19    0.00000000E+00
   2.07030388E+01    1.44840321E-19    0.00000000E+00
   2.08970426E+01    9.64120104E-20    0.00000000E+00
   2.10928644E+01    6.17712222E-20    0.00000000E+00
   2.12905212E+01    3.85325671E-20    0.00000000E+00
   2.14900302E+01    2.41619894E-20    0.00000000E+00
   2.16914087E+01    1.59707548E-20    0.00000000E+00
   2.18946744E+01    1.11092315E-20    0.00000000E+00
   2.20998448E+01    0.00000000E+00    0.00000000E+00
   2.23069378E+01    0.00000000E+00    0.00000000E+00
   2.25159714E+01    0.00000000E+00    0.00000000E+00
   2.27269638E+01    0.00000000E+00    0.00000000E+00
   2.29399334E+01    0.00000000E+00    0.00000000E+00
   2.31548987E+01    0.00000000E+00    0.00000000E+00
   2.33718784E+01    0.00000000E+00    0.00000000E+00
   2.35908914E+01    0.00000000E+00    0.00000000E+00
   2.38119566E+01    0.00000000E+00    0.00000000E+00
   2.40350935E+01    0.00000000E+00    0.00000000E+00
   2.42603213E+01    0.00000000E+00    0.00000000E+00
   2.44876597E+01    0.00000000E+00    0.00000000E+00
   2.47171284E+01    0.00000000E+00    0.00000000E+00
   2.49487474E+01    0.00000000E+00    0.00000000E+00
   2.51825369E+01    0.00000000E+00    0.00000000E+00
   2.54185171E+01    0.00000000E+00    0.00000000E+00
   2.56567087E+01    0.00000000E+00    0.00000000E+00
   2.58971323E+01    0.00000000E+00    0.00000000E+00
   2.61398089E+01    0.00000000E+00    0.00000000E+00
   2.63847595E+01    0.00000000E+00    0.00000000E+00
   2.66320056E+01    0.00000000E+00    0.00000000E+00
   2.68815685E+01    0.00000000E+00    0.00000000E+00
   2.71334700E+01    0.00000000E+00    0.00000000E+00
   2.73877321E+01    0.00000000E+00    0.00000000E+00
   2.76443768E+01    0.00000000E+00    0.00000000E+00
   2.79034264E+01    0.00000000E+00    0.00000000E+00
   2.81649035E+01    0.00000000E+00    0.00000000E+00
   2.84288309E+01    0.00000000E+00    0.00000000E+00
   2.86952315E+01    0.00000000E+00    0.00000000E+00
   2.89641285E+01    0.00000000E+00    0.00000000E+00
   2.92355453E+01    0.00000000E+00    0.00000000E+00
   2.95095054E+01    0.00000000E+00    0.00000000E+00
   2.97860328E+01    0.00000000E+00    0.00000000E+00
   3.00651514E+01    0.00000000E+00    0.00000000E+00
   3.03468856E+01    0.00000000E+00    0.00000000E+00
   3.06312599E+01    0.00000000E+00    0.00000000E+00
   3.09182990E+01    0.00000000E+00    0.00000000E+00
   3.12080279E+01    0.00000000E+00    0.00000000E+00
   3.15004718E+01    0.00000000E+00    0.00000000E+00
   3.17956561E+01    0.00000000E+00    0.00000000E+00
   3.20936065E+01    0.00000000E+00    0.00000000E+00
   3.23943489E+01    0.00000000E+00    0.00000000E+00
   3.26979095E+01    0.00000000E+00    0.00000000E+00
   3.30043148E+01    0.00000000E+00    0.00000000E+00
   3.33135913E+01    0.00000000E+00    0.00000000E+00
   3.36257659E+01    0.00000000E+00    0.00000000E+00
   3.39408659E+01    0.00000000E+00    0.00000000E+00
   3.42589186E+01    0.00000000E+00    0.00000000E+00
   3.45799518E+01    0.00000000E+00    0.00000000E+00
   3.49039932E+01    0.00000000E+00    0.00000000E+00
   3.52310712E+01    0.00000000E+00    0.00000000E+00
   3.55612142E+01    0.00000000E+00    0.00000000E+00
   3.58944508E+01    0.00000000E+00    0.00000000E+00
   3.62308102E+01    0.00000000E+00    0.00000000E+00
   3.65703215E+01    0.00000000E+00    0.00000000E+00
   3.69130143E+01    0.00000000E+00    0.00000000E+00
   3.72589184E+01    0.00000000E+00    0.00000000E+00
   3.76080639E+01    0.00000000E+00    0.00000000E+00
   3.79604811E+01    0.00000000E+00    0.00000000E+00
   3.83162008E+01    0.00000000E+00    0.00000000E+00
   3.86752539E+01    0.00000000E+00    0.00000000E+00
   3.90376715E+01    0.00000000E+00    0.00000000E+00
   3.94034853E+01    0.00000000E+00    0.00000000E+00
   3.97727271E+01    0.00000000E+00    0.00000000E+00
   4.01454290E+01    0.00000000E+00    0.00000000E+00
   4.05216234E+01    0.00000000E+00    0.00000000E+00
   4.09013430E+01    0.00000000E+00    0.00000000E+00
   4.12846209E+01    0.00000000E+00    0.00000000E+00
   4.16714904E+01    0.00000000E+00    0.00000000E+00
   4.20619851E+01    0.00000000E+00    0.00000000E+00
   4.24561392E+01    0.00000000E+00    0.00000000E+00
   4.28539867E+01    0.00000000E+00    0.00000000E+00
   4.32555624E+01    0.00000000E+00    0.00000000E+00
   4.36609012E+01    0.00000000E+00    0.00000000E+00
   4.40700383E+01    0.00000000E+00    0.00000000E+00
   4.44830094E+01    0.00000000E+00    0.00000000E+00
   4.48998503E+01    0.00000000E+00    0.00000000E+00
   4.53205974E+01    0.00000000E+00    0.00000000E+00
   4.57452872E+01    0.00000000E+00    0.00000000E+00
   4.61739566E+01    0.00000000E+00    0.00000000E+00
   4.66066431E+01    0.00000000E+00    0.00000000E+00
   4.70433841E+01    0.00000000E+00    0.00000000E+00
   4.74842178E+01    0.00000000E+00    0.00000000E+00
   4.79291824E+01    0.00000000E+00    0.00000000E+00
   4.83783167E+01    0.00000000E+00    0.00000000E+00
   4.88316597E+01    0.00000000E+00    0.00000000E+00
   4.92892509E+01    0.00000000E+00    0.00000000E+00
   4.97511301E+01    0.00000000E+00    0.00000000E+00
   5.02173375E+01    0.00000000E+00    0.00000000E+00
   5.06879136E+01    0.00000000E+00    0.00000000E+00
   5.11628994E+01    0.00000000E+00    0.00000000E+00
   5.16423362E+01    0.00000000E+00    0.00000000E+00
   5.21262657E+01    0.00000000E+00    0.00000000E+00
   5.26147299E+01    0.00000000E+00    0.00000000E+00
   5.31077715E+01    0.00000000E+00    0.00000000E+00
   5.36054333E+01    0.00000000E+00    0.00000000E+00
   5.41077585E+01    0.00000000E+00    0.00000000E+00
   5.46147909E+01    0.00000000E+00    0.00000000E+00
   5.51265747E+01    0.00000000E+00    0.00000000E+00
   5.56431542E+01    0.00000000E+00    0.00000000E+00
   5.61645745E+01    0.00000000E+00    0.00000000E+00
   5.66908809E+01    0.00000000E+00    0.00000000E+00
   5.72221192E+01    0.00000000E+00    0.00000000E+00
   5.77583357E+01    0.00000000E+00    0.00000000E+00
   5.82995769E+01    0.00000000E+00    0.00000000E+00
   5.88458900E+01    0.00000000E+00    0.00000000E+00
   5.93973225E+01    0.00000000E+00    0.00000000E+00
   5.99539223E+01    0.00000000E+00    0.00000000E+00
   6.05157379E+01    0.00000000E+00    0.00000000E+00
   6.10828181E+01    0.00000000E+00    0.00000000E+00
   6.16552124E+01    0.00000000E+00    0.00000000E+00
   6.22329704E+01    0.00000000E+00    0.00000000E+00
   6.28161425E+01    0.00000000E+00    0.00000000E+00
   6.34047794E+01    0.00000000E+00    0.00000000E+00
   6.39989322E+01    0.00000000E+00    0.00000000E+00
   6.45986527E+01    0.00000000E+00    0.00000000E+00
   6.52039931E+01    0.00000000E+00    0.00000000E+00
   6.58150060E+01    0.00000000E+00    0.00000000E+00
   6.64317446E+01    0.00000000E+00    0.00000000E+00
   6.70542625E+01    0.00000000E+00    0.00000000E+00
   6.76826139E+01    0.00000000E+00    0.00000000E+00
   6.83168535E+01    0.00000000E+00    0.00000000E+00
   6.89570364E+01    0.00000000E+00    0.00000000E+00
   6.96032182E+01    0.00000000E+00    0.00000000E+00
   7.02554554E+01    0.00000000E+00    0.00000000E+00
   7.09138045E+01    0.00000000E+00    0.00000000E+00
   7.15783228E+01    0.00000000E+00    0.00000000E+00
   7.22490682E+01    0.00000000E+00    0.00000000E+00
   7.29260991E+01    0.00000000E+00    0.00000000E+00
   7.36094742E+01    0.00000000E+00    0.00000000E+00
   7.42992531E+01    0.00000000E+00    0.00000000E+00
   7.49954958E+01    0.00000000E+00    0.00000000E+00
   7.56982628E+01    0.00000000E+00    0.00000000E+00
   7.64076153E+01    0.00000000E+00    0.00000000E+00
   7.71236150E+01    0.00000000E+00    0.00000000E+00
   7.78463242E+01    0.00000000E+00    0.00000000E+00
   7.85758057E+01    0.00000000E+00    0.00000000E+00
   7.93121231E+01    0.00000000E+00    0.00000000E+00
   8.00553403E+01    0.00000000E+00    0.00000000E+00
   8.08055221E+01    0.00000000E+00    0.00000000E+00
   8.15627336E+01    0.00000000E+00    0.00000000E+00
   8.23270409E+01    0.00000000E+00    0.00000000E+00
   8.30985102E+01    0.00000000E+00    0.00000000E+00
   8.38772089E+01    0.00000000E+00    0.00000000E+00
   8.46632046E+01    0.00000000E+00    0.00000000E+00
   8.54565657E+01    0.00000000E+00    0.00000000E+00
   8.62573612E+01    0.00000000E+00    0.00000000E+00
   8.70656608E+01    0.00000000E+00    0.00000000E+00
   8.78815348E+01    0.00000000E+00    0.00000000E+00
   8.87050542E+01    0.00000000E+00    0.00000000E+00
   8.95362906E+01    0.00000000E+00    0.00000000E+00
   9.03753163E+01    0.00000000E+00    0.00000000E+00
   9.12222044E+01    0.00000000E+00    0.00000000E+00
   9.20770285E+01    0.00000000E+00    0.00000000E+00
   9.29398630E+01    0.00000000E+00    0.00000000E+00
   9.38107829E+01    0.00000000E+00    0.00000000E+00
   9.46898640E+01    0.00000000E+00    0.00000000E+00
   9.55771829E+01    0.00000000E+00    0.00000000E+00
   9.64728165E+01    0.00000000E+00    0.00000000E+00
   9.73768430E+01    0.00000000E+00    0.00000000E+00
   9.82893409E+01    0.00000000E+00    0.00000000E+00
   9.92103897E+01    0.00000000E+00    0.00000000E+00
   1.00140069E+02    0.00000000E+00    0.00000000E+00
   1.01078461E+02    0.00000000E+00    0.00000000E+00
   1.02025646E+02    0.00000000E+00    0.00000000E+00
   1.02981707E+02    0.00000000E+00    0.00000000E+00
   1.03946727E+02    0.00000000E+00    0.00000000E+00
   1.04920790E+02    0.00000000E+00    0.00000000E+00
   1.05903980E+02    0.00000000E+00    0.00000000E+00
   1.06896384E+02    0.00000000E+00    0.00000000E+00
   1.07898088E+02    0.00000000E+00    0.00000000E+00
   1.08909178E+02    0.00000000E+00    0.00000000E+00
   1.09929743E+02    0.00000000E+00    0.00000000E+00
   1.10959872E+02    0.00000000E+00    0.00000000E+00
   1.11999653E+02    0.00000000E+00    0.00000000E+00
   1.13049178E+02    0.00000000E+00    0.00000000E+00
   1.14108538E+02    0.00000000E+00    0.00000000E+00
   1.15177826E+02    0.00000000E+00    0.00000000E+00
   1.16257133E+02    0.00000000E+00    0.00000000E+00
   1.17346554E+02    0.00000000E+00    0.00000000E+00
   1.18446184E+02    0.00000000E+00    0.00000000E+00
   1.19556118E+02    0.00000000E+00    0.00000000E+00
   1.20676453E+02    0.00000000E+00    0.00000000E+00
   1.21807287E+02    0.00000000E+00    0.00000000E+00
   1.22948718E+02    0.00000000E+00    0.00000000E+00
   1.24100844E+02    0.00000000E+00    0.00000000E+00
   1.25263767E+02    0.00000000E+00    0.00000000E+00
   1.26437587E+02    0.00000000E+00    0.00000000E+00
   1.27622407E+02    0.00000000E+00    0.00000000E+00
   1.28818330E+02    0.00000000E+00    0.00000000E+00
   1.30025460E+02    0.00000000E+00    0.00000000E+00
   1.31243901E+02    0.00000000E+00    0.00000000E+00
   1.32473760E+02    0.00000000E+00    0.00000000E+00
   1.33715144E+02    0.00000000E+00    0.00000000E+00
   1.34968160E+02    0.00000000E+00    0.00000000E+00
   1.36232918E+02    0.00000000E+00    0.00000000E+00
   1.37509529E+02    0.00000000E+00    0.00000000E+00
   1.38798101E+02    0.00000000E+00    0.00000000E+00
   1.40098749E+02    0.00000000E+00    0.00000000E+00
   1.41411585E+02    0.00000000E+00    0.00000000E+00
   1.42736723E+02    0.00000000E+00    0.00000000E+00
   1.44074279E+02    0.00000000E+00    0.00000000E+00
   1.45424369E+02    0.00000000E+00    0.00000000E+00
   1.46787110E+02    0.00000000E+00    0.00000000E+00
   1.48162621E+02    0.00000000E+00    0.00000000E+00
   1.49551022E+02    0.00000000E+00    0.00000000E+00
   1.50952433E+02    0.00000000E+00    0.00000000E+00
   1.52366977E+02    0.00000000E+00    0.00000000E+00
   1.53794776E+02    0.00000000E+00    0.00000000E+00
   1.55235954E+02    0.00000000E+00    0.00000000E+00
   1.56690638E+02    0.00000000E+00    0.00000000E+00
   1.58158953E+02    0.00000000E+00    0.00000000E+00
   1.59641027E+02    0.00000000E+00    0.00000000E+00
   1.61136989E+02    0.00000000E+00    0.00000000E+00
   1.62646970E+02    0.00000000E+00    0.00000000E+00
   1.64171101E+02    0.00000000E+00    0.00000000E+00
   1.65709514E+02    0.00000000E+00    0.00000000E+00
   1.67262343E+02    0.00000000E+00    0.00000000E+00
   1.68829723E+02    0.00000000E+00    0.00000000E+00
   1.70411791E+02    0.00000000E+00    0.00000000E+00
   1.72008684E+02    0.00000000E+00    0.00000000E+00
   1.73620541E+02    0.00000000E+00    0.00000000E+00
   1.75247503E+02    0.00000000E+00    0.00000000E+00
   1.76889710E+02    0.00000000E+00    0.00000000E+00
   1.78547306E+02    0.00000000E+00    0.00000000E+00
   1.80220436E+02    0.00000000E+00    0.00000000E+00
   1.81909244E+02    0.00000000E+00    0.00000000E+00
   1.83613877E+02    0.00000000E+00    0.00000000E+00
   1.85334484E+02    0.00000000E+00    0.00000000E+00
   1.87071214E+02    0.00000000E+00    0.00000000E+00
   1.88824219E+02    0.00000000E+00    0.00000000E+00
   1.90593651E+02    0.00000000E+00    0.00000000E+00
   1.92379664E+02    0.00000000E+00    0.00000000E+00
   1.94182414E+02    0.00000000E+00    0.00000000E+00
   1.96002056E+02    0.00000000E+00    0.00000000E+00
   1.97838750E+02    0.00000000E+00    0.00000000E+00
   1.99692656E+02    0.00000000E+00    0.00000000E+00
   2.01563934E+02    0.00000000E+00    0.00000000E+00
   2.03452747E+02    0.00000000E+00    0.00000000E+00
   2.05359260E+02    0.00000000E+00    0.00000000E+00
   2.07283638E+02    0.00000000E+00    0.00000000E+00
   2.09226050E+02    0.00000000E+00    0.00000000E+00
   2.11186663E+02    0.00000000E+00    0.00000000E+00
   2.13165649E+02    0.00000000E+00    0.00000000E+00
   2.15163179E+02    0.00000000E+00    0.00000000E+00
   2.17179428E+02    0.00000000E+00    0.00000000E+00
   2.19214571E+02    0.00000000E+00    0.00000000E+00
   2.21268785E+02    0.00000000E+00    0.00000000E+00
   2.23342248E+02    0.00000000E+00    0.00000000E+00
   2.25435141E+02    0.00000000E+00    0.00000000E+00
   2.27547646E+02    0.00000000E+00    0.00000000E+00
   2.29679948E+02    0.00000000E+00    0.00000000E+00
   2.31832230E+02    0.00000000E+00    0.00000000E+00
   2.34004681E+02    0.00000000E+00    0.00000000E+00
   2.36197490E+02    0.00000000E+00    0.00000000E+00
   2.38410847E+02    0.00000000E+00    0.00000000E+00
   2.40644945E+02    0.00000000E+00    0.00000000E+00
   2.42899978E+02    0.00000000E+00    0.00000000E+00
   2.45176143E+02    0.00000000E+00    0.00000000E+00
   2.47473637E+02    0.00000000E+00    0.00000000E+00
   2.49792660E+02    0.00000000E+00    0.00000000E+00
   2.52133415E+02    0.00000000E+00    0.00000000E+00
   2.54496104E+02    0.00000000E+00    0.00000000E+00
   2.56880933E+02    0.00000000E+00    0.00000000E+00
   2.59288110E+02    0.00000000E+00    0.00000000E+00
   2.61717845E+02    0.00000000E+00    0.00000000E+00
   2.64170348E+02    0.00000000E+00    0.00000000E+00
   2.66645833E+02    0.00000000E+00    0.00000000E+00
