# Peaks:     0.034748      0.220532      0.861487  
   4.69041564E-05    2.42798375E+01   -6.89054923E+03
   4.77878910E-05    2.42738761E+01   -6.78316648E+03
   4.86882762E-05    2.42678276E+01   -6.67764014E+03
   4.96056259E-05    2.42617176E+01   -6.57376823E+03
   5.05402596E-05    2.42555748E+01   -6.47134209E+03
   5.14925030E-05    2.42494294E+01   -6.37015886E+03
   5.24626879E-05    2.42432900E+01   -6.27017059E+03
   5.34511524E-05    2.42371489E+01   -6.17144002E+03
   5.44582407E-05    2.42309966E+01   -6.07403680E+03
   5.54843040E-05    2.42248232E+01   -5.97803141E+03
   5.65296995E-05    2.42186256E+01   -5.88344061E+03
   5.75947917E-05    2.42124067E+01   -5.79024088E+03
   5.86799515E-05    2.42061695E+01   -5.69840863E+03
   5.97855572E-05    2.41999171E+01   -5.60792248E+03
   6.09119939E-05    2.41936501E+01   -5.51877252E+03
   6.20596541E-05    2.41873680E+01   -5.43095545E+03
   6.32289377E-05    2.41810698E+01   -5.34446974E+03
   6.44202521E-05    2.41747545E+01   -5.25931402E+03
   6.56340124E-05    2.41684222E+01   -5.17547829E+03
   6.68706415E-05    2.41620731E+01   -5.09294991E+03
   6.81305703E-05    2.41557075E+01   -5.01171748E+03
   6.94142378E-05    2.41493255E+01   -4.93177029E+03
   7.07220912E-05    2.41429271E+01   -4.85309567E+03
   7.20545862E-05    2.41365124E+01   -4.77568093E+03
   7.34121872E-05    2.41300811E+01   -4.69951453E+03
   7.47953671E-05    2.41236330E+01   -4.62458548E+03
   7.62046079E-05    2.41171680E+01   -4.55087996E+03
   7.76404006E-05    2.41106862E+01   -4.47838349E+03
   7.91032455E-05    2.41041876E+01   -4.40708254E+03
   8.05936523E-05    2.40976717E+01   -4.33696429E+03
   8.21121402E-05    2.40911387E+01   -4.26801426E+03
   8.36592384E-05    2.40845884E+01   -4.20021730E+03
   8.52354859E-05    2.40780208E+01   -4.13355909E+03
   8.68414320E-05    2.40714355E+01   -4.06802608E+03
   8.84776361E-05    2.40648322E+01   -4.00360369E+03
   9.01446684E-05    2.40582112E+01   -3.94027638E+03
   9.18431098E-05    2.40515721E+01   -3.87802928E+03
   9.35735520E-05    2.40449147E+01   -3.81684821E+03
   9.53365979E-05    2.40382387E+01   -3.75671881E+03
   9.71328619E-05    2.40315439E+01   -3.69762556E+03
   9.89629698E-05    2.40248304E+01   -3.63955340E+03
   1.00827559E-04    2.40180978E+01   -3.58248789E+03
   1.02727280E-04    2.40113456E+01   -3.52641494E+03
   1.04662794E-04    2.40045737E+01   -3.47131946E+03
   1.06634775E-04    2.39977820E+01   -3.41718647E+03
   1.08643912E-04    2.39909703E+01   -3.36400149E+03
   1.10690902E-04    2.39841380E+01   -3.31175059E+03
   1.12776461E-04    2.39772849E+01   -3.26041947E+03
   1.14901315E-04    2.39704108E+01   -3.20999343E+03
   1.17066203E-04    2.39635156E+01   -3.16045821E+03
   1.19271881E-04    2.39565988E+01   -3.11180002E+03
   1.21519116E-04    2.39496597E+01   -3.06400533E+03
   1.23808692E-04    2.39426984E+01   -3.01706005E+03
   1.26141407E-04    2.39357146E+01   -2.97095029E+03
   1.28518073E-04    2.39287079E+01   -2.92566255E+03
   1.30939519E-04    2.39216778E+01   -2.88118378E+03
   1.33406588E-04    2.39146238E+01   -2.83750080E+03
   1.35920139E-04    2.39075457E+01   -2.79460024E+03
   1.38481049E-04    2.39004434E+01   -2.75246904E+03
   1.41090210E-04    2.38933162E+01   -2.71109450E+03
   1.43748531E-04    2.38861636E+01   -2.67046426E+03
   1.46456938E-04    2.38789850E+01   -2.63056572E+03
   1.49216375E-04    2.38717805E+01   -2.59138637E+03
   1.52027803E-04    2.38645496E+01   -2.55291396E+03
   1.54892202E-04    2.38572916E+01   -2.51513663E+03
   1.57810570E-04    2.38500058E+01   -2.47804269E+03
   1.60783924E-04    2.38426920E+01   -2.44162030E+03
   1.63813299E-04    2.38353500E+01   -2.40585779E+03
   1.66899752E-04    2.38279791E+01   -2.37074377E+03
   1.70044358E-04    2.38205787E+01   -2.33626714E+03
   1.73248212E-04    2.38131480E+01   -2.30241696E+03
   1.76512431E-04    2.38056869E+01   -2.26918219E+03
   1.79838152E-04    2.37981948E+01   -2.23655200E+03
   1.83226534E-04    2.37906713E+01   -2.20451581E+03
   1.86678757E-04    2.37831156E+01   -2.17306329E+03
   1.90196025E-04    2.37755268E+01   -2.14218425E+03
   1.93779562E-04    2.37679047E+01   -2.11186848E+03
   1.97430618E-04    2.37602488E+01   -2.08210594E+03
   2.01150465E-04    2.37525586E+01   -2.05288683E+03
   2.04940398E-04    2.37448331E+01   -2.02420157E+03
   2.08801738E-04    2.37370715E+01   -1.99604073E+03
   2.12735831E-04    2.37292734E+01   -1.96839489E+03
   2.16744047E-04    2.37214384E+01   -1.94125478E+03
   2.20827784E-04    2.37135657E+01   -1.91461134E+03
   2.24988463E-04    2.37056546E+01   -1.88845571E+03
   2.29227534E-04    2.36977039E+01   -1.86277918E+03
   2.33546476E-04    2.36897132E+01   -1.83757310E+03
   2.37946791E-04    2.36816820E+01   -1.81282893E+03
   2.42430015E-04    2.36736097E+01   -1.78853832E+03
   2.46997707E-04    2.36654952E+01   -1.76469309E+03
   2.51651462E-04    2.36573375E+01   -1.74128522E+03
   2.56392898E-04    2.36491359E+01   -1.71830678E+03
   2.61223670E-04    2.36408898E+01   -1.69574991E+03
   2.66145459E-04    2.36325986E+01   -1.67360694E+03
   2.71159982E-04    2.36242614E+01   -1.65187033E+03
   2.76268984E-04    2.36158769E+01   -1.63053271E+03
   2.81474247E-04    2.36074442E+01   -1.60958681E+03
   2.86777583E-04    2.35989626E+01   -1.58902544E+03
   2.92180841E-04    2.35904316E+01   -1.56884155E+03
   2.97685904E-04    2.35818501E+01   -1.54902821E+03
   3.03294688E-04    2.35732171E+01   -1.52957864E+03
   3.09009150E-04    2.35645311E+01   -1.51048619E+03
   3.14831279E-04    2.35557915E+01   -1.49174428E+03
   3.20763105E-04    2.35469975E+01   -1.47334644E+03
   3.26806694E-04    2.35381482E+01   -1.45528634E+03
   3.32964152E-04    2.35292426E+01   -1.43755775E+03
   3.39237624E-04    2.35202792E+01   -1.42015456E+03
   3.45629297E-04    2.35112567E+01   -1.40307078E+03
   3.52141397E-04    2.35021744E+01   -1.38630047E+03
   3.58776193E-04    2.34930315E+01   -1.36983785E+03
   3.65535997E-04    2.34838268E+01   -1.35367720E+03
   3.72423165E-04    2.34745591E+01   -1.33781293E+03
   3.79440096E-04    2.34652267E+01   -1.32223956E+03
   3.86589235E-04    2.34558285E+01   -1.30695167E+03
   3.93873073E-04    2.34463636E+01   -1.29194396E+03
   4.01294147E-04    2.34368310E+01   -1.27721121E+03
   4.08855045E-04    2.34272295E+01   -1.26274832E+03
   4.16558399E-04    2.34175574E+01   -1.24855024E+03
   4.24406894E-04    2.34078131E+01   -1.23461204E+03
   4.32403265E-04    2.33979954E+01   -1.22092888E+03
   4.40550298E-04    2.33881033E+01   -1.20749599E+03
   4.48850832E-04    2.33781355E+01   -1.19430870E+03
   4.57307758E-04    2.33680908E+01   -1.18136241E+03
   4.65924024E-04    2.33579672E+01   -1.16865260E+03
   4.74702631E-04    2.33477631E+01   -1.15617485E+03
   4.83646638E-04    2.33374770E+01   -1.14392480E+03
   4.92759162E-04    2.33271078E+01   -1.13189818E+03
   5.02043378E-04    2.33166543E+01   -1.12009081E+03
   5.11502520E-04    2.33061147E+01   -1.10849856E+03
   5.21139884E-04    2.32954872E+01   -1.09711738E+03
   5.30958829E-04    2.32847697E+01   -1.08594329E+03
   5.40962776E-04    2.32739608E+01   -1.07497240E+03
   5.51155209E-04    2.32630592E+01   -1.06420087E+03
   5.61539681E-04    2.32520633E+01   -1.05362495E+03
   5.72119810E-04    2.32409714E+01   -1.04324094E+03
   5.82899283E-04    2.32297815E+01   -1.03304521E+03
   5.93881854E-04    2.32184913E+01   -1.02303419E+03
   6.05071351E-04    2.32070990E+01   -1.01320439E+03
   6.16471672E-04    2.31956032E+01   -1.00355237E+03
   6.28086791E-04    2.31840021E+01   -9.94074767E+02
   6.39920753E-04    2.31722940E+01   -9.84768273E+02
   6.51977682E-04    2.31604766E+01   -9.75629629E+02
   6.64261779E-04    2.31485474E+01   -9.66655630E+02
   6.76777324E-04    2.31365043E+01   -9.57843136E+02
   6.89528678E-04    2.31243456E+01   -9.49189080E+02
   7.02520284E-04    2.31120695E+01   -9.40690445E+02
   7.15756669E-04    2.30996739E+01   -9.32344263E+02
   7.29242444E-04    2.30871566E+01   -9.24147616E+02
   7.42982308E-04    2.30745149E+01   -9.16097629E+02
   7.56981049E-04    2.30617461E+01   -9.08191480E+02
   7.71243545E-04    2.30488483E+01   -9.00426417E+02
   7.85774764E-04    2.30358194E+01   -8.92799739E+02
   8.00579770E-04    2.30226573E+01   -8.85308788E+02
   8.15663721E-04    2.30093596E+01   -8.77950949E+02
   8.31031873E-04    2.29959235E+01   -8.70723645E+02
   8.46689581E-04    2.29823460E+01   -8.63624342E+02
   8.62642301E-04    2.29686244E+01   -8.56650560E+02
   8.78895590E-04    2.29547566E+01   -8.49799881E+02
   8.95455112E-04    2.29407402E+01   -8.43069922E+02
   9.12326636E-04    2.29265727E+01   -8.36458342E+02
   9.29516042E-04    2.29122511E+01   -8.29962830E+02
   9.47029319E-04    2.28977722E+01   -8.23581113E+02
   9.64872567E-04    2.28831329E+01   -8.17310955E+02
   9.83052006E-04    2.28683304E+01   -8.11150183E+02
   1.00157397E-03    2.28533624E+01   -8.05096663E+02
   1.02044491E-03    2.28382259E+01   -7.99148296E+02
   1.03967140E-03    2.28229180E+01   -7.93303012E+02
   1.05926015E-03    2.28074353E+01   -7.87558771E+02
   1.07921797E-03    2.27917743E+01   -7.81913563E+02
   1.09955182E-03    2.27759314E+01   -7.76365419E+02
   1.12026879E-03    2.27599038E+01   -7.70912426E+02
   1.14137609E-03    2.27436885E+01   -7.65552700E+02
   1.16288109E-03    2.27272825E+01   -7.60284387E+02
   1.18479126E-03    2.27106820E+01   -7.55105655E+02
   1.20711425E-03    2.26938834E+01   -7.50014701E+02
   1.22985783E-03    2.26768826E+01   -7.45009746E+02
   1.25302993E-03    2.26596760E+01   -7.40089058E+02
   1.27663863E-03    2.26422604E+01   -7.35250949E+02
   1.30069214E-03    2.26246324E+01   -7.30493753E+02
   1.32519885E-03    2.26067884E+01   -7.25815826E+02
   1.35016730E-03    2.25887242E+01   -7.21215549E+02
   1.37560618E-03    2.25704356E+01   -7.16691321E+02
   1.40152437E-03    2.25519180E+01   -7.12241566E+02
   1.42793089E-03    2.25331678E+01   -7.07864758E+02
   1.45483494E-03    2.25141812E+01   -7.03559401E+02
   1.48224590E-03    2.24949542E+01   -6.99324019E+02
   1.51017332E-03    2.24754828E+01   -6.95157156E+02
   1.53862692E-03    2.24557623E+01   -6.91057372E+02
   1.56761663E-03    2.24357879E+01   -6.87023247E+02
   1.59715254E-03    2.24155548E+01   -6.83053383E+02
   1.62724495E-03    2.23950587E+01   -6.79146428E+02
   1.65790433E-03    2.23742953E+01   -6.75301054E+02
   1.68914138E-03    2.23532604E+01   -6.71515950E+02
   1.72096697E-03    2.23319490E+01   -6.67789820E+02
   1.75339220E-03    2.23103562E+01   -6.64121383E+02
   1.78642836E-03    2.22884764E+01   -6.60509373E+02
   1.82008697E-03    2.22663044E+01   -6.56952549E+02
   1.85437975E-03    2.22438355E+01   -6.53449710E+02
   1.88931864E-03    2.22210650E+01   -6.49999673E+02
   1.92491583E-03    2.21979878E+01   -6.46601269E+02
   1.96118372E-03    2.21745984E+01   -6.43253341E+02
   1.99813494E-03    2.21508912E+01   -6.39954744E+02
   2.03578237E-03    2.21268602E+01   -6.36704344E+02
   2.07413913E-03    2.21024995E+01   -6.33501038E+02
   2.11321857E-03    2.20778041E+01   -6.30343754E+02
   2.15303432E-03    2.20527686E+01   -6.27231435E+02
   2.19360026E-03    2.20273871E+01   -6.24163034E+02
   2.23493050E-03    2.20016537E+01   -6.21137514E+02
   2.27703946E-03    2.19755619E+01   -6.18153847E+02
   2.31994181E-03    2.19491052E+01   -6.15211015E+02
   2.36365250E-03    2.19222771E+01   -6.12308029E+02
   2.40818675E-03    2.18950720E+01   -6.09443930E+02
   2.45356008E-03    2.18674837E+01   -6.06617767E+02
   2.49978830E-03    2.18395058E+01   -6.03828599E+02
   2.54688752E-03    2.18111317E+01   -6.01075492E+02
   2.59487416E-03    2.17823542E+01   -5.98357522E+02
   2.64376492E-03    2.17531661E+01   -5.95673767E+02
   2.69357685E-03    2.17235603E+01   -5.93023337E+02
   2.74432729E-03    2.16935303E+01   -5.90405366E+02
   2.79603395E-03    2.16630693E+01   -5.87818996E+02
   2.84871482E-03    2.16321703E+01   -5.85263377E+02
   2.90238826E-03    2.16008259E+01   -5.82737665E+02
   2.95707299E-03    2.15690282E+01   -5.80241018E+02
   3.01278804E-03    2.15367692E+01   -5.77772604E+02
   3.06955284E-03    2.15040412E+01   -5.75331611E+02
   3.12738716E-03    2.14708369E+01   -5.72917256E+02
   3.18631115E-03    2.14371487E+01   -5.70528759E+02
   3.24634534E-03    2.14029690E+01   -5.68165347E+02
   3.30751066E-03    2.13682894E+01   -5.65826250E+02
   3.36982841E-03    2.13331014E+01   -5.63510701E+02
   3.43332031E-03    2.12973963E+01   -5.61217938E+02
   3.49800847E-03    2.12611654E+01   -5.58947222E+02
   3.56391544E-03    2.12244008E+01   -5.56697834E+02
   3.63106419E-03    2.11870941E+01   -5.54469062E+02
   3.69947810E-03    2.11492368E+01   -5.52260198E+02
   3.76918102E-03    2.11108198E+01   -5.50070536E+02
   3.84019723E-03    2.10718339E+01   -5.47899371E+02
   3.91255148E-03    2.10322694E+01   -5.45746002E+02
   3.98626898E-03    2.09921169E+01   -5.43609745E+02
   4.06137541E-03    2.09513677E+01   -5.41489943E+02
   4.13789694E-03    2.09100127E+01   -5.39385937E+02
   4.21586023E-03    2.08680423E+01   -5.37297074E+02
   4.29529245E-03    2.08254468E+01   -5.35222702E+02
   4.37622128E-03    2.07822162E+01   -5.33162168E+02
   4.45867491E-03    2.07383399E+01   -5.31114820E+02
   4.54268208E-03    2.06938078E+01   -5.29080027E+02
   4.62827204E-03    2.06486102E+01   -5.27057175E+02
   4.71547463E-03    2.06027372E+01   -5.25045655E+02
   4.80432023E-03    2.05561786E+01   -5.23044859E+02
   4.89483980E-03    2.05089238E+01   -5.21054179E+02
   4.98706487E-03    2.04609618E+01   -5.19073006E+02
   5.08102757E-03    2.04122814E+01   -5.17100732E+02
   5.17676066E-03    2.03628717E+01   -5.15136765E+02
   5.27429748E-03    2.03127220E+01   -5.13180531E+02
   5.37367202E-03    2.02618218E+01   -5.11231462E+02
   5.47491891E-03    2.02101600E+01   -5.09288986E+02
   5.57807341E-03    2.01577254E+01   -5.07352534E+02
   5.68317148E-03    2.01045060E+01   -5.05421535E+02
   5.79024973E-03    2.00504900E+01   -5.03495414E+02
   5.89934547E-03    1.99956655E+01   -5.01573613E+02
   6.01049672E-03    1.99400213E+01   -4.99655595E+02
   6.12374220E-03    1.98835460E+01   -4.97740822E+02
   6.23912137E-03    1.98262279E+01   -4.95828757E+02
   6.35667443E-03    1.97680548E+01   -4.93918861E+02
   6.47644234E-03    1.97090145E+01   -4.92010595E+02
   6.59846684E-03    1.96490940E+01   -4.90103415E+02
   6.72279043E-03    1.95882810E+01   -4.88196791E+02
   6.84945644E-03    1.95265636E+01   -4.86290216E+02
   6.97850899E-03    1.94639297E+01   -4.84383179E+02
   7.10999307E-03    1.94003669E+01   -4.82475173E+02
   7.24395447E-03    1.93358626E+01   -4.80565687E+02
   7.38043988E-03    1.92704039E+01   -4.78654208E+02
   7.51949685E-03    1.92039774E+01   -4.76740220E+02
   7.66117383E-03    1.91365700E+01   -4.74823219E+02
   7.80552018E-03    1.90681694E+01   -4.72902722E+02
   7.95258621E-03    1.89987630E+01   -4.70978246E+02
   8.10242315E-03    1.89283380E+01   -4.69049308E+02
   8.25508321E-03    1.88568814E+01   -4.67115423E+02
   8.41061958E-03    1.87843798E+01   -4.65176105E+02
   8.56908646E-03    1.87108196E+01   -4.63230862E+02
   8.73053906E-03    1.86361873E+01   -4.61279214E+02
   8.89503363E-03    1.85604702E+01   -4.59320703E+02
   9.06262749E-03    1.84836556E+01   -4.57354870E+02
   9.23337903E-03    1.84057305E+01   -4.55381259E+02
   9.40734776E-03    1.83266817E+01   -4.53399408E+02
   9.58459427E-03    1.82464957E+01   -4.51408857E+02
   9.76518034E-03    1.81651588E+01   -4.49409142E+02
   9.94916888E-03    1.80826575E+01   -4.47399805E+02
   1.01366240E-02    1.79989792E+01   -4.45380413E+02
   1.03276110E-02    1.79141112E+01   -4.43350535E+02
   1.05221965E-02    1.78280406E+01   -4.41309741E+02
   1.07204482E-02    1.77407545E+01   -4.39257596E+02
   1.09224352E-02    1.76522397E+01   -4.37193668E+02
   1.11282279E-02    1.75624829E+01   -4.35117519E+02
   1.13378980E-02    1.74714708E+01   -4.33028722E+02
   1.15515186E-02    1.73791913E+01   -4.30926871E+02
   1.17691640E-02    1.72856322E+01   -4.28811564E+02
   1.19909102E-02    1.71907814E+01   -4.26682402E+02
   1.22168343E-02    1.70946266E+01   -4.24538982E+02
   1.24470152E-02    1.69971554E+01   -4.22380903E+02
   1.26815330E-02    1.68983552E+01   -4.20207761E+02
   1.29204693E-02    1.67982139E+01   -4.18019161E+02
   1.31639076E-02    1.66967201E+01   -4.15814732E+02
   1.34119325E-02    1.65938630E+01   -4.13594109E+02
   1.36646305E-02    1.64896317E+01   -4.11356930E+02
   1.39220897E-02    1.63840152E+01   -4.09102831E+02
   1.41843998E-02    1.62770026E+01   -4.06831451E+02
   1.44516521E-02    1.61685830E+01   -4.04542429E+02
   1.47239398E-02    1.60587455E+01   -4.02235408E+02
   1.50013577E-02    1.59474806E+01   -3.99910057E+02
   1.52840026E-02    1.58347793E+01   -3.97566056E+02
   1.55719728E-02    1.57206327E+01   -3.95203092E+02
   1.58653688E-02    1.56050321E+01   -3.92820851E+02
   1.61642927E-02    1.54879688E+01   -3.90419024E+02
   1.64688488E-02    1.53694345E+01   -3.87997300E+02
   1.67791430E-02    1.52494206E+01   -3.85555376E+02
   1.70952836E-02    1.51279199E+01   -3.83092969E+02
   1.74173807E-02    1.50049264E+01   -3.80609818E+02
   1.77455466E-02    1.48804342E+01   -3.78105671E+02
   1.80798955E-02    1.47544379E+01   -3.75580278E+02
   1.84205439E-02    1.46269323E+01   -3.73033395E+02
   1.87676106E-02    1.44979124E+01   -3.70464784E+02
   1.91212165E-02    1.43673735E+01   -3.67874210E+02
   1.94814848E-02    1.42353116E+01   -3.65261448E+02
   1.98485410E-02    1.41017243E+01   -3.62626308E+02
   2.02225130E-02    1.39666098E+01   -3.59968607E+02
   2.06035311E-02    1.38299668E+01   -3.57288173E+02
   2.09917281E-02    1.36917944E+01   -3.54584839E+02
   2.13872392E-02    1.35520922E+01   -3.51858445E+02
   2.17902023E-02    1.34108609E+01   -3.49108854E+02
   2.22007577E-02    1.32681023E+01   -3.46335949E+02
   2.26190485E-02    1.31238192E+01   -3.43539622E+02
   2.30452204E-02    1.29780145E+01   -3.40719775E+02
   2.34794220E-02    1.28306919E+01   -3.37876318E+02
   2.39218045E-02    1.26818564E+01   -3.35009185E+02
   2.43725220E-02    1.25315143E+01   -3.32118333E+02
   2.48317316E-02    1.23796729E+01   -3.29203732E+02
   2.52995933E-02    1.22263399E+01   -3.26265360E+02
   2.57762702E-02    1.20715240E+01   -3.23303212E+02
   2.62619282E-02    1.19152355E+01   -3.20317308E+02
   2.67567367E-02    1.17574858E+01   -3.17307688E+02
   2.72608680E-02    1.15982870E+01   -3.14274401E+02
   2.77744977E-02    1.14376527E+01   -3.11217517E+02
   2.82978050E-02    1.12755977E+01   -3.08137134E+02
   2.88309720E-02    1.11121383E+01   -3.05033365E+02
   2.93741845E-02    1.09472913E+01   -3.01906336E+02
   2.99276319E-02    1.07810753E+01   -2.98756197E+02
   3.04915069E-02    1.06135105E+01   -2.95583128E+02
   3.10660061E-02    1.04446181E+01   -2.92387321E+02
   3.16513295E-02    1.02744205E+01   -2.89168989E+02
   3.22476812E-02    1.01029422E+01   -2.85928373E+02
   3.28552690E-02    9.93020885E+00   -2.82665740E+02
   3.34743044E-02    9.75624744E+00   -2.79381369E+02
   3.41050033E-02    9.58108638E+00   -2.76075565E+02
   3.47475854E-02    9.40475626E+00   -2.72748666E+02
   3.54022746E-02    9.22728895E+00   -2.69401029E+02
   3.60692989E-02    9.04871754E+00   -2.66033028E+02
   3.67488908E-02    8.86907731E+00   -2.62645074E+02
   3.74412871E-02    8.68840507E+00   -2.59237596E+02
   3.81467291E-02    8.50673919E+00   -2.55811050E+02
   3.88654625E-02    8.32412012E+00   -2.52365923E+02
   3.95977377E-02    8.14058967E+00   -2.48902719E+02
   4.03438099E-02    7.95619164E+00   -2.45421976E+02
   4.11039391E-02    7.77097172E+00   -2.41924257E+02
   4.18783902E-02    7.58497712E+00   -2.38410148E+02
   4.26674328E-02    7.39825732E+00   -2.34880270E+02
   4.34713421E-02    7.21086325E+00   -2.31335263E+02
   4.42903980E-02    7.02284802E+00   -2.27775801E+02
   4.51248860E-02    6.83426643E+00   -2.24202581E+02
   4.59750968E-02    6.64517531E+00   -2.20616332E+02
   4.68413267E-02    6.45563350E+00   -2.17017810E+02
   4.77238775E-02    6.26570134E+00   -2.13407794E+02
   4.86230566E-02    6.07544168E+00   -2.09787100E+02
   4.95391775E-02    5.88491878E+00   -2.06156564E+02
   5.04725592E-02    5.69419917E+00   -2.02517054E+02
   5.14235271E-02    5.50335108E+00   -1.98869465E+02
   5.23924124E-02    5.31244478E+00   -1.95214718E+02
   5.33795527E-02    5.12155268E+00   -1.91553771E+02
   5.43852921E-02    4.93074837E+00   -1.87887593E+02
   5.54099808E-02    4.74010815E+00   -1.84217195E+02
   5.64539760E-02    4.54970961E+00   -1.80543608E+02
   5.75176415E-02    4.35963238E+00   -1.76867889E+02
   5.86013477E-02    4.16995805E+00   -1.73191128E+02
   5.97054724E-02    3.98076950E+00   -1.69514431E+02
   6.08304002E-02    3.79215203E+00   -1.65838941E+02
   6.19765231E-02    3.60419185E+00   -1.62165812E+02
   6.31442404E-02    3.41697770E+00   -1.58496239E+02
   6.43339590E-02    3.23059912E+00   -1.54831425E+02
   6.55460934E-02    3.04514771E+00   -1.51172606E+02
   6.67810660E-02    2.86071618E+00   -1.47521035E+02
   6.80393071E-02    2.67739909E+00   -1.43877991E+02
   6.93212550E-02    2.49529237E+00   -1.40244777E+02
   7.06273565E-02    2.31449244E+00   -1.36622699E+02
   7.19580667E-02    2.13509790E+00   -1.33013101E+02
   7.33138491E-02    1.95720728E+00   -1.29417323E+02
   7.46951762E-02    1.78092208E+00   -1.25836755E+02
   7.61025292E-02    1.60634360E+00   -1.22272784E+02
   7.75363987E-02    1.43357249E+00   -1.18726783E+02
   7.89972840E-02    1.26271280E+00   -1.15200186E+02
   8.04856943E-02    1.09386755E+00   -1.11694410E+02
   8.20021482E-02    9.27139936E-01   -1.08210874E+02
   8.35471740E-02    7.62635902E-01   -1.04751049E+02
   8.51213101E-02    6.00458846E-01   -1.01316363E+02
   8.67251049E-02    4.40712437E-01   -9.79082517E+01
   8.83591173E-02    2.83503499E-01   -9.45282083E+01
   9.00239166E-02    1.28935452E-01   -9.11776726E+01
   9.17200828E-02   -2.28891232E-02   -8.78580746E+01
   9.34482070E-02   -1.71864525E-01   -8.45709031E+01
   9.52088913E-02   -3.17889148E-01   -8.13175838E+01
   9.70027491E-02   -4.60861719E-01   -7.80995435E+01
   9.88304055E-02   -6.00678388E-01   -7.49182598E+01
   1.00692497E-01   -7.37240715E-01   -7.17751283E+01
   1.02589673E-01   -8.70451372E-01   -6.86715347E+01
   1.04522595E-01   -1.00021222E+00   -6.56088885E+01
   1.06491934E-01   -1.12642835E+00   -6.25885560E+01
   1.08498379E-01   -1.24900556E+00   -5.96119033E+01
   1.10542628E-01   -1.36785380E+00   -5.66802399E+01
   1.12625393E-01   -1.48288286E+00   -5.37948914E+01
   1.14747400E-01   -1.59400734E+00   -5.09571188E+01
   1.16909389E-01   -1.70114292E+00   -4.81681796E+01
   1.19112112E-01   -1.80420887E+00   -4.54292895E+01
   1.21356337E-01   -1.90312762E+00   -4.27416284E+01
   1.23642846E-01   -1.99782432E+00   -4.01063511E+01
   1.25972436E-01   -2.08822877E+00   -3.75245550E+01
   1.28345919E-01   -2.17427307E+00   -3.49973203E+01
   1.30764121E-01   -2.25589483E+00   -3.25256587E+01
   1.33227885E-01   -2.33303408E+00   -3.01105652E+01
   1.35738069E-01   -2.40563687E+00   -2.77529603E+01
   1.38295549E-01   -2.47365292E+00   -2.54537292E+01
   1.40901215E-01   -2.53703634E+00   -2.32137114E+01
   1.43555975E-01   -2.59574688E+00   -2.10336812E+01
   1.46260754E-01   -2.64974960E+00   -1.89143550E+01
   1.49016494E-01   -2.69901401E+00   -1.68564045E+01
   1.51824156E-01   -2.74351582E+00   -1.48604308E+01
   1.54684718E-01   -2.78323616E+00   -1.29269773E+01
   1.57599177E-01   -2.81816175E+00   -1.10565275E+01
   1.60568548E-01   -2.84828569E+00   -9.24949356E+00
   1.63593866E-01   -2.87360702E+00   -7.50622368E+00
   1.66676185E-01   -2.89413122E+00   -5.82699483E+00
   1.69816578E-01   -2.90986966E+00   -4.21202197E+00
   1.73016140E-01   -2.92084075E+00   -2.66144065E+00
   1.76275987E-01   -2.92706934E+00   -1.17531629E+00
   1.79597253E-01   -2.92858682E+00    2.46356326E-01
   1.82981096E-01   -2.92543145E+00    1.60365863E+00
   1.86428695E-01   -2.91764832E+00    2.89674670E+00
   1.89941251E-01   -2.90528928E+00    4.12585081E+00
   1.93519988E-01   -2.88841315E+00    5.29127754E+00
   1.97166153E-01   -2.86708559E+00    6.39340867E+00
   2.00881017E-01   -2.84137915E+00    7.43270154E+00
   2.04665873E-01   -2.81137325E+00    8.40968855E+00
   2.08522041E-01   -2.77715411E+00    9.32497655E+00
   2.12450864E-01   -2.73881470E+00    1.01792463E+01
   2.16453711E-01   -2.69645469E+00    1.09732511E+01
   2.20531977E-01   -2.65018027E+00    1.17078160E+01
   2.24687083E-01   -2.60010412E+00    1.23838358E+01
   2.28920476E-01   -2.54634522E+00    1.30022740E+01
   2.33233632E-01   -2.48902873E+00    1.35641609E+01
   2.37628053E-01   -2.42828580E+00    1.40705914E+01
   2.42105271E-01   -2.36425337E+00    1.45227227E+01
   2.46666846E-01   -2.29707398E+00    1.49217721E+01
   2.51314366E-01   -2.22689554E+00    1.52690150E+01
   2.56049451E-01   -2.15387097E+00    1.55657797E+01
   2.60873752E-01   -2.07815832E+00    1.58134506E+01
   2.65788948E-01   -1.99991982E+00    1.60134556E+01
   2.70796754E-01   -1.91932222E+00    1.61672722E+01
   2.75898912E-01   -1.83653621E+00    1.62764201E+01
   2.81097202E-01   -1.75173648E+00    1.63424645E+01
   2.86393435E-01   -1.66509956E+00    1.63669846E+01
   2.91789455E-01   -1.57680694E+00    1.63516233E+01
   2.97287143E-01   -1.48704245E+00    1.62980490E+01
   3.02888415E-01   -1.39598909E+00    1.62079119E+01
   3.08595222E-01   -1.30383486E+00    1.60829323E+01
   3.14409552E-01   -1.21076889E+00    1.59248453E+01
   3.20333432E-01   -1.11697993E+00    1.57353823E+01
   3.26368925E-01   -1.02265786E+00    1.55162951E+01
   3.32518135E-01   -9.27992741E-01    1.52693455E+01
   3.38783204E-01   -8.33173851E-01    1.49962931E+01
   3.45166315E-01   -7.38391118E-01    1.46989217E+01
   3.51669691E-01   -6.43829946E-01    1.43789625E+01
   3.58295600E-01   -5.49678270E-01    1.40382069E+01
   3.65046349E-01   -4.56118103E-01    1.36783784E+01
   3.71924292E-01   -3.63330044E-01    1.33012084E+01
   3.78931823E-01   -2.71493821E-01    1.29084463E+01
   3.86071385E-01   -1.80781093E-01    1.25017519E+01
   3.93345466E-01   -9.13645211E-02    1.20828421E+01
   4.00756600E-01   -3.40673999E-03    1.16533172E+01
   4.08307369E-01    8.29291128E-02    1.12148381E+01
   4.16000405E-01    1.67489117E-01    1.07689681E+01
   4.23838387E-01    2.50123596E-01    1.03172593E+01
   4.31824046E-01    3.30689709E-01    9.86121372E+00
   4.39960166E-01    4.09050474E-01    9.40230273E+00
   4.48249581E-01    4.85076568E-01    8.94193896E+00
   4.56695179E-01    5.58645748E-01    8.48148934E+00
   4.65299902E-01    6.29643396E-01    8.02226875E+00
   4.74066750E-01    6.97962875E-01    7.56553544E+00
   4.82998777E-01    7.63505663E-01    7.11249204E+00
   4.92099094E-01    8.26181736E-01    6.66427939E+00
   5.01370873E-01    8.85909652E-01    6.22197775E+00
   5.10817345E-01    9.42616777E-01    5.78660380E+00
   5.20441800E-01    9.96239402E-01    5.35911015E+00
   5.30247592E-01    1.04672286E+00    4.94038446E+00
   5.40238138E-01    1.09402158E+00    4.53124884E+00
   5.50416918E-01    1.13809918E+00    4.13246002E+00
   5.60787480E-01    1.17892845E+00    3.74470966E+00
   5.71353436E-01    1.21649132E+00    3.36862451E+00
   5.82118469E-01    1.25077891E+00    3.00476755E+00
   5.93086329E-01    1.28179138E+00    2.65363855E+00
   6.04260837E-01    1.30953788E+00    2.31567517E+00
   6.15645887E-01    1.33403644E+00    1.99125408E+00
   6.27245447E-01    1.35531380E+00    1.68069195E+00
   6.39063557E-01    1.37340520E+00    1.38424665E+00
   6.51104335E-01    1.38835435E+00    1.10211871E+00
   6.63371977E-01    1.40021299E+00    8.34452196E-01
   6.75870757E-01    1.40904070E+00    5.81336232E-01
   6.88605031E-01    1.41490463E+00    3.42806424E-01
   7.01579234E-01    1.41787918E+00    1.18846327E-01
   7.14797888E-01    1.41804557E+00   -9.06108664E-02
   7.28265599E-01    1.41549152E+00   -2.85680575E-01
   7.41987058E-01    1.41031083E+00   -4.66524864E-01
   7.55967047E-01    1.40260288E+00   -6.33350329E-01
   7.70210438E-01    1.39247224E+00   -7.86405869E-01
   7.84722192E-01    1.38002811E+00   -9.25980151E-01
   7.99507366E-01    1.36538387E+00   -1.05239915E+00
   8.14571112E-01    1.34865651E+00   -1.16602328E+00
   8.29918678E-01    1.32996612E+00   -1.26724458E+00
   8.45555412E-01    1.30943536E+00   -1.35648370E+00
   8.61486762E-01    1.28718885E+00   -1.43418687E+00
   8.77718279E-01    1.26335269E+00   -1.50082271E+00
   8.94255619E-01    1.23805388E+00   -1.55687905E+00
   9.11104544E-01    1.21141979E+00   -1.60285975E+00
   9.28270924E-01    1.18357761E+00   -1.63928153E+00
   9.45760740E-01    1.15465383E+00   -1.66667072E+00
   9.63580088E-01    1.12477380E+00   -1.68556031E+00
   9.81735174E-01    1.09406117E+00   -1.69648685E+00
   1.00023233E+00    1.06263749E+00   -1.69998758E+00
   1.01907799E+00    1.03062174E+00   -1.69659770E+00
   1.03827873E+00    9.98129949E-01   -1.68684771E+00
   1.05784123E+00    9.65274820E-01   -1.67126099E+00
   1.07777232E+00    9.32165374E-01   -1.65035149E+00
   1.09807893E+00    8.98906639E-01   -1.62462167E+00
   1.11876815E+00    8.65599373E-01   -1.59456060E+00
   1.13984718E+00    8.32339817E-01   -1.56064225E+00
   1.16132337E+00    7.99219464E-01   -1.52332389E+00
   1.18320419E+00    7.66324903E-01   -1.48304499E+00
   1.20549728E+00    7.33737684E-01   -1.44022614E+00
   1.22821039E+00    7.01534136E-01   -1.39526779E+00
   1.25135146E+00    6.69785353E-01   -1.34854983E+00
   1.27492852E+00    6.38557165E-01   -1.30042865E+00
   1.29894982E+00    6.07909937E-01   -1.25124624E+00
   1.32342370E+00    5.77898758E-01   -1.20131605E+00
   1.34835870E+00    5.48573409E-01   -1.15093147E+00
   1.37376351E+00    5.19978423E-01   -1.10036457E+00
   1.39964698E+00    4.92153148E-01   -1.04986582E+00
   1.42601813E+00    4.65131865E-01   -9.99664560E-01
   1.45288614E+00    4.38943898E-01   -9.49969392E-01
   1.48026038E+00    4.13613756E-01   -9.00968669E-01
   1.50815039E+00    3.89161290E-01   -8.52831162E-01
   1.53656588E+00    3.65601852E-01   -8.05706582E-01
   1.56551676E+00    3.42946501E-01   -7.59726500E-01
   1.59501310E+00    3.21202177E-01   -7.15005027E-01
   1.62506520E+00    3.00371920E-01   -6.71639615E-01
   1.65568351E+00    2.80455083E-01   -6.29711874E-01
   1.68687872E+00    2.61447545E-01   -5.89288579E-01
   1.71866168E+00    2.43341955E-01   -5.50422406E-01
   1.75104347E+00    2.26127945E-01   -5.13152909E-01
   1.78403538E+00    2.09792380E-01   -4.77507393E-01
   1.81764890E+00    1.94319581E-01   -4.43501818E-01
   1.85189574E+00    1.79691580E-01   -4.11141688E-01
   1.88678784E+00    1.65888335E-01   -3.80422941E-01
   1.92233734E+00    1.52887964E-01   -3.51332804E-01
   1.95855665E+00    1.40666989E-01   -3.23850654E-01
   1.99545837E+00    1.29200551E-01   -2.97948837E-01
   2.03305537E+00    1.18462623E-01   -2.73593480E-01
   2.07136074E+00    1.08426232E-01   -2.50745270E-01
   2.11038784E+00    9.90636511E-02   -2.29360200E-01
   2.15015026E+00    9.03466018E-02   -2.09390288E-01
   2.19066185E+00    8.22464347E-02   -1.90784263E-01
   2.23193674E+00    7.47343040E-02   -1.73488212E-01
   2.27398929E+00    6.77813295E-02   -1.57446186E-01
   2.31683417E+00    6.13587489E-02   -1.42600774E-01
   2.36048630E+00    5.54380596E-02   -1.28893633E-01
   2.40496090E+00    4.99911267E-02   -1.16265937E-01
   2.45027345E+00    4.49903622E-02   -1.04658950E-01
   2.49643975E+00    4.04087152E-02   -9.40141941E-02
   2.54347588E+00    3.62198679E-02   -8.42740212E-02
   2.59139823E+00    3.23982636E-02   -7.53818247E-02
   2.64022351E+00    2.89191853E-02   -6.72823339E-02
   2.68996871E+00    2.57588107E-02   -5.99218453E-02
   2.74065117E+00    2.28942577E-02   -5.32484196E-02
   2.79228856E+00    2.03036203E-02   -4.72120411E-02
   2.84489887E+00    1.79659989E-02   -4.17647571E-02
   2.89850042E+00    1.58615108E-02   -3.68607583E-02
   2.95311189E+00    1.39713052E-02   -3.24564621E-02
   3.00875231E+00    1.22775645E-02   -2.85105559E-02
   3.06544107E+00    1.07634968E-02   -2.49840131E-02
   3.12319791E+00    9.41332994E-03   -2.18401059E-02
   3.18204298E+00    8.21228714E-03   -1.90443715E-02
   3.24199675E+00    7.14657391E-03   -1.65645987E-02
   3.30308014E+00    6.20334591E-03   -1.43707671E-02
   3.36531441E+00    5.37068399E-03   -1.24349995E-02
   3.42872126E+00    4.63755819E-03   -1.07314870E-02
   3.49332277E+00    3.99379129E-03   -9.23640924E-03
   3.55914146E+00    3.43002643E-03   -7.92786368E-03
   3.62620025E+00    2.93768351E-03   -6.78576691E-03
   3.69452253E+00    2.50892016E-03   -5.79176528E-03
   3.76413208E+00    2.13659123E-03   -4.92914153E-03
   3.83505316E+00    1.81420682E-03   -4.18271713E-03
   3.90731049E+00    1.53589092E-03   -3.53875561E-03
   3.98092924E+00    1.29634027E-03   -2.98486607E-03
   4.05593506E+00    1.09078665E-03   -2.50991436E-03
   4.13235408E+00    9.14952396E-04   -2.10391839E-03
   4.21021294E+00    7.65015949E-04   -1.75796665E-03
   4.28953876E+00    6.37574731E-04   -1.46413063E-03
   4.37035918E+00    5.29608126E-04   -1.21537737E-03
   4.45270237E+00    4.38445321E-04   -1.00549342E-03
   4.53659700E+00    3.61731977E-04   -8.29006234E-04
   4.62207231E+00    2.97399330E-04   -6.81111231E-04
   4.70915809E+00    2.43642206E-04   -5.57619731E-04
   4.79788468E+00    1.98880187E-04   -4.54867826E-04
   4.88828299E+00    1.61744527E-04   -3.69685268E-04
   4.98038452E+00    1.31050179E-04   -2.99329796E-04
   5.07422136E+00    1.05775669E-04   -2.41439866E-04
   5.16982621E+00    8.50440065E-05   -1.93989842E-04
   5.26723238E+00    6.81052304E-05   -1.55249117E-04
   5.36647380E+00    5.43205709E-05   -1.23745038E-04
   5.46758506E+00    4.31482515E-05   -9.82297238E-05
   5.57060139E+00    3.41306247E-05   -7.76500463E-05
   5.67555868E+00    2.68827851E-05   -6.11210821E-05
   5.78249349E+00    2.10823462E-05   -4.79023196E-05
   5.89144310E+00    1.64605255E-05   -3.73769325E-05
   6.00244546E+00    1.27942055E-05   -2.90333497E-05
   6.11553924E+00    9.89901333E-06   -2.24492102E-05
   6.23076385E+00    7.62329366E-06   -1.72774070E-05
   6.34815945E+00    5.84289782E-06   -1.32340365E-05
   6.46776693E+00    4.45667639E-06   -1.00879882E-05
   6.58962797E+00    3.38260646E-06   -7.65201102E-06
   6.71378502E+00    2.55453152E-06   -5.77520211E-06
   6.84028136E+00    1.91933993E-06   -4.33651368E-06
   6.96916104E+00    1.43459534E-06   -3.23930708E-06
   7.10046899E+00    1.06660590E-06   -2.40691905E-06
   7.23425095E+00    7.88737301E-07   -1.77879341E-06
   7.37055353E+00    5.80060037E-07   -1.30738190E-06
   7.50942422E+00    4.24210004E-07   -9.55536984E-07
   7.65091142E+00    3.08470341E-07   -6.94412786E-07
   7.79506442E+00    2.23009365E-07   -5.01724894E-07
   7.94193345E+00    1.60274653E-07   -3.60367944E-07
   8.09156968E+00    1.14496033E-07   -2.57282919E-07
   8.24402525E+00    8.12932830E-08   -1.82563864E-07
   8.39935327E+00    5.73597002E-08   -1.28738089E-07
   8.55760788E+00    4.02158665E-08   -9.02065377E-08
   8.71884420E+00    2.80140699E-08   -6.27996973E-08
   8.88311843E+00    1.93862095E-08   -4.34325542E-08
   9.05048779E+00    1.33257693E-08   -2.98370745E-08
   9.22101061E+00    9.09754968E-09   -2.03577727E-08
   9.39474629E+00    6.16783726E-09   -1.37937075E-08
   9.57175538E+00    4.15204611E-09   -9.28010709E-09
   9.75209955E+00    2.77496709E-09   -6.19857501E-09
   9.93584163E+00    1.84103537E-09   -4.10998173E-09
   1.01230456E+01    1.21231177E-09   -2.70480765E-09
   1.03137768E+01    7.92242785E-10   -1.76654745E-09
   1.05081016E+01    5.13726325E-10   -1.14483920E-09
   1.07060878E+01    3.30499191E-10   -7.36087566E-10
   1.09078042E+01    2.10918616E-10   -4.69484495E-10
   1.11133213E+01    1.33505660E-10   -2.96998458E-10
   1.13227105E+01    8.38024259E-11   -1.86320338E-10
   1.15360449E+01    5.21588410E-11   -1.15899582E-10
   1.17533988E+01    3.21838847E-11   -7.14732972E-11
   1.19748480E+01    1.96842363E-11   -4.36894502E-11
   1.22004695E+01    1.19314469E-11   -2.64670221E-11
   1.24303420E+01    7.16640105E-12   -1.58879726E-11
   1.26645456E+01    4.26453238E-12   -9.44921518E-12
   1.29031619E+01    2.51365258E-12   -5.56657477E-12
   1.31462741E+01    1.46745689E-12   -3.24794313E-12
   1.33939668E+01    8.48240806E-13   -1.87639441E-12
   1.36463263E+01    4.85444229E-13   -1.07326798E-12
   1.39034406E+01    2.75007286E-13   -6.07685605E-13
   1.41653993E+01    1.54176229E-13   -3.40502315E-13
   1.44322936E+01    8.55000889E-14   -1.88729057E-13
   1.47042166E+01    4.69299271E-14   -1.03536796E-13
   1.49812629E+01    2.54584226E-14   -5.61371064E-14
   1.52635291E+01    1.36739572E-14   -3.01363648E-14
   1.55511136E+01    7.25538375E-15   -1.59821848E-14
   1.58441166E+01    3.80346836E-15   -8.37406699E-15
   1.61426401E+01    1.96628403E-15   -4.32697242E-15
   1.64467882E+01    1.01001560E-15   -2.22155813E-15
   1.67566668E+01    5.04121299E-16   -1.10824920E-15
   1.70723839E+01    2.55993703E-16   -5.62528824E-16
   1.73940496E+01    1.26284257E-16   -2.77373531E-16
   1.77217758E+01    6.11035952E-17   -1.34142172E-16
   1.80556768E+01    2.85106704E-17   -6.25550342E-17
   1.83958690E+01    1.40223675E-17   -3.07565521E-17
   1.87424708E+01    6.65136711E-18   -1.45847255E-17
   1.90956030E+01    3.02069002E-18   -6.62018152E-18
   1.94553887E+01    1.31836113E-18   -2.88709383E-18
   1.98219532E+01    5.23125139E-19    0.00000000E+00
   2.01954243E+01    2.56181069E-19    0.00000000E+00
   2.05759320E+01    1.50123909E-19    0.00000000E+00
   2.09636090E+01    8.02664572E-20    0.00000000E+00
   2.13585903E+01    3.22826289E-20    0.00000000E+00
   2.17610136E+01    0.00000000E+00    0.00000000E+00
   2.21710190E+01    0.00000000E+00    0.00000000E+00
   2.25887495E+01    0.00000000E+00    0.00000000E+00
   2.30143506E+01    0.00000000E+00    0.00000000E+00
   2.34479705E+01    0.00000000E+00    0.00000000E+00
   2.38897604E+01    0.00000000E+00    0.00000000E+00
   2.43398742E+01    0.00000000E+00    0.00000000E+00
   2.47984687E+01    0.00000000E+00    0.00000000E+00
   2.52657037E+01    0.00000000E+00    0.00000000E+00
   2.57417420E+01    0.00000000E+00    0.00000000E+00
   2.62267495E+01    0.00000000E+00    0.00000000E+00
   2.67208951E+01    0.00000000E+00    0.00000000E+00
   2.72243511E+01    0.00000000E+00    0.00000000E+00
   2.77372929E+01    0.00000000E+00    0.00000000E+00
   2.82598991E+01    0.00000000E+00    0.00000000E+00
   2.87923519E+01    0.00000000E+00    0.00000000E+00
   2.93348368E+01    0.00000000E+00    0.00000000E+00
   2.98875428E+01    0.00000000E+00    0.00000000E+00
   3.04506625E+01    0.00000000E+00    0.00000000E+00
   3.10243921E+01    0.00000000E+00    0.00000000E+00
   3.16089315E+01    0.00000000E+00    0.00000000E+00
   3.22044844E+01    0.00000000E+00    0.00000000E+00
   3.28112582E+01    0.00000000E+00    0.00000000E+00
   3.34294645E+01    0.00000000E+00    0.00000000E+00
   3.40593185E+01    0.00000000E+00    0.00000000E+00
   3.47010398E+01    0.00000000E+00    0.00000000E+00
   3.53548520E+01    0.00000000E+00    0.00000000E+00
   3.60209828E+01    0.00000000E+00    0.00000000E+00
   3.66996644E+01    0.00000000E+00    0.00000000E+00
   3.73911332E+01    0.00000000E+00    0.00000000E+00
   3.80956302E+01    0.00000000E+00    0.00000000E+00
   3.88134008E+01    0.00000000E+00    0.00000000E+00
   3.95446952E+01    0.00000000E+00    0.00000000E+00
   4.02897680E+01    0.00000000E+00    0.00000000E+00
   4.10488790E+01    0.00000000E+00    0.00000000E+00
   4.18222926E+01    0.00000000E+00    0.00000000E+00
   4.26102783E+01    0.00000000E+00    0.00000000E+00
   4.34131107E+01    0.00000000E+00    0.00000000E+00
   4.42310695E+01    0.00000000E+00    0.00000000E+00
   4.50644397E+01    0.00000000E+00    0.00000000E+00
   4.59135116E+01    0.00000000E+00    0.00000000E+00
   4.67785811E+01    0.00000000E+00    0.00000000E+00
   4.76599497E+01    0.00000000E+00    0.00000000E+00
   4.85579244E+01    0.00000000E+00    0.00000000E+00
   4.94728180E+01    0.00000000E+00    0.00000000E+00
   5.04049495E+01    0.00000000E+00    0.00000000E+00
   5.13546435E+01    0.00000000E+00    0.00000000E+00
   5.23222309E+01    0.00000000E+00    0.00000000E+00
   5.33080490E+01    0.00000000E+00    0.00000000E+00
   5.43124411E+01    0.00000000E+00    0.00000000E+00
   5.53357573E+01    0.00000000E+00    0.00000000E+00
   5.63783540E+01    0.00000000E+00    0.00000000E+00
   5.74405946E+01    0.00000000E+00    0.00000000E+00
   5.85228492E+01    0.00000000E+00    0.00000000E+00
   5.96254949E+01    0.00000000E+00    0.00000000E+00
   6.07489158E+01    0.00000000E+00    0.00000000E+00
   6.18935034E+01    0.00000000E+00    0.00000000E+00
   6.30596565E+01    0.00000000E+00    0.00000000E+00
   6.42477815E+01    0.00000000E+00    0.00000000E+00
   6.54582922E+01    0.00000000E+00    0.00000000E+00
   6.66916105E+01    0.00000000E+00    0.00000000E+00
   6.79481661E+01    0.00000000E+00    0.00000000E+00
   6.92283969E+01    0.00000000E+00    0.00000000E+00
   7.05327488E+01    0.00000000E+00    0.00000000E+00
   7.18616764E+01    0.00000000E+00    0.00000000E+00
   7.32156427E+01    0.00000000E+00    0.00000000E+00
   7.45951194E+01    0.00000000E+00    0.00000000E+00
   7.60005873E+01    0.00000000E+00    0.00000000E+00
   7.74325360E+01    0.00000000E+00    0.00000000E+00
   7.88914644E+01    0.00000000E+00    0.00000000E+00
   8.03778810E+01    0.00000000E+00    0.00000000E+00
   8.18923035E+01    0.00000000E+00    0.00000000E+00
   8.34352597E+01    0.00000000E+00    0.00000000E+00
   8.50072872E+01    0.00000000E+00    0.00000000E+00
   8.66089337E+01    0.00000000E+00    0.00000000E+00
   8.82407572E+01    0.00000000E+00    0.00000000E+00
   8.99033265E+01    0.00000000E+00    0.00000000E+00
   9.15972206E+01    0.00000000E+00    0.00000000E+00
   9.33230299E+01    0.00000000E+00    0.00000000E+00
   9.50813557E+01    0.00000000E+00    0.00000000E+00
   9.68728106E+01    0.00000000E+00    0.00000000E+00
   9.86980188E+01    0.00000000E+00    0.00000000E+00
   1.00557616E+02    0.00000000E+00    0.00000000E+00
   1.02452251E+02    0.00000000E+00    0.00000000E+00
   1.04382583E+02    0.00000000E+00    0.00000000E+00
   1.06349285E+02    0.00000000E+00    0.00000000E+00
   1.08353042E+02    0.00000000E+00    0.00000000E+00
   1.10394553E+02    0.00000000E+00    0.00000000E+00
   1.12474528E+02    0.00000000E+00    0.00000000E+00
   1.14593692E+02    0.00000000E+00    0.00000000E+00
   1.16752785E+02    0.00000000E+00    0.00000000E+00
   1.18952557E+02    0.00000000E+00    0.00000000E+00
   1.21193776E+02    0.00000000E+00    0.00000000E+00
   1.23477222E+02    0.00000000E+00    0.00000000E+00
   1.25803692E+02    0.00000000E+00    0.00000000E+00
   1.28173995E+02    0.00000000E+00    0.00000000E+00
   1.30588958E+02    0.00000000E+00    0.00000000E+00
   1.33049422E+02    0.00000000E+00    0.00000000E+00
   1.35556244E+02    0.00000000E+00    0.00000000E+00
   1.38110297E+02    0.00000000E+00    0.00000000E+00
   1.40712473E+02    0.00000000E+00    0.00000000E+00
