# Peaks:     0.169817      0.770210      3.835053  
   4.69041564E-05    2.84082894E-03    4.46436382E+01
   4.77878910E-05    2.87996792E-03    4.44309544E+01
   4.86882762E-05    2.91980638E-03    4.42229351E+01
   4.96056259E-05    2.96031618E-03    4.40186573E+01
   5.05402596E-05    3.00146476E-03    4.38171618E+01
   5.14925030E-05    3.04321481E-03    4.36174515E+01
   5.24626879E-05    3.08552523E-03    4.34185156E+01
   5.34511524E-05    3.12838278E-03    4.32199492E+01
   5.44582407E-05    3.17180725E-03    4.30220015E+01
   5.54843040E-05    3.21582186E-03    4.28249671E+01
   5.65296995E-05    3.26045198E-03    4.26291570E+01
   5.75947917E-05    3.30572484E-03    4.24348907E+01
   5.86799515E-05    3.35165774E-03    4.22422895E+01
   5.97855572E-05    3.39825642E-03    4.20512638E+01
   6.09119939E-05    3.44552592E-03    4.18617134E+01
   6.20596541E-05    3.49347110E-03    4.16735377E+01
   6.32289377E-05    3.54209698E-03    4.14866409E+01
   6.44202521E-05    3.59141230E-03    4.13009940E+01
   6.56340124E-05    3.64142854E-03    4.11166110E+01
   6.68706415E-05    3.69215775E-03    4.09335109E+01
   6.81305703E-05    3.74361261E-03    4.07517171E+01
   6.94142378E-05    3.79580607E-03    4.05712520E+01
   7.07220912E-05    3.84874932E-03    4.03921093E+01
   7.20545862E-05    3.90245306E-03    4.02142734E+01
   7.34121872E-05    3.95692840E-03    4.00377314E+01
   7.47953671E-05    4.01218684E-03    3.98624736E+01
   7.62046079E-05    4.06824024E-03    3.96884923E+01
   7.76404006E-05    4.12510047E-03    3.95157796E+01
   7.91032455E-05    4.18277979E-03    3.93443299E+01
   8.05936523E-05    4.24129094E-03    3.91741412E+01
   8.21121402E-05    4.30064717E-03    3.90052146E+01
   8.36592384E-05    4.36086188E-03    3.88375496E+01
   8.52354859E-05    4.42194792E-03    3.86711379E+01
   8.68414320E-05    4.48391847E-03    3.85059722E+01
   8.84776361E-05    4.54678725E-03    3.83420488E+01
   9.01446684E-05    4.61056850E-03    3.81793670E+01
   9.18431098E-05    4.67527650E-03    3.80179236E+01
   9.35735520E-05    4.74092525E-03    3.78577109E+01
   9.53365979E-05    4.80752923E-03    3.76987233E+01
   9.71328619E-05    4.87510346E-03    3.75409585E+01
   9.89629698E-05    4.94366356E-03    3.73844174E+01
   1.00827559E-04    5.01322498E-03    3.72290961E+01
   1.02727280E-04    5.08380296E-03    3.70749870E+01
   1.04662794E-04    5.15541331E-03    3.69220851E+01
   1.06634775E-04    5.22807248E-03    3.67703888E+01
   1.08643912E-04    5.30179744E-03    3.66198988E+01
   1.10690902E-04    5.37660485E-03    3.64706100E+01
   1.12776461E-04    5.45251140E-03    3.63225151E+01
   1.14901315E-04    5.52953441E-03    3.61756102E+01
   1.17066203E-04    5.60769188E-03    3.60298944E+01
   1.19271881E-04    5.68700229E-03    3.58853682E+01
   1.21519116E-04    5.76748366E-03    3.57420252E+01
   1.23808692E-04    5.84915426E-03    3.55998587E+01
   1.26141407E-04    5.93203310E-03    3.54588656E+01
   1.28518073E-04    6.01613989E-03    3.53190456E+01
   1.30939519E-04    6.10149469E-03    3.51803983E+01
   1.33406588E-04    6.18811703E-03    3.50429162E+01
   1.35920139E-04    6.27602701E-03    3.49065935E+01
   1.38481049E-04    6.36524546E-03    3.47714278E+01
   1.41090210E-04    6.45579403E-03    3.46374195E+01
   1.43748531E-04    6.54769434E-03    3.45045661E+01
   1.46456938E-04    6.64096775E-03    3.43728599E+01
   1.49216375E-04    6.73563633E-03    3.42422960E+01
   1.52027803E-04    6.83172297E-03    3.41128724E+01
   1.54892202E-04    6.92925138E-03    3.39845902E+01
   1.57810570E-04    7.02824489E-03    3.38574443E+01
   1.60783924E-04    7.12872692E-03    3.37314274E+01
   1.63813299E-04    7.23072174E-03    3.36065350E+01
   1.66899752E-04    7.33425455E-03    3.34827664E+01
   1.70044358E-04    7.43935117E-03    3.33601217E+01
   1.73248212E-04    7.54603687E-03    3.32385937E+01
   1.76512431E-04    7.65433742E-03    3.31181758E+01
   1.79838152E-04    7.76427954E-03    3.29988645E+01
   1.83226534E-04    7.87589094E-03    3.28806597E+01
   1.86678757E-04    7.98919960E-03    3.27635595E+01
   1.90196025E-04    8.10423307E-03    3.26475556E+01
   1.93779562E-04    8.22101976E-03    3.25326421E+01
   1.97430618E-04    8.33958908E-03    3.24188164E+01
   2.01150465E-04    8.45997150E-03    3.23060789E+01
   2.04940398E-04    8.58219719E-03    3.21944246E+01
   2.08801738E-04    8.70629641E-03    3.20838450E+01
   2.12735831E-04    8.83230048E-03    3.19743352E+01
   2.16744047E-04    8.96024184E-03    3.18658937E+01
   2.20827784E-04    9.09015376E-03    3.17585201E+01
   2.24988463E-04    9.22206891E-03    3.16522062E+01
   2.29227534E-04    9.35602064E-03    3.15469445E+01
   2.33546476E-04    9.49204347E-03    3.14427307E+01
   2.37946791E-04    9.63017319E-03    3.13395645E+01
   2.42430015E-04    9.77044585E-03    3.12374427E+01
   2.46997707E-04    9.91289717E-03    3.11363559E+01
   2.51651462E-04    1.00575639E-02    3.10362973E+01
   2.56392898E-04    1.02044842E-02    3.09372638E+01
   2.61223670E-04    1.03536973E-02    3.08392550E+01
   2.66145459E-04    1.05052422E-02    3.07422644E+01
   2.71159982E-04    1.06591582E-02    3.06462824E+01
   2.76268984E-04    1.08154859E-02    3.05513032E+01
   2.81474247E-04    1.09742674E-02    3.04573248E+01
   2.86777583E-04    1.11355454E-02    3.03643455E+01
   2.92180841E-04    1.12993625E-02    3.02723554E+01
   2.97685904E-04    1.14657618E-02    3.01813459E+01
   3.03294688E-04    1.16347882E-02    3.00913123E+01
   3.09009150E-04    1.18064881E-02    3.00022537E+01
   3.14831279E-04    1.19809079E-02    2.99141644E+01
   3.20763105E-04    1.21580940E-02    2.98270336E+01
   3.26806694E-04    1.23380942E-02    2.97408537E+01
   3.32964152E-04    1.25209581E-02    2.96556212E+01
   3.39237624E-04    1.27067364E-02    2.95713350E+01
   3.45629297E-04    1.28954795E-02    2.94879850E+01
   3.52141397E-04    1.30872384E-02    2.94055609E+01
   3.58776193E-04    1.32820661E-02    2.93240562E+01
   3.65535997E-04    1.34800170E-02    2.92434691E+01
   3.72423165E-04    1.36811464E-02    2.91637950E+01
   3.79440096E-04    1.38855093E-02    2.90850216E+01
   3.86589235E-04    1.40931621E-02    2.90071397E+01
   3.93873073E-04    1.43041630E-02    2.89301444E+01
   4.01294147E-04    1.45185721E-02    2.88540341E+01
   4.08855045E-04    1.47364492E-02    2.87787992E+01
   4.16558399E-04    1.49578546E-02    2.87044276E+01
   4.24406894E-04    1.51828507E-02    2.86309113E+01
   4.32403265E-04    1.54115017E-02    2.85582471E+01
   4.40550298E-04    1.56438732E-02    2.84864312E+01
   4.48850832E-04    1.58800301E-02    2.84154502E+01
   4.57307758E-04    1.61200390E-02    2.83452931E+01
   4.65924024E-04    1.63639687E-02    2.82759536E+01
   4.74702631E-04    1.66118899E-02    2.82074297E+01
   4.83646638E-04    1.68638737E-02    2.81397123E+01
   4.92759162E-04    1.71199911E-02    2.80727873E+01
   5.02043378E-04    1.73803158E-02    2.80066453E+01
   5.11502520E-04    1.76449234E-02    2.79412815E+01
   5.21139884E-04    1.79138914E-02    2.78766930E+01
   5.30958829E-04    1.81872967E-02    2.78128658E+01
   5.40962776E-04    1.84652178E-02    2.77497868E+01
   5.51155209E-04    1.87477356E-02    2.76874481E+01
   5.61539681E-04    1.90349335E-02    2.76258466E+01
   5.72119810E-04    1.93268955E-02    2.75649749E+01
   5.82899283E-04    1.96237058E-02    2.75048174E+01
   5.93881854E-04    1.99254508E-02    2.74453624E+01
   6.05071351E-04    2.02322195E-02    2.73866038E+01
   6.16471672E-04    2.05441033E-02    2.73285388E+01
   6.28086791E-04    2.08611932E-02    2.72711541E+01
   6.39920753E-04    2.11835816E-02    2.72144344E+01
   6.51977682E-04    2.15113637E-02    2.71583699E+01
   6.64261779E-04    2.18446373E-02    2.71029564E+01
   6.76777324E-04    2.21835017E-02    2.70481884E+01
   6.89528678E-04    2.25280564E-02    2.69940492E+01
   7.02520284E-04    2.28784026E-02    2.69405247E+01
   7.15756669E-04    2.32346449E-02    2.68876067E+01
   7.29242444E-04    2.35968906E-02    2.68352924E+01
   7.42982308E-04    2.39652476E-02    2.67835715E+01
   7.56981049E-04    2.43398244E-02    2.67324262E+01
   7.71243545E-04    2.47207323E-02    2.66818440E+01
   7.85774764E-04    2.51080860E-02    2.66318184E+01
   8.00579770E-04    2.55020026E-02    2.65823463E+01
   8.15663721E-04    2.59025993E-02    2.65334130E+01
   8.31031873E-04    2.63099950E-02    2.64850010E+01
   8.46689581E-04    2.67243117E-02    2.64370990E+01
   8.62642301E-04    2.71456747E-02    2.63897018E+01
   8.78895590E-04    2.75742119E-02    2.63428051E+01
   8.95455112E-04    2.80100507E-02    2.62963908E+01
   9.12326636E-04    2.84533211E-02    2.62504427E+01
   9.29516042E-04    2.89041568E-02    2.62049505E+01
   9.47029319E-04    2.93626947E-02    2.61599105E+01
   9.64872567E-04    2.98290737E-02    2.61153150E+01
   9.83052006E-04    3.03034326E-02    2.60711443E+01
   1.00157397E-03    3.07859136E-02    2.60273831E+01
   1.02044491E-03    3.12766627E-02    2.59840223E+01
   1.03967140E-03    3.17758293E-02    2.59410592E+01
   1.05926015E-03    3.22835642E-02    2.58984834E+01
   1.07921797E-03    3.28000189E-02    2.58562744E+01
   1.09955182E-03    3.33253484E-02    2.58144171E+01
   1.12026879E-03    3.38597116E-02    2.57729028E+01
   1.14137609E-03    3.44032716E-02    2.57317293E+01
   1.16288109E-03    3.49561921E-02    2.56908851E+01
   1.18479126E-03    3.55186382E-02    2.56503494E+01
   1.20711425E-03    3.60907788E-02    2.56101073E+01
   1.22985783E-03    3.66727869E-02    2.55701502E+01
   1.25302993E-03    3.72648394E-02    2.55304759E+01
   1.27663863E-03    3.78671147E-02    2.54910723E+01
   1.30069214E-03    3.84797921E-02    2.54519178E+01
   1.32519885E-03    3.91030552E-02    2.54129970E+01
   1.35016730E-03    3.97370918E-02    2.53743009E+01
   1.37560618E-03    4.03820941E-02    2.53358275E+01
   1.40152437E-03    4.10382563E-02    2.52975673E+01
   1.42793089E-03    4.17057732E-02    2.52594979E+01
   1.45483494E-03    4.23848436E-02    2.52216022E+01
   1.48224590E-03    4.30756712E-02    2.51838692E+01
   1.51017332E-03    4.37784639E-02    2.51462956E+01
   1.53862692E-03    4.44934336E-02    2.51088779E+01
   1.56761663E-03    4.52207916E-02    2.50715946E+01
   1.59715254E-03    4.59607531E-02    2.50344252E+01
   1.62724495E-03    4.67135378E-02    2.49973553E+01
   1.65790433E-03    4.74793704E-02    2.49603775E+01
   1.68914138E-03    4.82584805E-02    2.49234919E+01
   1.72096697E-03    4.90511001E-02    2.48866918E+01
   1.75339220E-03    4.98574612E-02    2.48499520E+01
   1.78642836E-03    5.06778001E-02    2.48132505E+01
   1.82008697E-03    5.15123580E-02    2.47765716E+01
   1.85437975E-03    5.23613811E-02    2.47399063E+01
   1.88931864E-03    5.32251211E-02    2.47032531E+01
   1.92491583E-03    5.41038338E-02    2.46666131E+01
   1.96118372E-03    5.49977750E-02    2.46299662E+01
   1.99813494E-03    5.59072035E-02    2.45932885E+01
   2.03578237E-03    5.68323832E-02    2.45565621E+01
   2.07413913E-03    5.77735832E-02    2.45197756E+01
   2.11321857E-03    5.87310782E-02    2.44829244E+01
   2.15303432E-03    5.97051476E-02    2.44460079E+01
   2.19360026E-03    6.06960715E-02    2.44090074E+01
   2.23493050E-03    6.17041333E-02    2.43719010E+01
   2.27703946E-03    6.27296217E-02    2.43346726E+01
   2.31994181E-03    6.37728310E-02    2.42973128E+01
   2.36365250E-03    6.48340613E-02    2.42598191E+01
   2.40818675E-03    6.59136152E-02    2.42221810E+01
   2.45356008E-03    6.70117971E-02    2.41843764E+01
   2.49978830E-03    6.81289170E-02    2.41463873E+01
   2.54688752E-03    6.92652900E-02    2.41082024E+01
   2.59487416E-03    7.04212375E-02    2.40698169E+01
   2.64376492E-03    7.15970847E-02    2.40312239E+01
   2.69357685E-03    7.27931580E-02    2.39924023E+01
   2.74432729E-03    7.40097892E-02    2.39533333E+01
   2.79603395E-03    7.52473155E-02    2.39140046E+01
   2.84871482E-03    7.65060803E-02    2.38744102E+01
   2.90238826E-03    7.77864311E-02    2.38345434E+01
   2.95707299E-03    7.90887170E-02    2.37943833E+01
   3.01278804E-03    8.04132923E-02    2.37539114E+01
   3.06955284E-03    8.17605168E-02    2.37131149E+01
   3.12738716E-03    8.31307563E-02    2.36719872E+01
   3.18631115E-03    8.45243813E-02    2.36305209E+01
   3.24634534E-03    8.59417635E-02    2.35886955E+01
   3.30751066E-03    8.73832801E-02    2.35464930E+01
   3.36982841E-03    8.88493141E-02    2.35039013E+01
   3.43332031E-03    9.03402544E-02    2.34609142E+01
   3.49800847E-03    9.18564931E-02    2.34175202E+01
   3.56391544E-03    9.33984249E-02    2.33736986E+01
   3.63106419E-03    9.49664501E-02    2.33294325E+01
   3.69947810E-03    9.65609747E-02    2.32847111E+01
   3.76918102E-03    9.81824102E-02    2.32395283E+01
   3.84019723E-03    9.98311709E-02    2.31938695E+01
   3.91255148E-03    1.01507674E-01    2.31477141E+01
   3.98626898E-03    1.03212342E-01    2.31010465E+01
   4.06137541E-03    1.04945604E-01    2.30538565E+01
   4.13789694E-03    1.06707892E-01    2.30061371E+01
   4.21586023E-03    1.08499643E-01    2.29578701E+01
   4.29529245E-03    1.10321296E-01    2.29090365E+01
   4.37622128E-03    1.12173294E-01    2.28596221E+01
   4.45867491E-03    1.14056089E-01    2.28096184E+01
   4.54268208E-03    1.15970133E-01    2.27590143E+01
   4.62827204E-03    1.17915882E-01    2.27077893E+01
   4.71547463E-03    1.19893795E-01    2.26559261E+01
   4.80432023E-03    1.21904338E-01    2.26034122E+01
   4.89483980E-03    1.23947980E-01    2.25502397E+01
   4.98706487E-03    1.26025193E-01    2.24963932E+01
   5.08102757E-03    1.28136450E-01    2.24418523E+01
   5.17676066E-03    1.30282229E-01    2.23866010E+01
   5.27429748E-03    1.32463014E-01    2.23306280E+01
   5.37367202E-03    1.34679290E-01    2.22739238E+01
   5.47491891E-03    1.36931545E-01    2.22164697E+01
   5.57807341E-03    1.39220268E-01    2.21582469E+01
   5.68317148E-03    1.41545952E-01    2.20992412E+01
   5.79024973E-03    1.43909096E-01    2.20394427E+01
   5.89934547E-03    1.46310197E-01    2.19788368E+01
   6.01049672E-03    1.48749755E-01    2.19174032E+01
   6.12374220E-03    1.51228271E-01    2.18551251E+01
   6.23912137E-03    1.53746251E-01    2.17919901E+01
   6.35667443E-03    1.56304202E-01    2.17279881E+01
   6.47644234E-03    1.58902629E-01    2.16631004E+01
   6.59846684E-03    1.61542040E-01    2.15973077E+01
   6.72279043E-03    1.64222943E-01    2.15305945E+01
   6.84945644E-03    1.66945850E-01    2.14629495E+01
   6.97850899E-03    1.69711269E-01    2.13943593E+01
   7.10999307E-03    1.72519711E-01    2.13248039E+01
   7.24395447E-03    1.75371682E-01    2.12542659E+01
   7.38043988E-03    1.78267693E-01    2.11827317E+01
   7.51949685E-03    1.81208252E-01    2.11101899E+01
   7.66117383E-03    1.84193865E-01    2.10366218E+01
   7.80552018E-03    1.87225035E-01    2.09620083E+01
   7.95258621E-03    1.90302264E-01    2.08863337E+01
   8.10242315E-03    1.93426054E-01    2.08095863E+01
   8.25508321E-03    1.96596902E-01    2.07317521E+01
   8.41061958E-03    1.99815299E-01    2.06528110E+01
   8.56908646E-03    2.03081736E-01    2.05727456E+01
   8.73053906E-03    2.06396698E-01    2.04915419E+01
   8.89503363E-03    2.09760668E-01    2.04091882E+01
   9.06262749E-03    2.13174119E-01    2.03256664E+01
   9.23337903E-03    2.16637519E-01    2.02409575E+01
   9.40734776E-03    2.20151333E-01    2.01550456E+01
   9.58459427E-03    2.23716016E-01    2.00679183E+01
   9.76518034E-03    2.27332019E-01    1.99795623E+01
   9.94916888E-03    2.30999780E-01    1.98899584E+01
   1.01366240E-02    2.34719730E-01    1.97990892E+01
   1.03276110E-02    2.38492292E-01    1.97069402E+01
   1.05221965E-02    2.42317878E-01    1.96134998E+01
   1.07204482E-02    2.46196888E-01    1.95187517E+01
   1.09224352E-02    2.50129712E-01    1.94226777E+01
   1.11282279E-02    2.54116724E-01    1.93252624E+01
   1.13378980E-02    2.58158291E-01    1.92264934E+01
   1.15515186E-02    2.62254762E-01    1.91263580E+01
   1.17691640E-02    2.66406470E-01    1.90248385E+01
   1.19909102E-02    2.70613733E-01    1.89219182E+01
   1.22168343E-02    2.74876854E-01    1.88175837E+01
   1.24470152E-02    2.79196119E-01    1.87118241E+01
   1.26815330E-02    2.83571794E-01    1.86046258E+01
   1.29204693E-02    2.88004124E-01    1.84959718E+01
   1.31639076E-02    2.92493334E-01    1.83858477E+01
   1.34119325E-02    2.97039628E-01    1.82742414E+01
   1.36646305E-02    3.01643190E-01    1.81611428E+01
   1.39220897E-02    3.06304178E-01    1.80465373E+01
   1.41843998E-02    3.11022720E-01    1.79304108E+01
   1.44516521E-02    3.15798926E-01    1.78127513E+01
   1.47239398E-02    3.20632876E-01    1.76935496E+01
   1.50013577E-02    3.25524619E-01    1.75727939E+01
   1.52840026E-02    3.30474175E-01    1.74504704E+01
   1.55719728E-02    3.35481531E-01    1.73265676E+01
   1.58653688E-02    3.40546647E-01    1.72010766E+01
   1.61642927E-02    3.45669447E-01    1.70739900E+01
   1.64688488E-02    3.50849817E-01    1.69452968E+01
   1.67791430E-02    3.56087607E-01    1.68149862E+01
   1.70952836E-02    3.61382628E-01    1.66830500E+01
   1.74173807E-02    3.66734657E-01    1.65494822E+01
   1.77455466E-02    3.72143424E-01    1.64142749E+01
   1.80798955E-02    3.77608615E-01    1.62774191E+01
   1.84205439E-02    3.83129872E-01    1.61389079E+01
   1.87676106E-02    3.88706795E-01    1.59987370E+01
   1.91212165E-02    3.94338939E-01    1.58569028E+01
   1.94814848E-02    4.00025798E-01    1.57133991E+01
   1.98485410E-02    4.05766822E-01    1.55682213E+01
   2.02225130E-02    4.11561407E-01    1.54213670E+01
   2.06035311E-02    4.17408899E-01    1.52728351E+01
   2.09917281E-02    4.23308577E-01    1.51226227E+01
   2.13872392E-02    4.29259665E-01    1.49707276E+01
   2.17902023E-02    4.35261328E-01    1.48171500E+01
   2.22007577E-02    4.41312676E-01    1.46618925E+01
   2.26190485E-02    4.47412747E-01    1.45049569E+01
   2.30452204E-02    4.53560509E-01    1.43463443E+01
   2.34794220E-02    4.59754865E-01    1.41860578E+01
   2.39218045E-02    4.65994655E-01    1.40241031E+01
   2.43725220E-02    4.72278642E-01    1.38604860E+01
   2.48317316E-02    4.78605508E-01    1.36952116E+01
   2.52995933E-02    4.84973864E-01    1.35282873E+01
   2.57762702E-02    4.91382249E-01    1.33597227E+01
   2.62619282E-02    4.97829118E-01    1.31895277E+01
   2.67567367E-02    5.04312833E-01    1.30177123E+01
   2.72608680E-02    5.10831684E-01    1.28442884E+01
   2.77744977E-02    5.17383875E-01    1.26692703E+01
   2.82978050E-02    5.23967514E-01    1.24926720E+01
   2.88309720E-02    5.30580618E-01    1.23145088E+01
   2.93741845E-02    5.37221121E-01    1.21347982E+01
   2.99276319E-02    5.43886857E-01    1.19535590E+01
   3.04915069E-02    5.50575555E-01    1.17708104E+01
   3.10660061E-02    5.57284858E-01    1.15865736E+01
   3.16513295E-02    5.64012308E-01    1.14008718E+01
   3.22476812E-02    5.70755333E-01    1.12137286E+01
   3.28552690E-02    5.77511264E-01    1.10251696E+01
   3.34743044E-02    5.84277333E-01    1.08352223E+01
   3.41050033E-02    5.91050650E-01    1.06439151E+01
   3.47475854E-02    5.97828222E-01    1.04512782E+01
   3.54022746E-02    6.04606950E-01    1.02573438E+01
   3.60692989E-02    6.11383613E-01    1.00621452E+01
   3.67488908E-02    6.18154885E-01    9.86571779E+00
   3.74412871E-02    6.24917311E-01    9.66809823E+00
   3.81467291E-02    6.31667326E-01    9.46932517E+00
   3.88654625E-02    6.38401256E-01    9.26943916E+00
   3.95977377E-02    6.45115294E-01    9.06848223E+00
   4.03438099E-02    6.51805523E-01    8.86649839E+00
   4.11039391E-02    6.58467888E-01    8.66353329E+00
   4.18783902E-02    6.65098223E-01    8.45963452E+00
   4.26674328E-02    6.71692251E-01    8.25485162E+00
   4.34713421E-02    6.78245550E-01    8.04923586E+00
   4.42903980E-02    6.84753589E-01    7.84284043E+00
   4.51248860E-02    6.91211704E-01    7.63572043E+00
   4.59750968E-02    6.97615118E-01    7.42793285E+00
   4.68413267E-02    7.03958914E-01    7.21953666E+00
   4.77238775E-02    7.10238072E-01    7.01059266E+00
   4.86230566E-02    7.16447434E-01    6.80116367E+00
   4.95391775E-02    7.22581729E-01    6.59131439E+00
   5.04725592E-02    7.28635562E-01    6.38111146E+00
   5.14235271E-02    7.34603418E-01    6.17062349E+00
   5.23924124E-02    7.40479670E-01    5.95992092E+00
   5.33795527E-02    7.46258565E-01    5.74907625E+00
   5.43852921E-02    7.51934250E-01    5.53816368E+00
   5.54099808E-02    7.57500746E-01    5.32725952E+00
   5.64539760E-02    7.62951980E-01    5.11644174E+00
   5.75176415E-02    7.68281764E-01    4.90579028E+00
   5.86013477E-02    7.73483811E-01    4.69538682E+00
   5.97054724E-02    7.78551738E-01    4.48531483E+00
   6.08304002E-02    7.83479058E-01    4.27565963E+00
   6.19765231E-02    7.88259207E-01    4.06650806E+00
   6.31442404E-02    7.92885529E-01    3.85794871E+00
   6.43339590E-02    7.97351287E-01    3.65007180E+00
   6.55460934E-02    8.01649674E-01    3.44296903E+00
   6.67810660E-02    8.05773809E-01    3.23673362E+00
   6.80393071E-02    8.09716750E-01    3.03146024E+00
   6.93212550E-02    8.13471502E-01    2.82724483E+00
   7.06273565E-02    8.17031019E-01    2.62418466E+00
   7.19580667E-02    8.20388214E-01    2.42237814E+00
   7.33138491E-02    8.23535964E-01    2.22192485E+00
   7.46951762E-02    8.26467126E-01    2.02292529E+00
   7.61025292E-02    8.29174539E-01    1.82548086E+00
   7.75363987E-02    8.31651033E-01    1.62969383E+00
   7.89972840E-02    8.33889442E-01    1.43566711E+00
   8.04856943E-02    8.35882612E-01    1.24350413E+00
   8.20021482E-02    8.37623414E-01    1.05330883E+00
   8.35471740E-02    8.39104751E-01    8.65185426E-01
   8.51213101E-02    8.40319570E-01    6.79238374E-01
   8.67251049E-02    8.41260876E-01    4.95572120E-01
   8.83591173E-02    8.41921747E-01    3.14291009E-01
   9.00239166E-02    8.42295336E-01    1.35499211E-01
   9.17200828E-02    8.42374895E-01   -4.06995077E-02
   9.34482070E-02    8.42153785E-01   -2.14201961E-01
   9.52088913E-02    8.41625477E-01   -3.84905461E-01
   9.70027491E-02    8.40783595E-01   -5.52708395E-01
   9.88304055E-02    8.39621901E-01   -7.17509963E-01
   1.00692497E-01    8.38134323E-01   -8.79210556E-01
   1.02589673E-01    8.36314973E-01   -1.03771186E+00
   1.04522595E-01    8.34158152E-01   -1.19291698E+00
   1.06491934E-01    8.31658379E-01   -1.34473069E+00
   1.08498379E-01    8.28810390E-01   -1.49305938E+00
   1.10542628E-01    8.25609179E-01   -1.63781162E+00
   1.12625393E-01    8.22049971E-01   -1.77889757E+00
   1.14747400E-01    8.18128302E-01   -1.91623019E+00
   1.16909389E-01    8.13839982E-01   -2.04972455E+00
   1.19112112E-01    8.09181127E-01   -2.17929818E+00
   1.21356337E-01    8.04148191E-01   -2.30487149E+00
   1.23642846E-01    7.98737962E-01   -2.42636764E+00
   1.25972436E-01    7.92947605E-01   -2.54371301E+00
   1.28345919E-01    7.86774633E-01   -2.65683680E+00
   1.30764121E-01    7.80216994E-01   -2.76567212E+00
   1.33227885E-01    7.73273017E-01   -2.87015516E+00
   1.35738069E-01    7.65941485E-01   -2.97022622E+00
   1.38295549E-01    7.58221603E-01   -3.06582913E+00
   1.40901215E-01    7.50113050E-01   -3.15691192E+00
   1.43555975E-01    7.41616001E-01   -3.24342721E+00
   1.46260754E-01    7.32731089E-01   -3.32533145E+00
   1.49016494E-01    7.23459494E-01   -3.40258627E+00
   1.51824156E-01    7.13802879E-01   -3.47515750E+00
   1.54684718E-01    7.03763521E-01   -3.54301701E+00
   1.57599177E-01    6.93344090E-01   -3.60613942E+00
   1.60568548E-01    6.82548020E-01   -3.66450768E+00
   1.63593866E-01    6.71379214E-01   -3.71810851E+00
   1.66676185E-01    6.59842096E-01   -3.76693321E+00
   1.69816578E-01    6.47941830E-01   -3.81098098E+00
   1.73016140E-01    6.35684043E-01   -3.85025467E+00
   1.76275987E-01    6.23075082E-01   -3.88476466E+00
   1.79597253E-01    6.10121859E-01   -3.91452656E+00
   1.82981096E-01    5.96831897E-01   -3.93956182E+00
   1.86428695E-01    5.83213358E-01   -3.95989825E+00
   1.89941251E-01    5.69275024E-01   -3.97556963E+00
   1.93519988E-01    5.55026305E-01   -3.98661592E+00
   1.97166153E-01    5.40477234E-01   -3.99308313E+00
   2.00881017E-01    5.25638470E-01   -3.99502343E+00
   2.04665873E-01    5.10521276E-01   -3.99249482E+00
   2.08522041E-01    4.95137550E-01   -3.98556158E+00
   2.12450864E-01    4.79499782E-01   -3.97429370E+00
   2.16453711E-01    4.63621059E-01   -3.95876691E+00
   2.20531977E-01    4.47515056E-01   -3.93906270E+00
   2.24687083E-01    4.31196018E-01   -3.91526798E+00
   2.28920476E-01    4.14678768E-01   -3.88747533E+00
   2.33233632E-01    3.97978658E-01   -3.85578225E+00
   2.37628053E-01    3.81111577E-01   -3.82029142E+00
   2.42105271E-01    3.64093930E-01   -3.78111042E+00
   2.46666846E-01    3.46942604E-01   -3.73835133E+00
   2.51314366E-01    3.29674962E-01   -3.69213075E+00
   2.56049451E-01    3.12308819E-01   -3.64256956E+00
   2.60873752E-01    2.94862403E-01   -3.58979247E+00
   2.65788948E-01    2.77354349E-01   -3.53392805E+00
   2.70796754E-01    2.59803658E-01   -3.47510833E+00
   2.75898912E-01    2.42229671E-01   -3.41346860E+00
   2.81097202E-01    2.24652041E-01   -3.34914715E+00
   2.86393435E-01    2.07090699E-01   -3.28228501E+00
   2.91789455E-01    1.89565822E-01   -3.21302573E+00
   2.97287143E-01    1.72097794E-01   -3.14151505E+00
   3.02888415E-01    1.54707180E-01   -3.06790081E+00
   3.08595222E-01    1.37414665E-01   -2.99233228E+00
   3.14409552E-01    1.20241049E-01   -2.91496054E+00
   3.20333432E-01    1.03207189E-01   -2.83593785E+00
   3.26368925E-01    8.63339678E-02   -2.75541766E+00
   3.32518135E-01    6.96421547E-02   -2.67355251E+00
   3.38783204E-01    5.31525860E-02   -2.59049799E+00
   3.45166315E-01    3.68858993E-02   -2.50640818E+00
   3.51669691E-01    2.08624365E-02   -2.42143478E+00
   3.58295600E-01    5.10272655E-03   -2.33573654E+00
   3.65046349E-01   -1.03734550E-02   -2.24946195E+00
   3.71924292E-01   -2.55462209E-02   -2.16276709E+00
   3.78931823E-01   -4.03963536E-02   -2.07580012E+00
   3.86071385E-01   -5.49048133E-02   -1.98871295E+00
   3.93345466E-01   -6.90531707E-02   -1.90165153E+00
   4.00756600E-01   -8.28234689E-02   -1.81476093E+00
   4.08307369E-01   -9.61981938E-02   -1.72818632E+00
   4.16000405E-01   -1.09160563E-01   -1.64206686E+00
   4.23838387E-01   -1.21694401E-01   -1.55653958E+00
   4.31824046E-01   -1.33784219E-01   -1.47173827E+00
   4.39960166E-01   -1.45415276E-01   -1.38779280E+00
   4.48249581E-01   -1.56573615E-01   -1.30482871E+00
   4.56695179E-01   -1.67246096E-01   -1.22296731E+00
   4.65299902E-01   -1.77420445E-01   -1.14232498E+00
   4.74066750E-01   -1.87085284E-01   -1.06301308E+00
   4.82998777E-01   -1.96230163E-01   -9.85137605E-01
   4.92099094E-01   -2.04845592E-01   -9.08798995E-01
   5.01370873E-01   -2.12923069E-01   -8.34091925E-01
   5.10817345E-01   -2.20455101E-01   -7.61105163E-01
   5.20441800E-01   -2.27435228E-01   -6.89921451E-01
   5.30247592E-01   -2.33858040E-01   -6.20617442E-01
   5.40238138E-01   -2.39719199E-01   -5.53263706E-01
   5.50416918E-01   -2.45015444E-01   -4.87924695E-01
   5.60787480E-01   -2.49744610E-01   -4.24658819E-01
   5.71353436E-01   -2.53905636E-01   -3.63518486E-01
   5.82118469E-01   -2.57498571E-01   -3.04550176E-01
   5.93086329E-01   -2.60524583E-01   -2.47794517E-01
   6.04260837E-01   -2.62985960E-01   -1.93286346E-01
   6.15645887E-01   -2.64886107E-01   -1.41054778E-01
   6.27245447E-01   -2.66229555E-01   -9.11232401E-02
   6.39063557E-01   -2.67021942E-01   -4.35095282E-02
   6.51104335E-01   -2.67270020E-01    1.77419143E-03
   6.63371977E-01   -2.66981613E-01    4.47212859E-02
   6.75870757E-01   -2.66165643E-01    8.53307384E-02
   6.88605031E-01   -2.64832079E-01    1.23607042E-01
   7.01579234E-01   -2.62991912E-01    1.59560154E-01
   7.14797888E-01   -2.60657145E-01    1.93205500E-01
   7.28265599E-01   -2.57840738E-01    2.24563833E-01
   7.41987058E-01   -2.54556574E-01    2.53661154E-01
   7.55967047E-01   -2.50819429E-01    2.80528616E-01
   7.70210438E-01   -2.46644905E-01    3.05202317E-01
   7.84722192E-01   -2.42049389E-01    3.27723156E-01
   7.99507366E-01   -2.37050001E-01    3.48136607E-01
   8.14571112E-01   -2.31664526E-01    3.66492475E-01
   8.29918678E-01   -2.25911359E-01    3.82844629E-01
   8.45555412E-01   -2.19809440E-01    3.97250717E-01
   8.61486762E-01   -2.13378189E-01    4.09771852E-01
   8.77718279E-01   -2.06637440E-01    4.20472278E-01
   8.94255619E-01   -1.99607370E-01    4.29419028E-01
   9.11104544E-01   -1.92308433E-01    4.36681560E-01
   9.28270924E-01   -1.84761292E-01    4.42331409E-01
   9.45760740E-01   -1.76986751E-01    4.46441798E-01
   9.63580088E-01   -1.69005686E-01    4.49087289E-01
   9.81735174E-01   -1.60838984E-01    4.50343411E-01
   1.00023233E+00   -1.52507478E-01    4.50286318E-01
   1.01907799E+00   -1.44031884E-01    4.48992434E-01
   1.03827873E+00   -1.35432736E-01    4.46538086E-01
   1.05784123E+00   -1.26730349E-01    4.42999288E-01
   1.07777232E+00   -1.17944740E-01    4.38451326E-01
   1.09807893E+00   -1.09095600E-01    4.32968578E-01
   1.11876815E+00   -1.00202231E-01    4.26624190E-01
   1.13984718E+00   -9.12835083E-02    4.19489875E-01
   1.16132337E+00   -8.23578404E-02    4.11635704E-01
   1.18320419E+00   -7.34431316E-02    4.03129917E-01
   1.20549728E+00   -6.45567438E-02    3.94038741E-01
   1.22821039E+00   -5.57154743E-02    3.84426293E-01
   1.25135146E+00   -4.69355121E-02    3.74354374E-01
   1.27492852E+00   -3.82324387E-02    3.63882508E-01
   1.29894982E+00   -2.96211770E-02    3.53067699E-01
   1.32342370E+00   -2.11159966E-02    3.41964504E-01
   1.34835870E+00   -1.27304866E-02    3.30624923E-01
   1.37376351E+00   -4.47755443E-03    3.19098451E-01
   1.39964698E+00    3.63062242E-03    3.07431809E-01
   1.42601813E+00    1.15825356E-02    2.95669400E-01
   1.45288614E+00    1.93674264E-02    2.83852808E-01
   1.48026038E+00    2.69752290E-02    2.72021240E-01
   1.50815039E+00    3.43966102E-02    2.60211264E-01
   1.53656588E+00    4.16229492E-02    2.48456985E-01
   1.56551676E+00    4.86463397E-02    2.36790040E-01
   1.59501310E+00    5.54595830E-02    2.25239644E-01
   1.62506520E+00    6.20561795E-02    2.13832666E-01
   1.65568351E+00    6.84303220E-02    2.02593583E-01
   1.68687872E+00    7.45768767E-02    1.91544719E-01
   1.71866168E+00    8.04913762E-02    1.80706111E-01
   1.75104347E+00    8.61699993E-02    1.70095682E-01
   1.78403538E+00    9.16095539E-02    1.59729274E-01
   1.81764890E+00    9.68074579E-02    1.49620728E-01
   1.85189574E+00    1.01761710E-01    1.39781929E-01
   1.88678784E+00    1.06470883E-01    1.30222950E-01
   1.92233734E+00    1.10934080E-01    1.20952070E-01
   1.95855665E+00    1.15150921E-01    1.11975900E-01
   1.99545837E+00    1.19121511E-01    1.03299470E-01
   2.03305537E+00    1.22846414E-01    9.49263330E-02
   2.07136074E+00    1.26326628E-01    8.68586677E-02
   2.11038784E+00    1.29563552E-01    7.90973911E-02
   2.15015026E+00    1.32558964E-01    7.16422692E-02
   2.19066185E+00    1.35314996E-01    6.44920300E-02
   2.23193674E+00    1.37834105E-01    5.76444759E-02
   2.27398929E+00    1.40119053E-01    5.10965949E-02
   2.31683417E+00    1.42172885E-01    4.48446640E-02
   2.36048630E+00    1.43998902E-01    3.88843596E-02
   2.40496090E+00    1.45600657E-01    3.32108360E-02
   2.45027345E+00    1.46981930E-01    2.78188186E-02
   2.49643975E+00    1.48146707E-01    2.27026868E-02
   2.54347588E+00    1.49099181E-01    1.78565324E-02
   2.59139823E+00    1.49843728E-01    1.32742238E-02
   2.64022351E+00    1.50384903E-01    8.94945502E-03
   2.68996871E+00    1.50727430E-01    4.87578675E-03
   2.74065117E+00    1.50876192E-01    1.04668198E-03
   2.79228856E+00    1.50836223E-01   -2.54446679E-03
   2.84489887E+00    1.50612702E-01   -5.90431479E-03
   2.89850042E+00    1.50210945E-01   -9.03954755E-03
   2.95311189E+00    1.49636398E-01   -1.19568668E-02
   3.00875231E+00    1.48894631E-01   -1.46629797E-02
   3.06544107E+00    1.47991327E-01   -1.71645899E-02
   3.12319791E+00    1.46932281E-01   -1.94683906E-02
   3.18204298E+00    1.45723389E-01   -2.15810578E-02
   3.24199675E+00    1.44370637E-01   -2.35092457E-02
   3.30308014E+00    1.42880099E-01   -2.52595803E-02
   3.36531441E+00    1.41257927E-01   -2.68386557E-02
   3.42872126E+00    1.39510340E-01   -2.82530276E-02
   3.49332277E+00    1.37643616E-01   -2.95092089E-02
   3.55914146E+00    1.35664084E-01   -3.06136643E-02
   3.62620025E+00    1.33578115E-01   -3.15728046E-02
   3.69452253E+00    1.31392110E-01   -3.23929800E-02
   3.76413208E+00    1.29112495E-01   -3.30804774E-02
   3.83505316E+00    1.26745707E-01   -3.36415114E-02
   3.90731049E+00    1.24298183E-01   -3.40822210E-02
   3.98092924E+00    1.21776356E-01   -3.44086638E-02
   4.05593506E+00    1.19186641E-01   -3.46268103E-02
   4.13235408E+00    1.16535425E-01   -3.47425401E-02
   4.21021294E+00    1.13829056E-01   -3.47616368E-02
   4.28953876E+00    1.11073837E-01   -3.46897839E-02
   4.37035918E+00    1.08276011E-01   -3.45325615E-02
   4.45270237E+00    1.05441753E-01   -3.42954420E-02
   4.53659700E+00    1.02577160E-01   -3.39837886E-02
   4.62207231E+00    9.96882414E-02   -3.36028512E-02
   4.70915809E+00    9.67809044E-02   -3.31577632E-02
   4.79788468E+00    9.38609488E-02   -3.26535399E-02
   4.88828299E+00    9.09340542E-02   -3.20950761E-02
   4.98038452E+00    8.80057697E-02   -3.14871442E-02
   5.07422136E+00    8.50815044E-02   -3.08343920E-02
   5.16982621E+00    8.21665161E-02   -3.01413396E-02
   5.26723238E+00    7.92659029E-02   -2.94123796E-02
   5.36647380E+00    7.63845913E-02   -2.86517720E-02
   5.46758506E+00    7.35273280E-02   -2.78636437E-02
   5.57060139E+00    7.06986696E-02   -2.70519852E-02
   5.67555868E+00    6.79029742E-02   -2.62206481E-02
   5.78249349E+00    6.51443920E-02   -2.53733424E-02
   5.89144310E+00    6.24268577E-02   -2.45136334E-02
   6.00244546E+00    5.97540825E-02   -2.36449387E-02
   6.11553924E+00    5.71295471E-02   -2.27705254E-02
   6.23076385E+00    5.45564958E-02   -2.18935068E-02
   6.34815945E+00    5.20379305E-02   -2.10168395E-02
   6.46776693E+00    4.95766063E-02   -2.01433207E-02
   6.58962797E+00    4.71750280E-02   -1.92755854E-02
   6.71378502E+00    4.48354470E-02   -1.84161039E-02
   6.84028136E+00    4.25598602E-02   -1.75671792E-02
   6.96916104E+00    4.03500088E-02   -1.67309507E-02
   7.10046899E+00    3.82073450E-02   -1.59096377E-02
   7.23425095E+00    3.61331376E-02   -1.51045213E-02
   7.37055353E+00    3.41283708E-02   -1.43174863E-02
   7.50942422E+00    3.21937822E-02   -1.35499963E-02
   7.65091142E+00    3.03298692E-02   -1.28033426E-02
   7.79506442E+00    2.85368946E-02   -1.20786524E-02
   7.94193345E+00    2.68148944E-02   -1.13768903E-02
   8.09156968E+00    2.51636863E-02   -1.06988630E-02
   8.24402525E+00    2.35828790E-02   -1.00452235E-02
   8.39935327E+00    2.20718821E-02   -9.41647632E-03
   8.55760788E+00    2.06299176E-02   -8.81298330E-03
   8.71884420E+00    1.92560311E-02   -8.23497028E-03
   8.88311843E+00    1.79491046E-02   -7.68253406E-03
   9.05048779E+00    1.67078689E-02   -7.15564996E-03
   9.22101061E+00    1.55309160E-02   -6.65417986E-03
   9.39474629E+00    1.44167135E-02   -6.17788042E-03
   9.57175538E+00    1.33636172E-02   -5.72641170E-03
   9.75209955E+00    1.23698846E-02   -5.29934585E-03
   9.93584163E+00    1.14336883E-02   -4.89617574E-03
   1.01230456E+01    1.05531290E-02   -4.51632408E-03
   1.03137768E+01    9.72624814E-03   -4.15915185E-03
   1.05081016E+01    8.95104071E-03   -3.82396685E-03
   1.07060878E+01    8.22546670E-03   -3.51003185E-03
   1.09078042E+01    7.54746282E-03   -3.21657273E-03
   1.11133213E+01    6.91495369E-03   -2.94278612E-03
   1.13227105E+01    6.32586133E-03   -2.68784646E-03
   1.15360449E+01    5.77811541E-03   -2.45091294E-03
   1.17533988E+01    5.26966194E-03   -2.23113584E-03
   1.19748480E+01    4.79847145E-03   -2.02766235E-03
   1.22004695E+01    4.36254647E-03   -1.83964196E-03
   1.24303420E+01    3.95992834E-03   -1.66623137E-03
   1.26645456E+01    3.58870323E-03   -1.50659889E-03
   1.29031619E+01    3.24700734E-03   -1.35992828E-03
   1.31462741E+01    2.93303165E-03   -1.22542223E-03
   1.33939668E+01    2.64502578E-03   -1.10230539E-03
   1.36463263E+01    2.38130108E-03   -9.89826664E-04
   1.39034406E+01    2.14023382E-03   -8.87261595E-04
   1.41653993E+01    1.92026642E-03   -7.93913783E-04
   1.44322936E+01    1.71990953E-03   -7.09116398E-04
   1.47042166E+01    1.53774249E-03   -6.32232938E-04
   1.49812629E+01    1.37241439E-03   -5.62658165E-04
   1.52635291E+01    1.22264322E-03   -4.99818021E-04
   1.55511136E+01    1.08721637E-03   -4.43170157E-04
   1.58441166E+01    9.64988871E-04   -3.92203272E-04
   1.61426401E+01    8.54882965E-04   -3.46437091E-04
   1.64467882E+01    7.55886541E-04   -3.05421688E-04
   1.67566668E+01    6.67051168E-04   -2.68736631E-04
   1.70723839E+01    5.87490502E-04   -2.35990241E-04
   1.73940496E+01    5.16378042E-04   -2.06818535E-04
   1.77217758E+01    4.52945135E-04   -1.80884247E-04
   1.80556768E+01    3.96478250E-04   -1.57875515E-04
   1.83958690E+01    3.46316907E-04   -1.37504848E-04
   1.87424708E+01    3.01851034E-04   -1.19507823E-04
   1.90956030E+01    2.62518405E-04   -1.03641824E-04
   1.94553887E+01    2.27802224E-04   -8.96848469E-05
   1.98219532E+01    1.97228463E-04   -7.74342053E-05
   2.01954243E+01    1.70363386E-04   -6.67052683E-05
   2.05759320E+01    1.46811095E-04   -5.73304590E-05
   2.09636090E+01    1.26211099E-04   -4.91574218E-05
   2.13585903E+01    1.08235787E-04   -4.20500227E-05
   2.17610136E+01    9.25889450E-05   -3.58777716E-05
   2.21710190E+01    7.90049864E-05   -3.05312601E-05
   2.25887495E+01    6.72417162E-05   -2.59170397E-05
   2.30143506E+01    5.70807926E-05   -2.19437753E-05
   2.34479705E+01    4.83266175E-05   -1.85312346E-05
   2.38897604E+01    4.08042714E-05   -1.56077601E-05
   2.43398742E+01    3.43577915E-05   -1.31098447E-05
   2.47984687E+01    2.88484173E-05   -1.09812442E-05
   2.52657037E+01    2.41530554E-05   -9.17230396E-06
   2.57417420E+01    2.01628543E-05   -7.63931473E-06
   2.62267495E+01    1.67817439E-05   -6.34387146E-06
   2.67208951E+01    1.39252386E-05   -5.25234647E-06
   2.72243511E+01    1.15192124E-05   -4.33535944E-06
   2.77372929E+01    9.49888492E-06   -3.56733961E-06
   2.82598991E+01    7.80773755E-06   -2.92606570E-06
   2.87923519E+01    6.39667099E-06   -2.39230830E-06
   2.93348368E+01    5.22313678E-06   -1.94946612E-06
   2.98875428E+01    4.25040736E-06   -1.58326148E-06
   3.04506625E+01    3.44684634E-06   -1.28143942E-06
   3.10243921E+01    2.78533610E-06   -1.03353180E-06
   3.16089315E+01    2.24268120E-06   -8.30614567E-07
   3.22044844E+01    1.79913073E-06   -6.65113747E-07
   3.28112582E+01    1.43791086E-06   -5.30617402E-07
   3.34294645E+01    1.14483908E-06   -4.21720921E-07
   3.40593185E+01    9.07963822E-07   -3.33883523E-07
   3.47010398E+01    7.17252517E-07   -2.63304676E-07
   3.53548520E+01    5.64315901E-07   -2.06815394E-07
   3.60209828E+01    4.42166300E-07   -1.61783442E-07
   3.66996644E+01    3.45007181E-07   -1.26031160E-07
   3.73911332E+01    2.68049605E-07   -9.77641453E-08
   3.80956302E+01    2.07353508E-07   -7.55098266E-08
   3.88134008E+01    1.59691172E-07   -5.80648641E-08
   3.95446952E+01    1.22429682E-07   -4.44500417E-08
   4.02897680E+01    9.34311882E-08   -3.38721344E-08
   4.10488790E+01    7.09672762E-08   -2.56913030E-08
   4.18222926E+01    5.36471361E-08   -1.93938337E-08
   4.26102783E+01    4.03569522E-08   -1.45692178E-08
   4.34131107E+01    3.02087401E-08   -1.08908712E-08
   4.42310695E+01    2.24982476E-08   -8.10031694E-09
   4.50644397E+01    1.66695801E-08   -5.99393808E-09
   4.59135116E+01    1.22862169E-08   -4.41215537E-09
   4.67785811E+01    9.00712093E-09   -3.23053307E-09
   4.76599497E+01    6.56725138E-09   -2.35254405E-09
   4.85579244E+01    4.76174723E-09   -1.70371339E-09
   4.94728180E+01    3.43311376E-09   -1.22688661E-09
   5.04049495E+01    2.46094939E-09   -8.78445295E-10
   5.13546435E+01    1.75372981E-09   -6.25288031E-10
   5.23222309E+01    1.24227810E-09   -4.42436602E-10
   5.33080490E+01    8.74627261E-10   -3.11156764E-10
   5.43124411E+01    6.11961858E-10   -2.17477161E-10
   5.53357573E+01    4.25472389E-10   -1.51043700E-10
   5.63783540E+01    2.93908371E-10   -1.04230260E-10
   5.74405946E+01    2.01694155E-10   -7.14552838E-11
   5.85228492E+01    1.37486799E-10   -4.86597172E-11
   5.96254949E+01    9.30808592E-11   -3.29112761E-11
   6.07489158E+01    6.25797525E-11   -2.21055835E-11
   6.18935034E+01    4.17760428E-11   -1.47430442E-11
   6.30596565E+01    2.76872263E-11   -9.76199965E-12
   6.42477815E+01    1.82150583E-11   -6.41648171E-12
   6.54582922E+01    1.18938578E-11   -4.18604280E-12
   6.66916105E+01    7.70713412E-12   -2.71016468E-12
   6.79481661E+01    4.95539290E-12   -1.74104449E-12
   6.92283969E+01    3.16092519E-12   -1.10963984E-12
   7.05327488E+01    2.00002252E-12   -7.01529025E-13
   7.18616764E+01    1.25510297E-12   -4.39885711E-13
   7.32156427E+01    7.81039898E-13   -2.73520621E-13
   7.45951194E+01    4.81891412E-13   -1.68627695E-13
   7.60005873E+01    2.94736527E-13   -1.03058283E-13
   7.74325360E+01    1.78675005E-13   -6.24292713E-14
   7.88914644E+01    1.07340602E-13   -3.74774617E-14
   8.03778810E+01    6.38939893E-14   -2.22922475E-14
   8.18923035E+01    3.76749091E-14   -1.31352870E-14
   8.34352597E+01    2.20051057E-14   -7.66673273E-15
   8.50072872E+01    1.27265334E-14   -4.43100188E-15
   8.66089337E+01    7.28795189E-15   -2.53575901E-15
   8.82407572E+01    4.13174811E-15   -1.43665535E-15
   8.99033265E+01    2.31826879E-15   -8.05571574E-16
   9.15972206E+01    1.28695207E-15   -4.46919467E-16
   9.33230299E+01    7.06994818E-16   -2.45366546E-16
   9.50813557E+01    3.84028237E-16   -1.33198338E-16
   9.68728106E+01    2.06402205E-16   -7.15471690E-17
   9.86980188E+01    1.09640117E-16   -3.79834350E-17
   1.00557616E+02    5.75107393E-17   -1.99123760E-17
   1.02452251E+02    2.98159809E-17   -1.03176007E-17
   1.04382583E+02    1.53272615E-17   -5.30100645E-18
   1.06349285E+02    7.67196553E-18    0.00000000E+00
   1.08353042E+02    3.87932085E-18    0.00000000E+00
   1.10394553E+02    1.92661169E-18    0.00000000E+00
   1.12474528E+02    9.35442857E-19    0.00000000E+00
   1.14593692E+02    4.37080750E-19    0.00000000E+00
   1.16752785E+02    2.12602519E-19    0.00000000E+00
   1.18952557E+02    1.02277712E-19    0.00000000E+00
   1.21193776E+02    4.64840299E-20    0.00000000E+00
   1.23477222E+02    2.06001466E-20    0.00000000E+00
   1.25803692E+02    0.00000000E+00    0.00000000E+00
   1.28173995E+02    0.00000000E+00    0.00000000E+00
   1.30588958E+02    0.00000000E+00    0.00000000E+00
   1.33049422E+02    0.00000000E+00    0.00000000E+00
   1.35556244E+02    0.00000000E+00    0.00000000E+00
   1.38110297E+02    0.00000000E+00    0.00000000E+00
   1.40712473E+02    0.00000000E+00    0.00000000E+00
