# Peaks:     0.033115  
   5.47722544E-05    3.77944261E+02   -1.70980224E+05
   5.55960864E-05    3.77806566E+02   -1.68752439E+05
   5.64323098E-05    3.77667168E+02   -1.66556397E+05
   5.72811108E-05    3.77526436E+02   -1.64390020E+05
   5.81426786E-05    3.77384772E+02   -1.62251177E+05
   5.90172054E-05    3.77242618E+02   -1.60137691E+05
   5.99048859E-05    3.77100450E+02   -1.58047352E+05
   6.08059181E-05    3.76958525E+02   -1.55979020E+05
   6.17205028E-05    3.76816755E+02   -1.53933110E+05
   6.26488438E-05    3.76675012E+02   -1.51910190E+05
   6.35911480E-05    3.76533154E+02   -1.49910871E+05
   6.45476254E-05    3.76391021E+02   -1.47935802E+05
   6.55184893E-05    3.76248500E+02   -1.45985387E+05
   6.65039559E-05    3.76105615E+02   -1.44059377E+05
   6.75042450E-05    3.75962410E+02   -1.42157437E+05
   6.85195796E-05    3.75818933E+02   -1.40279239E+05
   6.95501858E-05    3.75675232E+02   -1.38424465E+05
   7.05962934E-05    3.75531342E+02   -1.36592858E+05
   7.16581355E-05    3.75387258E+02   -1.34784273E+05
   7.27359489E-05    3.75242972E+02   -1.32998593E+05
   7.38299737E-05    3.75098469E+02   -1.31235715E+05
   7.49404538E-05    3.74953733E+02   -1.29495552E+05
   7.60676367E-05    3.74808751E+02   -1.27777981E+05
   7.72117736E-05    3.74663531E+02   -1.26082790E+05
   7.83731195E-05    3.74518076E+02   -1.24409772E+05
   7.95519332E-05    3.74372391E+02   -1.22758726E+05
   8.07484776E-05    3.74226477E+02   -1.21129464E+05
   8.19630192E-05    3.74080335E+02   -1.19521796E+05
   8.31958288E-05    3.73933967E+02   -1.17935510E+05
   8.44471812E-05    3.73787373E+02   -1.16370399E+05
   8.57173552E-05    3.73640553E+02   -1.14826267E+05
   8.70066340E-05    3.73493501E+02   -1.13302927E+05
   8.83153048E-05    3.73346212E+02   -1.11800191E+05
   8.96436595E-05    3.73198689E+02   -1.10317840E+05
   9.09919939E-05    3.73050934E+02   -1.08855653E+05
   9.23606088E-05    3.72902945E+02   -1.07413417E+05
   9.37498090E-05    3.72754721E+02   -1.05990930E+05
   9.51599043E-05    3.72606256E+02   -1.04587992E+05
   9.65912089E-05    3.72457550E+02   -1.03204385E+05
   9.80440418E-05    3.72308606E+02   -1.01839887E+05
   9.95187268E-05    3.72159423E+02   -1.00494282E+05
   1.01015593E-04    3.72009998E+02   -9.91673601E+04
   1.02534973E-04    3.71860324E+02   -9.78589213E+04
   1.04077206E-04    3.71710400E+02   -9.65687551E+04
   1.05642636E-04    3.71560227E+02   -9.52966391E+04
   1.07231612E-04    3.71409804E+02   -9.40423562E+04
   1.08844488E-04    3.71259131E+02   -9.28056956E+04
   1.10481623E-04    3.71108200E+02   -9.15864535E+04
   1.12143382E-04    3.70957007E+02   -9.03844274E+04
   1.13830136E-04    3.70805552E+02   -8.91994021E+04
   1.15542260E-04    3.70653836E+02   -8.80311630E+04
   1.17280137E-04    3.70501856E+02   -8.68795014E+04
   1.19044153E-04    3.70349609E+02   -8.57442142E+04
   1.20834702E-04    3.70197086E+02   -8.46251037E+04
   1.22652182E-04    3.70044286E+02   -8.35219671E+04
   1.24496999E-04    3.69891209E+02   -8.24345956E+04
   1.26369565E-04    3.69737853E+02   -8.13627849E+04
   1.28270295E-04    3.69584217E+02   -8.03063355E+04
   1.30199615E-04    3.69430292E+02   -7.92650527E+04
   1.32157953E-04    3.69276073E+02   -7.82387454E+04
   1.34145747E-04    3.69121557E+02   -7.72272157E+04
   1.36163440E-04    3.68966745E+02   -7.62302655E+04
   1.38211480E-04    3.68811635E+02   -7.52477011E+04
   1.40290326E-04    3.68656222E+02   -7.42793331E+04
   1.42400439E-04    3.68500498E+02   -7.33249765E+04
   1.44542291E-04    3.68344456E+02   -7.23844476E+04
   1.46716358E-04    3.68188096E+02   -7.14575575E+04
   1.48923126E-04    3.68031417E+02   -7.05441199E+04
   1.51163085E-04    3.67874417E+02   -6.96439523E+04
   1.53436736E-04    3.67717088E+02   -6.87568756E+04
   1.55744586E-04    3.67559423E+02   -6.78827151E+04
   1.58087147E-04    3.67401414E+02   -6.70212957E+04
   1.60464943E-04    3.67243061E+02   -6.61724403E+04
   1.62878504E-04    3.67084364E+02   -6.53359740E+04
   1.65328367E-04    3.66925317E+02   -6.45117254E+04
   1.67815079E-04    3.66765914E+02   -6.36995266E+04
   1.70339193E-04    3.66606145E+02   -6.28992127E+04
   1.72901273E-04    3.66446004E+02   -6.21106194E+04
   1.75501889E-04    3.66285489E+02   -6.13335811E+04
   1.78141622E-04    3.66124599E+02   -6.05679346E+04
   1.80821058E-04    3.65963330E+02   -5.98135197E+04
   1.83540796E-04    3.65801673E+02   -5.90701792E+04
   1.86301442E-04    3.65639619E+02   -5.83377587E+04
   1.89103610E-04    3.65477159E+02   -5.76161050E+04
   1.91947927E-04    3.65314293E+02   -5.69050639E+04
   1.94835024E-04    3.65151017E+02   -5.62044837E+04
   1.97765547E-04    3.64987327E+02   -5.55142153E+04
   2.00740148E-04    3.64823216E+02   -5.48341121E+04
   2.03759490E-04    3.64658672E+02   -5.41640300E+04
   2.06824246E-04    3.64493686E+02   -5.35038267E+04
   2.09935099E-04    3.64328255E+02   -5.28533596E+04
   2.13092743E-04    3.64162378E+02   -5.22124879E+04
   2.16297881E-04    3.63996048E+02   -5.15810731E+04
   2.19551227E-04    3.63829259E+02   -5.09589792E+04
   2.22853508E-04    3.63661999E+02   -5.03460721E+04
   2.26205458E-04    3.63494257E+02   -4.97422200E+04
   2.29607825E-04    3.63326027E+02   -4.91472914E+04
   2.33061367E-04    3.63157308E+02   -4.85611559E+04
   2.36566854E-04    3.62988095E+02   -4.79836856E+04
   2.40125067E-04    3.62818381E+02   -4.74147542E+04
   2.43736799E-04    3.62648154E+02   -4.68542378E+04
   2.47402856E-04    3.62477402E+02   -4.63020140E+04
   2.51124054E-04    3.62306115E+02   -4.57579620E+04
   2.54901222E-04    3.62134291E+02   -4.52219616E+04
   2.58735204E-04    3.61961927E+02   -4.46938946E+04
   2.62626852E-04    3.61789014E+02   -4.41736445E+04
   2.66577035E-04    3.61615543E+02   -4.36610965E+04
   2.70586632E-04    3.61441501E+02   -4.31561377E+04
   2.74656539E-04    3.61266874E+02   -4.26586567E+04
   2.78787660E-04    3.61091658E+02   -4.21685432E+04
   2.82980919E-04    3.60915847E+02   -4.16856882E+04
   2.87237248E-04    3.60739437E+02   -4.12099844E+04
   2.91557597E-04    3.60562417E+02   -4.07413260E+04
   2.95942928E-04    3.60384777E+02   -4.02796088E+04
   3.00394220E-04    3.60206500E+02   -3.98247301E+04
   3.04912463E-04    3.60027575E+02   -3.93765886E+04
   3.09498666E-04    3.59847997E+02   -3.89350843E+04
   3.14153850E-04    3.59667761E+02   -3.85001183E+04
   3.18879053E-04    3.59486859E+02   -3.80715934E+04
   3.23675327E-04    3.59305281E+02   -3.76494137E+04
   3.28543743E-04    3.59123011E+02   -3.72334847E+04
   3.33485385E-04    3.58940034E+02   -3.68237132E+04
   3.38501354E-04    3.58756339E+02   -3.64200072E+04
   3.43592769E-04    3.58571921E+02   -3.60222762E+04
   3.48760764E-04    3.58386773E+02   -3.56304309E+04
   3.54006491E-04    3.58200886E+02   -3.52443832E+04
   3.59331119E-04    3.58014247E+02   -3.48640462E+04
   3.64735835E-04    3.57826840E+02   -3.44893342E+04
   3.70221844E-04    3.57638648E+02   -3.41201628E+04
   3.75790368E-04    3.57449660E+02   -3.37564489E+04
   3.81442649E-04    3.57259871E+02   -3.33981105E+04
   3.87179946E-04    3.57069271E+02   -3.30450669E+04
   3.93003537E-04    3.56877851E+02   -3.26972385E+04
   3.98914722E-04    3.56685596E+02   -3.23545467E+04
   4.04914817E-04    3.56492490E+02   -3.20169139E+04
   4.11005160E-04    3.56298514E+02   -3.16842636E+04
   4.17187107E-04    3.56103654E+02   -3.13565207E+04
   4.23462038E-04    3.55907906E+02   -3.10336113E+04
   4.29831351E-04    3.55711258E+02   -3.07154624E+04
   4.36296464E-04    3.55513700E+02   -3.04020021E+04
   4.42858820E-04    3.55315217E+02   -3.00931592E+04
   4.49519880E-04    3.55115790E+02   -2.97888638E+04
   4.56281130E-04    3.54915399E+02   -2.94890467E+04
   4.63144075E-04    3.54714029E+02   -2.91936398E+04
   4.70110247E-04    3.54511673E+02   -2.89025765E+04
   4.77181197E-04    3.54308319E+02   -2.86157909E+04
   4.84358502E-04    3.54103956E+02   -2.83332182E+04
   4.91643761E-04    3.53898567E+02   -2.80547941E+04
   4.99038598E-04    3.53692133E+02   -2.77804554E+04
   5.06544661E-04    3.53484634E+02   -2.75101394E+04
   5.14163623E-04    3.53276049E+02   -2.72437848E+04
   5.21897182E-04    3.53066369E+02   -2.69813313E+04
   5.29747062E-04    3.52855583E+02   -2.67227196E+04
   5.37715012E-04    3.52643678E+02   -2.64678911E+04
   5.45802809E-04    3.52430638E+02   -2.62167880E+04
   5.54012255E-04    3.52216441E+02   -2.59693530E+04
   5.62345179E-04    3.52001067E+02   -2.57255297E+04
   5.70803439E-04    3.51784492E+02   -2.54852624E+04
   5.79388920E-04    3.51566701E+02   -2.52484969E+04
   5.88103536E-04    3.51347685E+02   -2.50151796E+04
   5.96949229E-04    3.51127428E+02   -2.47852576E+04
   6.05927970E-04    3.50905913E+02   -2.45586789E+04
   6.15041761E-04    3.50683121E+02   -2.43353919E+04
   6.24292633E-04    3.50459029E+02   -2.41153455E+04
   6.33682648E-04    3.50233609E+02   -2.38984896E+04
   6.43213898E-04    3.50006842E+02   -2.36847747E+04
   6.52888509E-04    3.49778716E+02   -2.34741529E+04
   6.62708636E-04    3.49549216E+02   -2.32665763E+04
   6.72676467E-04    3.49318324E+02   -2.30619982E+04
   6.82794225E-04    3.49086020E+02   -2.28603718E+04
   6.93064165E-04    3.48852280E+02   -2.26616515E+04
   7.03488576E-04    3.48617078E+02   -2.24657916E+04
   7.14069781E-04    3.48380385E+02   -2.22727476E+04
   7.24810138E-04    3.48142186E+02   -2.20824758E+04
   7.35712041E-04    3.47902464E+02   -2.18949333E+04
   7.46777920E-04    3.47661202E+02   -2.17100778E+04
   7.58010242E-04    3.47418379E+02   -2.15278676E+04
   7.69411509E-04    3.47173971E+02   -2.13482610E+04
   7.80984264E-04    3.46927952E+02   -2.11712174E+04
   7.92731085E-04    3.46680290E+02   -2.09966961E+04
   8.04654590E-04    3.46430959E+02   -2.08246575E+04
   8.16757438E-04    3.46179943E+02   -2.06550629E+04
   8.29042324E-04    3.45927223E+02   -2.04878743E+04
   8.41511989E-04    3.45672778E+02   -2.03230539E+04
   8.54169210E-04    3.45416583E+02   -2.01605645E+04
   8.67016809E-04    3.45158612E+02   -2.00003691E+04
   8.80057650E-04    3.44898834E+02   -1.98424313E+04
   8.93294638E-04    3.44637215E+02   -1.96867150E+04
   9.06730725E-04    3.44373731E+02   -1.95331850E+04
   9.20368904E-04    3.44108361E+02   -1.93818070E+04
   9.34212216E-04    3.43841085E+02   -1.92325471E+04
   9.48263745E-04    3.43571878E+02   -1.90853717E+04
   9.62526625E-04    3.43300712E+02   -1.89402475E+04
   9.77004033E-04    3.43027557E+02   -1.87971417E+04
   9.91699196E-04    3.42752380E+02   -1.86560217E+04
   1.00661539E-03    3.42475144E+02   -1.85168554E+04
   1.02175594E-03    3.42195823E+02   -1.83796115E+04
   1.03712422E-03    3.41914396E+02   -1.82442595E+04
   1.05272365E-03    3.41630837E+02   -1.81107692E+04
   1.06855772E-03    3.41345119E+02   -1.79791106E+04
   1.08462995E-03    3.41057210E+02   -1.78492541E+04
   1.10094391E-03    3.40767078E+02   -1.77211703E+04
   1.11750326E-03    3.40474685E+02   -1.75948302E+04
   1.13431168E-03    3.40179992E+02   -1.74702052E+04
   1.15137292E-03    3.39882973E+02   -1.73472674E+04
   1.16869077E-03    3.39583601E+02   -1.72259897E+04
   1.18626910E-03    3.39281850E+02   -1.71063450E+04
   1.20411183E-03    3.38977686E+02   -1.69883066E+04
   1.22222294E-03    3.38671077E+02   -1.68718482E+04
   1.24060645E-03    3.38361985E+02   -1.67569435E+04
   1.25926647E-03    3.38050369E+02   -1.66435664E+04
   1.27820715E-03    3.37736188E+02   -1.65316915E+04
   1.29743273E-03    3.37419413E+02   -1.64212940E+04
   1.31694747E-03    3.37100014E+02   -1.63123496E+04
   1.33675574E-03    3.36777961E+02   -1.62048342E+04
   1.35686195E-03    3.36453218E+02   -1.60987240E+04
   1.37727057E-03    3.36125747E+02   -1.59939952E+04
   1.39798616E-03    3.35795508E+02   -1.58906245E+04
   1.41901334E-03    3.35462457E+02   -1.57885885E+04
   1.44035679E-03    3.35126548E+02   -1.56878645E+04
   1.46202126E-03    3.34787751E+02   -1.55884303E+04
   1.48401159E-03    3.34446031E+02   -1.54902642E+04
   1.50633268E-03    3.34101355E+02   -1.53933447E+04
   1.52898950E-03    3.33753682E+02   -1.52976504E+04
   1.55198710E-03    3.33402974E+02   -1.52031601E+04
   1.57533061E-03    3.33049183E+02   -1.51098528E+04
   1.59902523E-03    3.32692263E+02   -1.50177077E+04
   1.62307625E-03    3.32332166E+02   -1.49267042E+04
   1.64748901E-03    3.31968856E+02   -1.48368226E+04
   1.67226897E-03    3.31602296E+02   -1.47480434E+04
   1.69742165E-03    3.31232447E+02   -1.46603474E+04
   1.72295265E-03    3.30859267E+02   -1.45737154E+04
   1.74886766E-03    3.30482712E+02   -1.44881283E+04
   1.77517246E-03    3.30102733E+02   -1.44035673E+04
   1.80187291E-03    3.29719278E+02   -1.43200137E+04
   1.82897497E-03    3.29332295E+02   -1.42374490E+04
   1.85648466E-03    3.28941744E+02   -1.41558555E+04
   1.88440814E-03    3.28547584E+02   -1.40752157E+04
   1.91275161E-03    3.28149774E+02   -1.39955123E+04
   1.94152139E-03    3.27748267E+02   -1.39167281E+04
   1.97072391E-03    3.27343015E+02   -1.38388459E+04
   2.00036566E-03    3.26933964E+02   -1.37618489E+04
   2.03045325E-03    3.26521060E+02   -1.36857201E+04
   2.06099339E-03    3.26104247E+02   -1.36104429E+04
   2.09199289E-03    3.25683478E+02   -1.35360013E+04
   2.12345866E-03    3.25258711E+02   -1.34623796E+04
   2.15539770E-03    3.24829899E+02   -1.33895621E+04
   2.18781714E-03    3.24396991E+02   -1.33175335E+04
   2.22072420E-03    3.23959936E+02   -1.32462782E+04
   2.25412621E-03    3.23518677E+02   -1.31757810E+04
   2.28803063E-03    3.23073155E+02   -1.31060266E+04
   2.32244501E-03    3.22623309E+02   -1.30370000E+04
   2.35737701E-03    3.22169088E+02   -1.29686866E+04
   2.39283443E-03    3.21710446E+02   -1.29010723E+04
   2.42882516E-03    3.21247330E+02   -1.28341431E+04
   2.46535724E-03    3.20779689E+02   -1.27678849E+04
   2.50243879E-03    3.20307465E+02   -1.27022838E+04
   2.54007809E-03    3.19830599E+02   -1.26373260E+04
   2.57828352E-03    3.19349027E+02   -1.25729975E+04
   2.61706361E-03    3.18862683E+02   -1.25092848E+04
   2.65642698E-03    3.18371513E+02   -1.24461747E+04
   2.69638242E-03    3.17875464E+02   -1.23836544E+04
   2.73693884E-03    3.17374482E+02   -1.23217110E+04
   2.77810526E-03    3.16868510E+02   -1.22603320E+04
   2.81989088E-03    3.16357488E+02   -1.21995048E+04
   2.86230499E-03    3.15841351E+02   -1.21392166E+04
   2.90535705E-03    3.15320034E+02   -1.20794551E+04
   2.94905666E-03    3.14793465E+02   -1.20202076E+04
   2.99341356E-03    3.14261585E+02   -1.19614622E+04
   3.03843763E-03    3.13724336E+02   -1.19032073E+04
   3.08413892E-03    3.13181662E+02   -1.18454312E+04
   3.13052759E-03    3.12633502E+02   -1.17881225E+04
   3.17761401E-03    3.12079792E+02   -1.17312697E+04
   3.22540865E-03    3.11520464E+02   -1.16748613E+04
   3.27392217E-03    3.10955449E+02   -1.16188859E+04
   3.32316539E-03    3.10384672E+02   -1.15633321E+04
   3.37314927E-03    3.09808066E+02   -1.15081889E+04
   3.42388497E-03    3.09225573E+02   -1.14534455E+04
   3.47538378E-03    3.08637130E+02   -1.13990917E+04
   3.52765719E-03    3.08042675E+02   -1.13451167E+04
   3.58071685E-03    3.07442139E+02   -1.12915102E+04
   3.63457458E-03    3.06835454E+02   -1.12382617E+04
   3.68924239E-03    3.06222545E+02   -1.11853608E+04
   3.74473246E-03    3.05603336E+02   -1.11327970E+04
   3.80105715E-03    3.04977754E+02   -1.10805602E+04
   3.85822903E-03    3.04345735E+02   -1.10286406E+04
   3.91626083E-03    3.03707217E+02   -1.09770286E+04
   3.97516550E-03    3.03062131E+02   -1.09257147E+04
   4.03495615E-03    3.02410410E+02   -1.08746893E+04
   4.09564611E-03    3.01751981E+02   -1.08239429E+04
   4.15724892E-03    3.01086767E+02   -1.07734659E+04
   4.21977829E-03    3.00414690E+02   -1.07232486E+04
   4.28324818E-03    2.99735673E+02   -1.06732818E+04
   4.34767271E-03    2.99049648E+02   -1.06235565E+04
   4.41306626E-03    2.98356549E+02   -1.05740640E+04
   4.47944340E-03    2.97656309E+02   -1.05247954E+04
   4.54681892E-03    2.96948856E+02   -1.04757421E+04
   4.61520783E-03    2.96234116E+02   -1.04268952E+04
   4.68462539E-03    2.95512011E+02   -1.03782461E+04
   4.75508706E-03    2.94782463E+02   -1.03297860E+04
   4.82660855E-03    2.94045389E+02   -1.02815061E+04
   4.89920579E-03    2.93300721E+02   -1.02333983E+04
   4.97289498E-03    2.92548392E+02   -1.01854546E+04
   5.04769252E-03    2.91788332E+02   -1.01376669E+04
   5.12361510E-03    2.91020469E+02   -1.00900274E+04
   5.20067964E-03    2.90244730E+02   -1.00425279E+04
   5.27890330E-03    2.89461036E+02   -9.99516047E+03
   5.35830353E-03    2.88669308E+02   -9.94791706E+03
   5.43889803E-03    2.87869462E+02   -9.90078968E+03
   5.52070475E-03    2.87061430E+02   -9.85377080E+03
   5.60374193E-03    2.86245143E+02   -9.80685313E+03
   5.68802807E-03    2.85420533E+02   -9.76002936E+03
   5.77358197E-03    2.84587530E+02   -9.71329221E+03
   5.86042269E-03    2.83746059E+02   -9.66663439E+03
   5.94856958E-03    2.82896046E+02   -9.62004858E+03
   6.03804229E-03    2.82037411E+02   -9.57352747E+03
   6.12886077E-03    2.81170073E+02   -9.52706374E+03
   6.22104525E-03    2.80293961E+02   -9.48065046E+03
   6.31461628E-03    2.79409010E+02   -9.43428102E+03
   6.40959472E-03    2.78515154E+02   -9.38794883E+03
   6.50600174E-03    2.77612327E+02   -9.34164730E+03
   6.60385882E-03    2.76700457E+02   -9.29536984E+03
   6.70318776E-03    2.75779472E+02   -9.24910983E+03
   6.80401073E-03    2.74849298E+02   -9.20286068E+03
   6.90635017E-03    2.73909857E+02   -9.15661574E+03
   7.01022891E-03    2.72961079E+02   -9.11036868E+03
   7.11567009E-03    2.72002904E+02   -9.06411355E+03
   7.22269722E-03    2.71035270E+02   -9.01784448E+03
   7.33133414E-03    2.70058117E+02   -8.97155560E+03
   7.44160508E-03    2.69071379E+02   -8.92524101E+03
   7.55353461E-03    2.68074992E+02   -8.87889486E+03
   7.66714768E-03    2.67068886E+02   -8.83251125E+03
   7.78246961E-03    2.66052993E+02   -8.78608427E+03
   7.89952610E-03    2.65027245E+02   -8.73960820E+03
   8.01834324E-03    2.63991588E+02   -8.69307779E+03
   8.13894752E-03    2.62945971E+02   -8.64648790E+03
   8.26136581E-03    2.61890340E+02   -8.59983339E+03
   8.38562540E-03    2.60824641E+02   -8.55310916E+03
   8.51175398E-03    2.59748817E+02   -8.50631009E+03
   8.63977967E-03    2.58662810E+02   -8.45943107E+03
   8.76973100E-03    2.57566562E+02   -8.41246698E+03
   8.90163694E-03    2.56460014E+02   -8.36541278E+03
   9.03552688E-03    2.55343121E+02   -8.31826396E+03
   9.17143066E-03    2.54215844E+02   -8.27101616E+03
   9.30937858E-03    2.53078142E+02   -8.22366508E+03
   9.44940138E-03    2.51929972E+02   -8.17620640E+03
   9.59153027E-03    2.50771293E+02   -8.12863585E+03
   9.73579692E-03    2.49602061E+02   -8.08094916E+03
   9.88223350E-03    2.48422231E+02   -8.03314205E+03
   1.00308726E-02    2.47231758E+02   -7.98521032E+03
   1.01817475E-02    2.46030612E+02   -7.93715025E+03
   1.03348916E-02    2.44818769E+02   -7.88895837E+03
   1.04903392E-02    2.43596206E+02   -7.84063126E+03
   1.06481249E-02    2.42362898E+02   -7.79216556E+03
   1.08082838E-02    2.41118821E+02   -7.74355790E+03
   1.09708517E-02    2.39863950E+02   -7.69480496E+03
   1.11358648E-02    2.38598261E+02   -7.64590343E+03
   1.13033599E-02    2.37321727E+02   -7.59685002E+03
   1.14733742E-02    2.36034334E+02   -7.54764186E+03
   1.16459458E-02    2.34736080E+02   -7.49827648E+03
   1.18211130E-02    2.33426964E+02   -7.44875149E+03
   1.19989149E-02    2.32106985E+02   -7.39906457E+03
   1.21793912E-02    2.30776142E+02   -7.34921342E+03
   1.23625820E-02    2.29434436E+02   -7.29919578E+03
   1.25485282E-02    2.28081867E+02   -7.24900946E+03
   1.27372712E-02    2.26718435E+02   -7.19865225E+03
   1.29288530E-02    2.25344145E+02   -7.14812221E+03
   1.31233165E-02    2.23959021E+02   -7.09741797E+03
   1.33207049E-02    2.22563091E+02   -7.04653832E+03
   1.35210623E-02    2.21156383E+02   -6.99548212E+03
   1.37244332E-02    2.19738927E+02   -6.94424828E+03
   1.39308631E-02    2.18310755E+02   -6.89283579E+03
   1.41403978E-02    2.16871897E+02   -6.84124368E+03
   1.43530842E-02    2.15422386E+02   -6.78947102E+03
   1.45689696E-02    2.13962255E+02   -6.73751701E+03
   1.47881022E-02    2.12491558E+02   -6.68538144E+03
   1.50105307E-02    2.11010357E+02   -6.63306439E+03
   1.52363048E-02    2.09518714E+02   -6.58056604E+03
   1.54654748E-02    2.08016695E+02   -6.52788665E+03
   1.56980917E-02    2.06504367E+02   -6.47502655E+03
   1.59342075E-02    2.04981798E+02   -6.42198613E+03
   1.61738746E-02    2.03449056E+02   -6.36876585E+03
   1.64171466E-02    2.01906213E+02   -6.31536626E+03
   1.66640777E-02    2.00353360E+02   -6.26178854E+03
   1.69147229E-02    1.98790600E+02   -6.20803429E+03
   1.71691380E-02    1.97218039E+02   -6.15410523E+03
   1.74273798E-02    1.95635787E+02   -6.10000314E+03
   1.76895059E-02    1.94043953E+02   -6.04572993E+03
   1.79555745E-02    1.92442650E+02   -5.99128754E+03
   1.82256452E-02    1.90831993E+02   -5.93667803E+03
   1.84997780E-02    1.89212095E+02   -5.88190349E+03
   1.87780340E-02    1.87583081E+02   -5.82696628E+03
   1.90604753E-02    1.85945096E+02   -5.77186948E+03
   1.93471648E-02    1.84298293E+02   -5.71661639E+03
   1.96381664E-02    1.82642825E+02   -5.66121040E+03
   1.99335450E-02    1.80978850E+02   -5.60565499E+03
   2.02333664E-02    1.79306527E+02   -5.54995371E+03
   2.05376974E-02    1.77626016E+02   -5.49411021E+03
   2.08466058E-02    1.75937492E+02   -5.43812857E+03
   2.11601606E-02    1.74241147E+02   -5.38201341E+03
   2.14784316E-02    1.72537175E+02   -5.32576943E+03
   2.18014897E-02    1.70825772E+02   -5.26940145E+03
   2.21294069E-02    1.69107138E+02   -5.21291434E+03
   2.24622563E-02    1.67381471E+02   -5.15631302E+03
   2.28001122E-02    1.65648978E+02   -5.09960264E+03
   2.31430498E-02    1.63909889E+02   -5.04278905E+03
   2.34911454E-02    1.62164439E+02   -4.98587834E+03
   2.38444769E-02    1.60412866E+02   -4.92887669E+03
   2.42031228E-02    1.58655412E+02   -4.87179032E+03
   2.45671631E-02    1.56892317E+02   -4.81462548E+03
   2.49366789E-02    1.55123829E+02   -4.75738867E+03
   2.53117527E-02    1.53350219E+02   -4.70008711E+03
   2.56924679E-02    1.51571764E+02   -4.64272822E+03
   2.60789095E-02    1.49788745E+02   -4.58531945E+03
   2.64711636E-02    1.48001439E+02   -4.52786829E+03
   2.68693177E-02    1.46210127E+02   -4.47038225E+03
   2.72734603E-02    1.44415104E+02   -4.41286929E+03
   2.76836817E-02    1.42616679E+02   -4.35533784E+03
   2.81000733E-02    1.40815163E+02   -4.29779636E+03
   2.85227278E-02    1.39010868E+02   -4.24025339E+03
   2.89517395E-02    1.37204122E+02   -4.18271793E+03
   2.93872039E-02    1.35395255E+02   -4.12519903E+03
   2.98292183E-02    1.33584597E+02   -4.06770577E+03
   3.02778809E-02    1.31772491E+02   -4.01024763E+03
   3.07332919E-02    1.29959289E+02   -3.95283434E+03
   3.11955528E-02    1.28145341E+02   -3.89547561E+03
   3.16647666E-02    1.26331007E+02   -3.83818139E+03
   3.21410378E-02    1.24516656E+02   -3.78096199E+03
   3.26244727E-02    1.22702655E+02   -3.72382760E+03
   3.31151789E-02    1.20889383E+02   -3.66678876E+03
   3.36132659E-02    1.19077223E+02   -3.60985622E+03
   3.41188446E-02    1.17266559E+02   -3.55304066E+03
   3.46320277E-02    1.15457785E+02   -3.49635309E+03
   3.51529297E-02    1.13651300E+02   -3.43980473E+03
   3.56816665E-02    1.11847502E+02   -3.38340663E+03
   3.62183562E-02    1.10046798E+02   -3.32717025E+03
   3.67631181E-02    1.08249600E+02   -3.27110717E+03
   3.73160739E-02    1.06456318E+02   -3.21522881E+03
   3.78773467E-02    1.04667373E+02   -3.15954701E+03
   3.84470617E-02    1.02883183E+02   -3.10407353E+03
   3.90253457E-02    1.01104170E+02   -3.04882015E+03
   3.96123278E-02    9.93307679E+01   -2.99379908E+03
   4.02081387E-02    9.75634045E+01   -2.93902234E+03
   4.08129112E-02    9.58025036E+01   -2.88450177E+03
   4.14267801E-02    9.40485053E+01   -2.83024975E+03
   4.20498822E-02    9.23018428E+01   -2.77627842E+03
   4.26823565E-02    9.05629488E+01   -2.72259988E+03
   4.33243438E-02    8.88322675E+01   -2.66922663E+03
   4.39759873E-02    8.71102315E+01   -2.61617076E+03
   4.46374322E-02    8.53972770E+01   -2.56344447E+03
   4.53088259E-02    8.36938467E+01   -2.51106017E+03
   4.59903181E-02    8.20003702E+01   -2.45902983E+03
   4.66820606E-02    8.03172884E+01   -2.40736579E+03
   4.73842076E-02    7.86450394E+01   -2.35608029E+03
   4.80969157E-02    7.69840463E+01   -2.30518511E+03
   4.88203437E-02    7.53347454E+01   -2.25469241E+03
   4.95546528E-02    7.36975619E+01   -2.20461401E+03
   5.03000066E-02    7.20729144E+01   -2.15496152E+03
   5.10565714E-02    7.04612381E+01   -2.10574710E+03
   5.18245157E-02    6.88629487E+01   -2.05698224E+03
   5.26040106E-02    6.72784418E+01   -2.00867783E+03
   5.33952300E-02    6.57081360E+01   -1.96084549E+03
   5.41983502E-02    6.41524400E+01   -1.91349651E+03
   5.50135501E-02    6.26117354E+01   -1.86664136E+03
   5.58410115E-02    6.10864186E+01   -1.82029094E+03
   5.66809188E-02    5.95768805E+01   -1.77445600E+03
   5.75334591E-02    5.80834816E+01   -1.72914635E+03
   5.83988226E-02    5.66065975E+01   -1.68437228E+03
   5.92772020E-02    5.51465988E+01   -1.64014390E+03
   6.01687932E-02    5.37038213E+01   -1.59647028E+03
   6.10737948E-02    5.22786105E+01   -1.55336076E+03
   6.19924086E-02    5.08713037E+01   -1.51082446E+03
   6.29248393E-02    4.94822147E+01   -1.46886978E+03
   6.38712948E-02    4.81116679E+01   -1.42750543E+03
   6.48319859E-02    4.67599544E+01   -1.38673912E+03
   6.58071269E-02    4.54273661E+01   -1.34657859E+03
   6.67969349E-02    4.41141866E+01   -1.30703133E+03
   6.78016308E-02    4.28206720E+01   -1.26810399E+03
   6.88214383E-02    4.15470835E+01   -1.22980338E+03
   6.98565847E-02    4.02936504E+01   -1.19213536E+03
   7.09073009E-02    3.90606135E+01   -1.15510614E+03
   7.19738209E-02    3.78481822E+01   -1.11872097E+03
   7.30563826E-02    3.66565431E+01   -1.08298442E+03
   7.41552270E-02    3.54858986E+01   -1.04790156E+03
   7.52705993E-02    3.43364065E+01   -1.01347611E+03
   7.64027479E-02    3.32082244E+01   -9.79711771E+02
   7.75519252E-02    3.21014900E+01   -9.46611675E+02
   7.87183873E-02    3.10163247E+01   -9.14178457E+02
   7.99023943E-02    2.99528548E+01   -8.82414926E+02
   8.11042099E-02    2.89111532E+01   -8.51322264E+02
   8.23241022E-02    2.78913010E+01   -8.20901920E+02
   8.35623428E-02    2.68933587E+01   -7.91154739E+02
   8.48192080E-02    2.59173592E+01   -7.62080731E+02
   8.60949776E-02    2.49633571E+01   -7.33680599E+02
   8.73899362E-02    2.40313485E+01   -7.05953273E+02
   8.87043724E-02    2.31213081E+01   -6.78897042E+02
   9.00385790E-02    2.22332434E+01   -6.52511231E+02
   9.13928535E-02    2.13671022E+01   -6.26793362E+02
   9.27674977E-02    2.05228198E+01   -6.01740588E+02
   9.41628179E-02    1.97003390E+01   -5.77350335E+02
   9.55791253E-02    1.88995407E+01   -5.53618141E+02
   9.70167354E-02    1.81203412E+01   -5.30540669E+02
   9.84759687E-02    1.73626539E+01   -5.08114522E+02
   9.99571503E-02    1.66263142E+01   -4.86333937E+02
   1.01460610E-01    1.59111234E+01   -4.65192143E+02
   1.02986684E-01    1.52169630E+01   -4.44684849E+02
   1.04535712E-01    1.45436688E+01   -4.24806400E+02
   1.06108038E-01    1.38910027E+01   -4.05548917E+02
   1.07704014E-01    1.32587506E+01   -3.86905281E+02
   1.09323995E-01    1.26466914E+01   -3.68868197E+02
   1.10968343E-01    1.20545940E+01   -3.51430091E+02
   1.12637423E-01    1.14822147E+01   -3.34583036E+02
   1.14331608E-01    1.09292593E+01   -3.18317611E+02
   1.16051275E-01    1.03954695E+01   -3.02625505E+02
   1.17796807E-01    9.88054237E+00   -2.87497090E+02
   1.19568595E-01    9.38418448E+00   -2.72923057E+02
   1.21367031E-01    8.90607617E+00   -2.58893332E+02
   1.23192519E-01    8.44589911E+00   -2.45397913E+02
   1.25045463E-01    8.00331901E+00   -2.32426344E+02
   1.26926278E-01    7.57799334E+00   -2.19967949E+02
   1.28835382E-01    7.16956816E+00   -2.08011741E+02
   1.30773201E-01    6.77769025E+00   -1.96546779E+02
   1.32740167E-01    6.40200440E+00   -1.85562092E+02
   1.34736718E-01    6.04211650E+00   -1.75045566E+02
   1.36763299E-01    5.69767108E+00   -1.64986277E+02
   1.38820362E-01    5.36826878E+00   -1.55372006E+02
   1.40908366E-01    5.05353552E+00   -1.46191322E+02
   1.43027775E-01    4.75307616E+00   -1.37432185E+02
   1.45179063E-01    4.46649530E+00   -1.29082575E+02
   1.47362708E-01    4.19340044E+00   -1.21130579E+02
   1.49579197E-01    3.93339236E+00   -1.13564108E+02
   1.51829025E-01    3.68607158E+00   -1.06371091E+02
   1.54112692E-01    3.45104283E+00   -9.95395981E+01
   1.56430709E-01    3.22790794E+00   -9.30576395E+01
   1.58783590E-01    3.01626638E+00   -8.69131736E+01
   1.61171862E-01    2.81571937E+00   -8.10942318E+01
   1.63596055E-01    2.62588332E+00   -7.55893150E+01
   1.66056711E-01    2.44636402E+00   -7.03866289E+01
   1.68554378E-01    2.27677013E+00   -6.54744810E+01
   1.71089612E-01    2.11672236E+00   -6.08415541E+01
   1.73662979E-01    1.96584211E+00   -5.64765684E+01
   1.76275052E-01    1.82375092E+00   -5.23682649E+01
   1.78926413E-01    1.69009080E+00   -4.85060038E+01
   1.81617654E-01    1.56449595E+00   -4.48789311E+01
   1.84349373E-01    1.44660839E+00   -4.14764368E+01
   1.87122181E-01    1.33607818E+00   -3.82881634E+01
   1.89936695E-01    1.23257189E+00   -3.53042515E+01
   1.92793541E-01    1.13575506E+00   -3.25148251E+01
   1.95693358E-01    1.04529557E+00   -2.99100881E+01
   1.98636791E-01    9.60885147E-01   -2.74809587E+01
   2.01624496E-01    8.82206639E-01   -2.52181037E+01
   2.04657140E-01    8.08970452E-01   -2.31130099E+01
   2.07735397E-01    7.40876319E-01   -2.11568611E+01
   2.10859955E-01    6.77650593E-01   -1.93416306E+01
   2.14031510E-01    6.19012625E-01   -1.76590957E+01
   2.17250768E-01    5.64711474E-01   -1.61019113E+01
   2.20518447E-01    5.14483377E-01   -1.46623655E+01
   2.23835275E-01    4.68090230E-01   -1.33335033E+01
   2.27201992E-01    4.25295548E-01   -1.21084248E+01
   2.30619347E-01    3.85875029E-01   -1.09805912E+01
   2.34088104E-01    3.49614887E-01   -9.94377729E+00
   2.37609034E-01    3.16306706E-01   -8.99191954E+00
   2.41182923E-01    2.85757233E-01   -8.11940150E+00
   2.44810566E-01    2.57775989E-01   -7.32069226E+00
   2.48492773E-01    2.32188016E-01   -6.59071682E+00
   2.52230365E-01    2.08821276E-01   -5.92448911E+00
   2.56024174E-01    1.87517731E-01   -5.31743355E+00
   2.59875045E-01    1.68123687E-01   -4.76510404E+00
   2.63783838E-01    1.50496825E-01   -4.26338757E+00
   2.67751423E-01    1.34501267E-01   -3.80836057E+00
   2.71778685E-01    1.20009375E-01   -3.39634090E+00
   2.75866521E-01    1.06902102E-01   -3.02389718E+00
   2.80015842E-01    9.50656942E-02   -2.68775352E+00
   2.84227573E-01    8.43964840E-02   -2.38492706E+00
   2.88502654E-01    7.47945051E-02   -2.11254382E+00
   2.92842036E-01    6.61690565E-02   -1.86799854E+00
   2.97246686E-01    5.84340209E-02   -1.64881954E+00
   3.01717588E-01    5.15096741E-02   -1.45272061E+00
   3.06255736E-01    4.53231297E-02   -1.27761333E+00
   3.10862143E-01    3.98052883E-02   -1.12151932E+00
   3.15537835E-01    3.48931036E-02   -9.82635006E-01
   3.20283854E-01    3.05287850E-02   -8.59308479E-01
   3.25101259E-01    2.66585099E-02   -7.50002400E-01
   3.29991122E-01    2.32329350E-02   -6.53308503E-01
   3.34954534E-01    2.02070886E-02   -5.67944268E-01
   3.39992601E-01    1.75396797E-02   -4.92733026E-01
   3.45106445E-01    1.51931386E-02   -4.26604969E-01
   3.50297208E-01    1.31329672E-02   -3.68578471E-01
   3.55566044E-01    1.13281444E-02   -3.17771506E-01
   3.60914130E-01    9.75040170E-03   -2.73380898E-01
   3.66342656E-01    8.37407340E-03   -2.34677947E-01
   3.71852833E-01    7.17609586E-03   -2.01008313E-01
   3.77445889E-01    6.13572126E-03   -1.71783776E-01
   3.83123070E-01    5.23424711E-03   -1.46474478E-01
   3.88885643E-01    4.45489471E-03   -1.24605399E-01
   3.94734890E-01    3.78268419E-03   -1.05752746E-01
   4.00672116E-01    3.20427105E-03   -8.95392566E-02
   4.06698644E-01    2.70776096E-03   -7.56288963E-02
   4.12815817E-01    2.28258768E-03   -6.37233562E-02
   4.19024999E-01    1.91939447E-03   -5.35586560E-02
   4.25327574E-01    1.60991933E-03   -4.49018591E-02
   4.31724946E-01    1.34688823E-03   -3.75480225E-02
   4.38218541E-01    1.12390842E-03   -3.13171529E-02
   4.44809806E-01    9.35375229E-04   -2.60515507E-02
   4.51500212E-01    7.76389333E-04   -2.16134531E-02
   4.58291247E-01    6.42680127E-04   -1.78828553E-02
   4.65184428E-01    5.30535457E-04   -1.47555123E-02
   4.72181288E-01    4.36737606E-04   -1.21411224E-02
   4.79283389E-01    3.58505300E-04   -9.96168186E-03
   4.86492313E-01    2.93441368E-04   -8.15000207E-03
   4.93809667E-01    2.39485691E-04   -6.64837763E-03
   5.01237081E-01    1.94873019E-04   -5.40739351E-03
   5.08776212E-01    1.58095293E-04   -4.38486032E-03
   5.16428738E-01    1.27868082E-04   -3.54486686E-03
   5.24196367E-01    1.03100796E-04   -2.85694007E-03
   5.32080829E-01    8.28703007E-05   -2.29530141E-03
   5.40083882E-01    6.63977030E-05   -1.83821335E-03
   5.48207309E-01    5.30278877E-05   -1.46740362E-03
   5.56452921E-01    4.22116535E-05   -1.16756308E-03
   5.64822555E-01    3.34900710E-05   -9.25906461E-04
   5.73318078E-01    2.64809465E-05   -7.31792443E-04
   5.81941382E-01    2.08671271E-05   -5.76395726E-04
   5.90694389E-01    1.63864022E-05   -4.52424058E-04
   5.99579051E-01    1.28224777E-05   -3.53865579E-04
   6.08597348E-01    9.99793212E-06   -2.75791691E-04
   6.17751289E-01    7.76733369E-06   -2.14164703E-04
   6.27042915E-01    6.01221702E-06   -1.65697457E-04
   6.36474297E-01    4.63631986E-06   -1.27720369E-04
   6.46047537E-01    3.56176106E-06   -9.80748097E-05
   6.55764768E-01    2.72575094E-06   -7.50213953E-05
   6.65628157E-01    2.07785052E-06   -5.71636464E-05
   6.75639901E-01    1.57769839E-06   -4.33847057E-05
   6.85802233E-01    1.19312646E-06   -3.27949210E-05
   6.96117416E-01    8.98621609E-07   -2.46890753E-05
   7.06587751E-01    6.74020727E-07   -1.85101329E-05
   7.17215570E-01    5.03440894E-07   -1.38195397E-05
   7.28003243E-01    3.74429416E-07   -1.02736394E-05
   7.38953174E-01    2.77278626E-07   -7.60467326E-06
   7.50067803E-01    2.04437883E-07   -5.60448767E-06
   7.61349608E-01    1.50061457E-07   -4.11201442E-06
   7.72801104E-01    1.09652892E-07   -3.00342730E-06
   7.84424841E-01    7.97591325E-08   -2.18368330E-06
   7.96223412E-01    5.77458516E-08   -1.58031217E-06
   8.08199446E-01    4.16117326E-08   -1.13828623E-06
   8.20355611E-01    2.98420182E-08   -8.15977486E-07
   8.32694618E-01    2.12978472E-08   -5.82104278E-07
   8.45219217E-01    1.51251201E-08   -4.13218536E-07
   8.57932199E-01    1.06879239E-08   -2.91871070E-07
   8.70836397E-01    7.51419588E-09   -2.05115180E-07
   8.83934689E-01    5.25574678E-09   -1.43406294E-07
   8.97229992E-01    3.65696248E-09   -9.97410018E-08
   9.10725270E-01    2.53102275E-09   -6.90032644E-08
   9.24423531E-01    1.74238699E-09   -4.74831605E-08
   9.38327829E-01    1.19292396E-09   -3.24960184E-08
   9.52441262E-01    8.12236253E-10   -2.21168485E-08
   9.66766976E-01    5.49917431E-10   -1.49679688E-08
   9.81308163E-01    3.70212411E-10   -1.00726107E-08
   9.96068065E-01    2.47785495E-10   -6.73897311E-09
   1.01104997E+00    1.64872581E-10   -4.48223073E-09
   1.02625722E+00    1.09055114E-10   -2.96360956E-09
   1.04169320E+00    7.16950806E-11   -1.94757679E-09
   1.05736136E+00    4.68466212E-11   -1.27208189E-09
   1.07326518E+00    3.04203088E-11   -8.25720820E-10
   1.08940821E+00    1.96277130E-11   -5.32565820E-10
   1.10579405E+00    1.25843349E-11   -3.41325934E-10
   1.12242635E+00    8.01594958E-12   -2.17335510E-10
   1.13930882E+00    5.07163068E-12   -1.37455192E-10
   1.15644522E+00    3.18796602E-12   -8.63707458E-11
   1.17383937E+00    1.98961255E-12   -5.38842438E-11
   1.19149514E+00    1.23393889E-12   -3.34063865E-11
   1.20941647E+00    7.59648704E-13   -2.05585276E-11
   1.22760736E+00    4.64036685E-13   -1.25538033E-11
   1.24607186E+00    2.81727418E-13   -7.61901947E-12
   1.26481409E+00    1.69741225E-13   -4.58886079E-12
   1.28383822E+00    1.01415897E-13   -2.74076192E-12
   1.30314849E+00    6.01477446E-14   -1.62493084E-12
   1.32274920E+00    3.54051312E-14   -9.56163453E-13
   1.34264474E+00    2.06640832E-14   -5.57873777E-13
   1.36283952E+00    1.18511034E-14   -3.19830800E-13
   1.38333805E+00    6.91224928E-15   -1.86488419E-13
   1.40414490E+00    3.96331280E-15   -1.06895337E-13
   1.42526471E+00    2.23371172E-15   -6.02254296E-14
   1.44670219E+00    1.23865592E-15   -3.33845522E-14
   1.46846210E+00    6.73852469E-16   -1.81548016E-14
   1.49054931E+00    3.82141092E-16   -1.02931895E-14
   1.51296873E+00    2.14277951E-16   -5.77067438E-15
   1.53572537E+00    1.14769947E-16   -3.08995035E-15
   1.55882428E+00    6.12176596E-17   -1.64748787E-15
   1.58227063E+00    3.11895564E-17   -8.38892413E-16
   1.60606964E+00    1.48843068E-17   -4.00040389E-16
   1.63022661E+00    7.79439449E-18   -2.09425515E-16
   1.65474692E+00    5.01779048E-18   -1.34907876E-16
   1.67963605E+00    3.19877546E-18   -8.60436488E-17
   1.70489953E+00    1.90790157E-18   -5.12920716E-17
   1.73054301E+00    9.64994254E-19   -2.58373161E-17
   1.75657218E+00    0.00000000E+00    0.00000000E+00
   1.78299287E+00    0.00000000E+00    0.00000000E+00
   1.80981095E+00    0.00000000E+00    0.00000000E+00
   1.83703240E+00    0.00000000E+00    0.00000000E+00
   1.86466329E+00    0.00000000E+00    0.00000000E+00
   1.89270978E+00    0.00000000E+00    0.00000000E+00
   1.92117811E+00    0.00000000E+00    0.00000000E+00
   1.95007464E+00    0.00000000E+00    0.00000000E+00
   1.97940581E+00    0.00000000E+00    0.00000000E+00
   2.00917814E+00    0.00000000E+00    0.00000000E+00
   2.03939829E+00    0.00000000E+00    0.00000000E+00
   2.07007297E+00    0.00000000E+00    0.00000000E+00
   2.10120904E+00    0.00000000E+00    0.00000000E+00
   2.13281342E+00    0.00000000E+00    0.00000000E+00
   2.16489317E+00    0.00000000E+00    0.00000000E+00
   2.19745543E+00    0.00000000E+00    0.00000000E+00
   2.23050746E+00    0.00000000E+00    0.00000000E+00
   2.26405662E+00    0.00000000E+00    0.00000000E+00
   2.29811041E+00    0.00000000E+00    0.00000000E+00
   2.33267639E+00    0.00000000E+00    0.00000000E+00
   2.36776229E+00    0.00000000E+00    0.00000000E+00
   2.40337591E+00    0.00000000E+00    0.00000000E+00
   2.43952520E+00    0.00000000E+00    0.00000000E+00
   2.47621821E+00    0.00000000E+00    0.00000000E+00
   2.51346313E+00    0.00000000E+00    0.00000000E+00
   2.55126824E+00    0.00000000E+00    0.00000000E+00
   2.58964199E+00    0.00000000E+00    0.00000000E+00
   2.62859291E+00    0.00000000E+00    0.00000000E+00
   2.66812970E+00    0.00000000E+00    0.00000000E+00
   2.70826117E+00    0.00000000E+00    0.00000000E+00
   2.74899625E+00    0.00000000E+00    0.00000000E+00
   2.79034403E+00    0.00000000E+00    0.00000000E+00
   2.83231373E+00    0.00000000E+00    0.00000000E+00
   2.87491469E+00    0.00000000E+00    0.00000000E+00
   2.91815642E+00    0.00000000E+00    0.00000000E+00
   2.96204855E+00    0.00000000E+00    0.00000000E+00
   3.00660086E+00    0.00000000E+00    0.00000000E+00
   3.05182328E+00    0.00000000E+00    0.00000000E+00
   3.09772590E+00    0.00000000E+00    0.00000000E+00
   3.14431894E+00    0.00000000E+00    0.00000000E+00
   3.19161279E+00    0.00000000E+00    0.00000000E+00
   3.23961798E+00    0.00000000E+00    0.00000000E+00
   3.28834523E+00    0.00000000E+00    0.00000000E+00
   3.33780538E+00    0.00000000E+00    0.00000000E+00
   3.38800947E+00    0.00000000E+00    0.00000000E+00
   3.43896868E+00    0.00000000E+00    0.00000000E+00
   3.49069437E+00    0.00000000E+00    0.00000000E+00
   3.54319807E+00    0.00000000E+00    0.00000000E+00
   3.59649148E+00    0.00000000E+00    0.00000000E+00
   3.65058647E+00    0.00000000E+00    0.00000000E+00
   3.70549511E+00    0.00000000E+00    0.00000000E+00
   3.76122964E+00    0.00000000E+00    0.00000000E+00
   3.81780247E+00    0.00000000E+00    0.00000000E+00
   3.87522622E+00    0.00000000E+00    0.00000000E+00
   3.93351368E+00    0.00000000E+00    0.00000000E+00
   3.99267784E+00    0.00000000E+00    0.00000000E+00
   4.05273189E+00    0.00000000E+00    0.00000000E+00
   4.11368922E+00    0.00000000E+00    0.00000000E+00
   4.17556342E+00    0.00000000E+00    0.00000000E+00
   4.23836826E+00    0.00000000E+00    0.00000000E+00
   4.30211776E+00    0.00000000E+00    0.00000000E+00
   4.36682611E+00    0.00000000E+00    0.00000000E+00
   4.43250775E+00    0.00000000E+00    0.00000000E+00
   4.49917730E+00    0.00000000E+00    0.00000000E+00
   4.56684964E+00    0.00000000E+00    0.00000000E+00
   4.63553984E+00    0.00000000E+00    0.00000000E+00
   4.70526321E+00    0.00000000E+00    0.00000000E+00
   4.77603530E+00    0.00000000E+00    0.00000000E+00
   4.84787187E+00    0.00000000E+00    0.00000000E+00
   4.92078894E+00    0.00000000E+00    0.00000000E+00
   4.99480275E+00    0.00000000E+00    0.00000000E+00
   5.06992981E+00    0.00000000E+00    0.00000000E+00
   5.14618687E+00    0.00000000E+00    0.00000000E+00
   5.22359090E+00    0.00000000E+00    0.00000000E+00
   5.30215918E+00    0.00000000E+00    0.00000000E+00
   5.38190920E+00    0.00000000E+00    0.00000000E+00
   5.46285875E+00    0.00000000E+00    0.00000000E+00
   5.54502587E+00    0.00000000E+00    0.00000000E+00
   5.62842886E+00    0.00000000E+00    0.00000000E+00
   5.71308632E+00    0.00000000E+00    0.00000000E+00
   5.79901712E+00    0.00000000E+00    0.00000000E+00
   5.88624041E+00    0.00000000E+00    0.00000000E+00
   5.97477563E+00    0.00000000E+00    0.00000000E+00
   6.06464251E+00    0.00000000E+00    0.00000000E+00
   6.15586108E+00    0.00000000E+00    0.00000000E+00
   6.24845168E+00    0.00000000E+00    0.00000000E+00
   6.34243493E+00    0.00000000E+00    0.00000000E+00
   6.43783179E+00    0.00000000E+00    0.00000000E+00
   6.53466352E+00    0.00000000E+00    0.00000000E+00
   6.63295170E+00    0.00000000E+00    0.00000000E+00
   6.73271824E+00    0.00000000E+00    0.00000000E+00
   6.83398537E+00    0.00000000E+00    0.00000000E+00
   6.93677566E+00    0.00000000E+00    0.00000000E+00
   7.04111203E+00    0.00000000E+00    0.00000000E+00
   7.14701773E+00    0.00000000E+00    0.00000000E+00
   7.25451635E+00    0.00000000E+00    0.00000000E+00
   7.36363188E+00    0.00000000E+00    0.00000000E+00
   7.47438861E+00    0.00000000E+00    0.00000000E+00
   7.58681124E+00    0.00000000E+00    0.00000000E+00
   7.70092482E+00    0.00000000E+00    0.00000000E+00
   7.81675479E+00    0.00000000E+00    0.00000000E+00
   7.93432697E+00    0.00000000E+00    0.00000000E+00
   8.05366755E+00    0.00000000E+00    0.00000000E+00
   8.17480314E+00    0.00000000E+00    0.00000000E+00
   8.29776074E+00    0.00000000E+00    0.00000000E+00
   8.42256775E+00    0.00000000E+00    0.00000000E+00
   8.54925198E+00    0.00000000E+00    0.00000000E+00
   8.67784168E+00    0.00000000E+00    0.00000000E+00
   8.80836550E+00    0.00000000E+00    0.00000000E+00
   8.94085254E+00    0.00000000E+00    0.00000000E+00
   9.07533232E+00    0.00000000E+00    0.00000000E+00
   9.21183482E+00    0.00000000E+00    0.00000000E+00
   9.35039046E+00    0.00000000E+00    0.00000000E+00
   9.49103012E+00    0.00000000E+00    0.00000000E+00
   9.63378515E+00    0.00000000E+00    0.00000000E+00
   9.77868737E+00    0.00000000E+00    0.00000000E+00
   9.92576906E+00    0.00000000E+00    0.00000000E+00
   1.00750630E+01    0.00000000E+00    0.00000000E+00
   1.02266025E+01    0.00000000E+00    0.00000000E+00
   1.03804213E+01    0.00000000E+00    0.00000000E+00
   1.05365537E+01    0.00000000E+00    0.00000000E+00
   1.06950345E+01    0.00000000E+00    0.00000000E+00
   1.08558990E+01    0.00000000E+00    0.00000000E+00
   1.10191831E+01    0.00000000E+00    0.00000000E+00
   1.11849232E+01    0.00000000E+00    0.00000000E+00
   1.13531561E+01    0.00000000E+00    0.00000000E+00
   1.15239195E+01    0.00000000E+00    0.00000000E+00
   1.16972513E+01    0.00000000E+00    0.00000000E+00
   1.18731902E+01    0.00000000E+00    0.00000000E+00
   1.20517754E+01    0.00000000E+00    0.00000000E+00
   1.22330467E+01    0.00000000E+00    0.00000000E+00
   1.24170446E+01    0.00000000E+00    0.00000000E+00
   1.26038099E+01    0.00000000E+00    0.00000000E+00
   1.27933844E+01    0.00000000E+00    0.00000000E+00
   1.29858103E+01    0.00000000E+00    0.00000000E+00
   1.31811305E+01    0.00000000E+00    0.00000000E+00
   1.33793885E+01    0.00000000E+00    0.00000000E+00
   1.35806285E+01    0.00000000E+00    0.00000000E+00
   1.37848954E+01    0.00000000E+00    0.00000000E+00
   1.39922346E+01    0.00000000E+00    0.00000000E+00
   1.42026925E+01    0.00000000E+00    0.00000000E+00
   1.44163158E+01    0.00000000E+00    0.00000000E+00
   1.46331523E+01    0.00000000E+00    0.00000000E+00
   1.48532502E+01    0.00000000E+00    0.00000000E+00
   1.50766587E+01    0.00000000E+00    0.00000000E+00
   1.53034274E+01    0.00000000E+00    0.00000000E+00
   1.55336070E+01    0.00000000E+00    0.00000000E+00
   1.57672487E+01    0.00000000E+00    0.00000000E+00
   1.60044046E+01    0.00000000E+00    0.00000000E+00
   1.62451276E+01    0.00000000E+00    0.00000000E+00
   1.64894713E+01    0.00000000E+00    0.00000000E+00
   1.67374902E+01    0.00000000E+00    0.00000000E+00
   1.69892396E+01    0.00000000E+00    0.00000000E+00
   1.72447756E+01    0.00000000E+00    0.00000000E+00
   1.75041550E+01    0.00000000E+00    0.00000000E+00
   1.77674359E+01    0.00000000E+00    0.00000000E+00
   1.80346767E+01    0.00000000E+00    0.00000000E+00
   1.83059371E+01    0.00000000E+00    0.00000000E+00
   1.85812776E+01    0.00000000E+00    0.00000000E+00
   1.88607594E+01    0.00000000E+00    0.00000000E+00
   1.91444450E+01    0.00000000E+00    0.00000000E+00
   1.94323975E+01    0.00000000E+00    0.00000000E+00
   1.97246811E+01    0.00000000E+00    0.00000000E+00
   2.00213610E+01    0.00000000E+00    0.00000000E+00
   2.03225032E+01    0.00000000E+00    0.00000000E+00
   2.06281749E+01    0.00000000E+00    0.00000000E+00
   2.09384442E+01    0.00000000E+00    0.00000000E+00
   2.12533804E+01    0.00000000E+00    0.00000000E+00
   2.15730535E+01    0.00000000E+00    0.00000000E+00
   2.18975348E+01    0.00000000E+00    0.00000000E+00
   2.22268966E+01    0.00000000E+00    0.00000000E+00
   2.25612124E+01    0.00000000E+00    0.00000000E+00
   2.29005567E+01    0.00000000E+00    0.00000000E+00
   2.32450050E+01    0.00000000E+00    0.00000000E+00
   2.35946342E+01    0.00000000E+00    0.00000000E+00
   2.39495222E+01    0.00000000E+00    0.00000000E+00
   2.43097481E+01    0.00000000E+00    0.00000000E+00
   2.46753922E+01    0.00000000E+00    0.00000000E+00
   2.50465359E+01    0.00000000E+00    0.00000000E+00
   2.54232620E+01    0.00000000E+00    0.00000000E+00
   2.58056545E+01    0.00000000E+00    0.00000000E+00
   2.61937985E+01    0.00000000E+00    0.00000000E+00
   2.65877807E+01    0.00000000E+00    0.00000000E+00
   2.69876887E+01    0.00000000E+00    0.00000000E+00
   2.73936118E+01    0.00000000E+00    0.00000000E+00
   2.78056404E+01    0.00000000E+00    0.00000000E+00
   2.82238664E+01    0.00000000E+00    0.00000000E+00
   2.86483829E+01    0.00000000E+00    0.00000000E+00
   2.90792845E+01    0.00000000E+00    0.00000000E+00
   2.95166674E+01    0.00000000E+00    0.00000000E+00
   2.99606290E+01    0.00000000E+00    0.00000000E+00
   3.04112682E+01    0.00000000E+00    0.00000000E+00
   3.08686855E+01    0.00000000E+00    0.00000000E+00
   3.13329829E+01    0.00000000E+00    0.00000000E+00
   3.18042637E+01    0.00000000E+00    0.00000000E+00
   3.22826332E+01    0.00000000E+00    0.00000000E+00
   3.27681978E+01    0.00000000E+00    0.00000000E+00
   3.32610658E+01    0.00000000E+00    0.00000000E+00
   3.37613470E+01    0.00000000E+00    0.00000000E+00
   3.42691530E+01    0.00000000E+00    0.00000000E+00
   3.47845969E+01    0.00000000E+00    0.00000000E+00
   3.53077937E+01    0.00000000E+00    0.00000000E+00
   3.58388599E+01    0.00000000E+00    0.00000000E+00
   3.63779139E+01    0.00000000E+00    0.00000000E+00
   3.69250758E+01    0.00000000E+00    0.00000000E+00
   3.74804676E+01    0.00000000E+00    0.00000000E+00
   3.80442130E+01    0.00000000E+00    0.00000000E+00
   3.86164378E+01    0.00000000E+00    0.00000000E+00
   3.91972695E+01    0.00000000E+00    0.00000000E+00
   3.97868374E+01    0.00000000E+00    0.00000000E+00
   4.03852731E+01    0.00000000E+00    0.00000000E+00
   4.09927099E+01    0.00000000E+00    0.00000000E+00
   4.16092832E+01    0.00000000E+00    0.00000000E+00
   4.22351303E+01    0.00000000E+00    0.00000000E+00
   4.28703909E+01    0.00000000E+00    0.00000000E+00
   4.35152065E+01    0.00000000E+00    0.00000000E+00
   4.41697207E+01    0.00000000E+00    0.00000000E+00
   4.48340796E+01    0.00000000E+00    0.00000000E+00
   4.55084311E+01    0.00000000E+00    0.00000000E+00
   4.61929255E+01    0.00000000E+00    0.00000000E+00
   4.68877155E+01    0.00000000E+00    0.00000000E+00
   4.75929558E+01    0.00000000E+00    0.00000000E+00
   4.83088037E+01    0.00000000E+00    0.00000000E+00
   4.90354187E+01    0.00000000E+00    0.00000000E+00
   4.97729627E+01    0.00000000E+00    0.00000000E+00
   5.05216001E+01    0.00000000E+00    0.00000000E+00
   5.12814979E+01    0.00000000E+00    0.00000000E+00
   5.20528253E+01    0.00000000E+00    0.00000000E+00
   5.28357543E+01    0.00000000E+00    0.00000000E+00
   5.36304594E+01    0.00000000E+00    0.00000000E+00
   5.44371176E+01    0.00000000E+00    0.00000000E+00
   5.52559088E+01    0.00000000E+00    0.00000000E+00
   5.60870156E+01    0.00000000E+00    0.00000000E+00
   5.69306230E+01    0.00000000E+00    0.00000000E+00
   5.77869192E+01    0.00000000E+00    0.00000000E+00
   5.86560949E+01    0.00000000E+00    0.00000000E+00
   5.95383440E+01    0.00000000E+00    0.00000000E+00
   6.04338630E+01    0.00000000E+00    0.00000000E+00
   6.13428516E+01    0.00000000E+00    0.00000000E+00
   6.22655123E+01    0.00000000E+00    0.00000000E+00
   6.32020508E+01    0.00000000E+00    0.00000000E+00
   6.41526758E+01    0.00000000E+00    0.00000000E+00
   6.51175992E+01    0.00000000E+00    0.00000000E+00
   6.60970360E+01    0.00000000E+00    0.00000000E+00
   6.70912046E+01    0.00000000E+00    0.00000000E+00
   6.81003266E+01    0.00000000E+00    0.00000000E+00
   6.91246268E+01    0.00000000E+00    0.00000000E+00
   7.01643336E+01    0.00000000E+00    0.00000000E+00
   7.12196786E+01    0.00000000E+00    0.00000000E+00
   7.22908971E+01    0.00000000E+00    0.00000000E+00
   7.33782279E+01    0.00000000E+00    0.00000000E+00
   7.44819132E+01    0.00000000E+00    0.00000000E+00
   7.56021992E+01    0.00000000E+00    0.00000000E+00
   7.67393354E+01    0.00000000E+00    0.00000000E+00
   7.78935753E+01    0.00000000E+00    0.00000000E+00
   7.90651763E+01    0.00000000E+00    0.00000000E+00
   8.02543993E+01    0.00000000E+00    0.00000000E+00
   8.14615095E+01    0.00000000E+00    0.00000000E+00
   8.26867758E+01    0.00000000E+00    0.00000000E+00
   8.39304715E+01    0.00000000E+00    0.00000000E+00
   8.51928737E+01    0.00000000E+00    0.00000000E+00
   8.64742637E+01    0.00000000E+00    0.00000000E+00
   8.77749271E+01    0.00000000E+00    0.00000000E+00
   8.90951539E+01    0.00000000E+00    0.00000000E+00
   9.04352383E+01    0.00000000E+00    0.00000000E+00
   9.17954789E+01    0.00000000E+00    0.00000000E+00
   9.31761790E+01    0.00000000E+00    0.00000000E+00
   9.45776463E+01    0.00000000E+00    0.00000000E+00
   9.60001931E+01    0.00000000E+00    0.00000000E+00
   9.74441365E+01    0.00000000E+00    0.00000000E+00
   9.89097984E+01    0.00000000E+00    0.00000000E+00
   1.00397505E+02    0.00000000E+00    0.00000000E+00
   1.01907589E+02    0.00000000E+00    0.00000000E+00
   1.03440386E+02    0.00000000E+00    0.00000000E+00
   1.04996237E+02    0.00000000E+00    0.00000000E+00
   1.06575491E+02    0.00000000E+00    0.00000000E+00
   1.08178498E+02    0.00000000E+00    0.00000000E+00
   1.09805615E+02    0.00000000E+00    0.00000000E+00
   1.11457207E+02    0.00000000E+00    0.00000000E+00
   1.13133640E+02    0.00000000E+00    0.00000000E+00
   1.14835288E+02    0.00000000E+00    0.00000000E+00
   1.16562531E+02    0.00000000E+00    0.00000000E+00
   1.18315754E+02    0.00000000E+00    0.00000000E+00
   1.20095347E+02    0.00000000E+00    0.00000000E+00
   1.21901706E+02    0.00000000E+00    0.00000000E+00
   1.23735236E+02    0.00000000E+00    0.00000000E+00
   1.25596343E+02    0.00000000E+00    0.00000000E+00
   1.27485444E+02    0.00000000E+00    0.00000000E+00
   1.29402958E+02    0.00000000E+00    0.00000000E+00
   1.31349314E+02    0.00000000E+00    0.00000000E+00
   1.33324945E+02    0.00000000E+00    0.00000000E+00
   1.35330292E+02    0.00000000E+00    0.00000000E+00
   1.37365801E+02    0.00000000E+00    0.00000000E+00
   1.39431927E+02    0.00000000E+00    0.00000000E+00
   1.41529129E+02    0.00000000E+00    0.00000000E+00
   1.43657875E+02    0.00000000E+00    0.00000000E+00
   1.45818640E+02    0.00000000E+00    0.00000000E+00
   1.48011905E+02    0.00000000E+00    0.00000000E+00
   1.50238159E+02    0.00000000E+00    0.00000000E+00
   1.52497898E+02    0.00000000E+00    0.00000000E+00
   1.54791626E+02    0.00000000E+00    0.00000000E+00
   1.57119854E+02    0.00000000E+00    0.00000000E+00
   1.59483101E+02    0.00000000E+00    0.00000000E+00
   1.61881894E+02    0.00000000E+00    0.00000000E+00
   1.64316767E+02    0.00000000E+00    0.00000000E+00
