# Peaks:     0.024567      0.154113      0.590694  
   5.47722544E-05    4.55877933E+01   -2.06455146E+04
   5.55960864E-05    4.55711491E+01   -2.03768723E+04
   5.64323098E-05    4.55543014E+01   -2.01120467E+04
   5.72811108E-05    4.55372973E+01   -1.98507745E+04
   5.81426786E-05    4.55201886E+01   -1.95927862E+04
   5.90172054E-05    4.55030315E+01   -1.93378058E+04
   5.99048859E-05    4.54858842E+01   -1.90855654E+04
   6.08059181E-05    4.54687640E+01   -1.88359895E+04
   6.17205028E-05    4.54516568E+01   -1.85891443E+04
   6.26488438E-05    4.54345459E+01   -1.83451035E+04
   6.35911480E-05    4.54174130E+01   -1.81039461E+04
   6.45476254E-05    4.54002387E+01   -1.78657499E+04
   6.55184893E-05    4.53830181E+01   -1.76305225E+04
   6.65039559E-05    4.53657562E+01   -1.73982245E+04
   6.75042450E-05    4.53484583E+01   -1.71688169E+04
   6.85195796E-05    4.53311303E+01   -1.69422619E+04
   6.95501858E-05    4.53137775E+01   -1.67185241E+04
   7.05962934E-05    4.52964013E+01   -1.64975811E+04
   7.16581355E-05    4.52790007E+01   -1.62794178E+04
   7.27359489E-05    4.52615744E+01   -1.60640212E+04
   7.38299737E-05    4.52441206E+01   -1.58513802E+04
   7.49404538E-05    4.52266372E+01   -1.56414839E+04
   7.60676367E-05    4.52091243E+01   -1.54343111E+04
   7.72117736E-05    4.51915825E+01   -1.52298361E+04
   7.83731195E-05    4.51740124E+01   -1.50280347E+04
   7.95519332E-05    4.51564143E+01   -1.48288838E+04
   8.07484776E-05    4.51387882E+01   -1.46323613E+04
   8.19630192E-05    4.51211343E+01   -1.44384430E+04
   8.31958288E-05    4.51034529E+01   -1.42471033E+04
   8.44471812E-05    4.50857439E+01   -1.40583182E+04
   8.57173552E-05    4.50680068E+01   -1.38720646E+04
   8.70066340E-05    4.50502411E+01   -1.36883208E+04
   8.83153048E-05    4.50324465E+01   -1.35070620E+04
   8.96436595E-05    4.50146235E+01   -1.33282614E+04
   9.09919939E-05    4.49967721E+01   -1.31518928E+04
   9.23606088E-05    4.49788920E+01   -1.29779314E+04
   9.37498090E-05    4.49609829E+01   -1.28063531E+04
   9.51599043E-05    4.49430442E+01   -1.26371332E+04
   9.65912089E-05    4.49250764E+01   -1.24702445E+04
   9.80440418E-05    4.49070794E+01   -1.23056606E+04
   9.95187268E-05    4.48890530E+01   -1.21433559E+04
   1.01015593E-04    4.48709967E+01   -1.19833058E+04
   1.02534973E-04    4.48529097E+01   -1.18254860E+04
   1.04077206E-04    4.48347923E+01   -1.16698697E+04
   1.05642636E-04    4.48166445E+01   -1.15164305E+04
   1.07231612E-04    4.47984662E+01   -1.13651425E+04
   1.08844488E-04    4.47802569E+01   -1.12159807E+04
   1.10481623E-04    4.47620157E+01   -1.10689209E+04
   1.12143382E-04    4.47437425E+01   -1.09239377E+04
   1.13830136E-04    4.47254374E+01   -1.07810049E+04
   1.15542260E-04    4.47071003E+01   -1.06400969E+04
   1.17280137E-04    4.46887308E+01   -1.05011889E+04
   1.19044153E-04    4.46703281E+01   -1.03642567E+04
   1.20834702E-04    4.46518916E+01   -1.02292764E+04
   1.22652182E-04    4.46334212E+01   -1.00962226E+04
   1.24496999E-04    4.46149170E+01   -9.96507042E+03
   1.26369565E-04    4.45963786E+01   -9.83579541E+03
   1.28270295E-04    4.45778055E+01   -9.70837375E+03
   1.30199615E-04    4.45591968E+01   -9.58278223E+03
   1.32157953E-04    4.45405518E+01   -9.45899728E+03
   1.34145747E-04    4.45218708E+01   -9.33699475E+03
   1.36163440E-04    4.45031535E+01   -9.21675093E+03
   1.38211480E-04    4.44843995E+01   -9.09824265E+03
   1.40290326E-04    4.44656081E+01   -8.98144725E+03
   1.42400439E-04    4.44467782E+01   -8.86634253E+03
   1.44542291E-04    4.44279094E+01   -8.75290582E+03
   1.46716358E-04    4.44090018E+01   -8.64111432E+03
   1.48923126E-04    4.43900551E+01   -8.53094567E+03
   1.51163085E-04    4.43710688E+01   -8.42237800E+03
   1.53436736E-04    4.43520419E+01   -8.31538988E+03
   1.55744586E-04    4.43329732E+01   -8.20996023E+03
   1.58087147E-04    4.43138627E+01   -8.10606758E+03
   1.60464943E-04    4.42947101E+01   -8.00369055E+03
   1.62878504E-04    4.42755152E+01   -7.90280816E+03
   1.65328367E-04    4.42562773E+01   -7.80339987E+03
   1.67815079E-04    4.42369953E+01   -7.70544551E+03
   1.70339193E-04    4.42176680E+01   -7.60892521E+03
   1.72901273E-04    4.41982952E+01   -7.51381886E+03
   1.75501889E-04    4.41788768E+01   -7.42010649E+03
   1.78141622E-04    4.41594123E+01   -7.32776852E+03
   1.80821058E-04    4.41399011E+01   -7.23678570E+03
   1.83540796E-04    4.41203418E+01   -7.14713915E+03
   1.86301442E-04    4.41007334E+01   -7.05881028E+03
   1.89103610E-04    4.40810754E+01   -6.97178036E+03
   1.91947927E-04    4.40613677E+01   -6.88603083E+03
   1.94835024E-04    4.40416097E+01   -6.80154344E+03
   1.97765547E-04    4.40218007E+01   -6.71830026E+03
   2.00740148E-04    4.40019395E+01   -6.63628368E+03
   2.03759490E-04    4.39820248E+01   -6.55547636E+03
   2.06824246E-04    4.39620559E+01   -6.47586096E+03
   2.09935099E-04    4.39420326E+01   -6.39742028E+03
   2.13092743E-04    4.39219544E+01   -6.32013738E+03
   2.16297881E-04    4.39018206E+01   -6.24399560E+03
   2.19551227E-04    4.38816300E+01   -6.16897857E+03
   2.22853508E-04    4.38613810E+01   -6.09507017E+03
   2.26205458E-04    4.38410727E+01   -6.02225442E+03
   2.29607825E-04    4.38207049E+01   -5.95051539E+03
   2.33061367E-04    4.38002770E+01   -5.87983743E+03
   2.36566854E-04    4.37797883E+01   -5.81020510E+03
   2.40125067E-04    4.37592377E+01   -5.74160322E+03
   2.43736799E-04    4.37386236E+01   -5.67401686E+03
   2.47402856E-04    4.37179446E+01   -5.60743128E+03
   2.51124054E-04    4.36972002E+01   -5.54183181E+03
   2.54901222E-04    4.36763900E+01   -5.47720399E+03
   2.58735204E-04    4.36555133E+01   -5.41353358E+03
   2.62626852E-04    4.36345690E+01   -5.35080655E+03
   2.66577035E-04    4.36135556E+01   -5.28900907E+03
   2.70586632E-04    4.35924715E+01   -5.22812755E+03
   2.74656539E-04    4.35713155E+01   -5.16814853E+03
   2.78787660E-04    4.35500873E+01   -5.10905868E+03
   2.82980919E-04    4.35287861E+01   -5.05084487E+03
   2.87237248E-04    4.35074111E+01   -4.99349418E+03
   2.91557597E-04    4.34859608E+01   -4.93699386E+03
   2.95942928E-04    4.34644337E+01   -4.88133136E+03
   3.00394220E-04    4.34428278E+01   -4.82649430E+03
   3.04912463E-04    4.34211424E+01   -4.77247045E+03
   3.09498666E-04    4.33993769E+01   -4.71924774E+03
   3.14153850E-04    4.33775306E+01   -4.66681428E+03
   3.18879053E-04    4.33556021E+01   -4.61515833E+03
   3.23675327E-04    4.33335900E+01   -4.56426835E+03
   3.28543743E-04    4.33114923E+01   -4.51413295E+03
   3.33485385E-04    4.32893072E+01   -4.46474088E+03
   3.38501354E-04    4.32670340E+01   -4.41608107E+03
   3.43592769E-04    4.32446721E+01   -4.36814261E+03
   3.48760764E-04    4.32222203E+01   -4.32091472E+03
   3.54006491E-04    4.31996772E+01   -4.27438679E+03
   3.59331119E-04    4.31770411E+01   -4.22854834E+03
   3.64735835E-04    4.31543099E+01   -4.18338906E+03
   3.70221844E-04    4.31314818E+01   -4.13889877E+03
   3.75790368E-04    4.31085561E+01   -4.09506745E+03
   3.81442649E-04    4.30855318E+01   -4.05188525E+03
   3.87179946E-04    4.30624077E+01   -4.00934241E+03
   3.93003537E-04    4.30391823E+01   -3.96742935E+03
   3.98914722E-04    4.30158536E+01   -3.92613658E+03
   4.04914817E-04    4.29924193E+01   -3.88545475E+03
   4.11005160E-04    4.29688775E+01   -3.84537467E+03
   4.17187107E-04    4.29452274E+01   -3.80588730E+03
   4.23462038E-04    4.29214678E+01   -3.76698372E+03
   4.29831351E-04    4.28975975E+01   -3.72865514E+03
   4.36296464E-04    4.28736147E+01   -3.69089288E+03
   4.42858820E-04    4.28495174E+01   -3.65368837E+03
   4.49519880E-04    4.28253030E+01   -3.61703317E+03
   4.56281130E-04    4.28009694E+01   -3.58091895E+03
   4.63144075E-04    4.27765155E+01   -3.54533755E+03
   4.70110247E-04    4.27519402E+01   -3.51028094E+03
   4.77181197E-04    4.27272419E+01   -3.47574118E+03
   4.84358502E-04    4.27024188E+01   -3.44171044E+03
   4.91643761E-04    4.26774687E+01   -3.40818097E+03
   4.99038598E-04    4.26523892E+01   -3.37514514E+03
   5.06544661E-04    4.26271774E+01   -3.34259543E+03
   5.14163623E-04    4.26018321E+01   -3.31052447E+03
   5.21897182E-04    4.25763520E+01   -3.27892502E+03
   5.29747062E-04    4.25507354E+01   -3.24778992E+03
   5.37715012E-04    4.25249805E+01   -3.21711211E+03
   5.45802809E-04    4.24990850E+01   -3.18688460E+03
   5.54012255E-04    4.24730461E+01   -3.15710049E+03
   5.62345179E-04    4.24468610E+01   -3.12775300E+03
   5.70803439E-04    4.24205276E+01   -3.09883546E+03
   5.79388920E-04    4.23940446E+01   -3.07034134E+03
   5.88103536E-04    4.23674103E+01   -3.04226419E+03
   5.96949229E-04    4.23406226E+01   -3.01459764E+03
   6.05927970E-04    4.23136791E+01   -2.98733540E+03
   6.15041761E-04    4.22865772E+01   -2.96047126E+03
   6.24292633E-04    4.22593137E+01   -2.93399907E+03
   6.33682648E-04    4.22318858E+01   -2.90791280E+03
   6.43213898E-04    4.22042917E+01   -2.88220656E+03
   6.52888509E-04    4.21765299E+01   -2.85687455E+03
   6.62708636E-04    4.21485981E+01   -2.83191102E+03
   6.72676467E-04    4.21204939E+01   -2.80731032E+03
   6.82794225E-04    4.20922146E+01   -2.78306683E+03
   6.93064165E-04    4.20637568E+01   -2.75917502E+03
   7.03488576E-04    4.20351172E+01   -2.73562943E+03
   7.14069781E-04    4.20062933E+01   -2.71242471E+03
   7.24810138E-04    4.19772833E+01   -2.68955565E+03
   7.35712041E-04    4.19480850E+01   -2.66701709E+03
   7.46777920E-04    4.19186958E+01   -2.64480390E+03
   7.58010242E-04    4.18891130E+01   -2.62291106E+03
   7.69411509E-04    4.18593332E+01   -2.60133358E+03
   7.80984264E-04    4.18293528E+01   -2.58006651E+03
   7.92731085E-04    4.17991683E+01   -2.55910501E+03
   8.04654590E-04    4.17687774E+01   -2.53844436E+03
   8.16757438E-04    4.17381779E+01   -2.51807991E+03
   8.29042324E-04    4.17073672E+01   -2.49800707E+03
   8.41511989E-04    4.16763424E+01   -2.47822130E+03
   8.54169210E-04    4.16451001E+01   -2.45871811E+03
   8.67016809E-04    4.16136367E+01   -2.43949305E+03
   8.80057650E-04    4.15819481E+01   -2.42054172E+03
   8.93294638E-04    4.15500308E+01   -2.40185983E+03
   9.06730725E-04    4.15178824E+01   -2.38344320E+03
   9.20368904E-04    4.14855001E+01   -2.36528768E+03
   9.34212216E-04    4.14528811E+01   -2.34738919E+03
   9.48263745E-04    4.14200220E+01   -2.32974370E+03
   9.62526625E-04    4.13869189E+01   -2.31234718E+03
   9.77004033E-04    4.13535679E+01   -2.29519570E+03
   9.91699196E-04    4.13199644E+01   -2.27828532E+03
   1.00661539E-03    4.12861049E+01   -2.26161225E+03
   1.02175594E-03    4.12519868E+01   -2.24517276E+03
   1.03712422E-03    4.12176068E+01   -2.22896317E+03
   1.05272365E-03    4.11829616E+01   -2.21297985E+03
   1.06855772E-03    4.11480473E+01   -2.19721919E+03
   1.08462995E-03    4.11128599E+01   -2.18167762E+03
   1.10094391E-03    4.10773946E+01   -2.16635161E+03
   1.11750326E-03    4.10416466E+01   -2.15123768E+03
   1.13431168E-03    4.10056124E+01   -2.13633244E+03
   1.15137292E-03    4.09692888E+01   -2.12163259E+03
   1.16869077E-03    4.09326722E+01   -2.10713484E+03
   1.18626910E-03    4.08957587E+01   -2.09283596E+03
   1.20411183E-03    4.08585441E+01   -2.07873273E+03
   1.22222294E-03    4.08210239E+01   -2.06482197E+03
   1.24060645E-03    4.07831928E+01   -2.05110053E+03
   1.25926647E-03    4.07450457E+01   -2.03756529E+03
   1.27820715E-03    4.07065787E+01   -2.02421325E+03
   1.29743273E-03    4.06677881E+01   -2.01104147E+03
   1.31694747E-03    4.06286699E+01   -1.99804701E+03
   1.33675574E-03    4.05892198E+01   -1.98522698E+03
   1.35686195E-03    4.05494331E+01   -1.97257853E+03
   1.37727057E-03    4.05093048E+01   -1.96009881E+03
   1.39798616E-03    4.04688292E+01   -1.94778501E+03
   1.41901334E-03    4.04280008E+01   -1.93563433E+03
   1.44035679E-03    4.03868150E+01   -1.92364411E+03
   1.46202126E-03    4.03452678E+01   -1.91181170E+03
   1.48401159E-03    4.03033548E+01   -1.90013450E+03
   1.50633268E-03    4.02610712E+01   -1.88860993E+03
   1.52898950E-03    4.02184117E+01   -1.87723543E+03
   1.55198710E-03    4.01753708E+01   -1.86600846E+03
   1.57533061E-03    4.01319425E+01   -1.85492650E+03
   1.59902523E-03    4.00881206E+01   -1.84398705E+03
   1.62307625E-03    4.00439001E+01   -1.83318772E+03
   1.64748901E-03    3.99992764E+01   -1.82252615E+03
   1.67226897E-03    3.99542446E+01   -1.81200002E+03
   1.69742165E-03    3.99087994E+01   -1.80160701E+03
   1.72295265E-03    3.98629351E+01   -1.79134484E+03
   1.74886766E-03    3.98166457E+01   -1.78121122E+03
   1.77517246E-03    3.97699245E+01   -1.77120390E+03
   1.80187291E-03    3.97227648E+01   -1.76132065E+03
   1.82897497E-03    3.96751611E+01   -1.75155930E+03
   1.85648466E-03    3.96271082E+01   -1.74191775E+03
   1.88440814E-03    3.95786006E+01   -1.73239392E+03
   1.91275161E-03    3.95296326E+01   -1.72298573E+03
   1.94152139E-03    3.94801978E+01   -1.71369113E+03
   1.97072391E-03    3.94302898E+01   -1.70450808E+03
   2.00036566E-03    3.93799013E+01   -1.69543454E+03
   2.03045325E-03    3.93290251E+01   -1.68646851E+03
   2.06099339E-03    3.92776549E+01   -1.67760803E+03
   2.09199289E-03    3.92257849E+01   -1.66885123E+03
   2.12345866E-03    3.91734092E+01   -1.66019622E+03
   2.15539770E-03    3.91205213E+01   -1.65164116E+03
   2.18781714E-03    3.90671145E+01   -1.64318418E+03
   2.22072420E-03    3.90131817E+01   -1.63482345E+03
   2.25412621E-03    3.89587151E+01   -1.62655714E+03
   2.28803063E-03    3.89037068E+01   -1.61838343E+03
   2.32244501E-03    3.88481498E+01   -1.61030057E+03
   2.35737701E-03    3.87920377E+01   -1.60230685E+03
   2.39283443E-03    3.87353639E+01   -1.59440059E+03
   2.42882516E-03    3.86781214E+01   -1.58658011E+03
   2.46535724E-03    3.86203030E+01   -1.57884374E+03
   2.50243879E-03    3.85619008E+01   -1.57118983E+03
   2.54007809E-03    3.85029067E+01   -1.56361672E+03
   2.57828352E-03    3.84433121E+01   -1.55612275E+03
   2.61706361E-03    3.83831089E+01   -1.54870634E+03
   2.65642698E-03    3.83222904E+01   -1.54136596E+03
   2.69638242E-03    3.82608492E+01   -1.53410006E+03
   2.73693884E-03    3.81987778E+01   -1.52690714E+03
   2.77810526E-03    3.81360683E+01   -1.51978569E+03
   2.81989088E-03    3.80727123E+01   -1.51273421E+03
   2.86230499E-03    3.80087010E+01   -1.50575118E+03
   2.90535705E-03    3.79440252E+01   -1.49883512E+03
   2.94905666E-03    3.78786761E+01   -1.49198457E+03
   2.99341356E-03    3.78126461E+01   -1.48519814E+03
   3.03843763E-03    3.77459274E+01   -1.47847443E+03
   3.08413892E-03    3.76785117E+01   -1.47181208E+03
   3.13052759E-03    3.76103906E+01   -1.46520971E+03
   3.17761401E-03    3.75415550E+01   -1.45866595E+03
   3.22540865E-03    3.74719955E+01   -1.45217944E+03
   3.27392217E-03    3.74017023E+01   -1.44574881E+03
   3.32316539E-03    3.73306658E+01   -1.43937272E+03
   3.37314927E-03    3.72588777E+01   -1.43304991E+03
   3.42388497E-03    3.71863295E+01   -1.42677910E+03
   3.47538378E-03    3.71130124E+01   -1.42055906E+03
   3.52765719E-03    3.70389173E+01   -1.41438851E+03
   3.58071685E-03    3.69640345E+01   -1.40826622E+03
   3.63457458E-03    3.68883540E+01   -1.40219093E+03
   3.68924239E-03    3.68118654E+01   -1.39616139E+03
   3.74473246E-03    3.67345583E+01   -1.39017637E+03
   3.80105715E-03    3.66564237E+01   -1.38423471E+03
   3.85822903E-03    3.65774525E+01   -1.37833525E+03
   3.91626083E-03    3.64976353E+01   -1.37247685E+03
   3.97516550E-03    3.64169624E+01   -1.36665834E+03
   4.03495615E-03    3.63354235E+01   -1.36087859E+03
   4.09564611E-03    3.62530081E+01   -1.35513645E+03
   4.15724892E-03    3.61697050E+01   -1.34943076E+03
   4.21977829E-03    3.60855032E+01   -1.34376039E+03
   4.28324818E-03    3.60003931E+01   -1.33812426E+03
   4.34767271E-03    3.59143649E+01   -1.33252131E+03
   4.41306626E-03    3.58274087E+01   -1.32695049E+03
   4.47944340E-03    3.57395142E+01   -1.32141074E+03
   4.54681892E-03    3.56506708E+01   -1.31590100E+03
   4.61520783E-03    3.55608672E+01   -1.31042021E+03
   4.68462539E-03    3.54700920E+01   -1.30496731E+03
   4.75508706E-03    3.53783333E+01   -1.29954124E+03
   4.82660855E-03    3.52855807E+01   -1.29414100E+03
   4.89920579E-03    3.51918240E+01   -1.28876562E+03
   4.97289498E-03    3.50970530E+01   -1.28341411E+03
   5.04769252E-03    3.50012567E+01   -1.27808552E+03
   5.12361510E-03    3.49044241E+01   -1.27277884E+03
   5.20067964E-03    3.48065437E+01   -1.26749312E+03
   5.27890330E-03    3.47076035E+01   -1.26222735E+03
   5.35830353E-03    3.46075913E+01   -1.25698057E+03
   5.43889803E-03    3.45064958E+01   -1.25175183E+03
   5.52070475E-03    3.44043065E+01   -1.24654022E+03
   5.60374193E-03    3.43010127E+01   -1.24134486E+03
   5.68802807E-03    3.41966034E+01   -1.23616482E+03
   5.77358197E-03    3.40910670E+01   -1.23099922E+03
   5.86042269E-03    3.39843919E+01   -1.22584713E+03
   5.94856958E-03    3.38765657E+01   -1.22070766E+03
   6.03804229E-03    3.37675761E+01   -1.21557987E+03
   6.12886077E-03    3.36574109E+01   -1.21046289E+03
   6.22104525E-03    3.35460597E+01   -1.20535589E+03
   6.31461628E-03    3.34335114E+01   -1.20025802E+03
   6.40959472E-03    3.33197547E+01   -1.19516845E+03
   6.50600174E-03    3.32047783E+01   -1.19008634E+03
   6.60385882E-03    3.30885702E+01   -1.18501085E+03
   6.70318776E-03    3.29711182E+01   -1.17994114E+03
   6.80401073E-03    3.28524097E+01   -1.17487634E+03
   6.90635017E-03    3.27324324E+01   -1.16981563E+03
   7.01022891E-03    3.26111754E+01   -1.16475824E+03
   7.11567009E-03    3.24886279E+01   -1.15970337E+03
   7.22269722E-03    3.23647787E+01   -1.15465028E+03
   7.33133414E-03    3.22396165E+01   -1.14959817E+03
   7.44160508E-03    3.21131296E+01   -1.14454626E+03
   7.55353461E-03    3.19853060E+01   -1.13949379E+03
   7.66714768E-03    3.18561333E+01   -1.13443994E+03
   7.78246961E-03    3.17255992E+01   -1.12938396E+03
   7.89952610E-03    3.15936929E+01   -1.12432510E+03
   8.01834324E-03    3.14604039E+01   -1.11926266E+03
   8.13894752E-03    3.13257215E+01   -1.11419593E+03
   8.26136581E-03    3.11896349E+01   -1.10912419E+03
   8.38562540E-03    3.10521327E+01   -1.10404672E+03
   8.51175398E-03    3.09132037E+01   -1.09896281E+03
   8.63977967E-03    3.07728360E+01   -1.09387173E+03
   8.76973100E-03    3.06310178E+01   -1.08877275E+03
   8.90163694E-03    3.04877386E+01   -1.08366520E+03
   9.03552688E-03    3.03429885E+01   -1.07854843E+03
   9.17143066E-03    3.01967578E+01   -1.07342179E+03
   9.30937858E-03    3.00490365E+01   -1.06828463E+03
   9.44940138E-03    2.98998143E+01   -1.06313630E+03
   9.59153027E-03    2.97490809E+01   -1.05797614E+03
   9.73579692E-03    2.95968255E+01   -1.05280350E+03
   9.88223350E-03    2.94430373E+01   -1.04761771E+03
   1.00308726E-02    2.92877064E+01   -1.04241814E+03
   1.01817475E-02    2.91308243E+01   -1.03720422E+03
   1.03348916E-02    2.89723825E+01   -1.03197535E+03
   1.04903392E-02    2.88123724E+01   -1.02673096E+03
   1.06481249E-02    2.86507853E+01   -1.02147048E+03
   1.08082838E-02    2.84876124E+01   -1.01619331E+03
   1.09708517E-02    2.83228448E+01   -1.01089887E+03
   1.11358648E-02    2.81564733E+01   -1.00558658E+03
   1.13033599E-02    2.79884892E+01   -1.00025586E+03
   1.14733742E-02    2.78188855E+01   -9.94906182E+02
   1.16459458E-02    2.76476558E+01   -9.89537052E+02
   1.18211130E-02    2.74747935E+01   -9.84147965E+02
   1.19989149E-02    2.73002921E+01   -9.78738420E+02
   1.21793912E-02    2.71241451E+01   -9.73307913E+02
   1.23625820E-02    2.69463459E+01   -9.67855942E+02
   1.25485282E-02    2.67668877E+01   -9.62382002E+02
   1.27372712E-02    2.65857642E+01   -9.56885592E+02
   1.29288530E-02    2.64029706E+01   -9.51366269E+02
   1.31233165E-02    2.62185032E+01   -9.45823613E+02
   1.33207049E-02    2.60323581E+01   -9.40257208E+02
   1.35210623E-02    2.58445318E+01   -9.34666641E+02
   1.37244332E-02    2.56550207E+01   -9.29051499E+02
   1.39308631E-02    2.54638214E+01   -9.23411371E+02
   1.41403978E-02    2.52709303E+01   -9.17745843E+02
   1.43530842E-02    2.50763441E+01   -9.12054510E+02
   1.45689696E-02    2.48800615E+01   -9.06337019E+02
   1.47881022E-02    2.46820823E+01   -9.00593050E+02
   1.50105307E-02    2.44824065E+01   -8.94822291E+02
   1.52363048E-02    2.42810343E+01   -8.89024430E+02
   1.54654748E-02    2.40779662E+01   -8.83199162E+02
   1.56980917E-02    2.38732027E+01   -8.77346184E+02
   1.59342075E-02    2.36667446E+01   -8.71465192E+02
   1.61738746E-02    2.34585927E+01   -8.65555889E+02
   1.64171466E-02    2.32487490E+01   -8.59618001E+02
   1.66640777E-02    2.30372179E+01   -8.53651327E+02
   1.69147229E-02    2.28240045E+01   -8.47655679E+02
   1.71691380E-02    2.26091142E+01   -8.41630877E+02
   1.74273798E-02    2.23925528E+01   -8.35576749E+02
   1.76895059E-02    2.21743263E+01   -8.29493125E+02
   1.79555745E-02    2.19544413E+01   -8.23379843E+02
   1.82256452E-02    2.17329044E+01   -8.17236746E+02
   1.84997780E-02    2.15097225E+01   -8.11063677E+02
   1.87780340E-02    2.12849038E+01   -8.04860516E+02
   1.90604753E-02    2.10584591E+01   -7.98627207E+02
   1.93471648E-02    2.08303999E+01   -7.92363707E+02
   1.96381664E-02    2.06007379E+01   -7.86069984E+02
   1.99335450E-02    2.03694856E+01   -7.79746014E+02
   2.02333664E-02    2.01366557E+01   -7.73391779E+02
   2.05376974E-02    1.99022614E+01   -7.67007269E+02
   2.08466058E-02    1.96663177E+01   -7.60592521E+02
   2.11601606E-02    1.94288415E+01   -7.54147612E+02
   2.14784316E-02    1.91898502E+01   -7.47672633E+02
   2.18014897E-02    1.89493617E+01   -7.41167684E+02
   2.21294069E-02    1.87073944E+01   -7.34632874E+02
   2.24622563E-02    1.84639675E+01   -7.28068319E+02
   2.28001122E-02    1.82191011E+01   -7.21474166E+02
   2.31430498E-02    1.79728179E+01   -7.14850620E+02
   2.34911454E-02    1.77251413E+01   -7.08197902E+02
   2.38444769E-02    1.74760955E+01   -7.01516243E+02
   2.42031228E-02    1.72257052E+01   -6.94805885E+02
   2.45671631E-02    1.69739963E+01   -6.88067099E+02
   2.49366789E-02    1.67209969E+01   -6.81300203E+02
   2.53117527E-02    1.64667358E+01   -6.74505533E+02
   2.56924679E-02    1.62112426E+01   -6.67683432E+02
   2.60789095E-02    1.59545477E+01   -6.60834263E+02
   2.64711636E-02    1.56966835E+01   -6.53958435E+02
   2.68693177E-02    1.54376839E+01   -6.47056390E+02
   2.72734603E-02    1.51775837E+01   -6.40128582E+02
   2.76836817E-02    1.49164181E+01   -6.33175475E+02
   2.81000733E-02    1.46542244E+01   -6.26197580E+02
   2.85227278E-02    1.43910418E+01   -6.19195444E+02
   2.89517395E-02    1.41269100E+01   -6.12169629E+02
   2.93872039E-02    1.38618695E+01   -6.05120707E+02
   2.98292183E-02    1.35959630E+01   -5.98049298E+02
   3.02778809E-02    1.33292350E+01   -5.90956061E+02
   3.07332919E-02    1.30617307E+01   -5.83841672E+02
   3.11955528E-02    1.27934961E+01   -5.76706812E+02
   3.16647666E-02    1.25245789E+01   -5.69552210E+02
   3.21410378E-02    1.22550293E+01   -5.62378639E+02
   3.26244727E-02    1.19848982E+01   -5.55186888E+02
   3.31151789E-02    1.17142370E+01   -5.47977756E+02
   3.36132659E-02    1.14430994E+01   -5.40752089E+02
   3.41188446E-02    1.11715412E+01   -5.33510778E+02
   3.46320277E-02    1.08996186E+01   -5.26254722E+02
   3.51529297E-02    1.06273889E+01   -5.18984837E+02
   3.56816665E-02    1.03549119E+01   -5.11702096E+02
   3.62183562E-02    1.00822488E+01   -5.04407499E+02
   3.67631181E-02    9.80946113E+00   -4.97102055E+02
   3.73160739E-02    9.53661243E+00   -4.89786808E+02
   3.78773467E-02    9.26376852E+00   -4.82462857E+02
   3.84470617E-02    8.99099588E+00   -4.75131311E+02
   3.90253457E-02    8.71836165E+00   -4.67793289E+02
   3.96123278E-02    8.44593555E+00   -4.60449967E+02
   4.02081387E-02    8.17378877E+00   -4.53102555E+02
   4.08129112E-02    7.90199284E+00   -4.45752263E+02
   4.14267801E-02    7.63062129E+00   -4.38400345E+02
   4.20498822E-02    7.35974959E+00   -4.31048100E+02
   4.26823565E-02    7.08945345E+00   -4.23696827E+02
   4.33243438E-02    6.81981024E+00   -4.16347860E+02
   4.39759873E-02    6.55089947E+00   -4.09002583E+02
   4.46374322E-02    6.28280079E+00   -4.01662378E+02
   4.53088259E-02    6.01559545E+00   -3.94328663E+02
   4.59903181E-02    5.74936666E+00   -3.87002901E+02
   4.66820606E-02    5.48419762E+00   -3.79686549E+02
   4.73842076E-02    5.22017347E+00   -3.72381112E+02
   4.80969157E-02    4.95738082E+00   -3.65088127E+02
   4.88203437E-02    4.69590610E+00   -3.57809121E+02
   4.95546528E-02    4.43583796E+00   -3.50545679E+02
   5.03000066E-02    4.17726599E+00   -3.43299402E+02
   5.10565714E-02    3.92027969E+00   -3.36071892E+02
   5.18245157E-02    3.66497084E+00   -3.28864803E+02
   5.26040106E-02    3.41143114E+00   -3.21679788E+02
   5.33952300E-02    3.15975318E+00   -3.14518521E+02
   5.41983502E-02    2.91003162E+00   -3.07382726E+02
   5.50135501E-02    2.66236004E+00   -3.00274106E+02
   5.58410115E-02    2.41683300E+00   -2.93194384E+02
   5.66809188E-02    2.17354700E+00   -2.86145336E+02
   5.75334591E-02    1.93259709E+00   -2.79128704E+02
   5.83988226E-02    1.69407953E+00   -2.72146263E+02
   5.92772020E-02    1.45809307E+00   -2.65199850E+02
   6.01687932E-02    1.22473459E+00   -2.58291263E+02
   6.10737948E-02    9.94099189E-01   -2.51422265E+02
   6.19924086E-02    7.66285516E-01   -2.44594705E+02
   6.29248393E-02    5.41392691E-01   -2.37810451E+02
   6.38712948E-02    3.19516951E-01   -2.31071309E+02
   6.48319859E-02    1.00754473E-01   -2.24379094E+02
   6.58071269E-02   -1.14795448E-01   -2.17735699E+02
   6.67969349E-02   -3.27036181E-01   -2.11142964E+02
   6.78016308E-02   -5.35873755E-01   -2.04602681E+02
   6.88214383E-02   -7.41210159E-01   -1.98116739E+02
   6.98565847E-02   -9.42948041E-01   -1.91687025E+02
   7.09073009E-02   -1.14099440E+00   -1.85315340E+02
   7.19738209E-02   -1.33525838E+00   -1.79003446E+02
   7.30563826E-02   -1.52564415E+00   -1.72753231E+02
   7.41552270E-02   -1.71205849E+00   -1.66566536E+02
   7.52705993E-02   -1.89441339E+00   -1.60445101E+02
   7.64027479E-02   -2.07262048E+00   -1.54390688E+02
   7.75519252E-02   -2.24658821E+00   -1.48405144E+02
   7.87183873E-02   -2.41623030E+00   -1.42490215E+02
   7.99023943E-02   -2.58146520E+00   -1.36647561E+02
   8.11042099E-02   -2.74220798E+00   -1.30878932E+02
   8.23241022E-02   -2.89837700E+00   -1.25186023E+02
   8.35623428E-02   -3.04989509E+00   -1.19570451E+02
   8.48192080E-02   -3.19668252E+00   -1.14033908E+02
   8.60949776E-02   -3.33866500E+00   -1.08577988E+02
   8.73899362E-02   -3.47577239E+00   -1.03204214E+02
   8.87043724E-02   -3.60793281E+00   -9.79141680E+01
   9.00385790E-02   -3.73508053E+00   -9.27093241E+01
   9.13928535E-02   -3.85715011E+00   -8.75911699E+01
   9.27674977E-02   -3.97408070E+00   -8.25611189E+01
   9.41628179E-02   -4.08581436E+00   -7.76205464E+01
   9.55791253E-02   -4.19229467E+00   -7.27708188E+01
   9.70167354E-02   -4.29347178E+00   -6.80131891E+01
   9.84759687E-02   -4.38929547E+00   -6.33489425E+01
   9.99571503E-02   -4.47972287E+00   -5.87792355E+01
   1.01460610E-01   -4.56471137E+00   -5.43052453E+01
   1.02986684E-01   -4.64422406E+00   -4.99280564E+01
   1.04535712E-01   -4.71822867E+00   -4.56486830E+01
   1.06108038E-01   -4.78669582E+00   -4.14681070E+01
   1.07704014E-01   -4.84960038E+00   -3.73872494E+01
   1.09323995E-01   -4.90692071E+00   -3.34069867E+01
   1.10968343E-01   -4.95864297E+00   -2.95280627E+01
   1.12637423E-01   -5.00475313E+00   -2.57512534E+01
   1.14331608E-01   -5.04524627E+00   -2.20771757E+01
   1.16051275E-01   -5.08011859E+00   -1.85064528E+01
   1.17796807E-01   -5.10937378E+00   -1.50395832E+01
   1.19568595E-01   -5.13301917E+00   -1.16770197E+01
   1.21367031E-01   -5.15106685E+00   -8.41914718E+00
   1.23192519E-01   -5.16353508E+00   -5.26625432E+00
   1.25045463E-01   -5.17044616E+00   -2.21857579E+00
   1.26926278E-01   -5.17182850E+00    7.23747997E-01
   1.28835382E-01   -5.16771537E+00    3.56064634E+00
   1.30773201E-01   -5.15814529E+00    6.29212627E+00
   1.32740167E-01   -5.14316244E+00    8.91827991E+00
   1.34736718E-01   -5.12281625E+00    1.14392776E+01
   1.36763299E-01   -5.09716166E+00    1.38553716E+01
   1.38820362E-01   -5.06625900E+00    1.61668952E+01
   1.40908366E-01   -5.03017416E+00    1.83742655E+01
   1.43027775E-01   -4.98897845E+00    2.04779810E+01
   1.45179063E-01   -4.94274863E+00    2.24786225E+01
   1.47362708E-01   -4.89156714E+00    2.43768576E+01
   1.49579197E-01   -4.83552133E+00    2.61734262E+01
   1.51829025E-01   -4.77470466E+00    2.78691649E+01
   1.54112692E-01   -4.70921508E+00    2.94649747E+01
   1.56430709E-01   -4.63915683E+00    3.09618571E+01
   1.58783590E-01   -4.56463797E+00    3.23608662E+01
   1.61171862E-01   -4.48577323E+00    3.36631660E+01
   1.63596055E-01   -4.40268232E+00    3.48699966E+01
   1.66056711E-01   -4.31548740E+00    3.59826255E+01
   1.68554378E-01   -4.22431853E+00    3.70024564E+01
   1.71089612E-01   -4.12930976E+00    3.79309523E+01
   1.73662979E-01   -4.03059852E+00    3.87696248E+01
   1.76275052E-01   -3.92832813E+00    3.95200842E+01
   1.78926413E-01   -3.82264458E+00    4.01839772E+01
   1.81617654E-01   -3.71369993E+00    4.07630556E+01
   1.84349373E-01   -3.60164907E+00    4.12591128E+01
   1.87122181E-01   -3.48665005E+00    4.16739923E+01
   1.89936695E-01   -3.36886627E+00    4.20096326E+01
   1.92793541E-01   -3.24846293E+00    4.22679975E+01
   1.95693358E-01   -3.12560930E+00    4.24511233E+01
   1.98636791E-01   -3.00047806E+00    4.25611079E+01
   2.01624496E-01   -2.87324164E+00    4.26000386E+01
   2.04657140E-01   -2.74407952E+00    4.25701410E+01
   2.07735397E-01   -2.61316961E+00    4.24736072E+01
   2.10859955E-01   -2.48069479E+00    4.23127302E+01
   2.14031510E-01   -2.34683509E+00    4.20897486E+01
   2.17250768E-01   -2.21177919E+00    4.18070804E+01
   2.20518447E-01   -2.07570811E+00    4.14669954E+01
   2.23835275E-01   -1.93881080E+00    4.10719350E+01
   2.27201992E-01   -1.80127420E+00    4.06243115E+01
   2.30619347E-01   -1.66328565E+00    4.01265616E+01
   2.34088104E-01   -1.52503402E+00    3.95811696E+01
   2.37609034E-01   -1.38669938E+00    3.89904580E+01
   2.41182923E-01   -1.24847284E+00    3.83570036E+01
   2.44810566E-01   -1.11054110E+00    3.76833169E+01
   2.48492773E-01   -9.73084817E-01    3.69718114E+01
   2.52230365E-01   -8.36288755E-01    3.62250211E+01
   2.56024174E-01   -7.00329680E-01    3.54453442E+01
   2.59875045E-01   -5.65389063E-01    3.46353219E+01
   2.63783838E-01   -4.31639470E-01    3.37973432E+01
   2.67751423E-01   -2.99254894E-01    3.29338783E+01
   2.71778685E-01   -1.68403660E-01    3.20473215E+01
   2.75866521E-01   -3.92524432E-02    3.11400882E+01
   2.80015842E-01    8.80380083E-02    3.02145146E+01
   2.84227573E-01    2.13312121E-01    2.92728833E+01
   2.88502654E-01    3.36413343E-01    2.83175712E+01
   2.92842036E-01    4.57194891E-01    2.73507954E+01
   2.97246686E-01    5.75513753E-01    2.63747616E+01
   3.01717588E-01    6.91231517E-01    2.53916479E+01
   3.06255736E-01    8.04216602E-01    2.44035473E+01
   3.10862143E-01    9.14341932E-01    2.34125385E+01
   3.15537835E-01    1.02148694E+00    2.24206316E+01
   3.20283854E-01    1.12553776E+00    2.14297658E+01
   3.25101259E-01    1.22638651E+00    2.04418340E+01
   3.29991122E-01    1.32393220E+00    1.94586593E+01
   3.34954534E-01    1.41808068E+00    1.84819992E+01
   3.39992601E-01    1.50874479E+00    1.75135449E+01
   3.45106445E-01    1.59584457E+00    1.65549152E+01
   3.50297208E-01    1.67930735E+00    1.56076588E+01
   3.55566044E-01    1.75906786E+00    1.46732516E+01
   3.60914130E-01    1.83506835E+00    1.37530937E+01
   3.66342656E-01    1.90725866E+00    1.28485104E+01
   3.71852833E-01    1.97559628E+00    1.19607498E+01
   3.77445889E-01    2.04004639E+00    1.10909830E+01
   3.83123070E-01    2.10058190E+00    1.02403030E+01
   3.88885643E-01    2.15718341E+00    9.40972479E+00
   3.94734890E-01    2.20983925E+00    8.60018348E+00
   4.00672116E-01    2.25854542E+00    7.81253731E+00
   4.06698644E-01    2.30330552E+00    7.04756411E+00
   4.12815817E-01    2.34413072E+00    6.30596443E+00
   4.19024999E-01    2.38103963E+00    5.58836017E+00
   4.25327574E-01    2.41405819E+00    4.89529579E+00
   4.31724946E-01    2.44321955E+00    4.22723895E+00
   4.38218541E-01    2.46856392E+00    3.58458128E+00
   4.44809806E-01    2.49013838E+00    2.96763951E+00
   4.51500212E-01    2.50799667E+00    2.37665654E+00
   4.58291247E-01    2.52219907E+00    1.81180296E+00
   4.65184428E-01    2.53281203E+00    1.27317842E+00
   4.72181288E-01    2.53990804E+00    7.60813531E-01
   4.79283389E-01    2.54356531E+00    2.74671608E-01
   4.86492313E-01    2.54386749E+00   -1.85349181E-01
   4.93809667E-01    2.54090341E+00   -6.19413626E-01
   5.01237081E-01    2.53476672E+00   -1.02774706E+00
   5.08776212E-01    2.52555561E+00   -1.41063287E+00
   5.16428738E-01    2.51337246E+00   -1.76840975E+00
   5.24196367E-01    2.49832352E+00   -2.10146910E+00
   5.32080829E-01    2.48051841E+00   -2.41025117E+00
   5.40083882E-01    2.46007011E+00   -2.69524388E+00
   5.48207309E-01    2.43709421E+00   -2.95697775E+00
   5.56452921E-01    2.41170874E+00   -3.19602360E+00
   5.64822555E-01    2.38403380E+00   -3.41298928E+00
   5.73318078E-01    2.35419110E+00   -3.60851584E+00
   5.81941382E-01    2.32230372E+00   -3.78327495E+00
   5.90694389E-01    2.28849563E+00   -3.93796475E+00
   5.99579051E-01    2.25289135E+00   -4.07330682E+00
   6.08597348E-01    2.21561568E+00   -4.19004289E+00
   6.17751289E-01    2.17679322E+00   -4.28893136E+00
   6.27042915E-01    2.13654812E+00   -4.37074386E+00
   6.36474297E-01    2.09500373E+00   -4.43626268E+00
   6.46047537E-01    2.05228228E+00   -4.48627695E+00
   6.55764768E-01    2.00850455E+00   -4.52157981E+00
   6.65628157E-01    1.96378961E+00   -4.54296590E+00
   6.75639901E-01    1.91825451E+00   -4.55122783E+00
   6.85802233E-01    1.87201406E+00   -4.54715430E+00
   6.96117416E-01    1.82518053E+00   -4.53152687E+00
   7.06587751E-01    1.77786345E+00   -4.50511797E+00
   7.17215570E-01    1.73016939E+00   -4.46868865E+00
   7.28003243E-01    1.68220176E+00   -4.42298634E+00
   7.38953174E-01    1.63406062E+00   -4.36874303E+00
   7.50067803E-01    1.58584254E+00   -4.30667351E+00
   7.61349608E-01    1.53764043E+00   -4.23747373E+00
   7.72801104E-01    1.48954344E+00   -4.16181955E+00
   7.84424841E-01    1.44163681E+00   -4.08036492E+00
   7.96223412E-01    1.39400184E+00   -3.99374185E+00
   8.08199446E-01    1.34671577E+00   -3.90255834E+00
   8.20355611E-01    1.29985171E+00   -3.80739822E+00
   8.32694618E-01    1.25347866E+00   -3.70882043E+00
   8.45219217E-01    1.20766139E+00   -3.60735803E+00
   8.57932199E-01    1.16246052E+00   -3.50352143E+00
   8.70836397E-01    1.11793257E+00   -3.39778720E+00
   8.83934689E-01    1.07412962E+00   -3.29061229E+00
   8.97229992E-01    1.03110001E+00   -3.18242730E+00
   9.10725270E-01    9.88887723E-01   -3.07363479E+00
   9.24423531E-01    9.47532786E-01   -2.96461234E+00
   9.38327829E-01    9.07071244E-01   -2.85571172E+00
   9.52441262E-01    8.67535277E-01   -2.74725999E+00
   9.66766976E-01    8.28953248E-01   -2.63955941E+00
   9.81308163E-01    7.91349821E-01   -2.53288832E+00
   9.96068065E-01    7.54746048E-01   -2.42750144E+00
   1.01104997E+00    7.19159503E-01   -2.32363103E+00
   1.02625722E+00    6.84604374E-01   -2.22148712E+00
   1.04169320E+00    6.51091602E-01   -2.12125850E+00
   1.05736136E+00    6.18629003E-01   -2.02311355E+00
   1.07326518E+00    5.87221400E-01   -1.92720094E+00
   1.08940821E+00    5.56870765E-01   -1.83365053E+00
   1.10579405E+00    5.27576345E-01   -1.74257427E+00
   1.12242635E+00    4.99334815E-01   -1.65406707E+00
   1.13930882E+00    4.72140421E-01   -1.56820756E+00
   1.15644522E+00    4.45985108E-01   -1.48505917E+00
   1.17383937E+00    4.20858659E-01   -1.40467094E+00
   1.19149514E+00    3.96748951E-01   -1.32707812E+00
   1.20941647E+00    3.73641856E-01   -1.25230369E+00
   1.22760736E+00    3.51521629E-01   -1.18035858E+00
   1.24607186E+00    3.30370926E-01   -1.11124279E+00
   1.26481409E+00    3.10170976E-01   -1.04494624E+00
   1.28383822E+00    2.90901688E-01   -9.81449501E-01
   1.30314849E+00    2.72541836E-01   -9.20724625E-01
   1.32274920E+00    2.55069127E-01   -8.62735870E-01
   1.34264474E+00    2.38460403E-01   -8.07440513E-01
   1.36283952E+00    2.22691683E-01   -7.54789462E-01
   1.38333805E+00    2.07738351E-01   -7.04728034E-01
   1.40414490E+00    1.93575231E-01   -6.57196558E-01
   1.42526471E+00    1.80176715E-01   -6.12131025E-01
   1.44670219E+00    1.67516875E-01   -5.69463716E-01
   1.46846210E+00    1.55569537E-01   -5.29123696E-01
   1.49054931E+00    1.44308407E-01   -4.91037435E-01
   1.51296873E+00    1.33707152E-01   -4.55129288E-01
   1.53572537E+00    1.23739474E-01   -4.21321937E-01
   1.55882428E+00    1.14379228E-01   -3.89536955E-01
   1.58227063E+00    1.05600432E-01   -3.59695035E-01
   1.60606964E+00    9.73774284E-02   -3.31716647E-01
   1.63022661E+00    8.96848475E-02   -3.05522089E-01
   1.65474692E+00    8.24977489E-02   -2.81032077E-01
   1.67963605E+00    7.57916417E-02   -2.58167942E-01
   1.70489953E+00    6.95425211E-02   -2.36851862E-01
   1.73054301E+00    6.37269606E-02   -2.17007272E-01
   1.75657218E+00    5.83220805E-02   -1.98558856E-01
   1.78299287E+00    5.33056558E-02   -1.81432988E-01
   1.80981095E+00    4.86560839E-02   -1.65557705E-01
   1.83703240E+00    4.43524703E-02   -1.50863055E-01
   1.86466329E+00    4.03745814E-02   -1.37281011E-01
   1.89270978E+00    3.67029266E-02   -1.24745791E-01
   1.92117811E+00    3.33187227E-02   -1.13193791E-01
   1.95007464E+00    3.02039307E-02   -1.02563753E-01
   1.97940581E+00    2.73412499E-02   -9.27967781E-02
   2.00917814E+00    2.47141245E-02   -8.38363845E-02
   2.03939829E+00    2.23067352E-02   -7.56285038E-02
   2.07007297E+00    2.01040066E-02   -6.81215323E-02
   2.10120904E+00    1.80915871E-02   -6.12662818E-02
   2.13281342E+00    1.62558517E-02   -5.50160067E-02
   2.16489317E+00    1.45838811E-02   -4.93263463E-02
   2.19745543E+00    1.30634569E-02   -4.41553208E-02
   2.23050746E+00    1.16830347E-02   -3.94632497E-02
   2.26405662E+00    1.04317377E-02   -3.52127361E-02
   2.29811041E+00    9.29933283E-03   -3.13685925E-02
   2.33267639E+00    8.27620871E-03   -2.78977689E-02
   2.36776229E+00    7.35336877E-03   -2.47693337E-02
   2.40337591E+00    6.52238374E-03   -2.19543123E-02
   2.43952520E+00    5.77539085E-03   -1.94256866E-02
   2.47621821E+00    5.10506939E-03   -1.71583119E-02
   2.51346313E+00    4.50459870E-03   -1.51287728E-02
   2.55126824E+00    3.96766729E-03   -1.33154144E-02
   2.58964199E+00    3.48840933E-03   -1.16981238E-02
   2.62859291E+00    3.06141331E-03   -1.02583593E-02
   2.66812970E+00    2.68168631E-03   -8.97902613E-03
   2.70826117E+00    2.34462781E-03   -7.84438577E-03
   2.74899625E+00    2.04601321E-03   -6.83999804E-03
   2.79034403E+00    1.78196572E-03   -5.95262347E-03
   2.83231373E+00    1.54894444E-03   -5.17018072E-03
   2.87491469E+00    1.34370739E-03   -4.48161896E-03
   2.91815642E+00    1.16330694E-03   -3.87690048E-03
   2.96204855E+00    1.00505929E-03   -3.34689523E-03
   3.00660086E+00    8.66531875E-04   -2.88333626E-03
   3.05182328E+00    7.45520654E-04   -2.47874104E-03
   3.09772590E+00    6.40035322E-04   -2.12635979E-03
   3.14431894E+00    5.48281773E-04   -1.82011459E-03
   3.19161279E+00    4.68646791E-04   -1.55454622E-03
   3.23961798E+00    3.99684027E-04   -1.32476545E-03
   3.28834523E+00    3.40095866E-04   -1.12639061E-03
   3.33780538E+00    2.88726731E-04   -9.55523931E-04
   3.38800947E+00    2.44544136E-04   -8.08686639E-04
   3.43896868E+00    2.06632920E-04   -6.82798675E-04
   3.49069437E+00    1.74179121E-04   -5.75123558E-04
   3.54319807E+00    1.46465270E-04   -4.83251886E-04
   3.59649148E+00    1.22856450E-04   -4.05053783E-04
   3.65058647E+00    1.02794557E-04   -3.38659114E-04
   3.70549511E+00    8.57899944E-05   -2.82429070E-04
   3.76122964E+00    7.14134412E-05   -2.34928157E-04
   3.81780247E+00    5.92903908E-05   -1.94905505E-04
   3.87522622E+00    4.90944309E-05   -1.61272040E-04
   3.93351368E+00    4.05422313E-05   -1.33083435E-04
   3.99267784E+00    3.33881727E-05   -1.09521906E-04
   4.05273189E+00    2.74201506E-05   -8.98819919E-05
   4.11368922E+00    2.24554355E-05   -7.35565599E-05
   4.17556342E+00    1.83370564E-05   -6.00245915E-05
   4.23836826E+00    1.49305280E-05   -4.88401544E-05
   4.30211776E+00    1.21210561E-05   -3.96229883E-05
   4.36682611E+00    9.81084819E-06   -3.20494714E-05
   4.43250775E+00    7.91687368E-06   -2.58451005E-05
   4.49917730E+00    6.36886982E-06   -2.07778077E-05
   4.56684964E+00    5.10754375E-06   -1.66519431E-05
   4.63553984E+00    4.08305045E-06   -1.33031870E-05
   4.70526321E+00    3.25355755E-06   -1.05937616E-05
   4.77603530E+00    2.58411883E-06   -8.40867443E-06
   4.84787187E+00    2.04562771E-06   -6.65223544E-06
   4.92078894E+00    1.61389723E-06   -5.24499862E-06
   4.99480275E+00    1.26895546E-06   -4.12142092E-06
   5.06992981E+00    9.94281145E-07   -3.22733002E-06
   5.14618687E+00    7.76326359E-07   -2.51834124E-06
   5.22359090E+00    6.03989913E-07   -1.95811622E-06
   5.30215918E+00    4.68210689E-07   -1.51701913E-06
   5.38190920E+00    3.61623048E-07   -1.17097918E-06
   5.46285875E+00    2.78259690E-07   -9.00511080E-07
   5.54502587E+00    2.13303634E-07   -6.89898186E-07
   5.62842886E+00    1.62885019E-07   -5.26524026E-07
   5.71308632E+00    1.23899228E-07   -4.00274730E-07
   5.79901712E+00    9.38722760E-08   -3.03097001E-07
   5.88624041E+00    7.08372779E-08   -2.28593058E-07
   5.97477563E+00    5.32372287E-08   -1.71702101E-07
   6.06464251E+00    3.98450120E-08   -1.28438501E-07
   6.15586108E+00    2.96967668E-08   -9.56739212E-08
   6.24845168E+00    2.20391803E-08   -7.09651302E-08
   6.34243493E+00    1.62856242E-08   -5.24108395E-08
   6.43783179E+00    1.19813718E-08   -3.85382794E-08
   6.53466352E+00    8.77559940E-09   -2.82119797E-08
   6.63295170E+00    6.39858903E-09   -2.05595622E-08
   6.73271824E+00    4.64411192E-09   -1.49144438E-08
   6.83398537E+00    3.35504066E-09   -1.07690828E-08
   6.93677566E+00    2.41237831E-09   -7.73935399E-09
   7.04111203E+00    1.72627424E-09   -5.53540257E-09
   7.14701773E+00    1.22931687E-09   -3.93989954E-09
   7.25451635E+00    8.71115341E-10   -2.79049080E-09
   7.36363188E+00    6.14200350E-10   -1.96652881E-09
   7.47438861E+00    4.30865438E-10   -1.37885614E-09
   7.58681124E+00    3.00696170E-10   -9.61820184E-10
   7.70092482E+00    2.08760172E-10   -6.67427404E-10
   7.81675479E+00    1.44163777E-10   -4.60685524E-10
   7.93432697E+00    9.90211516E-11   -3.16278801E-10
   8.05366755E+00    6.76428109E-11   -2.15952917E-10
   8.17480314E+00    4.59517942E-11   -1.46634728E-10
   8.29776074E+00    3.10413706E-11   -9.90088078E-11
   8.42256775E+00    2.08497623E-11   -6.64713150E-11
   8.54925198E+00    1.39229656E-11   -4.43676773E-11
   8.67784168E+00    9.24298801E-12   -2.94408783E-11
   8.80836550E+00    6.09957172E-12   -1.94197109E-11
   8.94085254E+00    4.00063880E-12   -1.27314921E-11
   9.07533232E+00    2.60802097E-12   -8.29601077E-12
   9.21183482E+00    1.68961350E-12   -5.37224105E-12
   9.35039046E+00    1.08762987E-12   -3.45669151E-12
   9.49103012E+00    6.95684071E-13   -2.21006318E-12
   9.63378515E+00    4.42086431E-13   -1.40383007E-12
   9.77868737E+00    2.79042555E-13   -8.85714852E-13
   9.92576906E+00    1.74977216E-13   -5.55166197E-13
   1.00750630E+01    1.08933862E-13   -3.45480419E-13
   1.02266025E+01    6.73943354E-14   -2.13651381E-13
   1.03804213E+01    4.13855372E-14   -1.31145553E-13
   1.05365537E+01    2.52286243E-14   -7.99139264E-14
   1.06950345E+01    1.52742956E-14   -4.83633741E-14
   1.08558990E+01    9.17834615E-15   -2.90500829E-14
   1.10191831E+01    5.47349610E-15   -1.73171587E-14
   1.11849232E+01    3.23506896E-15   -1.02311629E-14
   1.13531561E+01    1.90205386E-15   -6.01308415E-15
   1.15239195E+01    1.10477400E-15   -3.49124514E-15
   1.16972513E+01    6.33127399E-16   -1.99995886E-15
   1.18731902E+01    3.69132624E-16   -1.16565727E-15
   1.20517754E+01    2.10449326E-16   -6.64328548E-16
   1.22330467E+01    1.18386885E-16   -3.73570196E-16
   1.24170446E+01    6.51798523E-17   -2.05588640E-16
   1.26038099E+01    3.55139002E-17   -1.11969616E-16
   1.27933844E+01    2.02511365E-17   -6.38341865E-17
   1.29858103E+01    1.12417451E-17   -3.54278349E-17
   1.31811305E+01    5.99371662E-18   -1.88823547E-17
   1.33793885E+01    3.18957595E-18   -1.00434348E-17
   1.35806285E+01    1.59661293E-18   -5.02397990E-18
   1.37848954E+01    7.59616911E-19    0.00000000E+00
   1.39922346E+01    4.12668978E-19    0.00000000E+00
   1.42026925E+01    2.69962976E-19    0.00000000E+00
   1.44163158E+01    1.71333632E-19    0.00000000E+00
   1.46331523E+01    1.00654691E-19    0.00000000E+00
   1.48532502E+01    4.75156732E-20    0.00000000E+00
   1.50766587E+01    0.00000000E+00    0.00000000E+00
   1.53034274E+01    0.00000000E+00    0.00000000E+00
   1.55336070E+01    0.00000000E+00    0.00000000E+00
   1.57672487E+01    0.00000000E+00    0.00000000E+00
   1.60044046E+01    0.00000000E+00    0.00000000E+00
   1.62451276E+01    0.00000000E+00    0.00000000E+00
   1.64894713E+01    0.00000000E+00    0.00000000E+00
   1.67374902E+01    0.00000000E+00    0.00000000E+00
   1.69892396E+01    0.00000000E+00    0.00000000E+00
   1.72447756E+01    0.00000000E+00    0.00000000E+00
   1.75041550E+01    0.00000000E+00    0.00000000E+00
   1.77674359E+01    0.00000000E+00    0.00000000E+00
   1.80346767E+01    0.00000000E+00    0.00000000E+00
   1.83059371E+01    0.00000000E+00    0.00000000E+00
   1.85812776E+01    0.00000000E+00    0.00000000E+00
   1.88607594E+01    0.00000000E+00    0.00000000E+00
   1.91444450E+01    0.00000000E+00    0.00000000E+00
   1.94323975E+01    0.00000000E+00    0.00000000E+00
   1.97246811E+01    0.00000000E+00    0.00000000E+00
   2.00213610E+01    0.00000000E+00    0.00000000E+00
   2.03225032E+01    0.00000000E+00    0.00000000E+00
   2.06281749E+01    0.00000000E+00    0.00000000E+00
   2.09384442E+01    0.00000000E+00    0.00000000E+00
   2.12533804E+01    0.00000000E+00    0.00000000E+00
   2.15730535E+01    0.00000000E+00    0.00000000E+00
   2.18975348E+01    0.00000000E+00    0.00000000E+00
   2.22268966E+01    0.00000000E+00    0.00000000E+00
   2.25612124E+01    0.00000000E+00    0.00000000E+00
   2.29005567E+01    0.00000000E+00    0.00000000E+00
   2.32450050E+01    0.00000000E+00    0.00000000E+00
   2.35946342E+01    0.00000000E+00    0.00000000E+00
   2.39495222E+01    0.00000000E+00    0.00000000E+00
   2.43097481E+01    0.00000000E+00    0.00000000E+00
   2.46753922E+01    0.00000000E+00    0.00000000E+00
   2.50465359E+01    0.00000000E+00    0.00000000E+00
   2.54232620E+01    0.00000000E+00    0.00000000E+00
   2.58056545E+01    0.00000000E+00    0.00000000E+00
   2.61937985E+01    0.00000000E+00    0.00000000E+00
   2.65877807E+01    0.00000000E+00    0.00000000E+00
   2.69876887E+01    0.00000000E+00    0.00000000E+00
   2.73936118E+01    0.00000000E+00    0.00000000E+00
   2.78056404E+01    0.00000000E+00    0.00000000E+00
   2.82238664E+01    0.00000000E+00    0.00000000E+00
   2.86483829E+01    0.00000000E+00    0.00000000E+00
   2.90792845E+01    0.00000000E+00    0.00000000E+00
   2.95166674E+01    0.00000000E+00    0.00000000E+00
   2.99606290E+01    0.00000000E+00    0.00000000E+00
   3.04112682E+01    0.00000000E+00    0.00000000E+00
   3.08686855E+01    0.00000000E+00    0.00000000E+00
   3.13329829E+01    0.00000000E+00    0.00000000E+00
   3.18042637E+01    0.00000000E+00    0.00000000E+00
   3.22826332E+01    0.00000000E+00    0.00000000E+00
   3.27681978E+01    0.00000000E+00    0.00000000E+00
   3.32610658E+01    0.00000000E+00    0.00000000E+00
   3.37613470E+01    0.00000000E+00    0.00000000E+00
   3.42691530E+01    0.00000000E+00    0.00000000E+00
   3.47845969E+01    0.00000000E+00    0.00000000E+00
   3.53077937E+01    0.00000000E+00    0.00000000E+00
   3.58388599E+01    0.00000000E+00    0.00000000E+00
   3.63779139E+01    0.00000000E+00    0.00000000E+00
   3.69250758E+01    0.00000000E+00    0.00000000E+00
   3.74804676E+01    0.00000000E+00    0.00000000E+00
   3.80442130E+01    0.00000000E+00    0.00000000E+00
   3.86164378E+01    0.00000000E+00    0.00000000E+00
   3.91972695E+01    0.00000000E+00    0.00000000E+00
   3.97868374E+01    0.00000000E+00    0.00000000E+00
   4.03852731E+01    0.00000000E+00    0.00000000E+00
   4.09927099E+01    0.00000000E+00    0.00000000E+00
   4.16092832E+01    0.00000000E+00    0.00000000E+00
   4.22351303E+01    0.00000000E+00    0.00000000E+00
   4.28703909E+01    0.00000000E+00    0.00000000E+00
   4.35152065E+01    0.00000000E+00    0.00000000E+00
   4.41697207E+01    0.00000000E+00    0.00000000E+00
   4.48340796E+01    0.00000000E+00    0.00000000E+00
   4.55084311E+01    0.00000000E+00    0.00000000E+00
   4.61929255E+01    0.00000000E+00    0.00000000E+00
   4.68877155E+01    0.00000000E+00    0.00000000E+00
   4.75929558E+01    0.00000000E+00    0.00000000E+00
   4.83088037E+01    0.00000000E+00    0.00000000E+00
   4.90354187E+01    0.00000000E+00    0.00000000E+00
   4.97729627E+01    0.00000000E+00    0.00000000E+00
   5.05216001E+01    0.00000000E+00    0.00000000E+00
   5.12814979E+01    0.00000000E+00    0.00000000E+00
   5.20528253E+01    0.00000000E+00    0.00000000E+00
   5.28357543E+01    0.00000000E+00    0.00000000E+00
   5.36304594E+01    0.00000000E+00    0.00000000E+00
   5.44371176E+01    0.00000000E+00    0.00000000E+00
   5.52559088E+01    0.00000000E+00    0.00000000E+00
   5.60870156E+01    0.00000000E+00    0.00000000E+00
   5.69306230E+01    0.00000000E+00    0.00000000E+00
   5.77869192E+01    0.00000000E+00    0.00000000E+00
   5.86560949E+01    0.00000000E+00    0.00000000E+00
   5.95383440E+01    0.00000000E+00    0.00000000E+00
   6.04338630E+01    0.00000000E+00    0.00000000E+00
   6.13428516E+01    0.00000000E+00    0.00000000E+00
   6.22655123E+01    0.00000000E+00    0.00000000E+00
   6.32020508E+01    0.00000000E+00    0.00000000E+00
   6.41526758E+01    0.00000000E+00    0.00000000E+00
   6.51175992E+01    0.00000000E+00    0.00000000E+00
   6.60970360E+01    0.00000000E+00    0.00000000E+00
   6.70912046E+01    0.00000000E+00    0.00000000E+00
   6.81003266E+01    0.00000000E+00    0.00000000E+00
   6.91246268E+01    0.00000000E+00    0.00000000E+00
   7.01643336E+01    0.00000000E+00    0.00000000E+00
   7.12196786E+01    0.00000000E+00    0.00000000E+00
   7.22908971E+01    0.00000000E+00    0.00000000E+00
   7.33782279E+01    0.00000000E+00    0.00000000E+00
   7.44819132E+01    0.00000000E+00    0.00000000E+00
   7.56021992E+01    0.00000000E+00    0.00000000E+00
   7.67393354E+01    0.00000000E+00    0.00000000E+00
   7.78935753E+01    0.00000000E+00    0.00000000E+00
   7.90651763E+01    0.00000000E+00    0.00000000E+00
   8.02543993E+01    0.00000000E+00    0.00000000E+00
   8.14615095E+01    0.00000000E+00    0.00000000E+00
   8.26867758E+01    0.00000000E+00    0.00000000E+00
   8.39304715E+01    0.00000000E+00    0.00000000E+00
   8.51928737E+01    0.00000000E+00    0.00000000E+00
   8.64742637E+01    0.00000000E+00    0.00000000E+00
   8.77749271E+01    0.00000000E+00    0.00000000E+00
   8.90951539E+01    0.00000000E+00    0.00000000E+00
   9.04352383E+01    0.00000000E+00    0.00000000E+00
   9.17954789E+01    0.00000000E+00    0.00000000E+00
   9.31761790E+01    0.00000000E+00    0.00000000E+00
   9.45776463E+01    0.00000000E+00    0.00000000E+00
   9.60001931E+01    0.00000000E+00    0.00000000E+00
   9.74441365E+01    0.00000000E+00    0.00000000E+00
   9.89097984E+01    0.00000000E+00    0.00000000E+00
   1.00397505E+02    0.00000000E+00    0.00000000E+00
   1.01907589E+02    0.00000000E+00    0.00000000E+00
   1.03440386E+02    0.00000000E+00    0.00000000E+00
   1.04996237E+02    0.00000000E+00    0.00000000E+00
   1.06575491E+02    0.00000000E+00    0.00000000E+00
   1.08178498E+02    0.00000000E+00    0.00000000E+00
   1.09805615E+02    0.00000000E+00    0.00000000E+00
   1.11457207E+02    0.00000000E+00    0.00000000E+00
   1.13133640E+02    0.00000000E+00    0.00000000E+00
   1.14835288E+02    0.00000000E+00    0.00000000E+00
   1.16562531E+02    0.00000000E+00    0.00000000E+00
   1.18315754E+02    0.00000000E+00    0.00000000E+00
   1.20095347E+02    0.00000000E+00    0.00000000E+00
   1.21901706E+02    0.00000000E+00    0.00000000E+00
   1.23735236E+02    0.00000000E+00    0.00000000E+00
   1.25596343E+02    0.00000000E+00    0.00000000E+00
   1.27485444E+02    0.00000000E+00    0.00000000E+00
   1.29402958E+02    0.00000000E+00    0.00000000E+00
   1.31349314E+02    0.00000000E+00    0.00000000E+00
   1.33324945E+02    0.00000000E+00    0.00000000E+00
   1.35330292E+02    0.00000000E+00    0.00000000E+00
   1.37365801E+02    0.00000000E+00    0.00000000E+00
   1.39431927E+02    0.00000000E+00    0.00000000E+00
   1.41529129E+02    0.00000000E+00    0.00000000E+00
   1.43657875E+02    0.00000000E+00    0.00000000E+00
   1.45818640E+02    0.00000000E+00    0.00000000E+00
   1.48011905E+02    0.00000000E+00    0.00000000E+00
   1.50238159E+02    0.00000000E+00    0.00000000E+00
   1.52497898E+02    0.00000000E+00    0.00000000E+00
   1.54791626E+02    0.00000000E+00    0.00000000E+00
   1.57119854E+02    0.00000000E+00    0.00000000E+00
   1.59483101E+02    0.00000000E+00    0.00000000E+00
   1.61881894E+02    0.00000000E+00    0.00000000E+00
   1.64316767E+02    0.00000000E+00    0.00000000E+00
