# Peaks:     0.184101      0.776396  
   7.28010971E-05   -4.17288466E-05   -9.34421503E-01
   7.35813491E-05   -4.24694911E-05   -9.40926117E-01
   7.43699635E-05   -4.32188550E-05   -9.47393385E-01
   7.51670299E-05   -4.39778529E-05   -9.53839252E-01
   7.59726390E-05   -4.47474527E-05   -9.60280022E-01
   7.67868823E-05   -4.55286785E-05   -9.66732366E-01
   7.76098523E-05   -4.63226129E-05   -9.73213336E-01
   7.84416426E-05   -4.71303992E-05   -9.79740377E-01
   7.92823476E-05   -4.79532402E-05   -9.86331252E-01
   8.01320630E-05   -4.87919826E-05   -9.92996531E-01
   8.09908852E-05   -4.96467378E-05   -9.99733172E-01
   8.18589120E-05   -5.05175275E-05   -1.00653658E+00
   8.27362419E-05   -5.14043604E-05   -1.01340206E+00
   8.36229747E-05   -5.23072320E-05   -1.02032475E+00
   8.45192111E-05   -5.32261230E-05   -1.02729971E+00
   8.54250530E-05   -5.41609997E-05   -1.03432183E+00
   8.63406033E-05   -5.51119148E-05   -1.04138761E+00
   8.72659662E-05   -5.60791872E-05   -1.04849810E+00
   8.82012466E-05   -5.70631889E-05   -1.05565509E+00
   8.91465511E-05   -5.80643018E-05   -1.06286040E+00
   9.01019869E-05   -5.90829190E-05   -1.07011589E+00
   9.10676627E-05   -6.01194440E-05   -1.07742345E+00
   9.20436882E-05   -6.11742919E-05   -1.08478500E+00
   9.30301743E-05   -6.22478608E-05   -1.09220204E+00
   9.40272332E-05   -6.33404768E-05   -1.09967486E+00
   9.50349781E-05   -6.44524559E-05   -1.10720349E+00
   9.60535236E-05   -6.55841182E-05   -1.11478796E+00
   9.70829855E-05   -6.67357882E-05   -1.12242828E+00
   9.81234807E-05   -6.79077943E-05   -1.13012444E+00
   9.91751276E-05   -6.91004694E-05   -1.13787643E+00
   1.00238046E-04   -7.03141576E-05   -1.14568432E+00
   1.01312355E-04   -7.15492355E-05   -1.15354860E+00
   1.02398179E-04   -7.28060924E-05   -1.16146983E+00
   1.03495641E-04   -7.40851244E-05   -1.16944859E+00
   1.04604864E-04   -7.53867348E-05   -1.17748545E+00
   1.05725976E-04   -7.67113341E-05   -1.18558096E+00
   1.06859103E-04   -7.80593400E-05   -1.19373570E+00
   1.08004374E-04   -7.94311765E-05   -1.20195020E+00
   1.09161920E-04   -8.08272697E-05   -1.21022496E+00
   1.10331873E-04   -8.22480514E-05   -1.21856044E+00
   1.11514364E-04   -8.36939606E-05   -1.22695712E+00
   1.12709529E-04   -8.51654437E-05   -1.23541544E+00
   1.13917503E-04   -8.66629545E-05   -1.24393586E+00
   1.15138423E-04   -8.81869543E-05   -1.25251882E+00
   1.16372429E-04   -8.97379131E-05   -1.26116478E+00
   1.17619661E-04   -9.13163135E-05   -1.26987426E+00
   1.18880260E-04   -9.29226480E-05   -1.27864781E+00
   1.20154369E-04   -9.45574172E-05   -1.28748598E+00
   1.21442134E-04   -9.62211305E-05   -1.29638929E+00
   1.22743700E-04   -9.79143060E-05   -1.30535827E+00
   1.24059217E-04   -9.96374702E-05   -1.31439346E+00
   1.25388832E-04   -1.01391159E-04   -1.32349538E+00
   1.26732697E-04   -1.03175921E-04   -1.33266459E+00
   1.28090966E-04   -1.04992313E-04   -1.34190167E+00
   1.29463792E-04   -1.06840902E-04   -1.35120719E+00
   1.30851331E-04   -1.08722264E-04   -1.36058171E+00
   1.32253742E-04   -1.10636987E-04   -1.37002580E+00
   1.33671182E-04   -1.12585666E-04   -1.37953999E+00
   1.35103815E-04   -1.14568908E-04   -1.38912484E+00
   1.36551801E-04   -1.16587336E-04   -1.39878098E+00
   1.38015307E-04   -1.18641581E-04   -1.40850901E+00
   1.39494498E-04   -1.20732287E-04   -1.41830955E+00
   1.40989542E-04   -1.22860108E-04   -1.42818320E+00
   1.42500610E-04   -1.25025711E-04   -1.43813057E+00
   1.44027872E-04   -1.27229771E-04   -1.44815226E+00
   1.45571503E-04   -1.29472980E-04   -1.45824886E+00
   1.47131678E-04   -1.31756041E-04   -1.46842103E+00
   1.48708575E-04   -1.34079672E-04   -1.47866944E+00
   1.50302372E-04   -1.36444604E-04   -1.48899473E+00
   1.51913250E-04   -1.38851578E-04   -1.49939757E+00
   1.53541394E-04   -1.41301351E-04   -1.50987858E+00
   1.55186987E-04   -1.43794691E-04   -1.52043842E+00
   1.56850217E-04   -1.46332380E-04   -1.53107772E+00
   1.58531272E-04   -1.48915220E-04   -1.54179721E+00
   1.60230345E-04   -1.51544024E-04   -1.55259759E+00
   1.61947627E-04   -1.54219622E-04   -1.56347956E+00
   1.63683315E-04   -1.56942856E-04   -1.57444381E+00
   1.65437605E-04   -1.59714585E-04   -1.58549104E+00
   1.67210696E-04   -1.62535679E-04   -1.59662192E+00
   1.69002791E-04   -1.65407030E-04   -1.60783717E+00
   1.70814093E-04   -1.68329545E-04   -1.61913755E+00
   1.72644808E-04   -1.71304151E-04   -1.63052381E+00
   1.74495144E-04   -1.74331788E-04   -1.64199671E+00
   1.76365310E-04   -1.77413413E-04   -1.65355699E+00
   1.78255521E-04   -1.80550001E-04   -1.66520538E+00
   1.80165990E-04   -1.83742542E-04   -1.67694263E+00
   1.82096934E-04   -1.86992047E-04   -1.68876950E+00
   1.84048573E-04   -1.90299549E-04   -1.70068681E+00
   1.86021130E-04   -1.93666098E-04   -1.71269538E+00
   1.88014827E-04   -1.97092765E-04   -1.72479599E+00
   1.90029892E-04   -2.00580635E-04   -1.73698945E+00
   1.92066554E-04   -2.04130816E-04   -1.74927655E+00
   1.94125044E-04   -2.07744432E-04   -1.76165808E+00
   1.96205596E-04   -2.11422636E-04   -1.77413488E+00
   1.98308446E-04   -2.15166600E-04   -1.78670783E+00
   2.00433834E-04   -2.18977518E-04   -1.79937779E+00
   2.02582001E-04   -2.22856604E-04   -1.81214562E+00
   2.04753191E-04   -2.26805095E-04   -1.82501218E+00
   2.06947650E-04   -2.30824246E-04   -1.83797829E+00
   2.09165630E-04   -2.34915339E-04   -1.85104483E+00
   2.11407380E-04   -2.39079684E-04   -1.86421271E+00
   2.13673157E-04   -2.43318613E-04   -1.87748287E+00
   2.15963217E-04   -2.47633483E-04   -1.89085623E+00
   2.18277822E-04   -2.52025675E-04   -1.90433371E+00
   2.20617233E-04   -2.56496593E-04   -1.91791621E+00
   2.22981717E-04   -2.61047667E-04   -1.93160464E+00
   2.25371543E-04   -2.65680354E-04   -1.94539994E+00
   2.27786982E-04   -2.70396145E-04   -1.95930311E+00
   2.30228308E-04   -2.75196555E-04   -1.97331514E+00
   2.32695800E-04   -2.80083126E-04   -1.98743703E+00
   2.35189737E-04   -2.85057429E-04   -2.00166974E+00
   2.37710403E-04   -2.90121061E-04   -2.01601424E+00
   2.40258085E-04   -2.95275646E-04   -2.03047151E+00
   2.42833071E-04   -3.00522848E-04   -2.04504259E+00
   2.45435656E-04   -3.05864361E-04   -2.05972855E+00
   2.48066133E-04   -3.11301909E-04   -2.07453046E+00
   2.50724804E-04   -3.16837245E-04   -2.08944935E+00
   2.53411968E-04   -3.22472156E-04   -2.10448628E+00
   2.56127933E-04   -3.28208459E-04   -2.11964228E+00
   2.58873006E-04   -3.34048005E-04   -2.13491841E+00
   2.61647499E-04   -3.39992689E-04   -2.15031581E+00
   2.64451729E-04   -3.46044437E-04   -2.16583562E+00
   2.67286013E-04   -3.52205211E-04   -2.18147898E+00
   2.70150674E-04   -3.58477008E-04   -2.19724700E+00
   2.73046037E-04   -3.64861859E-04   -2.21314080E+00
   2.75972431E-04   -3.71361832E-04   -2.22916148E+00
   2.78930189E-04   -3.77979041E-04   -2.24531023E+00
   2.81919648E-04   -3.84715641E-04   -2.26158828E+00
   2.84941146E-04   -3.91573826E-04   -2.27799683E+00
   2.87995027E-04   -3.98555829E-04   -2.29453709E+00
   2.91081638E-04   -4.05663921E-04   -2.31121026E+00
   2.94201331E-04   -4.12900416E-04   -2.32801752E+00
   2.97354459E-04   -4.20267672E-04   -2.34496008E+00
   3.00541381E-04   -4.27768099E-04   -2.36203925E+00
   3.03762459E-04   -4.35404151E-04   -2.37925634E+00
   3.07018059E-04   -4.43178325E-04   -2.39661263E+00
   3.10308551E-04   -4.51093165E-04   -2.41410941E+00
   3.13634310E-04   -4.59151258E-04   -2.43174794E+00
   3.16995712E-04   -4.67355238E-04   -2.44952950E+00
   3.20393141E-04   -4.75707799E-04   -2.46745545E+00
   3.23826982E-04   -4.84211686E-04   -2.48552718E+00
   3.27297626E-04   -4.92869694E-04   -2.50374608E+00
   3.30805466E-04   -5.01684668E-04   -2.52211354E+00
   3.34350902E-04   -5.10659506E-04   -2.54063090E+00
   3.37934337E-04   -5.19797155E-04   -2.55929953E+00
   3.41556177E-04   -5.29100623E-04   -2.57812082E+00
   3.45216834E-04   -5.38572981E-04   -2.59709626E+00
   3.48916725E-04   -5.48217359E-04   -2.61622735E+00
   3.52656270E-04   -5.58036941E-04   -2.63551555E+00
   3.56435894E-04   -5.68034971E-04   -2.65496233E+00
   3.60256027E-04   -5.78214748E-04   -2.67456914E+00
   3.64117101E-04   -5.88579635E-04   -2.69433744E+00
   3.68019558E-04   -5.99133069E-04   -2.71426879E+00
   3.71963839E-04   -6.09878553E-04   -2.73436479E+00
   3.75950393E-04   -6.20819653E-04   -2.75462702E+00
   3.79979674E-04   -6.31960000E-04   -2.77505704E+00
   3.84052139E-04   -6.43303291E-04   -2.79565641E+00
   3.88168250E-04   -6.54853288E-04   -2.81642668E+00
   3.92328477E-04   -6.66613836E-04   -2.83736946E+00
   3.96533291E-04   -6.78588856E-04   -2.85848646E+00
   4.00783171E-04   -6.90782344E-04   -2.87977938E+00
   4.05078599E-04   -7.03198365E-04   -2.90124988E+00
   4.09420063E-04   -7.15841059E-04   -2.92289963E+00
   4.13808058E-04   -7.28714643E-04   -2.94473026E+00
   4.18243081E-04   -7.41823417E-04   -2.96674349E+00
   4.22725638E-04   -7.55171775E-04   -2.98894114E+00
   4.27256236E-04   -7.68764192E-04   -3.01132499E+00
   4.31835391E-04   -7.82605222E-04   -3.03389684E+00
   4.36463624E-04   -7.96699504E-04   -3.05665846E+00
   4.41141460E-04   -8.11051761E-04   -3.07961160E+00
   4.45869432E-04   -8.25666810E-04   -3.10275804E+00
   4.50648076E-04   -8.40549570E-04   -3.12609971E+00
   4.55477935E-04   -8.55705055E-04   -3.14963854E+00
   4.60359559E-04   -8.71138371E-04   -3.17337642E+00
   4.65293502E-04   -8.86854716E-04   -3.19731525E+00
   4.70280325E-04   -9.02859385E-04   -3.22145690E+00
   4.75320595E-04   -9.19157771E-04   -3.24580324E+00
   4.80414884E-04   -9.35755387E-04   -3.27035631E+00
   4.85563772E-04   -9.52657851E-04   -3.29511815E+00
   4.90767843E-04   -9.69870887E-04   -3.32009079E+00
   4.96027690E-04   -9.87400324E-04   -3.34527625E+00
   5.01343909E-04   -1.00525209E-03   -3.37067653E+00
   5.06717106E-04   -1.02343225E-03   -3.39629361E+00
   5.12147890E-04   -1.04194696E-03   -3.42212962E+00
   5.17636879E-04   -1.06080252E-03   -3.44818673E+00
   5.23184696E-04   -1.08000536E-03   -3.47446713E+00
   5.28791973E-04   -1.09956201E-03   -3.50097294E+00
   5.34459346E-04   -1.11947912E-03   -3.52770629E+00
   5.40187460E-04   -1.13976347E-03   -3.55466930E+00
   5.45976966E-04   -1.16042198E-03   -3.58186419E+00
   5.51828521E-04   -1.18146173E-03   -3.60929328E+00
   5.57742790E-04   -1.20288991E-03   -3.63695889E+00
   5.63720447E-04   -1.22471383E-03   -3.66486329E+00
   5.69762169E-04   -1.24694098E-03   -3.69300875E+00
   5.75868644E-04   -1.26957896E-03   -3.72139749E+00
   5.82040565E-04   -1.29263552E-03   -3.75003186E+00
   5.88278635E-04   -1.31611859E-03   -3.77891433E+00
   5.94583562E-04   -1.34003624E-03   -3.80804733E+00
   6.00956062E-04   -1.36439669E-03   -3.83743329E+00
   6.07396860E-04   -1.38920832E-03   -3.86707461E+00
   6.13906688E-04   -1.41447966E-03   -3.89697365E+00
   6.20486286E-04   -1.44021942E-03   -3.92713291E+00
   6.27136401E-04   -1.46643649E-03   -3.95755499E+00
   6.33857789E-04   -1.49313992E-03   -3.98824249E+00
   6.40651214E-04   -1.52033893E-03   -4.01919798E+00
   6.47517449E-04   -1.54804294E-03   -4.05042399E+00
   6.54457273E-04   -1.57626151E-03   -4.08192303E+00
   6.61471475E-04   -1.60500440E-03   -4.11369772E+00
   6.68560852E-04   -1.63428160E-03   -4.14575082E+00
   6.75726210E-04   -1.66410327E-03   -4.17808508E+00
   6.82968364E-04   -1.69447977E-03   -4.21070321E+00
   6.90288136E-04   -1.72542163E-03   -4.24360791E+00
   6.97686358E-04   -1.75693962E-03   -4.27680184E+00
   7.05163872E-04   -1.78904468E-03   -4.31028775E+00
   7.12721526E-04   -1.82174802E-03   -4.34406856E+00
   7.20360180E-04   -1.85506106E-03   -4.37814720E+00
   7.28080702E-04   -1.88899540E-03   -4.41252655E+00
   7.35883970E-04   -1.92356291E-03   -4.44720947E+00
   7.43770869E-04   -1.95877563E-03   -4.48219877E+00
   7.51742297E-04   -1.99464588E-03   -4.51749731E+00
   7.59799160E-04   -2.03118623E-03   -4.55310817E+00
   7.67942373E-04   -2.06840947E-03   -4.58903444E+00
   7.76172861E-04   -2.10632868E-03   -4.62527918E+00
   7.84491560E-04   -2.14495714E-03   -4.66184541E+00
   7.92899416E-04   -2.18430840E-03   -4.69873612E+00
   8.01397383E-04   -2.22439629E-03   -4.73595434E+00
   8.09986429E-04   -2.26523490E-03   -4.77350330E+00
   8.18667528E-04   -2.30683863E-03   -4.81138626E+00
   8.27441667E-04   -2.34922214E-03   -4.84960645E+00
   8.36309844E-04   -2.39240036E-03   -4.88816707E+00
   8.45273067E-04   -2.43638850E-03   -4.92707125E+00
   8.54332353E-04   -2.48120209E-03   -4.96632219E+00
   8.63488734E-04   -2.52685696E-03   -5.00592329E+00
   8.72743248E-04   -2.57336928E-03   -5.04587801E+00
   8.82096949E-04   -2.62075551E-03   -5.08618974E+00
   8.91550899E-04   -2.66903242E-03   -5.12686185E+00
   9.01106172E-04   -2.71821711E-03   -5.16789766E+00
   9.10763855E-04   -2.76832701E-03   -5.20930052E+00
   9.20525045E-04   -2.81937990E-03   -5.25107400E+00
   9.30390851E-04   -2.87139394E-03   -5.29322175E+00
   9.40362395E-04   -2.92438763E-03   -5.33574733E+00
   9.50440809E-04   -2.97837980E-03   -5.37865431E+00
   9.60627240E-04   -3.03338966E-03   -5.42194616E+00
   9.70922845E-04   -3.08943679E-03   -5.46562642E+00
   9.81328794E-04   -3.14654117E-03   -5.50969885E+00
   9.91846270E-04   -3.20472320E-03   -5.55416727E+00
   1.00247647E-03   -3.26400366E-03   -5.59903546E+00
   1.01322059E-03   -3.32440370E-03   -5.64430711E+00
   1.02407987E-03   -3.38594491E-03   -5.68998592E+00
   1.03505554E-03   -3.44864927E-03   -5.73607557E+00
   1.04614883E-03   -3.51253926E-03   -5.78258004E+00
   1.05736102E-03   -3.57763777E-03   -5.82950333E+00
   1.06869338E-03   -3.64396814E-03   -5.87684939E+00
   1.08014719E-03   -3.71155417E-03   -5.92462210E+00
   1.09172376E-03   -3.78042007E-03   -5.97282533E+00
   1.10342441E-03   -3.85059058E-03   -6.02146296E+00
   1.11525045E-03   -3.92209093E-03   -6.07053919E+00
   1.12720325E-03   -3.99494685E-03   -6.12005819E+00
   1.13928414E-03   -4.06918456E-03   -6.17002408E+00
   1.15149452E-03   -4.14483079E-03   -6.22044094E+00
   1.16383576E-03   -4.22191276E-03   -6.27131278E+00
   1.17630927E-03   -4.30045824E-03   -6.32264373E+00
   1.18891647E-03   -4.38049561E-03   -6.37443815E+00
   1.20165878E-03   -4.46205377E-03   -6.42670043E+00
   1.21453766E-03   -4.54516217E-03   -6.47943488E+00
   1.22755457E-03   -4.62985085E-03   -6.53264576E+00
   1.24071099E-03   -4.71615039E-03   -6.58633725E+00
   1.25400842E-03   -4.80409201E-03   -6.64051367E+00
   1.26744836E-03   -4.89370757E-03   -6.69517959E+00
   1.28103235E-03   -4.98502955E-03   -6.75033956E+00
   1.29476192E-03   -5.07809105E-03   -6.80599810E+00
   1.30863865E-03   -5.17292579E-03   -6.86215965E+00
   1.32266409E-03   -5.26956817E-03   -6.91882857E+00
   1.33683986E-03   -5.36805324E-03   -6.97600939E+00
   1.35116756E-03   -5.46841682E-03   -7.03370689E+00
   1.36564881E-03   -5.57069538E-03   -7.09192581E+00
   1.38028527E-03   -5.67492610E-03   -7.15067084E+00
   1.39507859E-03   -5.78114690E-03   -7.20994658E+00
   1.41003047E-03   -5.88939638E-03   -7.26975757E+00
   1.42514259E-03   -5.99971397E-03   -7.33010859E+00
   1.44041668E-03   -6.11213987E-03   -7.39100459E+00
   1.45585447E-03   -6.22671507E-03   -7.45245050E+00
   1.47145771E-03   -6.34348135E-03   -7.51445118E+00
   1.48722819E-03   -6.46248128E-03   -7.57701140E+00
   1.50316768E-03   -6.58375825E-03   -7.64013590E+00
   1.51927801E-03   -6.70735653E-03   -7.70382965E+00
   1.53556100E-03   -6.83332130E-03   -7.76809783E+00
   1.55201851E-03   -6.96169860E-03   -7.83294550E+00
   1.56865240E-03   -7.09253535E-03   -7.89837768E+00
   1.58546457E-03   -7.22587935E-03   -7.96439931E+00
   1.60245692E-03   -7.36177935E-03   -8.03101528E+00
   1.61963139E-03   -7.50028510E-03   -8.09823085E+00
   1.63698993E-03   -7.64144733E-03   -8.16605135E+00
   1.65453451E-03   -7.78531775E-03   -8.23448206E+00
   1.67226713E-03   -7.93194906E-03   -8.30352818E+00
   1.69018979E-03   -8.08139495E-03   -8.37319481E+00
   1.70830455E-03   -8.23371017E-03   -8.44348700E+00
   1.72661345E-03   -8.38895055E-03   -8.51441009E+00
   1.74511857E-03   -8.54717308E-03   -8.58596960E+00
   1.76382203E-03   -8.70843582E-03   -8.65817097E+00
   1.78272595E-03   -8.87279793E-03   -8.73101958E+00
   1.80183247E-03   -9.04031972E-03   -8.80452070E+00
   1.82114376E-03   -9.21106265E-03   -8.87867956E+00
   1.84066202E-03   -9.38508944E-03   -8.95350172E+00
   1.86038948E-03   -9.56246406E-03   -9.02899287E+00
   1.88032836E-03   -9.74325167E-03   -9.10515859E+00
   1.90048094E-03   -9.92751870E-03   -9.18200439E+00
   1.92084951E-03   -1.01153328E-02   -9.25953567E+00
   1.94143638E-03   -1.03067631E-02   -9.33775781E+00
   1.96224389E-03   -1.05018799E-02   -9.41667654E+00
   1.98327441E-03   -1.07007549E-02   -9.49629768E+00
   2.00453032E-03   -1.09034614E-02   -9.57662695E+00
   2.02601405E-03   -1.11100739E-02   -9.65766997E+00
   2.04772803E-03   -1.13206683E-02   -9.73943227E+00
   2.06967473E-03   -1.15353221E-02   -9.82191942E+00
   2.09185664E-03   -1.17541144E-02   -9.90513733E+00
   2.11427630E-03   -1.19771255E-02   -9.98909193E+00
   2.13693623E-03   -1.22044377E-02   -1.00737890E+01
   2.15983903E-03   -1.24361344E-02   -1.01592343E+01
   2.18298729E-03   -1.26723010E-02   -1.02454335E+01
   2.20638365E-03   -1.29130244E-02   -1.03323922E+01
   2.23003075E-03   -1.31583930E-02   -1.04201166E+01
   2.25393130E-03   -1.34084974E-02   -1.05086126E+01
   2.27808800E-03   -1.36634295E-02   -1.05978861E+01
   2.30250360E-03   -1.39232831E-02   -1.06879430E+01
   2.32718088E-03   -1.41881537E-02   -1.07787889E+01
   2.35212264E-03   -1.44581389E-02   -1.08704297E+01
   2.37733172E-03   -1.47333379E-02   -1.09628716E+01
   2.40281098E-03   -1.50138521E-02   -1.10561207E+01
   2.42856331E-03   -1.52997846E-02   -1.11501828E+01
   2.45459165E-03   -1.55912405E-02   -1.12450640E+01
   2.48089894E-03   -1.58883271E-02   -1.13407698E+01
   2.50748819E-03   -1.61911534E-02   -1.14373064E+01
   2.53436241E-03   -1.64998309E-02   -1.15346799E+01
   2.56152466E-03   -1.68144731E-02   -1.16328964E+01
   2.58897802E-03   -1.71351956E-02   -1.17319619E+01
   2.61672561E-03   -1.74621161E-02   -1.18318823E+01
   2.64477059E-03   -1.77953546E-02   -1.19326633E+01
   2.67311615E-03   -1.81350337E-02   -1.20343111E+01
   2.70176550E-03   -1.84812780E-02   -1.21368321E+01
   2.73072190E-03   -1.88342146E-02   -1.22402321E+01
   2.75998865E-03   -1.91939731E-02   -1.23445172E+01
   2.78956906E-03   -1.95606852E-02   -1.24496931E+01
   2.81946651E-03   -1.99344854E-02   -1.25557657E+01
   2.84968438E-03   -2.03155107E-02   -1.26627412E+01
   2.88022612E-03   -2.07039009E-02   -1.27706259E+01
   2.91109519E-03   -2.10997982E-02   -1.28794256E+01
   2.94229510E-03   -2.15033475E-02   -1.29891464E+01
   2.97382940E-03   -2.19146964E-02   -1.30997938E+01
   3.00570168E-03   -2.23339954E-02   -1.32113739E+01
   3.03791554E-03   -2.27613978E-02   -1.33238927E+01
   3.07047466E-03   -2.31970599E-02   -1.34373564E+01
   3.10338274E-03   -2.36411408E-02   -1.35517708E+01
   3.13664351E-03   -2.40938026E-02   -1.36671417E+01
   3.17026076E-03   -2.45552104E-02   -1.37834747E+01
   3.20423830E-03   -2.50255326E-02   -1.39007758E+01
   3.23858000E-03   -2.55049405E-02   -1.40190510E+01
   3.27328976E-03   -2.59936089E-02   -1.41383062E+01
   3.30837152E-03   -2.64917157E-02   -1.42585472E+01
   3.34382927E-03   -2.69994420E-02   -1.43797794E+01
   3.37966705E-03   -2.75169724E-02   -1.45020083E+01
   3.41588892E-03   -2.80444950E-02   -1.46252400E+01
   3.45249901E-03   -2.85822014E-02   -1.47494801E+01
   3.48950146E-03   -2.91302868E-02   -1.48747344E+01
   3.52690049E-03   -2.96889498E-02   -1.50010083E+01
   3.56470035E-03   -3.02583928E-02   -1.51283071E+01
   3.60290533E-03   -3.08388219E-02   -1.52566363E+01
   3.64151978E-03   -3.14304471E-02   -1.53860015E+01
   3.68054808E-03   -3.20334825E-02   -1.55164082E+01
   3.71999467E-03   -3.26481459E-02   -1.56478618E+01
   3.75986403E-03   -3.32746589E-02   -1.57803675E+01
   3.80016070E-03   -3.39132474E-02   -1.59139304E+01
   3.84088925E-03   -3.45641414E-02   -1.60485555E+01
   3.88205431E-03   -3.52275753E-02   -1.61842482E+01
   3.92366056E-03   -3.59037876E-02   -1.63210137E+01
   3.96571273E-03   -3.65930214E-02   -1.64588569E+01
   4.00821559E-03   -3.72955239E-02   -1.65977828E+01
   4.05117399E-03   -3.80115467E-02   -1.67377958E+01
   4.09459279E-03   -3.87413465E-02   -1.68789009E+01
   4.13847694E-03   -3.94851844E-02   -1.70211031E+01
   4.18283142E-03   -4.02433263E-02   -1.71644070E+01
   4.22766128E-03   -4.10160429E-02   -1.73088172E+01
   4.27297160E-03   -4.18036095E-02   -1.74543378E+01
   4.31876754E-03   -4.26063066E-02   -1.76009733E+01
   4.36505430E-03   -4.34244198E-02   -1.77487279E+01
   4.41183715E-03   -4.42582400E-02   -1.78976061E+01
   4.45912139E-03   -4.51080632E-02   -1.80476120E+01
   4.50691241E-03   -4.59741904E-02   -1.81987496E+01
   4.55521563E-03   -4.68569283E-02   -1.83510226E+01
   4.60403654E-03   -4.77565887E-02   -1.85044346E+01
   4.65338070E-03   -4.86734896E-02   -1.86589896E+01
   4.70325370E-03   -4.96079543E-02   -1.88146913E+01
   4.75366123E-03   -5.05603119E-02   -1.89715430E+01
   4.80460900E-03   -5.15308972E-02   -1.91295481E+01
   4.85610281E-03   -5.25200507E-02   -1.92887096E+01
   4.90814851E-03   -5.35281193E-02   -1.94490305E+01
   4.96075201E-03   -5.45554560E-02   -1.96105140E+01
   5.01391930E-03   -5.56024202E-02   -1.97731631E+01
   5.06765641E-03   -5.66693771E-02   -1.99369802E+01
   5.12196945E-03   -5.77566985E-02   -2.01019680E+01
   5.17686460E-03   -5.88647623E-02   -2.02681285E+01
   5.23234809E-03   -5.99939536E-02   -2.04354640E+01
   5.28842623E-03   -6.11446641E-02   -2.06039768E+01
   5.34510539E-03   -6.23172923E-02   -2.07736689E+01
   5.40239202E-03   -6.35122434E-02   -2.09445421E+01
   5.46029262E-03   -6.47299293E-02   -2.11165976E+01
   5.51881377E-03   -6.59707692E-02   -2.12898368E+01
   5.57796213E-03   -6.72351896E-02   -2.14642610E+01
   5.63774442E-03   -6.85236248E-02   -2.16398714E+01
   5.69816743E-03   -6.98365159E-02   -2.18166689E+01
   5.75923803E-03   -7.11743116E-02   -2.19946540E+01
   5.82096316E-03   -7.25374680E-02   -2.21738272E+01
   5.88334983E-03   -7.39264490E-02   -2.23541884E+01
   5.94640513E-03   -7.53417267E-02   -2.25357379E+01
   6.01013624E-03   -7.67837812E-02   -2.27184757E+01
   6.07455039E-03   -7.82531006E-02   -2.29024014E+01
   6.13965491E-03   -7.97501808E-02   -2.30875143E+01
   6.20545719E-03   -8.12755257E-02   -2.32738133E+01
   6.27196471E-03   -8.28296481E-02   -2.34612974E+01
   6.33918503E-03   -8.44130695E-02   -2.36499653E+01
   6.40712579E-03   -8.60263202E-02   -2.38398157E+01
   6.47579471E-03   -8.76699387E-02   -2.40308465E+01
   6.54519959E-03   -8.93444724E-02   -2.42230558E+01
   6.61534833E-03   -9.10504772E-02   -2.44164410E+01
   6.68624889E-03   -9.27885187E-02   -2.46109994E+01
   6.75790934E-03   -9.45591721E-02   -2.48067284E+01
   6.83033781E-03   -9.63630217E-02   -2.50036247E+01
   6.90354254E-03   -9.82006610E-02   -2.52016849E+01
   6.97753185E-03   -1.00072693E-01   -2.54009051E+01
   7.05231415E-03   -1.01979729E-01   -2.56012812E+01
   7.12789793E-03   -1.03922393E-01   -2.58028088E+01
   7.20429179E-03   -1.05901316E-01   -2.60054832E+01
   7.28150441E-03   -1.07917143E-01   -2.62092996E+01
   7.35954455E-03   -1.09970525E-01   -2.64142526E+01
   7.43842111E-03   -1.12062126E-01   -2.66203364E+01
   7.51814302E-03   -1.14192616E-01   -2.68275449E+01
   7.59871936E-03   -1.16362682E-01   -2.70358716E+01
   7.68015929E-03   -1.18573017E-01   -2.72453101E+01
   7.76247206E-03   -1.20824327E-01   -2.74558532E+01
   7.84566702E-03   -1.23117328E-01   -2.76674934E+01
   7.92975363E-03   -1.25452746E-01   -2.78802229E+01
   8.01474144E-03   -1.27831319E-01   -2.80940332E+01
   8.10064012E-03   -1.30253797E-01   -2.83089159E+01
   8.18745943E-03   -1.32720940E-01   -2.85248619E+01
   8.27520923E-03   -1.35233522E-01   -2.87418618E+01
   8.36389949E-03   -1.37792324E-01   -2.89599058E+01
   8.45354030E-03   -1.40398142E-01   -2.91789835E+01
   8.54414185E-03   -1.43051783E-01   -2.93990840E+01
   8.63571442E-03   -1.45754066E-01   -2.96201965E+01
   8.72826843E-03   -1.48505824E-01   -2.98423093E+01
   8.82181440E-03   -1.51307898E-01   -3.00654103E+01
   8.91636295E-03   -1.54161144E-01   -3.02894870E+01
   9.01192483E-03   -1.57066429E-01   -3.05145263E+01
   9.10851091E-03   -1.60024631E-01   -3.07405147E+01
   9.20613216E-03   -1.63036646E-01   -3.09674383E+01
   9.30479967E-03   -1.66103380E-01   -3.11952828E+01
   9.40452466E-03   -1.69225749E-01   -3.14240331E+01
   9.50531846E-03   -1.72404684E-01   -3.16536737E+01
   9.60719253E-03   -1.75641127E-01   -3.18841885E+01
   9.71015844E-03   -1.78936036E-01   -3.21155610E+01
   9.81422789E-03   -1.82290382E-01   -3.23477742E+01
   9.91941272E-03   -1.85705148E-01   -3.25808105E+01
   1.00257249E-02   -1.89181330E-01   -3.28146517E+01
   1.01331764E-02   -1.92719938E-01   -3.30492790E+01
   1.02417796E-02   -1.96321992E-01   -3.32846730E+01
   1.03515468E-02   -1.99988531E-01   -3.35208139E+01
   1.04624904E-02   -2.03720606E-01   -3.37576811E+01
   1.05746230E-02   -2.07519282E-01   -3.39952536E+01
   1.06879574E-02   -2.11385635E-01   -3.42335097E+01
   1.08025065E-02   -2.15320755E-01   -3.44724270E+01
   1.09182833E-02   -2.19325747E-01   -3.47119825E+01
   1.10353010E-02   -2.23401730E-01   -3.49521527E+01
   1.11535728E-02   -2.27549841E-01   -3.51929132E+01
   1.12731121E-02   -2.31771225E-01   -3.54342393E+01
   1.13939327E-02   -2.36067043E-01   -3.56761054E+01
   1.15160481E-02   -2.40438467E-01   -3.59184852E+01
   1.16394724E-02   -2.44886686E-01   -3.61613518E+01
   1.17642194E-02   -2.49412904E-01   -3.64046776E+01
   1.18903034E-02   -2.54018343E-01   -3.66484342E+01
   1.20177388E-02   -2.58704231E-01   -3.68925927E+01
   1.21465399E-02   -2.63471814E-01   -3.71371234E+01
   1.22767215E-02   -2.68322348E-01   -3.73819958E+01
   1.24082983E-02   -2.73257105E-01   -3.76271788E+01
   1.25412853E-02   -2.78277377E-01   -3.78726404E+01
   1.26756976E-02   -2.83384466E-01   -3.81183478E+01
   1.28115505E-02   -2.88579688E-01   -3.83642676E+01
   1.29488594E-02   -2.93864368E-01   -3.86103658E+01
   1.30876399E-02   -2.99239848E-01   -3.88566074E+01
   1.32279078E-02   -3.04707487E-01   -3.91029565E+01
   1.33696791E-02   -3.10268658E-01   -3.93493765E+01
   1.35129698E-02   -3.15924748E-01   -3.95958300E+01
   1.36577962E-02   -3.21677151E-01   -3.98422790E+01
   1.38041748E-02   -3.27527276E-01   -4.00886846E+01
   1.39521222E-02   -3.33476544E-01   -4.03350070E+01
   1.41016553E-02   -3.39526399E-01   -4.05812054E+01
   1.42527910E-02   -3.45678295E-01   -4.08272383E+01
   1.44055465E-02   -3.51933695E-01   -4.10730634E+01
   1.45599392E-02   -3.58294076E-01   -4.13186375E+01
   1.47159866E-02   -3.64760918E-01   -4.15639169E+01
   1.48737064E-02   -3.71335725E-01   -4.18088566E+01
   1.50331166E-02   -3.78020013E-01   -4.20534108E+01
   1.51942353E-02   -3.84815313E-01   -4.22975327E+01
   1.53570809E-02   -3.91723160E-01   -4.25411748E+01
   1.55216717E-02   -3.98745100E-01   -4.27842888E+01
   1.56880265E-02   -4.05882688E-01   -4.30268257E+01
   1.58561643E-02   -4.13137498E-01   -4.32687352E+01
   1.60261041E-02   -4.20511119E-01   -4.35099658E+01
   1.61978653E-02   -4.28005145E-01   -4.37504655E+01
   1.63714673E-02   -4.35621177E-01   -4.39901815E+01
   1.65469299E-02   -4.43360820E-01   -4.42290602E+01
   1.67242730E-02   -4.51225688E-01   -4.44670471E+01
   1.69035169E-02   -4.59217420E-01   -4.47040863E+01
   1.70846817E-02   -4.67337662E-01   -4.49401207E+01
   1.72677883E-02   -4.75588064E-01   -4.51750930E+01
   1.74528573E-02   -4.83970278E-01   -4.54089446E+01
   1.76399098E-02   -4.92485956E-01   -4.56416166E+01
   1.78289670E-02   -5.01136762E-01   -4.58730489E+01
   1.80200505E-02   -5.09924382E-01   -4.61031800E+01
   1.82131820E-02   -5.18850505E-01   -4.63319471E+01
   1.84083833E-02   -5.27916821E-01   -4.65592872E+01
   1.86056767E-02   -5.37125017E-01   -4.67851363E+01
   1.88050847E-02   -5.46476777E-01   -4.70094299E+01
   1.90066298E-02   -5.55973794E-01   -4.72321025E+01
   1.92103350E-02   -5.65617782E-01   -4.74530866E+01
   1.94162234E-02   -5.75410457E-01   -4.76723140E+01
   1.96243184E-02   -5.85353529E-01   -4.78897159E+01
   1.98346437E-02   -5.95448700E-01   -4.81052230E+01
   2.00472232E-02   -6.05697664E-01   -4.83187651E+01
   2.02620811E-02   -6.16102118E-01   -4.85302713E+01
   2.04792417E-02   -6.26663783E-01   -4.87396687E+01
   2.06987297E-02   -6.37384375E-01   -4.89468834E+01
   2.09205701E-02   -6.48265597E-01   -4.91518413E+01
   2.11447881E-02   -6.59309139E-01   -4.93544675E+01
   2.13714092E-02   -6.70516678E-01   -4.95546868E+01
   2.16004591E-02   -6.81889895E-01   -4.97524228E+01
   2.18319639E-02   -6.93430488E-01   -4.99475970E+01
   2.20659498E-02   -7.05140142E-01   -5.01401304E+01
   2.23024435E-02   -7.17020519E-01   -5.03299438E+01
   2.25414719E-02   -7.29073263E-01   -5.05169574E+01
   2.27830620E-02   -7.41299998E-01   -5.07010913E+01
   2.30272415E-02   -7.53702367E-01   -5.08822630E+01
   2.32740379E-02   -7.66282006E-01   -5.10603895E+01
   2.35234794E-02   -7.79040526E-01   -5.12353870E+01
   2.37755943E-02   -7.91979506E-01   -5.14071721E+01
   2.40304113E-02   -8.05100498E-01   -5.15756607E+01
   2.42879593E-02   -8.18405062E-01   -5.17407673E+01
   2.45482676E-02   -8.31894755E-01   -5.19024045E+01
   2.48113657E-02   -8.45571102E-01   -5.20604852E+01
   2.50772837E-02   -8.59435588E-01   -5.22149221E+01
   2.53460516E-02   -8.73489660E-01   -5.23656280E+01
   2.56177001E-02   -8.87734762E-01   -5.25125142E+01
   2.58922600E-02   -9.02172337E-01   -5.26554902E+01
   2.61697625E-02   -9.16803788E-01   -5.27944655E+01
   2.64502392E-02   -9.31630466E-01   -5.29293501E+01
   2.67337219E-02   -9.46653675E-01   -5.30600539E+01
   2.70202428E-02   -9.61874715E-01   -5.31864855E+01
   2.73098346E-02   -9.77294882E-01   -5.33085514E+01
   2.76025301E-02   -9.92915418E-01   -5.34261586E+01
   2.78983626E-02   -1.00873750E+00   -5.35392147E+01
   2.81973657E-02   -1.02476225E+00   -5.36476278E+01
   2.84995734E-02   -1.04099076E+00   -5.37513050E+01
   2.88050200E-02   -1.05742414E+00   -5.38501509E+01
   2.91137403E-02   -1.07406342E+00   -5.39440700E+01
   2.94257693E-02   -1.09090959E+00   -5.40329680E+01
   2.97411425E-02   -1.10796354E+00   -5.41167515E+01
   3.00598957E-02   -1.12522610E+00   -5.41953275E+01
   3.03820653E-02   -1.14269812E+00   -5.42685999E+01
   3.07076876E-02   -1.16038040E+00   -5.43364722E+01
   3.10367999E-02   -1.17827366E+00   -5.43988490E+01
   3.13694395E-02   -1.19637851E+00   -5.44556362E+01
   3.17056442E-02   -1.21469551E+00   -5.45067407E+01
   3.20454521E-02   -1.23322518E+00   -5.45520670E+01
   3.23889020E-02   -1.25196802E+00   -5.45915183E+01
   3.27360328E-02   -1.27092444E+00   -5.46249997E+01
   3.30868841E-02   -1.29009472E+00   -5.46524180E+01
   3.34414956E-02   -1.30947904E+00   -5.46736811E+01
   3.37999077E-02   -1.32907760E+00   -5.46886943E+01
   3.41621611E-02   -1.34889053E+00   -5.46973625E+01
   3.45282970E-02   -1.36891783E+00   -5.46995924E+01
   3.48983570E-02   -1.38915939E+00   -5.46952934E+01
   3.52723831E-02   -1.40961500E+00   -5.46843752E+01
   3.56504179E-02   -1.43028445E+00   -5.46667446E+01
   3.60325043E-02   -1.45116742E+00   -5.46423099E+01
   3.64186858E-02   -1.47226346E+00   -5.46109818E+01
   3.68090062E-02   -1.49357197E+00   -5.45726737E+01
   3.72035099E-02   -1.51509232E+00   -5.45272969E+01
   3.76022417E-02   -1.53682383E+00   -5.44747621E+01
   3.80052469E-02   -1.55876566E+00   -5.44149827E+01
   3.84125714E-02   -1.58091679E+00   -5.43478755E+01
   3.88242615E-02   -1.60327615E+00   -5.42733574E+01
   3.92403638E-02   -1.62584259E+00   -5.41913438E+01
   3.96609258E-02   -1.64861481E+00   -5.41017535E+01
   4.00859951E-02   -1.67159135E+00   -5.40045078E+01
   4.05156202E-02   -1.69477071E+00   -5.38995265E+01
   4.09498499E-02   -1.71815125E+00   -5.37867312E+01
   4.13887334E-02   -1.74173115E+00   -5.36660475E+01
   4.18323207E-02   -1.76550842E+00   -5.35374033E+01
   4.22806622E-02   -1.78948105E+00   -5.34007243E+01
   4.27338088E-02   -1.81364688E+00   -5.32559392E+01
   4.31918121E-02   -1.83800350E+00   -5.31029814E+01
   4.36547240E-02   -1.86254842E+00   -5.29417847E+01
   4.41225973E-02   -1.88727908E+00   -5.27722826E+01
   4.45954850E-02   -1.91219266E+00   -5.25944133E+01
   4.50734410E-02   -1.93728619E+00   -5.24081189E+01
   4.55565194E-02   -1.96255662E+00   -5.22133397E+01
   4.60447753E-02   -1.98800074E+00   -5.20100190E+01
   4.65382642E-02   -2.01361508E+00   -5.17981062E+01
   4.70370420E-02   -2.03939606E+00   -5.15775519E+01
   4.75411655E-02   -2.06534000E+00   -5.13483058E+01
   4.80506921E-02   -2.09144299E+00   -5.11103234E+01
   4.85656795E-02   -2.11770087E+00   -5.08635652E+01
   4.90861863E-02   -2.14410945E+00   -5.06079902E+01
   4.96122717E-02   -2.17066430E+00   -5.03435614E+01
   5.01439955E-02   -2.19736076E+00   -5.00702485E+01
   5.06814181E-02   -2.22419404E+00   -4.97880211E+01
   5.12246005E-02   -2.25115922E+00   -4.94968500E+01
   5.17736046E-02   -2.27825109E+00   -4.91967135E+01
   5.23284926E-02   -2.30546423E+00   -4.88875951E+01
   5.28893277E-02   -2.33279315E+00   -4.85694755E+01
   5.34561737E-02   -2.36023213E+00   -4.82423406E+01
   5.40290948E-02   -2.38777516E+00   -4.79061846E+01
   5.46081562E-02   -2.41541608E+00   -4.75610036E+01
   5.51934238E-02   -2.44314860E+00   -4.72067929E+01
   5.57849641E-02   -2.47096617E+00   -4.68435561E+01
   5.63828442E-02   -2.49886193E+00   -4.64713037E+01
   5.69871322E-02   -2.52682900E+00   -4.60900433E+01
   5.75978967E-02   -2.55486027E+00   -4.56997878E+01
   5.82152071E-02   -2.58294827E+00   -4.53005599E+01
   5.88391336E-02   -2.61108537E+00   -4.48923846E+01
   5.94697470E-02   -2.63926385E+00   -4.44752869E+01
   6.01071192E-02   -2.66747563E+00   -4.40493010E+01
   6.07513224E-02   -2.69571247E+00   -4.36144644E+01
   6.14024299E-02   -2.72396599E+00   -4.31708163E+01
   6.20605157E-02   -2.75222743E+00   -4.27184058E+01
   6.27256546E-02   -2.78048795E+00   -4.22572834E+01
   6.33979222E-02   -2.80873846E+00   -4.17875026E+01
   6.40773948E-02   -2.83696959E+00   -4.13091278E+01
   6.47641498E-02   -2.86517180E+00   -4.08222234E+01
   6.54582652E-02   -2.89333542E+00   -4.03268565E+01
   6.61598197E-02   -2.92145041E+00   -3.98231052E+01
   6.68688933E-02   -2.94950653E+00   -3.93110519E+01
   6.75855664E-02   -2.97749344E+00   -3.87907798E+01
   6.83099205E-02   -3.00540045E+00   -3.82623813E+01
   6.90420379E-02   -3.03321679E+00   -3.77259501E+01
   6.97820019E-02   -3.06093137E+00   -3.71815886E+01
   7.05298965E-02   -3.08853290E+00   -3.66294031E+01
   7.12858067E-02   -3.11600993E+00   -3.60695053E+01
   7.20498185E-02   -3.14335075E+00   -3.55020119E+01
   7.28220186E-02   -3.17054351E+00   -3.49270432E+01
   7.36024948E-02   -3.19757605E+00   -3.43447298E+01
   7.43913359E-02   -3.22443613E+00   -3.37552018E+01
   7.51886314E-02   -3.25111121E+00   -3.31585980E+01
   7.59944720E-02   -3.27758861E+00   -3.25550625E+01
   7.68089493E-02   -3.30385543E+00   -3.19447435E+01
   7.76321558E-02   -3.32989861E+00   -3.13277953E+01
   7.84641851E-02   -3.35570489E+00   -3.07043762E+01
   7.93051317E-02   -3.38126081E+00   -3.00746529E+01
   8.01550913E-02   -3.40655278E+00   -2.94387933E+01
   8.10141603E-02   -3.43156698E+00   -2.87969747E+01
   8.18824365E-02   -3.45628947E+00   -2.81493761E+01
   8.27600186E-02   -3.48070614E+00   -2.74961846E+01
   8.36470062E-02   -3.50480271E+00   -2.68375905E+01
   8.45435002E-02   -3.52856471E+00   -2.61737926E+01
   8.54496024E-02   -3.55197767E+00   -2.55049875E+01
   8.63654158E-02   -3.57502688E+00   -2.48313825E+01
   8.72910446E-02   -3.59769744E+00   -2.41531930E+01
   8.82265938E-02   -3.61997441E+00   -2.34706335E+01
   8.91721699E-02   -3.64184276E+00   -2.27839248E+01
   9.01278803E-02   -3.66328728E+00   -2.20932942E+01
   9.10938336E-02   -3.68429271E+00   -2.13989721E+01
   9.20701396E-02   -3.70484372E+00   -2.07011932E+01
   9.30569092E-02   -3.72492480E+00   -2.00002002E+01
   9.40542546E-02   -3.74452048E+00   -1.92962366E+01
   9.50622892E-02   -3.76361515E+00   -1.85895521E+01
   9.60811274E-02   -3.78219320E+00   -1.78804005E+01
   9.71108851E-02   -3.80023894E+00   -1.71690392E+01
   9.81516794E-02   -3.81773667E+00   -1.64557308E+01
   9.92036284E-02   -3.83467066E+00   -1.57407408E+01
   1.00266852E-01   -3.85102518E+00   -1.50243388E+01
   1.01341470E-01   -3.86678447E+00   -1.43067992E+01
   1.02427606E-01   -3.88193284E+00   -1.35883980E+01
   1.03525383E-01   -3.89645455E+00   -1.28694169E+01
   1.04634925E-01   -3.91033399E+00   -1.21501379E+01
   1.05756359E-01   -3.92355552E+00   -1.14308497E+01
   1.06889812E-01   -3.93610360E+00   -1.07118411E+01
   1.08035413E-01   -3.94796277E+00   -9.99340458E+00
   1.09193291E-01   -3.95911766E+00   -9.27583516E+00
   1.10363580E-01   -3.96955299E+00   -8.55943026E+00
   1.11546411E-01   -3.97925361E+00   -7.84448966E+00
   1.12741919E-01   -3.98820451E+00   -7.13131422E+00
   1.13950240E-01   -3.99639082E+00   -6.42020737E+00
   1.15171512E-01   -4.00379783E+00   -5.71147389E+00
   1.16405872E-01   -4.01041102E+00   -5.00541954E+00
   1.17653462E-01   -4.01621605E+00   -4.30235178E+00
   1.18914423E-01   -4.02119882E+00   -3.60257647E+00
   1.20188899E-01   -4.02534540E+00   -2.90640420E+00
   1.21477034E-01   -4.02864215E+00   -2.21414273E+00
   1.22778974E-01   -4.03107566E+00   -1.52610008E+00
   1.24094869E-01   -4.03263282E+00   -8.42585254E-01
   1.25424866E-01   -4.03330078E+00   -1.63905980E-01
   1.26769118E-01   -4.03306701E+00    5.09631042E-01
   1.28127777E-01   -4.03191930E+00    1.17771936E+00
   1.29500997E-01   -4.02984579E+00    1.84005445E+00
   1.30888935E-01   -4.02683494E+00    2.49633315E+00
   1.32291749E-01   -4.02287562E+00    3.14625426E+00
   1.33709597E-01   -4.01795707E+00    3.78951871E+00
   1.35142641E-01   -4.01206893E+00    4.42582988E+00
   1.36591044E-01   -4.00520128E+00    5.05489380E+00
   1.38054970E-01   -3.99734461E+00    5.67641954E+00
   1.39534586E-01   -3.98848988E+00    6.29011953E+00
   1.41030060E-01   -3.97862851E+00    6.89570961E+00
   1.42541561E-01   -3.96775242E+00    7.49290957E+00
   1.44069263E-01   -3.95585402E+00    8.08144321E+00
   1.45613338E-01   -3.94292624E+00    8.66103873E+00
   1.47173961E-01   -3.92896253E+00    9.23142894E+00
   1.48751311E-01   -3.91395692E+00    9.79235134E+00
   1.50345566E-01   -3.89790394E+00    1.03435494E+01
   1.51956907E-01   -3.88079878E+00    1.08847708E+01
   1.53585518E-01   -3.86263715E+00    1.14157697E+01
   1.55231584E-01   -3.84341541E+00    1.19363058E+01
   1.56895292E-01   -3.82313052E+00    1.24461452E+01
   1.58576831E-01   -3.80178007E+00    1.29450602E+01
   1.60276392E-01   -3.77936234E+00    1.34328296E+01
   1.61994168E-01   -3.75587619E+00    1.39092395E+01
   1.63730354E-01   -3.73132123E+00    1.43740826E+01
   1.65485148E-01   -3.70569770E+00    1.48271593E+01
   1.67258749E-01   -3.67900658E+00    1.52682770E+01
   1.69051359E-01   -3.65124951E+00    1.56972516E+01
   1.70863182E-01   -3.62242887E+00    1.61139063E+01
   1.72694423E-01   -3.59254782E+00    1.65180728E+01
   1.74545290E-01   -3.56161011E+00    1.69095912E+01
   1.76415994E-01   -3.52962040E+00    1.72883101E+01
   1.78306748E-01   -3.49658399E+00    1.76540869E+01
   1.80217765E-01   -3.46250704E+00    1.80067881E+01
   1.82149265E-01   -3.42739633E+00    1.83462892E+01
   1.84101465E-01   -3.39125957E+00    1.86724752E+01
   1.86074588E-01   -3.35410514E+00    1.89852406E+01
   1.88068859E-01   -3.31594227E+00    1.92844896E+01
   1.90084503E-01   -3.27678093E+00    1.95701364E+01
   1.92121750E-01   -3.23663187E+00    1.98421048E+01
   1.94180831E-01   -3.19550668E+00    2.01003293E+01
   1.96261981E-01   -3.15341768E+00    2.03447540E+01
   1.98365436E-01   -3.11037808E+00    2.05753344E+01
   2.00491434E-01   -3.06640169E+00    2.07920351E+01
   2.02640218E-01   -3.02150337E+00    2.09948328E+01
   2.04812032E-01   -2.97569848E+00    2.11837132E+01
   2.07007123E-01   -2.92900339E+00    2.13586742E+01
   2.09225739E-01   -2.88143514E+00    2.15197237E+01
   2.11468134E-01   -2.83301154E+00    2.16668804E+01
   2.13734562E-01   -2.78375119E+00    2.18001739E+01
   2.16025281E-01   -2.73367341E+00    2.19196441E+01
   2.18340550E-01   -2.68279829E+00    2.20253424E+01
   2.20680634E-01   -2.63114668E+00    2.21173304E+01
   2.23045797E-01   -2.57874006E+00    2.21956801E+01
   2.25436310E-01   -2.52560074E+00    2.22604746E+01
   2.27852443E-01   -2.47175167E+00    2.23118072E+01
   2.30294471E-01   -2.41721644E+00    2.23497809E+01
   2.32762672E-01   -2.36201940E+00    2.23745097E+01
   2.35257326E-01   -2.30618553E+00    2.23861175E+01
   2.37778716E-01   -2.24974041E+00    2.23847378E+01
   2.40327130E-01   -2.19271027E+00    2.23705138E+01
   2.42902857E-01   -2.13512197E+00    2.23435984E+01
   2.45506189E-01   -2.07700293E+00    2.23041540E+01
   2.48137423E-01   -2.01838105E+00    2.22523506E+01
   2.50796857E-01   -1.95928493E+00    2.21883690E+01
   2.53484793E-01   -1.89974362E+00    2.21123977E+01
   2.56201538E-01   -1.83978664E+00    2.20246333E+01
   2.58947400E-01   -1.77944407E+00    2.19252811E+01
   2.61722691E-01   -1.71874637E+00    2.18145536E+01
   2.64527727E-01   -1.65772441E+00    2.16926704E+01
   2.67362825E-01   -1.59640973E+00    2.15598620E+01
   2.70228310E-01   -1.53483373E+00    2.14163584E+01
   2.73124505E-01   -1.47302849E+00    2.12624011E+01
   2.76051740E-01   -1.41102667E+00    2.10982412E+01
   2.79010348E-01   -1.34886098E+00    2.09241323E+01
   2.82000665E-01   -1.28656411E+00    2.07403299E+01
   2.85023032E-01   -1.22416928E+00    2.05470987E+01
   2.88077791E-01   -1.16171022E+00    2.03447126E+01
   2.91165289E-01   -1.09922057E+00    2.01334468E+01
   2.94285878E-01   -1.03673385E+00    1.99135765E+01
   2.97439912E-01   -9.74283956E-01    1.96853851E+01
   3.00627750E-01   -9.11905248E-01    1.94491650E+01
   3.03849754E-01   -8.49631690E-01    1.92052057E+01
   3.07106290E-01   -7.87497342E-01    1.89538007E+01
   3.10397728E-01   -7.25536443E-01    1.86952493E+01
   3.13724442E-01   -6.63783116E-01    1.84298520E+01
   3.17086810E-01   -6.02271278E-01    1.81579098E+01
   3.20485216E-01   -5.41035225E-01    1.78797329E+01
   3.23920043E-01   -4.80108481E-01    1.75956236E+01
   3.27391684E-01   -4.19525107E-01    1.73058963E+01
   3.30900533E-01   -3.59318306E-01    1.70108567E+01
   3.34446988E-01   -2.99521672E-01    1.67108209E+01
   3.38031452E-01   -2.40168040E-01    1.64060981E+01
   3.41654333E-01   -1.81290365E-01    1.60970044E+01
   3.45316043E-01   -1.22920952E-01    1.57838510E+01
   3.49016997E-01   -6.50920323E-02    1.54669537E+01
   3.52757617E-01   -7.83531977E-03    1.51466258E+01
   3.56538327E-01    4.88182512E-02    1.48231740E+01
   3.60359557E-01    1.04837306E-01    1.44969199E+01
   3.64221741E-01    1.60191835E-01    1.41681681E+01
   3.68125319E-01    2.14852090E-01    1.38372270E+01
   3.72070734E-01    2.68788478E-01    1.35044103E+01
   3.76058434E-01    3.21972628E-01    1.31700179E+01
   3.80088872E-01    3.74376256E-01    1.28343578E+01
   3.84162507E-01    4.25972197E-01    1.24977260E+01
   3.88279802E-01    4.76733548E-01    1.21604243E+01
   3.92441224E-01    5.26634441E-01    1.18227444E+01
   3.96647246E-01    5.75649556E-01    1.14849787E+01
   4.00898347E-01    6.23754454E-01    1.11474134E+01
   4.05195010E-01    6.70925445E-01    1.08103318E+01
   4.09537722E-01    7.17139696E-01    1.04740118E+01
   4.13926978E-01    7.62375284E-01    1.01387252E+01
   4.18363276E-01    8.06611016E-01    9.80474262E+00
   4.22847120E-01    8.49826745E-01    9.47232538E+00
   4.27379020E-01    8.92003199E-01    9.14173061E+00
   4.31959492E-01    9.33122067E-01    8.81320883E+00
   4.36589055E-01    9.73166000E-01    8.48700468E+00
   4.41268235E-01    1.01211863E+00    8.16335615E+00
   4.45997565E-01    1.04996462E+00    7.84249417E+00
   4.50777583E-01    1.08668962E+00    7.52464303E+00
   4.55608830E-01    1.12228032E+00    7.21001971E+00
   4.60491857E-01    1.15672449E+00    6.89883366E+00
   4.65427218E-01    1.19001091E+00    6.59128726E+00
   4.70415474E-01    1.22212946E+00    6.28757473E+00
   4.75457192E-01    1.25307109E+00    5.98788317E+00
   4.80552945E-01    1.28282783E+00    5.69239149E+00
   4.85703313E-01    1.31139281E+00    5.40127094E+00
   4.90908880E-01    1.33876024E+00    5.11468487E+00
   4.96170238E-01    1.36492544E+00    4.83278872E+00
   5.01487985E-01    1.38988484E+00    4.55572999E+00
   5.06862725E-01    1.41363596E+00    4.28364829E+00
   5.12295070E-01    1.43617744E+00    4.01667526E+00
   5.17785637E-01    1.45750902E+00    3.75493464E+00
   5.23335049E-01    1.47763152E+00    3.49854223E+00
   5.28943937E-01    1.49654689E+00    3.24760592E+00
   5.34612939E-01    1.51425816E+00    3.00222567E+00
   5.40342699E-01    1.53076945E+00    2.76249353E+00
   5.46133868E-01    1.54608596E+00    2.52849365E+00
   5.51987105E-01    1.56021397E+00    2.30030228E+00
   5.57903074E-01    1.57316080E+00    2.07798774E+00
   5.63882448E-01    1.58493485E+00    1.86161046E+00
   5.69925907E-01    1.59554552E+00    1.65122299E+00
   5.76034136E-01    1.60500326E+00    1.44686999E+00
   5.82207832E-01    1.61331951E+00    1.24858824E+00
   5.88447694E-01    1.62050669E+00    1.05640668E+00
   5.94754433E-01    1.62657819E+00    8.70346475E-01
   6.01128764E-01    1.63154834E+00    6.90420988E-01
   6.07571414E-01    1.63543237E+00    5.16635897E-01
   6.14083112E-01    1.63824642E+00    3.48989236E-01
   6.20664601E-01    1.64000747E+00    1.87471492E-01
   6.27316627E-01    1.64073335E+00    3.20656998E-02
   6.34039947E-01    1.64044269E+00   -1.17252444E-01
   6.40835324E-01    1.63915487E+00   -2.60514442E-01
   6.47703532E-01    1.63689002E+00   -3.97758849E-01
   6.54645350E-01    1.63366897E+00   -5.29031110E-01
   6.61661568E-01    1.62951320E+00   -6.54383386E-01
   6.68752982E-01    1.62444481E+00   -7.73874285E-01
   6.75920400E-01    1.61848652E+00   -8.87568798E-01
   6.83164635E-01    1.61166156E+00   -9.95537914E-01
   6.90486510E-01    1.60399368E+00   -1.09785847E+00
   6.97886859E-01    1.59550709E+00   -1.19461281E+00
   7.05366521E-01    1.58622644E+00   -1.28588868E+00
   7.12926347E-01    1.57617675E+00   -1.37177872E+00
   7.20567197E-01    1.56538338E+00   -1.45238040E+00
   7.28289937E-01    1.55387199E+00   -1.52779554E+00
   7.36095447E-01    1.54166852E+00   -1.59813018E+00
   7.43984614E-01    1.52879908E+00   -1.66349408E+00
   7.51958332E-01    1.51529000E+00   -1.72400059E+00
   7.60017510E-01    1.50116771E+00   -1.77976624E+00
   7.68163063E-01    1.48645877E+00   -1.83091041E+00
   7.76395917E-01    1.47118976E+00   -1.87755508E+00
   7.84717007E-01    1.45538728E+00   -1.91982449E+00
   7.93127279E-01    1.43907794E+00   -1.95784479E+00
   8.01627688E-01    1.42228825E+00   -1.99174382E+00
   8.10219202E-01    1.40504464E+00   -2.02165073E+00
   8.18902796E-01    1.38737342E+00   -2.04769570E+00
   8.27679457E-01    1.36930071E+00   -2.07000972E+00
   8.36550182E-01    1.35085246E+00   -2.08872423E+00
   8.45515981E-01    1.33205437E+00   -2.10397086E+00
   8.54577871E-01    1.31293188E+00   -2.11588126E+00
   8.63736882E-01    1.29351017E+00   -2.12458674E+00
   8.72994057E-01    1.27381407E+00   -2.13021806E+00
   8.82350445E-01    1.25386808E+00   -2.13290528E+00
   8.91807112E-01    1.23369634E+00   -2.13277745E+00
   9.01365131E-01    1.21332260E+00   -2.12996245E+00
   9.11025589E-01    1.19277019E+00   -2.12458675E+00
   9.20789584E-01    1.17206201E+00   -2.11677537E+00
   9.30658226E-01    1.15122050E+00   -2.10665156E+00
   9.40632635E-01    1.13026765E+00   -2.09433667E+00
   9.50713946E-01    1.10922495E+00   -2.07995012E+00
   9.60903304E-01    1.08811338E+00   -2.06360914E+00
   9.71201868E-01    1.06695342E+00   -2.04542875E+00
   9.81610807E-01    1.04576502E+00   -2.02552156E+00
   9.92131305E-01    1.02456758E+00   -2.00399774E+00
   1.00276456E+00    1.00337995E+00   -1.98096494E+00
   1.01351177E+00    9.82220426E-01   -1.95652819E+00
   1.02437417E+00    9.61106740E-01   -1.93078979E+00
   1.03535299E+00    9.40056046E-01   -1.90384938E+00
   1.04644948E+00    9.19084912E-01   -1.87580376E+00
   1.05766489E+00    8.98209331E-01   -1.84674693E+00
   1.06900050E+00    8.77444699E-01   -1.81677004E+00
   1.08045761E+00    8.56805823E-01   -1.78596133E+00
   1.09203750E+00    8.36306922E-01   -1.75440622E+00
   1.10374151E+00    8.15961614E-01   -1.72218718E+00
   1.11557095E+00    7.95782927E-01   -1.68938380E+00
   1.12752718E+00    7.75783292E-01   -1.65607274E+00
   1.13961155E+00    7.55974561E-01   -1.62232787E+00
   1.15182543E+00    7.36367958E-01   -1.58821989E+00
   1.16417022E+00    7.16974177E-01   -1.55381706E+00
   1.17664732E+00    6.97803290E-01   -1.51918450E+00
   1.18925814E+00    6.78864803E-01   -1.48438461E+00
   1.20200411E+00    6.60167650E-01   -1.44947699E+00
   1.21488669E+00    6.41720196E-01   -1.41451847E+00
   1.22790735E+00    6.23530250E-01   -1.37956317E+00
   1.24106755E+00    6.05605064E-01   -1.34466252E+00
   1.25436880E+00    5.87951350E-01   -1.30986530E+00
   1.26781260E+00    5.70575280E-01   -1.27521769E+00
   1.28140049E+00    5.53482502E-01   -1.24076330E+00
   1.29513401E+00    5.36678144E-01   -1.20654323E+00
   1.30901472E+00    5.20166828E-01   -1.17259611E+00
   1.32304420E+00    5.03952680E-01   -1.13895817E+00
   1.33722404E+00    4.88039337E-01   -1.10566325E+00
   1.35155585E+00    4.72429967E-01   -1.07274289E+00
   1.36604127E+00    4.57127270E-01   -1.04022638E+00
   1.38068193E+00    4.42133500E-01   -1.00814081E+00
   1.39547951E+00    4.27450473E-01   -9.76511134E-01
   1.41043568E+00    4.13079578E-01   -9.45360212E-01
   1.42555215E+00    3.99021796E-01   -9.14708905E-01
   1.44083062E+00    3.85277709E-01   -8.84576113E-01
   1.45627285E+00    3.71847514E-01   -8.54978849E-01
   1.47188058E+00    3.58731039E-01   -8.25932300E-01
   1.48765559E+00    3.45927756E-01   -7.97449894E-01
   1.50359966E+00    3.33436793E-01   -7.69543370E-01
   1.51971462E+00    3.21256953E-01   -7.42222842E-01
   1.53600229E+00    3.09386721E-01   -7.15496865E-01
   1.55246453E+00    2.97824287E-01   -6.89372506E-01
   1.56910320E+00    2.86567552E-01   -6.63855412E-01
   1.58592020E+00    2.75614146E-01   -6.38949872E-01
   1.60291743E+00    2.64961443E-01   -6.14658887E-01
   1.62009684E+00    2.54606572E-01   -5.90984241E-01
   1.63746037E+00    2.44546431E-01   -5.67926557E-01
   1.65500999E+00    2.34777702E-01   -5.45485365E-01
   1.67274770E+00    2.25296865E-01   -5.23659167E-01
   1.69067552E+00    2.16100207E-01   -5.02445496E-01
   1.70879548E+00    2.07183840E-01   -4.81840977E-01
   1.72710964E+00    1.98543709E-01   -4.61841387E-01
   1.74562009E+00    1.90175608E-01   -4.42441709E-01
   1.76432892E+00    1.82075188E-01   -4.23636190E-01
   1.78323827E+00    1.74237975E-01   -4.05418395E-01
   1.80235027E+00    1.66659373E-01   -3.87781253E-01
   1.82166712E+00    1.59334685E-01   -3.70717117E-01
   1.84119099E+00    1.52259114E-01   -3.54217802E-01
   1.86092411E+00    1.45427782E-01   -3.38274638E-01
   1.88086873E+00    1.38835734E-01   -3.22878511E-01
   1.90102710E+00    1.32477952E-01   -3.08019906E-01
   1.92140152E+00    1.26349364E-01   -2.93688955E-01
   1.94199431E+00    1.20444851E-01   -2.79875461E-01
   1.96280780E+00    1.14759260E-01   -2.66568950E-01
   1.98384436E+00    1.09287407E-01   -2.53758698E-01
   2.00510638E+00    1.04024094E-01   -2.41433771E-01
   2.02659628E+00    9.89641068E-02   -2.29583054E-01
   2.04831650E+00    9.41022326E-02   -2.18195283E-01
   2.07026951E+00    8.94332595E-02   -2.07259070E-01
   2.09245780E+00    8.49519909E-02   -1.96762944E-01
   2.11488390E+00    8.06532452E-02   -1.86695361E-01
   2.13755034E+00    7.65318674E-02   -1.77044739E-01
   2.16045972E+00    7.25827353E-02   -1.67799483E-01
   2.18361464E+00    6.88007608E-02   -1.58948000E-01
   2.20701771E+00    6.51809026E-02   -1.50478728E-01
   2.23067162E+00    6.17181648E-02   -1.42380152E-01
   2.25457903E+00    5.84076056E-02   -1.34640820E-01
   2.27874267E+00    5.52443429E-02   -1.27249370E-01
   2.30316529E+00    5.22235554E-02   -1.20194536E-01
   2.32784967E+00    4.93404893E-02   -1.13465169E-01
   2.35279859E+00    4.65904623E-02   -1.07050253E-01
   2.37801492E+00    4.39688652E-02   -1.00938911E-01
   2.40350149E+00    4.14711661E-02   -9.51204234E-02
   2.42926123E+00    3.90929167E-02   -8.95842419E-02
   2.45529704E+00    3.68297477E-02   -8.43199865E-02
   2.48161190E+00    3.46773798E-02   -7.93174725E-02
   2.50820879E+00    3.26316190E-02   -7.45667038E-02
   2.53509073E+00    3.06883629E-02   -7.00578900E-02
   2.56226078E+00    2.88435957E-02   -6.57814363E-02
   2.58972203E+00    2.70934148E-02   -6.17280114E-02
   2.61747760E+00    2.54339823E-02   -5.78884318E-02
   2.64553064E+00    2.38615765E-02   -5.42537872E-02
   2.67388435E+00    2.23725668E-02   -5.08153828E-02
   2.70254193E+00    2.09634194E-02   -4.75647534E-02
   2.73150666E+00    1.96306984E-02   -4.44936681E-02
   2.76078181E+00    1.83710660E-02   -4.15941314E-02
   2.79037073E+00    1.71812812E-02   -3.88583815E-02
   2.82027677E+00    1.60582006E-02   -3.62788924E-02
   2.85050332E+00    1.49987794E-02   -3.38483770E-02
   2.88105384E+00    1.40000673E-02   -3.15597794E-02
   2.91193178E+00    1.30592123E-02   -2.94062816E-02
   2.94314066E+00    1.21734560E-02   -2.73812956E-02
   2.97468402E+00    1.13401349E-02   -2.54784639E-02
   3.00656545E+00    1.05566789E-02   -2.36916585E-02
   3.03878858E+00    9.82060925E-03   -2.20149749E-02
   3.07135705E+00    9.12953962E-03   -2.04427344E-02
   3.10427459E+00    8.48117066E-03   -1.89694715E-02
   3.13754492E+00    7.87329238E-03   -1.75899398E-02
   3.17117182E+00    7.30378077E-03   -1.62991029E-02
   3.20515913E+00    6.77059634E-03   -1.50921313E-02
   3.23951070E+00    6.27178247E-03   -1.39643982E-02
   3.27423043E+00    5.80546358E-03   -1.29114744E-02
   3.30932228E+00    5.36984333E-03   -1.19291244E-02
   3.34479022E+00    4.96320263E-03   -1.10133007E-02
   3.38063830E+00    4.58389769E-03   -1.01601391E-02
   3.41687058E+00    4.23035858E-03   -9.36595482E-03
   3.45349118E+00    3.90108600E-03   -8.62723461E-03
   3.49050427E+00    3.59465035E-03   -7.94063402E-03
   3.52791405E+00    3.30968933E-03   -7.30297132E-03
   3.56572477E+00    3.04490583E-03   -6.71122218E-03
   3.60394073E+00    2.79906599E-03   -6.16251472E-03
   3.64256628E+00    2.57099688E-03   -5.65412355E-03
   3.68160579E+00    2.35958477E-03   -5.18346539E-03
   3.72106372E+00    2.16377283E-03   -4.74809329E-03
   3.76094454E+00    1.98255920E-03   -4.34569165E-03
   3.80125279E+00    1.81499485E-03   -3.97407090E-03
   3.84199304E+00    1.66018176E-03   -3.63116291E-03
   3.88316993E+00    1.51727087E-03   -3.31501580E-03
   3.92478814E+00    1.38546019E-03   -3.02378921E-03
   3.96685239E+00    1.26399255E-03   -2.75574880E-03
   4.00936747E+00    1.15215424E-03   -2.50926274E-03
   4.05233821E+00    1.04927276E-03   -2.28279611E-03
   4.09576949E+00    9.54715190E-04   -2.07490706E-03
   4.13966625E+00    8.67886326E-04   -1.88424200E-03
   4.18403348E+00    7.88227112E-04   -1.70953188E-03
   4.22887622E+00    7.15212592E-04   -1.54958715E-03
   4.27419956E+00    6.48350809E-04   -1.40329504E-03
   4.32000866E+00    5.87180669E-04   -1.26961443E-03
   4.36630873E+00    5.31270824E-04   -1.14757309E-03
   4.41310502E+00    4.80217853E-04   -1.03626329E-03
   4.46040285E+00    4.33645102E-04   -9.34839035E-04
   4.50820760E+00    3.91200838E-04   -8.42511648E-04
   4.55652470E+00    3.52557341E-04   -7.58547554E-04
   4.60535964E+00    3.17409684E-04   -6.82265365E-04
   4.65471798E+00    2.85473601E-04   -6.13030908E-04
   4.70460532E+00    2.56485427E-04   -5.50256970E-04
   4.75502733E+00    2.30200128E-04   -4.93398718E-04
   4.80598975E+00    2.06390545E-04   -4.41951893E-04
   4.85749835E+00    1.84846261E-04   -3.95450155E-04
   4.90955901E+00    1.65372443E-04   -3.53462393E-04
   4.96217763E+00    1.47789104E-04   -3.15590972E-04
   5.01536019E+00    1.31929974E-04   -2.81469138E-04
   5.06911275E+00    1.17641694E-04   -2.50759139E-04
   5.12344140E+00    1.04782963E-04   -2.23150251E-04
   5.17835232E+00    9.32237629E-05   -1.98356994E-04
   5.23385176E+00    8.28445361E-05   -1.76117250E-04
   5.28994601E+00    7.35355252E-05   -1.56190737E-04
   5.34664146E+00    6.51960536E-05   -1.38357376E-04
   5.40394455E+00    5.77338851E-05   -1.22415826E-04
   5.46186179E+00    5.10646538E-05   -1.08182188E-04
   5.52039976E+00    4.51111966E-05   -9.54884987E-05
   5.57956512E+00    3.98031434E-05   -8.41817924E-05
   5.63936459E+00    3.50763049E-05   -7.41227294E-05
   5.69980496E+00    3.08722421E-05   -6.51846233E-05
   5.76089311E+00    2.71377881E-05   -5.72523692E-05
   5.82263598E+00    2.38246921E-05   -5.02216431E-05
   5.88504058E+00    2.08890440E-05   -4.39976275E-05
   5.94811401E+00    1.82914579E-05   -3.84953875E-05
   6.01186343E+00    1.59957649E-05   -3.36370164E-05
   6.07629609E+00    1.39696123E-05   -2.93529192E-05
   6.14141932E+00    1.21837314E-05   -2.55802114E-05
   6.20724051E+00    1.06117442E-05   -2.22622878E-05
   6.27376714E+00    9.22992541E-06   -1.93482969E-05
   6.34100678E+00    8.01691614E-06   -1.67925125E-05
   6.40896706E+00    6.95358129E-06   -1.45540180E-05
   6.47765571E+00    6.02275572E-06   -1.25961510E-05
   6.54708055E+00    5.20907886E-06   -1.08861409E-05
   6.61724944E+00    4.49882692E-06   -9.39474205E-06
   6.68817038E+00    3.87974942E-06   -8.09587745E-06
   6.75985142E+00    3.34093083E-06   -6.96633726E-06
   6.83230071E+00    2.87265923E-06   -5.98549336E-06
   6.90552648E+00    2.46630291E-06   -5.13503162E-06
   6.97953705E+00    2.11421020E-06   -4.39873460E-06
   7.05434084E+00    1.80959689E-06   -3.76223843E-06
   7.12994634E+00    1.54646843E-06   -3.21286439E-06
   7.20636215E+00    1.31952601E-06   -2.73941671E-06
   7.28359696E+00    1.12410250E-06   -2.33204435E-06
   7.36165953E+00    9.56089860E-07   -1.98208510E-06
   7.44055875E+00    8.11871245E-07   -1.68191997E-06
   7.52030358E+00    6.88279788E-07   -1.42488452E-06
   7.60090308E+00    5.82538358E-07   -1.20514011E-06
   7.68236641E+00    4.92219572E-07   -1.01758839E-06
   7.76470283E+00    4.15201745E-07   -8.57777267E-07
   7.84792170E+00    3.49638620E-07   -7.21836319E-07
   7.93203247E+00    2.93920587E-07   -6.06394339E-07
   8.01704471E+00    2.46652162E-07   -5.08531331E-07
   8.10296808E+00    2.06621088E-07   -4.25712998E-07
   8.18981233E+00    1.72779526E-07   -3.55750779E-07
   8.27758735E+00    1.44221308E-07   -2.96753706E-07
   8.36630310E+00    1.20164954E-07   -2.47092470E-07
   8.45596967E+00    9.99375653E-08   -2.05365378E-07
   8.54659726E+00    8.29611217E-08   -1.70369433E-07
   8.63819614E+00    6.87396100E-08   -1.41073210E-07
   8.73077675E+00    5.68481997E-08   -1.16594061E-07
   8.82434960E+00    4.69240469E-08   -9.61787703E-08
   8.91892533E+00    3.86575858E-08   -7.91852612E-08
   9.01451467E+00    3.17852231E-08   -6.50672673E-08
   9.11112851E+00    2.60830452E-08   -5.33611392E-08
   9.20877781E+00    2.13611705E-08   -4.36740192E-08
   9.30747368E+00    1.74588796E-08   -3.56736565E-08
   9.40722733E+00    1.42404324E-08   -2.90796650E-08
   9.50805009E+00    1.15913597E-08   -2.36557858E-08
   9.60995343E+00    9.41549580E-09   -1.92036953E-08
   9.71294893E+00    7.63201796E-09   -1.55568424E-08
   9.81704830E+00    6.17324217E-09   -1.25758596E-08
   9.92226336E+00    4.98258407E-09   -1.01443245E-08
   1.00286061E+01    4.01283434E-09   -8.16517838E-09
   1.01360885E+01    3.22477176E-09   -6.55784677E-09
   1.02447229E+01    2.58573448E-09   -5.25528040E-09
   1.03545216E+01    2.06869682E-09   -4.20204171E-09
   1.04654971E+01    1.65130324E-09   -3.35230675E-09
   1.05776619E+01    1.31511287E-09   -2.66830341E-09
   1.06910289E+01    1.04494941E-09   -2.11896891E-09
   1.08056110E+01    8.28351007E-10   -1.67881465E-09
   1.09214210E+01    6.55099077E-10   -1.32695510E-09
   1.10384723E+01    5.16852763E-10   -1.04635462E-09
   1.11567781E+01    4.06798375E-10   -8.23106379E-10
   1.12763518E+01    3.19399231E-10   -6.45917765E-10
   1.13972071E+01    2.50160448E-10   -5.05627296E-10
   1.15193576E+01    1.95443858E-10   -3.94824684E-10
   1.16428173E+01    1.52312457E-10   -3.07531799E-10
   1.17676002E+01    1.18397345E-10   -2.38930061E-10
   1.18937205E+01    9.17989687E-11   -1.85158147E-10
   1.20211924E+01    7.09914162E-11   -1.43116259E-10
   1.21500306E+01    5.47562934E-11   -1.10330914E-10
   1.22802496E+01    4.21220418E-11   -8.48309928E-11
   1.24118642E+01    3.23163839E-11   -6.50506745E-11
   1.25448894E+01    2.47262281E-11   -4.97476702E-11
   1.26793404E+01    1.88672604E-11   -3.79412407E-11
   1.28152323E+01    1.43568310E-11   -2.88569894E-11
   1.29525806E+01    1.08941294E-11   -2.18865164E-11
   1.30914010E+01    8.24327772E-12   -1.65530365E-11
   1.32317093E+01    6.21966650E-12   -1.24836162E-11
   1.33735212E+01    4.67930014E-12   -9.38753835E-12
   1.35168531E+01    3.51014541E-12   -7.03874714E-12
   1.36617211E+01    2.62540310E-12   -5.26220390E-12
   1.38081418E+01    1.95780593E-12   -3.92233471E-12
   1.39561317E+01    1.45557733E-12   -2.91484567E-12
   1.41057078E+01    1.07889577E-12   -2.15956844E-12
   1.42568869E+01    7.97218928E-13   -1.59504940E-12
   1.44096863E+01    5.87260908E-13   -1.17446115E-12
   1.45641234E+01    4.31246568E-13   -8.62077244E-13
   1.47202156E+01    3.15659895E-13   -6.30746276E-13
   1.48779808E+01    2.30342458E-13   -4.60072490E-13
   1.50374368E+01    1.67523383E-13   -3.34461632E-13
   1.51986018E+01    1.21435463E-13   -2.42346560E-13
   1.53614942E+01    8.77335277E-14   -1.75016594E-13
   1.55261323E+01    6.31854167E-14   -1.25995520E-13
   1.56925350E+01    4.53431199E-14   -9.03806912E-14
   1.58607210E+01    3.24233650E-14   -6.46025921E-14
   1.60307097E+01    2.31157304E-14   -4.60394303E-14
   1.62025202E+01    1.64158006E-14   -3.26825433E-14
   1.63761721E+01    1.16171373E-14   -2.31199223E-14
   1.65516851E+01    8.19044496E-15   -1.62940736E-14
   1.67290792E+01    5.75789018E-15   -1.14504958E-14
   1.69083746E+01    4.03068643E-15   -8.01271190E-15
   1.70895915E+01    2.81114538E-15   -5.58634076E-15
   1.72727507E+01    1.95397540E-15   -3.88160446E-15
   1.74578729E+01    1.35314484E-15   -2.68710124E-15
   1.76449791E+01    9.33196282E-16   -1.85249436E-15
   1.78340907E+01    6.37548159E-16   -1.26512150E-15
   1.80252291E+01    4.34871329E-16   -8.62622013E-16
   1.82184160E+01    2.98740856E-16   -5.92406702E-16
   1.84136735E+01    2.03337722E-16   -4.03094733E-16
   1.86110236E+01    1.36651262E-16   -2.70800837E-16
   1.88104889E+01    9.19680798E-17   -1.82189140E-16
   1.90120919E+01    6.21307495E-17   -1.23041838E-16
   1.92158556E+01    4.13955013E-17   -8.19502925E-17
   1.94218032E+01    2.74478338E-17   -5.43199940E-17
   1.96299580E+01    1.82660480E-17   -3.61385381E-17
   1.98403438E+01    1.19682107E-17   -2.36711641E-17
   2.00529844E+01    7.75040297E-18   -1.53236893E-17
   2.02679040E+01    5.07809321E-18   -1.00369552E-17
   2.04851270E+01    3.38002513E-18   -6.67903749E-18
   2.07046781E+01    2.19786603E-18   -4.34183027E-18
   2.09265822E+01    1.39865718E-18   -2.76209737E-18
   2.11508647E+01    8.91072217E-19    0.00000000E+00
   2.13775509E+01    5.77371010E-19    0.00000000E+00
   2.16066666E+01    3.65560444E-19    0.00000000E+00
   2.18382379E+01    2.22472440E-19    0.00000000E+00
   2.20722911E+01    1.33823076E-19    0.00000000E+00
   2.23088528E+01    8.43235254E-20    0.00000000E+00
   2.25479498E+01    5.76240683E-20    0.00000000E+00
   2.27896094E+01    3.93815120E-20    0.00000000E+00
   2.30338590E+01    2.60906067E-20    0.00000000E+00
   2.32807264E+01    1.67987673E-20    0.00000000E+00
   2.35302396E+01    1.04852402E-20    0.00000000E+00
   2.37824269E+01    0.00000000E+00    0.00000000E+00
   2.40373171E+01    0.00000000E+00    0.00000000E+00
   2.42949391E+01    0.00000000E+00    0.00000000E+00
   2.45553222E+01    0.00000000E+00    0.00000000E+00
   2.48184960E+01    0.00000000E+00    0.00000000E+00
   2.50844904E+01    0.00000000E+00    0.00000000E+00
   2.53533355E+01    0.00000000E+00    0.00000000E+00
   2.56250621E+01    0.00000000E+00    0.00000000E+00
   2.58997009E+01    0.00000000E+00    0.00000000E+00
   2.61772831E+01    0.00000000E+00    0.00000000E+00
   2.64578404E+01    0.00000000E+00    0.00000000E+00
   2.67414046E+01    0.00000000E+00    0.00000000E+00
   2.70280079E+01    0.00000000E+00    0.00000000E+00
   2.73176829E+01    0.00000000E+00    0.00000000E+00
   2.76104625E+01    0.00000000E+00    0.00000000E+00
   2.79063800E+01    0.00000000E+00    0.00000000E+00
   2.82054690E+01    0.00000000E+00    0.00000000E+00
   2.85077636E+01    0.00000000E+00    0.00000000E+00
   2.88132980E+01    0.00000000E+00    0.00000000E+00
   2.91221070E+01    0.00000000E+00    0.00000000E+00
   2.94342256E+01    0.00000000E+00    0.00000000E+00
   2.97496895E+01    0.00000000E+00    0.00000000E+00
   3.00685343E+01    0.00000000E+00    0.00000000E+00
   3.03907964E+01    0.00000000E+00    0.00000000E+00
   3.07165124E+01    0.00000000E+00    0.00000000E+00
   3.10457193E+01    0.00000000E+00    0.00000000E+00
   3.13784544E+01    0.00000000E+00    0.00000000E+00
   3.17147557E+01    0.00000000E+00    0.00000000E+00
   3.20546613E+01    0.00000000E+00    0.00000000E+00
   3.23982099E+01    0.00000000E+00    0.00000000E+00
   3.27454405E+01    0.00000000E+00    0.00000000E+00
   3.30963926E+01    0.00000000E+00    0.00000000E+00
   3.34511060E+01    0.00000000E+00    0.00000000E+00
   3.38096211E+01    0.00000000E+00    0.00000000E+00
   3.41719786E+01    0.00000000E+00    0.00000000E+00
   3.45382197E+01    0.00000000E+00    0.00000000E+00
   3.49083860E+01    0.00000000E+00    0.00000000E+00
   3.52825197E+01    0.00000000E+00    0.00000000E+00
   3.56606631E+01    0.00000000E+00    0.00000000E+00
   3.60428593E+01    0.00000000E+00    0.00000000E+00
   3.64291518E+01    0.00000000E+00    0.00000000E+00
   3.68195843E+01    0.00000000E+00    0.00000000E+00
   3.72142014E+01    0.00000000E+00    0.00000000E+00
   3.76130478E+01    0.00000000E+00    0.00000000E+00
   3.80161688E+01    0.00000000E+00    0.00000000E+00
   3.84236104E+01    0.00000000E+00    0.00000000E+00
   3.88354187E+01    0.00000000E+00    0.00000000E+00
   3.92516407E+01    0.00000000E+00    0.00000000E+00
   3.96723235E+01    0.00000000E+00    0.00000000E+00
   4.00975150E+01    0.00000000E+00    0.00000000E+00
   4.05272636E+01    0.00000000E+00    0.00000000E+00
   4.09616180E+01    0.00000000E+00    0.00000000E+00
   4.14006277E+01    0.00000000E+00    0.00000000E+00
   4.18443424E+01    0.00000000E+00    0.00000000E+00
   4.22928128E+01    0.00000000E+00    0.00000000E+00
   4.27460896E+01    0.00000000E+00    0.00000000E+00
   4.32042245E+01    0.00000000E+00    0.00000000E+00
   4.36672695E+01    0.00000000E+00    0.00000000E+00
   4.41352772E+01    0.00000000E+00    0.00000000E+00
   4.46083008E+01    0.00000000E+00    0.00000000E+00
   4.50863941E+01    0.00000000E+00    0.00000000E+00
   4.55696114E+01    0.00000000E+00    0.00000000E+00
   4.60580076E+01    0.00000000E+00    0.00000000E+00
   4.65516383E+01    0.00000000E+00    0.00000000E+00
   4.70505595E+01    0.00000000E+00    0.00000000E+00
   4.75548279E+01    0.00000000E+00    0.00000000E+00
   4.80645008E+01    0.00000000E+00    0.00000000E+00
   4.85796362E+01    0.00000000E+00    0.00000000E+00
   4.91002927E+01    0.00000000E+00    0.00000000E+00
   4.96265293E+01    0.00000000E+00    0.00000000E+00
   5.01584058E+01    0.00000000E+00    0.00000000E+00
   5.06959829E+01    0.00000000E+00    0.00000000E+00
   5.12393214E+01    0.00000000E+00    0.00000000E+00
   5.17884832E+01    0.00000000E+00    0.00000000E+00
   5.23435308E+01    0.00000000E+00    0.00000000E+00
   5.29045270E+01    0.00000000E+00    0.00000000E+00
   5.34715358E+01    0.00000000E+00    0.00000000E+00
   5.40446216E+01    0.00000000E+00    0.00000000E+00
   5.46238495E+01    0.00000000E+00    0.00000000E+00
   5.52092853E+01    0.00000000E+00    0.00000000E+00
   5.58009955E+01    0.00000000E+00    0.00000000E+00
   5.63990475E+01    0.00000000E+00    0.00000000E+00
   5.70035091E+01    0.00000000E+00    0.00000000E+00
   5.76144491E+01    0.00000000E+00    0.00000000E+00
   5.82319369E+01    0.00000000E+00    0.00000000E+00
   5.88560427E+01    0.00000000E+00    0.00000000E+00
   5.94868374E+01    0.00000000E+00    0.00000000E+00
   6.01243927E+01    0.00000000E+00    0.00000000E+00
   6.07687810E+01    0.00000000E+00    0.00000000E+00
   6.14200757E+01    0.00000000E+00    0.00000000E+00
   6.20783506E+01    0.00000000E+00    0.00000000E+00
   6.27436806E+01    0.00000000E+00    0.00000000E+00
   6.34161414E+01    0.00000000E+00    0.00000000E+00
   6.40958094E+01    0.00000000E+00    0.00000000E+00
   6.47827617E+01    0.00000000E+00    0.00000000E+00
   6.54770765E+01    0.00000000E+00    0.00000000E+00
   6.61788327E+01    0.00000000E+00    0.00000000E+00
   6.68881100E+01    0.00000000E+00    0.00000000E+00
   6.76049891E+01    0.00000000E+00    0.00000000E+00
   6.83295513E+01    0.00000000E+00    0.00000000E+00
   6.90618792E+01    0.00000000E+00    0.00000000E+00
   6.98020558E+01    0.00000000E+00    0.00000000E+00
   7.05501653E+01    0.00000000E+00    0.00000000E+00
   7.13062928E+01    0.00000000E+00    0.00000000E+00
   7.20705241E+01    0.00000000E+00    0.00000000E+00
   7.28429461E+01    0.00000000E+00    0.00000000E+00
   7.36236466E+01    0.00000000E+00    0.00000000E+00
   7.44127144E+01    0.00000000E+00    0.00000000E+00
   7.52102390E+01    0.00000000E+00    0.00000000E+00
   7.60163112E+01    0.00000000E+00    0.00000000E+00
   7.68310226E+01    0.00000000E+00    0.00000000E+00
   7.76544656E+01    0.00000000E+00    0.00000000E+00
   7.84867340E+01    0.00000000E+00    0.00000000E+00
   7.93279224E+01    0.00000000E+00    0.00000000E+00
   8.01781262E+01    0.00000000E+00    0.00000000E+00
   8.10374421E+01    0.00000000E+00    0.00000000E+00
   8.19059679E+01    0.00000000E+00    0.00000000E+00
   8.27838021E+01    0.00000000E+00    0.00000000E+00
   8.36710446E+01    0.00000000E+00    0.00000000E+00
   8.45677962E+01    0.00000000E+00    0.00000000E+00
   8.54741588E+01    0.00000000E+00    0.00000000E+00
   8.63902354E+01    0.00000000E+00    0.00000000E+00
   8.73161302E+01    0.00000000E+00    0.00000000E+00
   8.82519483E+01    0.00000000E+00    0.00000000E+00
   8.91977962E+01    0.00000000E+00    0.00000000E+00
   9.01537812E+01    0.00000000E+00    0.00000000E+00
   9.11200121E+01    0.00000000E+00    0.00000000E+00
   9.20965986E+01    0.00000000E+00    0.00000000E+00
   9.30836518E+01    0.00000000E+00    0.00000000E+00
   9.40812839E+01    0.00000000E+00    0.00000000E+00
   9.50896081E+01    0.00000000E+00    0.00000000E+00
   9.61087391E+01    0.00000000E+00    0.00000000E+00
   9.71387928E+01    0.00000000E+00    0.00000000E+00
   9.81798861E+01    0.00000000E+00    0.00000000E+00
   9.92321375E+01    0.00000000E+00    0.00000000E+00
   1.00295666E+02    0.00000000E+00    0.00000000E+00
   1.01370594E+02    0.00000000E+00    0.00000000E+00
   1.02457042E+02    0.00000000E+00    0.00000000E+00
   1.03555134E+02    0.00000000E+00    0.00000000E+00
   1.04664995E+02    0.00000000E+00    0.00000000E+00
   1.05786751E+02    0.00000000E+00    0.00000000E+00
   1.06920530E+02    0.00000000E+00    0.00000000E+00
   1.08066460E+02    0.00000000E+00    0.00000000E+00
   1.09224671E+02    0.00000000E+00    0.00000000E+00
   1.10395296E+02    0.00000000E+00    0.00000000E+00
   1.11578467E+02    0.00000000E+00    0.00000000E+00
   1.12774319E+02    0.00000000E+00    0.00000000E+00
   1.13982987E+02    0.00000000E+00    0.00000000E+00
   1.15204610E+02    0.00000000E+00    0.00000000E+00
   1.16439325E+02    0.00000000E+00    0.00000000E+00
   1.17687274E+02    0.00000000E+00    0.00000000E+00
   1.18948597E+02    0.00000000E+00    0.00000000E+00
   1.20223439E+02    0.00000000E+00    0.00000000E+00
   1.21511944E+02    0.00000000E+00    0.00000000E+00
   1.22814258E+02    0.00000000E+00    0.00000000E+00
   1.24130531E+02    0.00000000E+00    0.00000000E+00
   1.25460910E+02    0.00000000E+00    0.00000000E+00
   1.26805549E+02    0.00000000E+00    0.00000000E+00
   1.28164598E+02    0.00000000E+00    0.00000000E+00
   1.29538213E+02    0.00000000E+00    0.00000000E+00
   1.30926550E+02    0.00000000E+00    0.00000000E+00
   1.32329766E+02    0.00000000E+00    0.00000000E+00
   1.33748022E+02    0.00000000E+00    0.00000000E+00
   1.35181478E+02    0.00000000E+00    0.00000000E+00
   1.36630297E+02    0.00000000E+00    0.00000000E+00
   1.38094644E+02    0.00000000E+00    0.00000000E+00
   1.39574685E+02    0.00000000E+00    0.00000000E+00
   1.41070589E+02    0.00000000E+00    0.00000000E+00
   1.42582525E+02    0.00000000E+00    0.00000000E+00
   1.44110665E+02    0.00000000E+00    0.00000000E+00
   1.45655184E+02    0.00000000E+00    0.00000000E+00
   1.47216256E+02    0.00000000E+00    0.00000000E+00
   1.48794059E+02    0.00000000E+00    0.00000000E+00
   1.50388772E+02    0.00000000E+00    0.00000000E+00
   1.52000576E+02    0.00000000E+00    0.00000000E+00
   1.53629656E+02    0.00000000E+00    0.00000000E+00
   1.55276195E+02    0.00000000E+00    0.00000000E+00
   1.56940380E+02    0.00000000E+00    0.00000000E+00
   1.58622402E+02    0.00000000E+00    0.00000000E+00
   1.60322452E+02    0.00000000E+00    0.00000000E+00
   1.62040721E+02    0.00000000E+00    0.00000000E+00
   1.63777407E+02    0.00000000E+00    0.00000000E+00
   1.65532705E+02    0.00000000E+00    0.00000000E+00
   1.67306816E+02    0.00000000E+00    0.00000000E+00
   1.69099941E+02    0.00000000E+00    0.00000000E+00
   1.70912284E+02    0.00000000E+00    0.00000000E+00
   1.72744051E+02    0.00000000E+00    0.00000000E+00
   1.74595451E+02    0.00000000E+00    0.00000000E+00
   1.76466692E+02    0.00000000E+00    0.00000000E+00
   1.78357989E+02    0.00000000E+00    0.00000000E+00
   1.80269556E+02    0.00000000E+00    0.00000000E+00
   1.82201611E+02    0.00000000E+00    0.00000000E+00
   1.84154372E+02    0.00000000E+00    0.00000000E+00
   1.86128062E+02    0.00000000E+00    0.00000000E+00
   1.88122906E+02    0.00000000E+00    0.00000000E+00
   1.90139129E+02    0.00000000E+00    0.00000000E+00
   1.92176962E+02    0.00000000E+00    0.00000000E+00
   1.94236635E+02    0.00000000E+00    0.00000000E+00
   1.96318383E+02    0.00000000E+00    0.00000000E+00
   1.98422442E+02    0.00000000E+00    0.00000000E+00
   2.00549051E+02    0.00000000E+00    0.00000000E+00
   2.02698453E+02    0.00000000E+00    0.00000000E+00
   2.04870891E+02    0.00000000E+00    0.00000000E+00
   2.07066612E+02    0.00000000E+00    0.00000000E+00
   2.09285867E+02    0.00000000E+00    0.00000000E+00
   2.11528906E+02    0.00000000E+00    0.00000000E+00
   2.13795985E+02    0.00000000E+00    0.00000000E+00
   2.16087362E+02    0.00000000E+00    0.00000000E+00
   2.18403297E+02    0.00000000E+00    0.00000000E+00
