# Peaks:     0.289882  
   6.70820376E-05    3.79350137E-05    9.27021945E-01
   6.79216690E-05    3.87271363E-05    9.34697550E-01
   6.87718095E-05    3.95302320E-05    9.42324552E-01
   6.96325908E-05    4.03455592E-05    9.49926331E-01
   7.05041461E-05    4.11744616E-05    9.57526883E-01
   7.13866102E-05    4.20183731E-05    9.65150844E-01
   7.22801196E-05    4.28788222E-05    9.72823508E-01
   7.31848127E-05    4.37574369E-05    9.80570854E-01
   7.41008293E-05    4.46558148E-05    9.88416952E-01
   7.50283112E-05    4.55745482E-05    9.96365374E-01
   7.59674019E-05    4.65137079E-05    1.00440950E+00
   7.69182468E-05    4.74733417E-05    1.01254242E+00
   7.78809929E-05    4.84534760E-05    1.02075704E+00
   7.88557892E-05    4.94541150E-05    1.02904602E+00
   7.98427865E-05    5.04752390E-05    1.03740179E+00
   8.08421375E-05    5.15169529E-05    1.04581924E+00
   8.18539969E-05    5.25797452E-05    1.05430019E+00
   8.28785213E-05    5.36641838E-05    1.06284765E+00
   8.39158690E-05    5.47708550E-05    1.07146468E+00
   8.49662007E-05    5.59003644E-05    1.08015439E+00
   8.60296789E-05    5.70533378E-05    1.08891996E+00
   8.71064681E-05    5.82303871E-05    1.09776407E+00
   8.81967349E-05    5.94320122E-05    1.10668731E+00
   8.93006480E-05    6.06586910E-05    1.11568976E+00
   9.04183783E-05    6.19109085E-05    1.12477147E+00
   9.15500985E-05    6.31891571E-05    1.13393246E+00
   9.26959840E-05    6.44939368E-05    1.14317271E+00
   9.38562119E-05    6.58257643E-05    1.15249234E+00
   9.50309618E-05    6.71852084E-05    1.16189216E+00
   9.62204154E-05    6.85728614E-05    1.17137313E+00
   9.74247568E-05    6.99893283E-05    1.18093624E+00
   9.86441723E-05    7.14352268E-05    1.19058246E+00
   9.98788506E-05    7.29111876E-05    1.20031276E+00
   1.01128983E-04    7.44178525E-05    1.21012808E+00
   1.02394762E-04    7.59558677E-05    1.22002926E+00
   1.03676385E-04    7.75258902E-05    1.23001710E+00
   1.04974049E-04    7.91285897E-05    1.24009238E+00
   1.06287955E-04    8.07646492E-05    1.25025590E+00
   1.07618306E-04    8.24347650E-05    1.26050841E+00
   1.08965309E-04    8.41396491E-05    1.27085071E+00
   1.10329172E-04    8.58800349E-05    1.28128370E+00
   1.11710105E-04    8.76566725E-05    1.29180833E+00
   1.13108323E-04    8.94703271E-05    1.30242550E+00
   1.14524042E-04    9.13217795E-05    1.31313614E+00
   1.15957480E-04    9.32118260E-05    1.32394115E+00
   1.17408860E-04    9.51412797E-05    1.33484144E+00
   1.18878407E-04    9.71109735E-05    1.34583800E+00
   1.20366346E-04    9.91217575E-05    1.35693179E+00
   1.21872910E-04    1.01174499E-04    1.36812379E+00
   1.23398330E-04    1.03270083E-04    1.37941496E+00
   1.24942844E-04    1.05409412E-04    1.39080625E+00
   1.26506689E-04    1.07593408E-04    1.40229863E+00
   1.28090108E-04    1.09823018E-04    1.41389315E+00
   1.29693346E-04    1.12099208E-04    1.42559088E+00
   1.31316651E-04    1.14422962E-04    1.43739285E+00
   1.32960274E-04    1.16795287E-04    1.44930010E+00
   1.34624469E-04    1.19217208E-04    1.46131366E+00
   1.36309494E-04    1.21689774E-04    1.47343458E+00
   1.38015610E-04    1.24214061E-04    1.48566400E+00
   1.39743080E-04    1.26791165E-04    1.49800305E+00
   1.41492172E-04    1.29422206E-04    1.51045285E+00
   1.43263157E-04    1.32108327E-04    1.52301450E+00
   1.45056308E-04    1.34850693E-04    1.53568911E+00
   1.46871903E-04    1.37650497E-04    1.54847782E+00
   1.48710223E-04    1.40508960E-04    1.56138186E+00
   1.50571553E-04    1.43427331E-04    1.57440243E+00
   1.52456179E-04    1.46406881E-04    1.58754073E+00
   1.54364395E-04    1.49448909E-04    1.60079795E+00
   1.56296494E-04    1.52554740E-04    1.61417527E+00
   1.58252777E-04    1.55725732E-04    1.62767395E+00
   1.60233545E-04    1.58963274E-04    1.64129529E+00
   1.62239106E-04    1.62268784E-04    1.65504060E+00
   1.64269770E-04    1.65643708E-04    1.66891114E+00
   1.66325850E-04    1.69089522E-04    1.68290820E+00
   1.68407665E-04    1.72607735E-04    1.69703304E+00
   1.70515537E-04    1.76199892E-04    1.71128705E+00
   1.72649792E-04    1.79867572E-04    1.72567162E+00
   1.74810760E-04    1.83612389E-04    1.74018813E+00
   1.76998777E-04    1.87435988E-04    1.75483797E+00
   1.79214179E-04    1.91340048E-04    1.76962248E+00
   1.81457311E-04    1.95326285E-04    1.78454306E+00
   1.83728519E-04    1.99396460E-04    1.79960119E+00
   1.86028154E-04    2.03552369E-04    1.81479838E+00
   1.88356572E-04    2.07795848E-04    1.83013611E+00
   1.90714135E-04    2.12128768E-04    1.84561583E+00
   1.93101205E-04    2.16553040E-04    1.86123902E+00
   1.95518154E-04    2.21070621E-04    1.87700719E+00
   1.97965354E-04    2.25683514E-04    1.89292196E+00
   2.00443184E-04    2.30393766E-04    1.90898493E+00
   2.02952028E-04    2.35203463E-04    1.92519767E+00
   2.05492274E-04    2.40114737E-04    1.94156175E+00
   2.08064315E-04    2.45129763E-04    1.95807874E+00
   2.10668549E-04    2.50250775E-04    1.97475034E+00
   2.13305379E-04    2.55480051E-04    1.99157827E+00
   2.15975212E-04    2.60819922E-04    2.00856421E+00
   2.18678463E-04    2.66272765E-04    2.02570988E+00
   2.21415549E-04    2.71841005E-04    2.04301694E+00
   2.24186893E-04    2.77527126E-04    2.06048711E+00
   2.26992925E-04    2.83333670E-04    2.07812224E+00
   2.29834078E-04    2.89263236E-04    2.09592416E+00
   2.32710793E-04    2.95318477E-04    2.11389469E+00
   2.35623514E-04    3.01502099E-04    2.13203563E+00
   2.38572693E-04    3.07816869E-04    2.15034878E+00
   2.41558784E-04    3.14265619E-04    2.16883606E+00
   2.44582251E-04    3.20851249E-04    2.18749944E+00
   2.47643561E-04    3.27576718E-04    2.20634088E+00
   2.50743188E-04    3.34445051E-04    2.22536231E+00
   2.53881611E-04    3.41459331E-04    2.24456567E+00
   2.57059317E-04    3.48622714E-04    2.26395292E+00
   2.60276796E-04    3.55938435E-04    2.28352616E+00
   2.63534547E-04    3.63409797E-04    2.30328749E+00
   2.66833073E-04    3.71040176E-04    2.32323900E+00
   2.70172885E-04    3.78833017E-04    2.34338277E+00
   2.73554500E-04    3.86791838E-04    2.36372086E+00
   2.76978441E-04    3.94920244E-04    2.38425545E+00
   2.80445237E-04    4.03221926E-04    2.40498879E+00
   2.83955426E-04    4.11700651E-04    2.42592315E+00
   2.87509550E-04    4.20360268E-04    2.44706074E+00
   2.91108159E-04    4.29204706E-04    2.46840378E+00
   2.94751810E-04    4.38237983E-04    2.48995451E+00
   2.98441066E-04    4.47464219E-04    2.51171534E+00
   3.02176499E-04    4.56887622E-04    2.53368868E+00
   3.05958687E-04    4.66512491E-04    2.55587692E+00
   3.09788214E-04    4.76343217E-04    2.57828244E+00
   3.13665674E-04    4.86384285E-04    2.60090759E+00
   3.17591666E-04    4.96640290E-04    2.62375490E+00
   3.21566797E-04    5.07115935E-04    2.64682695E+00
   3.25591683E-04    5.17816025E-04    2.67012631E+00
   3.29666946E-04    5.28745464E-04    2.69365552E+00
   3.33793218E-04    5.39909263E-04    2.71741709E+00
   3.37971135E-04    5.51312552E-04    2.74141365E+00
   3.42201346E-04    5.62960585E-04    2.76564795E+00
   3.46484504E-04    5.74858731E-04    2.79012274E+00
   3.50821272E-04    5.87012473E-04    2.81484075E+00
   3.55212322E-04    5.99427414E-04    2.83980467E+00
   3.59658331E-04    6.12109281E-04    2.86501725E+00
   3.64159989E-04    6.25063942E-04    2.89048138E+00
   3.68717992E-04    6.38297401E-04    2.91620001E+00
   3.73333046E-04    6.51815790E-04    2.94217606E+00
   3.78005863E-04    6.65625372E-04    2.96841244E+00
   3.82737168E-04    6.79732549E-04    2.99491202E+00
   3.87527692E-04    6.94143877E-04    3.02167785E+00
   3.92378176E-04    7.08866069E-04    3.04871307E+00
   3.97289372E-04    7.23905983E-04    3.07602082E+00
   4.02262039E-04    7.39270625E-04    3.10360419E+00
   4.07296945E-04    7.54967154E-04    3.13146625E+00
   4.12394871E-04    7.71002897E-04    3.15961018E+00
   4.17556606E-04    7.87385360E-04    3.18803933E+00
   4.22782947E-04    8.04122216E-04    3.21675704E+00
   4.28074703E-04    8.21221304E-04    3.24576664E+00
   4.33432694E-04    8.38690635E-04    3.27507140E+00
   4.38857748E-04    8.56538398E-04    3.30467464E+00
   4.44350704E-04    8.74772990E-04    3.33457991E+00
   4.49912413E-04    8.93402996E-04    3.36479079E+00
   4.55543735E-04    9.12437190E-04    3.39531081E+00
   4.61245541E-04    9.31884537E-04    3.42614348E+00
   4.67018714E-04    9.51754199E-04    3.45729232E+00
   4.72864147E-04    9.72055569E-04    3.48876103E+00
   4.78782744E-04    9.92798255E-04    3.52055344E+00
   4.84775421E-04    1.01399208E-03    3.55267333E+00
   4.90843105E-04    1.03564707E-03    3.58512444E+00
   4.96986736E-04    1.05777350E-03    3.61791048E+00
   5.03207263E-04    1.08038187E-03    3.65103537E+00
   5.09505649E-04    1.10348293E-03    3.68450315E+00
   5.15882869E-04    1.12708768E-03    3.71831787E+00
   5.22339909E-04    1.15120736E-03    3.75248352E+00
   5.28877769E-04    1.17585346E-03    3.78700405E+00
   5.35497459E-04    1.20103773E-03    3.82188355E+00
   5.42200005E-04    1.22677222E-03    3.85712631E+00
   5.48986444E-04    1.25306925E-03    3.89273665E+00
   5.55857824E-04    1.27994140E-03    3.92871881E+00
   5.62815210E-04    1.30740154E-03    3.96507700E+00
   5.69859679E-04    1.33546284E-03    4.00181551E+00
   5.76992319E-04    1.36413878E-03    4.03893890E+00
   5.84214234E-04    1.39344316E-03    4.07645175E+00
   5.91526543E-04    1.42339008E-03    4.11435859E+00
   5.98930376E-04    1.45399397E-03    4.15266388E+00
   6.06426879E-04    1.48526955E-03    4.19137215E+00
   6.14017212E-04    1.51723195E-03    4.23048819E+00
   6.21702550E-04    1.54989663E-03    4.27001687E+00
   6.29484080E-04    1.58327937E-03    4.30996301E+00
   6.37363008E-04    1.61739635E-03    4.35033136E+00
   6.45340553E-04    1.65226408E-03    4.39112668E+00
   6.53417948E-04    1.68789950E-03    4.43235403E+00
   6.61596444E-04    1.72431991E-03    4.47401857E+00
   6.69877306E-04    1.76154305E-03    4.51612544E+00
   6.78261816E-04    1.79958701E-03    4.55867970E+00
   6.86751269E-04    1.83847032E-03    4.60168636E+00
   6.95346981E-04    1.87821194E-03    4.64515070E+00
   7.04050281E-04    1.91883129E-03    4.68907820E+00
   7.12862516E-04    1.96034823E-03    4.73347431E+00
   7.21785049E-04    2.00278306E-03    4.77834440E+00
   7.30819261E-04    2.04615655E-03    4.82369380E+00
   7.39966549E-04    2.09048995E-03    4.86952805E+00
   7.49228330E-04    2.13580503E-03    4.91585294E+00
   7.58606035E-04    2.18212406E-03    4.96267423E+00
   7.68101116E-04    2.22946980E-03    5.00999764E+00
   7.77715042E-04    2.27786555E-03    5.05782880E+00
   7.87449301E-04    2.32733512E-03    5.10617350E+00
   7.97305398E-04    2.37790293E-03    5.15503787E+00
   8.07284859E-04    2.42959395E-03    5.20442800E+00
   8.17389228E-04    2.48243371E-03    5.25434994E+00
   8.27620068E-04    2.53644833E-03    5.30480966E+00
   8.37978962E-04    2.59166452E-03    5.35581324E+00
   8.48467514E-04    2.64810967E-03    5.40736714E+00
   8.59087345E-04    2.70581178E-03    5.45947780E+00
   8.69840098E-04    2.76479950E-03    5.51215161E+00
   8.80727439E-04    2.82510210E-03    5.56539485E+00
   8.91751051E-04    2.88674956E-03    5.61921394E+00
   9.02912640E-04    2.94977259E-03    5.67361567E+00
   9.14213932E-04    3.01420260E-03    5.72860685E+00
   9.25656677E-04    3.08007173E-03    5.78419422E+00
   9.37242645E-04    3.14741284E-03    5.84038445E+00
   9.48973629E-04    3.21625953E-03    5.89718422E+00
   9.60851443E-04    3.28664626E-03    5.95460067E+00
   9.72877926E-04    3.35860826E-03    6.01264098E+00
   9.85054938E-04    3.43218160E-03    6.07131227E+00
   9.97384363E-04    3.50740313E-03    6.13062157E+00
   1.00986811E-03    3.58431058E-03    6.19057592E+00
   1.02250811E-03    3.66294257E-03    6.25118279E+00
   1.03530632E-03    3.74333867E-03    6.31244976E+00
   1.04826471E-03    3.82553930E-03    6.37438430E+00
   1.06138530E-03    3.90958584E-03    6.43699380E+00
   1.07467011E-03    3.99552061E-03    6.50028566E+00
   1.08812121E-03    4.08338697E-03    6.56426775E+00
   1.10174066E-03    4.17322928E-03    6.62894803E+00
   1.11553058E-03    4.26509292E-03    6.69433433E+00
   1.12949310E-03    4.35902431E-03    6.76043443E+00
   1.14363039E-03    4.45507094E-03    6.82725609E+00
   1.15794462E-03    4.55328145E-03    6.89480755E+00
   1.17243802E-03    4.65370563E-03    6.96309716E+00
   1.18711282E-03    4.75639441E-03    7.03213316E+00
   1.20197130E-03    4.86139987E-03    7.10192371E+00
   1.21701575E-03    4.96877529E-03    7.17247693E+00
   1.23224851E-03    5.07857526E-03    7.24380147E+00
   1.24767193E-03    5.19085565E-03    7.31590606E+00
   1.26328840E-03    5.30567359E-03    7.38879935E+00
   1.27910033E-03    5.42308754E-03    7.46248986E+00
   1.29511017E-03    5.54315729E-03    7.53698613E+00
   1.31132040E-03    5.66594409E-03    7.61229720E+00
   1.32773352E-03    5.79151063E-03    7.68843219E+00
   1.34435208E-03    5.91992101E-03    7.76540016E+00
   1.36117864E-03    6.05124083E-03    7.84321000E+00
   1.37821581E-03    6.18553718E-03    7.92187065E+00
   1.39546623E-03    6.32287880E-03    8.00139155E+00
   1.41293256E-03    6.46333601E-03    8.08178227E+00
   1.43061751E-03    6.60698076E-03    8.16305226E+00
   1.44852381E-03    6.75388665E-03    8.24521083E+00
   1.46665424E-03    6.90412895E-03    8.32826729E+00
   1.48501160E-03    7.05778477E-03    8.41223143E+00
   1.50359872E-03    7.21493303E-03    8.49711324E+00
   1.52241849E-03    7.37565445E-03    8.58292258E+00
   1.54147382E-03    7.54003159E-03    8.66966920E+00
   1.56076765E-03    7.70814893E-03    8.75736278E+00
   1.58030298E-03    7.88009298E-03    8.84601355E+00
   1.60008282E-03    8.05595225E-03    8.93563190E+00
   1.62011023E-03    8.23581731E-03    9.02622807E+00
   1.64038832E-03    8.41978078E-03    9.11781219E+00
   1.66092021E-03    8.60793743E-03    9.21039435E+00
   1.68170910E-03    8.80038430E-03    9.30398521E+00
   1.70275818E-03    8.99722070E-03    9.39859556E+00
   1.72407073E-03    9.19854819E-03    9.49423603E+00
   1.74565003E-03    9.40447067E-03    9.59091712E+00
   1.76749944E-03    9.61509444E-03    9.68864933E+00
   1.78962232E-03    9.83052835E-03    9.78744373E+00
   1.81202210E-03    1.00508838E-02    9.88731149E+00
   1.83470225E-03    1.02762746E-02    9.98826365E+00
   1.85766627E-03    1.05068174E-02    1.00903111E+01
   1.88091772E-03    1.07426313E-02    1.01934647E+01
   1.90446020E-03    1.09838385E-02    1.02977359E+01
   1.92829735E-03    1.12305637E-02    1.04031363E+01
   1.95243285E-03    1.14829347E-02    1.05096772E+01
   1.97687045E-03    1.17410823E-02    1.06173700E+01
   2.00161392E-03    1.20051399E-02    1.07262259E+01
   2.02666709E-03    1.22752446E-02    1.08362567E+01
   2.05203384E-03    1.25515362E-02    1.09474745E+01
   2.07771809E-03    1.28341580E-02    1.10598908E+01
   2.10372382E-03    1.31232564E-02    1.11735173E+01
   2.13005504E-03    1.34189813E-02    1.12883657E+01
   2.15671585E-03    1.37214860E-02    1.14044481E+01
   2.18371035E-03    1.40309275E-02    1.15217770E+01
   2.21104272E-03    1.43474662E-02    1.16403643E+01
   2.23871721E-03    1.46712663E-02    1.17602220E+01
   2.26673808E-03    1.50024957E-02    1.18813620E+01
   2.29510967E-03    1.53413262E-02    1.20037970E+01
   2.32383638E-03    1.56879337E-02    1.21275393E+01
   2.35292264E-03    1.60424979E-02    1.22526016E+01
   2.38237296E-03    1.64052027E-02    1.23789961E+01
   2.41219190E-03    1.67762363E-02    1.25067350E+01
   2.44238406E-03    1.71557911E-02    1.26358312E+01
   2.47295412E-03    1.75440641E-02    1.27662975E+01
   2.50390682E-03    1.79412566E-02    1.28981467E+01
   2.53524693E-03    1.83475746E-02    1.30313912E+01
   2.56697931E-03    1.87632287E-02    1.31660436E+01
   2.59910887E-03    1.91884346E-02    1.33021172E+01
   2.63164058E-03    1.96234126E-02    1.34396249E+01
   2.66457947E-03    2.00683882E-02    1.35785798E+01
   2.69793064E-03    2.05235920E-02    1.37189944E+01
   2.73169924E-03    2.09892598E-02    1.38608817E+01
   2.76589052E-03    2.14656328E-02    1.40042551E+01
   2.80050974E-03    2.19529579E-02    1.41491278E+01
   2.83556228E-03    2.24514873E-02    1.42955129E+01
   2.87105356E-03    2.29614789E-02    1.44434234E+01
   2.90698905E-03    2.34831967E-02    1.45928722E+01
   2.94337434E-03    2.40169106E-02    1.47438729E+01
   2.98021504E-03    2.45628965E-02    1.48964390E+01
   3.01751686E-03    2.51214368E-02    1.50505837E+01
   3.05528556E-03    2.56928199E-02    1.52063198E+01
   3.09352700E-03    2.62773409E-02    1.53636608E+01
   3.13224708E-03    2.68753018E-02    1.55226202E+01
   3.17145181E-03    2.74870110E-02    1.56832115E+01
   3.21114723E-03    2.81127841E-02    1.58454479E+01
   3.25133951E-03    2.87529436E-02    1.60093425E+01
   3.29203485E-03    2.94078194E-02    1.61749086E+01
   3.33323956E-03    3.00777488E-02    1.63421599E+01
   3.37496000E-03    3.07630767E-02    1.65111098E+01
   3.41720264E-03    3.14641556E-02    1.66817715E+01
   3.45997400E-03    3.21813459E-02    1.68541581E+01
   3.50328072E-03    3.29150159E-02    1.70282828E+01
   3.54712948E-03    3.36655425E-02    1.72041593E+01
   3.59152707E-03    3.44333109E-02    1.73818009E+01
   3.63648037E-03    3.52187146E-02    1.75612206E+01
   3.68199632E-03    3.60221560E-02    1.77424314E+01
   3.72808197E-03    3.68440464E-02    1.79254464E+01
   3.77474445E-03    3.76848064E-02    1.81102790E+01
   3.82199098E-03    3.85448659E-02    1.82969425E+01
   3.86982888E-03    3.94246640E-02    1.84854496E+01
   3.91826553E-03    4.03246497E-02    1.86758129E+01
   3.96730844E-03    4.12452817E-02    1.88680455E+01
   4.01696520E-03    4.21870294E-02    1.90621604E+01
   4.06724349E-03    4.31503720E-02    1.92581704E+01
   4.11815108E-03    4.41357993E-02    1.94560880E+01
   4.16969585E-03    4.51438116E-02    1.96559255E+01
   4.22188579E-03    4.61749206E-02    1.98576955E+01
   4.27472896E-03    4.72296493E-02    2.00614106E+01
   4.32823354E-03    4.83085316E-02    2.02670831E+01
   4.38240781E-03    4.94121133E-02    2.04747251E+01
   4.43726015E-03    5.05409519E-02    2.06843482E+01
   4.49279905E-03    5.16956171E-02    2.08959647E+01
   4.54903311E-03    5.28766913E-02    2.11095864E+01
   4.60597101E-03    5.40847692E-02    2.13252250E+01
   4.66362158E-03    5.53204582E-02    2.15428920E+01
   4.72199373E-03    5.65843787E-02    2.17625984E+01
   4.78109649E-03    5.78771650E-02    2.19843555E+01
   4.84093902E-03    5.91994648E-02    2.22081746E+01
   4.90153056E-03    6.05519398E-02    2.24340666E+01
   4.96288049E-03    6.19352653E-02    2.26620419E+01
   5.02499831E-03    6.33501315E-02    2.28921108E+01
   5.08789363E-03    6.47972432E-02    2.31242837E+01
   5.15157617E-03    6.62773207E-02    2.33585709E+01
   5.21605580E-03    6.77910990E-02    2.35949822E+01
   5.28134248E-03    6.93393287E-02    2.38335271E+01
   5.34744632E-03    7.09227762E-02    2.40742146E+01
   5.41437756E-03    7.25422244E-02    2.43170541E+01
   5.48214653E-03    7.41984730E-02    2.45620548E+01
   5.55076374E-03    7.58923380E-02    2.48092251E+01
   5.62023979E-03    7.76246523E-02    2.50585731E+01
   5.69058544E-03    7.93962663E-02    2.53101068E+01
   5.76181156E-03    8.12080487E-02    2.55638341E+01
   5.83392919E-03    8.30608862E-02    2.58197625E+01
   5.90694948E-03    8.49556837E-02    2.60778992E+01
   5.98088372E-03    8.68933643E-02    2.63382506E+01
   6.05574337E-03    8.88748706E-02    2.66008232E+01
   6.13153999E-03    9.09011651E-02    2.68656231E+01
   6.20828532E-03    9.29732300E-02    2.71326562E+01
   6.28599123E-03    9.50920672E-02    2.74019279E+01
   6.36466974E-03    9.72586989E-02    2.76734427E+01
   6.44433303E-03    9.94741682E-02    2.79472052E+01
   6.52499343E-03    1.01739540E-01    2.82232196E+01
   6.60666342E-03    1.04055902E-01    2.85014898E+01
   6.68935562E-03    1.06424360E-01    2.87820190E+01
   6.77308284E-03    1.08846046E-01    2.90648095E+01
   6.85785803E-03    1.11322112E-01    2.93498638E+01
   6.94369431E-03    1.13853736E-01    2.96371838E+01
   7.03060495E-03    1.16442116E-01    2.99267709E+01
   7.11860341E-03    1.19088478E-01    3.02186259E+01
   7.20770331E-03    1.21794068E-01    3.05127488E+01
   7.29791842E-03    1.24560159E-01    3.08091392E+01
   7.38926271E-03    1.27388049E-01    3.11077965E+01
   7.48175030E-03    1.30279062E-01    3.14087193E+01
   7.57539552E-03    1.33234546E-01    3.17119055E+01
   7.67021284E-03    1.36255877E-01    3.20173523E+01
   7.76621695E-03    1.39344456E-01    3.23250564E+01
   7.86342268E-03    1.42501715E-01    3.26350140E+01
   7.96184510E-03    1.45729110E-01    3.29472207E+01
   8.06149941E-03    1.49028125E-01    3.32616710E+01
   8.16240105E-03    1.52400273E-01    3.35783588E+01
   8.26456562E-03    1.55847097E-01    3.38972775E+01
   8.36800893E-03    1.59370169E-01    3.42184198E+01
   8.47274699E-03    1.62971090E-01    3.45417775E+01
   8.57879600E-03    1.66651491E-01    3.48673416E+01
   8.68617237E-03    1.70413033E-01    3.51951021E+01
   8.79489272E-03    1.74257409E-01    3.55250487E+01
   8.90497386E-03    1.78186346E-01    3.58571701E+01
   9.01643284E-03    1.82201598E-01    3.61914539E+01
   9.12928688E-03    1.86304954E-01    3.65278870E+01
   9.24355346E-03    1.90498233E-01    3.68664553E+01
   9.35925026E-03    1.94783292E-01    3.72071439E+01
   9.47639518E-03    1.99162019E-01    3.75499371E+01
   9.59500634E-03    2.03636336E-01    3.78948180E+01
   9.71510209E-03    2.08208200E-01    3.82417687E+01
   9.83670102E-03    2.12879600E-01    3.85907705E+01
   9.95982194E-03    2.17652564E-01    3.89418035E+01
   1.00844839E-02    2.22529156E-01    3.92948469E+01
   1.02107062E-02    2.27511475E-01    3.96498789E+01
   1.03385083E-02    2.32601655E-01    4.00068763E+01
   1.04679101E-02    2.37801866E-01    4.03658149E+01
   1.05989316E-02    2.43114319E-01    4.07266696E+01
   1.07315929E-02    2.48541265E-01    4.10894140E+01
   1.08659148E-02    2.54084989E-01    4.14540204E+01
   1.10019178E-02    2.59747814E-01    4.18204600E+01
   1.11396232E-02    2.65532099E-01    4.21887028E+01
   1.12790521E-02    2.71440251E-01    4.25587175E+01
   1.14202262E-02    2.77474714E-01    4.29304714E+01
   1.15631673E-02    2.83637971E-01    4.33039308E+01
   1.17078975E-02    2.89932543E-01    4.36790605E+01
   1.18544392E-02    2.96360989E-01    4.40558238E+01
   1.20028151E-02    3.02925918E-01    4.44341830E+01
   1.21530482E-02    3.09629979E-01    4.48140985E+01
   1.23051616E-02    3.16475860E-01    4.51955296E+01
   1.24591790E-02    3.23466288E-01    4.55784343E+01
   1.26151241E-02    3.30604031E-01    4.59627689E+01
   1.27730211E-02    3.37891909E-01    4.63484880E+01
   1.29328945E-02    3.45332783E-01    4.67355451E+01
   1.30947688E-02    3.52929553E-01    4.71238917E+01
   1.32586693E-02    3.60685160E-01    4.75134782E+01
   1.34246212E-02    3.68602587E-01    4.79042533E+01
   1.35926503E-02    3.76684869E-01    4.82961637E+01
   1.37627825E-02    3.84935087E-01    4.86891547E+01
   1.39350442E-02    3.93356358E-01    4.90831699E+01
   1.41094620E-02    4.01951842E-01    4.94781513E+01
   1.42860628E-02    4.10724741E-01    4.98740393E+01
   1.44648741E-02    4.19678310E-01    5.02707721E+01
   1.46459235E-02    4.28815851E-01    5.06682864E+01
   1.48292390E-02    4.38140702E-01    5.10665170E+01
   1.50148489E-02    4.47656242E-01    5.14653971E+01
   1.52027821E-02    4.57365896E-01    5.18648582E+01
   1.53930675E-02    4.67273144E-01    5.22648292E+01
   1.55857346E-02    4.77381506E-01    5.26652377E+01
   1.57808132E-02    4.87694539E-01    5.30660091E+01
   1.59783335E-02    4.98215838E-01    5.34670675E+01
   1.61783261E-02    5.08949054E-01    5.38683344E+01
   1.63808218E-02    5.19897885E-01    5.42697291E+01
   1.65858521E-02    5.31066068E-01    5.46711695E+01
   1.67934487E-02    5.42457374E-01    5.50725712E+01
   1.70036437E-02    5.54075611E-01    5.54738483E+01
   1.72164695E-02    5.65924647E-01    5.58749121E+01
   1.74319592E-02    5.78008390E-01    5.62756719E+01
   1.76501461E-02    5.90330784E-01    5.66760351E+01
   1.78710638E-02    6.02895798E-01    5.70759075E+01
   1.80947467E-02    6.15707454E-01    5.74751922E+01
   1.83212294E-02    6.28769827E-01    5.78737900E+01
   1.85505468E-02    6.42087022E-01    5.82715994E+01
   1.87827344E-02    6.55663171E-01    5.86685174E+01
   1.90178282E-02    6.69502429E-01    5.90644393E+01
   1.92558646E-02    6.83609010E-01    5.94592572E+01
   1.94968803E-02    6.97987177E-01    5.98528607E+01
   1.97409127E-02    7.12641214E-01    6.02451375E+01
   1.99879996E-02    7.27575425E-01    6.06359736E+01
   2.02381791E-02    7.42794130E-01    6.10252532E+01
   2.04914899E-02    7.58301707E-01    6.14128576E+01
   2.07479714E-02    7.74102577E-01    6.17986650E+01
   2.10076630E-02    7.90201177E-01    6.21825520E+01
   2.12706051E-02    8.06601952E-01    6.25643935E+01
   2.15368384E-02    8.23309359E-01    6.29440628E+01
   2.18064039E-02    8.40327907E-01    6.33214296E+01
   2.20793434E-02    8.57662150E-01    6.36963609E+01
   2.23556992E-02    8.75316639E-01    6.40687218E+01
   2.26355139E-02    8.93295924E-01    6.44383764E+01
   2.29188310E-02    9.11604551E-01    6.48051869E+01
   2.32056942E-02    9.30247114E-01    6.51690121E+01
   2.34961479E-02    9.49228252E-01    6.55297077E+01
   2.37902371E-02    9.68552589E-01    6.58871276E+01
   2.40880073E-02    9.88224736E-01    6.62411247E+01
   2.43895045E-02    1.00824928E+00    6.65915507E+01
   2.46947753E-02    1.02863084E+00    6.69382539E+01
   2.50038671E-02    1.04937408E+00    6.72810788E+01
   2.53168276E-02    1.07048364E+00    6.76198687E+01
   2.56337053E-02    1.09196414E+00    6.79544659E+01
   2.59545492E-02    1.11382013E+00    6.82847117E+01
   2.62794090E-02    1.13605621E+00    6.86104439E+01
   2.66083348E-02    1.15867700E+00    6.89314973E+01
   2.69413776E-02    1.18168705E+00    6.92477059E+01
   2.72785890E-02    1.20509087E+00    6.95589029E+01
   2.76200210E-02    1.22889300E+00    6.98649179E+01
   2.79657266E-02    1.25309794E+00    7.01655784E+01
   2.83157592E-02    1.27771011E+00    7.04607119E+01
   2.86701730E-02    1.30273391E+00    7.07501445E+01
   2.90290228E-02    1.32817375E+00    7.10336981E+01
   2.93923641E-02    1.35403394E+00    7.13111944E+01
   2.97602532E-02    1.38031874E+00    7.15824547E+01
   3.01327469E-02    1.40703238E+00    7.18472977E+01
   3.05099030E-02    1.43417904E+00    7.21055395E+01
   3.08917798E-02    1.46176281E+00    7.23569966E+01
   3.12784363E-02    1.48978770E+00    7.26014850E+01
   3.16699323E-02    1.51825769E+00    7.28388169E+01
   3.20663286E-02    1.54717665E+00    7.30688052E+01
   3.24676863E-02    1.57654833E+00    7.32912629E+01
   3.28740676E-02    1.60637649E+00    7.35059987E+01
   3.32855354E-02    1.63666477E+00    7.37128206E+01
   3.37021533E-02    1.66741666E+00    7.39115386E+01
   3.41239858E-02    1.69863548E+00    7.41019638E+01
   3.45510981E-02    1.73032455E+00    7.42839021E+01
   3.49835564E-02    1.76248711E+00    7.44571588E+01
   3.54214276E-02    1.79512618E+00    7.46215413E+01
   3.58647794E-02    1.82824459E+00    7.47768588E+01
   3.63136803E-02    1.86184518E+00    7.49229158E+01
   3.67682000E-02    1.89593061E+00    7.50595174E+01
   3.72284086E-02    1.93050330E+00    7.51864718E+01
   3.76943774E-02    1.96556552E+00    7.53035878E+01
   3.81661785E-02    2.00111951E+00    7.54106689E+01
   3.86438849E-02    2.03716730E+00    7.55075209E+01
   3.91275705E-02    2.07371063E+00    7.55939538E+01
   3.96173102E-02    2.11075100E+00    7.56697806E+01
   4.01131797E-02    2.14828990E+00    7.57348081E+01
   4.06152557E-02    2.18632861E+00    7.57888443E+01
   4.11236159E-02    2.22486808E+00    7.58317028E+01
   4.16383390E-02    2.26390899E+00    7.58632010E+01
   4.21595047E-02    2.30345196E+00    7.58831505E+01
   4.26871935E-02    2.34349738E+00    7.58913655E+01
   4.32214871E-02    2.38404523E+00    7.58876665E+01
   4.37624682E-02    2.42509525E+00    7.58718774E+01
   4.43102205E-02    2.46664708E+00    7.58438168E+01
   4.48648287E-02    2.50870006E+00    7.58033080E+01
   4.54263787E-02    2.55125305E+00    7.57501827E+01
   4.59949573E-02    2.59430475E+00    7.56842722E+01
   4.65706525E-02    2.63785369E+00    7.56054048E+01
   4.71535533E-02    2.68189800E+00    7.55134165E+01
   4.77437501E-02    2.72643531E+00    7.54081517E+01
   4.83413340E-02    2.77146313E+00    7.52894526E+01
   4.89463976E-02    2.81697864E+00    7.51571644E+01
   4.95590344E-02    2.86297854E+00    7.50111403E+01
   5.01793394E-02    2.90945935E+00    7.48512328E+01
   5.08074083E-02    2.95641710E+00    7.46773029E+01
   5.14433385E-02    3.00384745E+00    7.44892158E+01
   5.20872283E-02    3.05174580E+00    7.42868376E+01
   5.27391773E-02    3.10010699E+00    7.40700451E+01
   5.33992864E-02    3.14892558E+00    7.38387171E+01
   5.40676578E-02    3.19819574E+00    7.35927366E+01
   5.47443948E-02    3.24791106E+00    7.33319981E+01
   5.54296022E-02    3.29806492E+00    7.30563950E+01
   5.61233860E-02    3.34865016E+00    7.27658295E+01
   5.68258535E-02    3.39965908E+00    7.24602154E+01
   5.75371134E-02    3.45108372E+00    7.21394648E+01
   5.82572759E-02    3.50291558E+00    7.18035009E+01
   5.89864522E-02    3.55514553E+00    7.14522584E+01
   5.97247552E-02    3.60776429E+00    7.10856692E+01
   6.04722992E-02    3.66076191E+00    7.07036784E+01
   6.12291999E-02    3.71412779E+00    7.03062449E+01
   6.19955742E-02    3.76785113E+00    6.98933249E+01
   6.27715409E-02    3.82192048E+00    6.94648887E+01
   6.35572200E-02    3.87632373E+00    6.90209195E+01
   6.43527330E-02    3.93104862E+00    6.85613961E+01
   6.51582030E-02    3.98608219E+00    6.80863128E+01
   6.59737547E-02    4.04141068E+00    6.75956826E+01
   6.67995142E-02    4.09702009E+00    6.70895167E+01
   6.76356093E-02    4.15289587E+00    6.65678370E+01
   6.84821694E-02    4.20902275E+00    6.60306802E+01
   6.93393254E-02    4.26538516E+00    6.54780846E+01
   7.02072101E-02    4.32196671E+00    6.49101074E+01
   7.10859576E-02    4.37875060E+00    6.43268117E+01
   7.19757039E-02    4.43571946E+00    6.37282700E+01
   7.28765867E-02    4.49285523E+00    6.31145712E+01
   7.37887454E-02    4.55013954E+00    6.24858040E+01
   7.47123211E-02    4.60755320E+00    6.18420782E+01
   7.56474568E-02    4.66507646E+00    6.11835142E+01
   7.65942970E-02    4.72268927E+00    6.05102326E+01
   7.75529884E-02    4.78037067E+00    5.98223789E+01
   7.85236792E-02    4.83809925E+00    5.91201043E+01
   7.95065197E-02    4.89585325E+00    5.84035642E+01
   8.05016619E-02    4.95360997E+00    5.76729389E+01
   8.15092597E-02    5.01134639E+00    5.69284115E+01
   8.25294691E-02    5.06903887E+00    5.61701785E+01
   8.35624480E-02    5.12666322E+00    5.53984482E+01
   8.46083561E-02    5.18419465E+00    5.46134423E+01
   8.56673554E-02    5.24160787E+00    5.38153926E+01
   8.67396095E-02    5.29887723E+00    5.30045351E+01
   8.78252846E-02    5.35597618E+00    5.21811328E+01
   8.89245484E-02    5.41287786E+00    5.13454521E+01
   9.00375712E-02    5.46955486E+00    5.04977717E+01
   9.11645251E-02    5.52597934E+00    4.96383794E+01
   9.23055845E-02    5.58212295E+00    4.87675760E+01
   9.34609260E-02    5.63795670E+00    4.78856794E+01
   9.46307283E-02    5.69345129E+00    4.69930131E+01
   9.58151724E-02    5.74857696E+00    4.60899118E+01
   9.70144415E-02    5.80330344E+00    4.51767251E+01
   9.82287214E-02    5.85760011E+00    4.42538108E+01
   9.94581997E-02    5.91143584E+00    4.33215406E+01
   1.00703067E-01    5.96477925E+00    4.23802936E+01
   1.01963515E-01    6.01759844E+00    4.14304641E+01
   1.03239740E-01    6.06986130E+00    4.04724523E+01
   1.04531939E-01    6.12153527E+00    3.95066737E+01
   1.05840311E-01    6.17258758E+00    3.85335499E+01
   1.07165060E-01    6.22298509E+00    3.75535156E+01
   1.08506390E-01    6.27269444E+00    3.65670145E+01
   1.09864508E-01    6.32168208E+00    3.55744982E+01
   1.11239626E-01    6.36991414E+00    3.45764313E+01
   1.12631955E-01    6.41735668E+00    3.35732833E+01
   1.14041711E-01    6.46397552E+00    3.25655367E+01
   1.15469112E-01    6.50973641E+00    3.15536795E+01
   1.16914380E-01    6.55460499E+00    3.05382093E+01
   1.18377737E-01    6.59854682E+00    2.95196320E+01
   1.19859410E-01    6.64152747E+00    2.84984586E+01
   1.21359629E-01    6.68351247E+00    2.74752109E+01
   1.22878625E-01    6.72446742E+00    2.64504145E+01
   1.24416633E-01    6.76435799E+00    2.54246023E+01
   1.25973892E-01    6.80314995E+00    2.43983138E+01
   1.27550642E-01    6.84080923E+00    2.33720928E+01
   1.29147128E-01    6.87730194E+00    2.23464889E+01
   1.30763596E-01    6.91259444E+00    2.13220556E+01
   1.32400297E-01    6.94665332E+00    2.02993502E+01
   1.34057483E-01    6.97944550E+00    1.92789356E+01
   1.35735411E-01    7.01093828E+00    1.82613719E+01
   1.37434342E-01    7.04109928E+00    1.72472288E+01
   1.39154537E-01    7.06989663E+00    1.62370729E+01
   1.40896262E-01    7.09729890E+00    1.52314719E+01
   1.42659788E-01    7.12327519E+00    1.42309961E+01
   1.44445387E-01    7.14779517E+00    1.32362137E+01
   1.46253336E-01    7.17082913E+00    1.22476924E+01
   1.48083914E-01    7.19234800E+00    1.12659987E+01
   1.49937404E-01    7.21232343E+00    1.02916961E+01
   1.51814093E-01    7.23072781E+00    9.32534467E+00
   1.53714272E-01    7.24753431E+00    8.36750171E+00
   1.55638234E-01    7.26271697E+00    7.41871929E+00
   1.57586278E-01    7.27625068E+00    6.47954406E+00
   1.59558704E-01    7.28811128E+00    5.55051691E+00
   1.61555818E-01    7.29827555E+00    4.63217166E+00
   1.63577929E-01    7.30672132E+00    3.72503484E+00
   1.65625350E-01    7.31342744E+00    2.82962450E+00
   1.67698397E-01    7.31837390E+00    1.94644978E+00
   1.69797392E-01    7.32154180E+00    1.07601006E+00
   1.71922658E-01    7.32291343E+00    2.18794368E-01
   1.74074525E-01    7.32247230E+00   -6.24719427E-01
   1.76253327E-01    7.32020318E+00   -1.45406514E+00
   1.78459399E-01    7.31609215E+00   -2.26878899E+00
   1.80693083E-01    7.31012660E+00   -3.06845015E+00
   1.82954725E-01    7.30229531E+00   -3.85262145E+00
   1.85244676E-01    7.29258845E+00   -4.62088977E+00
   1.87563288E-01    7.28099765E+00   -5.37285672E+00
   1.89910921E-01    7.26751598E+00   -6.10813908E+00
   1.92287938E-01    7.25213802E+00   -6.82636931E+00
   1.94694707E-01    7.23485989E+00   -7.52719601E+00
   1.97131601E-01    7.21567924E+00   -8.21028436E+00
   1.99598995E-01    7.19459534E+00   -8.87531654E+00
   2.02097273E-01    7.17160902E+00   -9.52199216E+00
   2.04626821E-01    7.14672276E+00   -1.01500286E+01
   2.07188029E-01    7.11994069E+00   -1.07591615E+01
   2.09781295E-01    7.09126857E+00   -1.13491449E+01
   2.12407019E-01    7.06071391E+00   -1.19197519E+01
   2.15065609E-01    7.02828583E+00   -1.24707747E+01
   2.17757474E-01    6.99399522E+00   -1.30020250E+01
   2.20483032E-01    6.95785465E+00   -1.35133347E+01
   2.23242705E-01    6.91987842E+00   -1.40045555E+01
   2.26036919E-01    6.88008258E+00   -1.44755597E+01
   2.28866107E-01    6.83848484E+00   -1.49262404E+01
   2.31730706E-01    6.79510472E+00   -1.53565118E+01
   2.34631160E-01    6.74996337E+00   -1.57663090E+01
   2.37567917E-01    6.70308372E+00   -1.61555889E+01
   2.40541432E-01    6.65449040E+00   -1.65243301E+01
   2.43552166E-01    6.60420962E+00   -1.68725323E+01
   2.46600583E-01    6.55226941E+00   -1.72002179E+01
   2.49687155E-01    6.49869932E+00   -1.75074310E+01
   2.52812361E-01    6.44353060E+00   -1.77942374E+01
   2.55976683E-01    6.38679606E+00   -1.80607256E+01
   2.59180611E-01    6.32853006E+00   -1.83070053E+01
   2.62424642E-01    6.26876851E+00   -1.85332083E+01
   2.65709276E-01    6.20754880E+00   -1.87394883E+01
   2.69035022E-01    6.14490974E+00   -1.89260201E+01
   2.72402395E-01    6.08089159E+00   -1.90929999E+01
   2.75811915E-01    6.01553595E+00   -1.92406447E+01
   2.79264111E-01    5.94888566E+00   -1.93691914E+01
   2.82759516E-01    5.88098492E+00   -1.94788979E+01
   2.86298671E-01    5.81187902E+00   -1.95700406E+01
   2.89882124E-01    5.74161445E+00   -1.96429154E+01
   2.93510429E-01    5.67023874E+00   -1.96978362E+01
   2.97184148E-01    5.59780042E+00   -1.97351346E+01
   3.00903849E-01    5.52434901E+00   -1.97551591E+01
   3.04670108E-01    5.44993485E+00   -1.97582746E+01
   3.08483507E-01    5.37460910E+00   -1.97448605E+01
   3.12344636E-01    5.29842368E+00   -1.97153119E+01
   3.16254093E-01    5.22143114E+00   -1.96700365E+01
   3.20212482E-01    5.14368465E+00   -1.96094552E+01
   3.24220417E-01    5.06523786E+00   -1.95340006E+01
   3.28278517E-01    4.98614489E+00   -1.94441159E+01
   3.32387410E-01    4.90646021E+00   -1.93402544E+01
   3.36547732E-01    4.82623858E+00   -1.92228781E+01
   3.40760127E-01    4.74553500E+00   -1.90924570E+01
   3.45025246E-01    4.66440458E+00   -1.89494678E+01
   3.49343749E-01    4.58290252E+00   -1.87943932E+01
   3.53716305E-01    4.50108400E+00   -1.86277208E+01
   3.58143590E-01    4.41900413E+00   -1.84499420E+01
   3.62626289E-01    4.33671784E+00   -1.82615511E+01
   3.67165096E-01    4.25427989E+00   -1.80630447E+01
   3.71760712E-01    4.17174470E+00   -1.78549202E+01
   3.76413849E-01    4.08916634E+00   -1.76376753E+01
   3.81125228E-01    4.00659847E+00   -1.74118070E+01
   3.85895576E-01    3.92409427E+00   -1.71778112E+01
   3.90725632E-01    3.84170623E+00   -1.69361799E+01
   3.95616144E-01    3.75948641E+00   -1.66874039E+01
   4.00567867E-01    3.67748610E+00   -1.64319699E+01
   4.05581569E-01    3.59575579E+00   -1.61703586E+01
   4.10658025E-01    3.51434528E+00   -1.59030472E+01
   4.15798020E-01    3.43330344E+00   -1.56305061E+01
   4.21002349E-01    3.35267826E+00   -1.53531995E+01
   4.26271819E-01    3.27251677E+00   -1.50715848E+01
   4.31607244E-01    3.19286498E+00   -1.47861120E+01
   4.37009449E-01    3.11376786E+00   -1.44972230E+01
   4.42479272E-01    3.03526926E+00   -1.42053516E+01
   4.48017557E-01    2.95741190E+00   -1.39109229E+01
   4.53625162E-01    2.88023731E+00   -1.36143530E+01
   4.59302954E-01    2.80378569E+00   -1.33160468E+01
   4.65051813E-01    2.72809617E+00   -1.30164031E+01
   4.70872627E-01    2.65320641E+00   -1.27158080E+01
   4.76766297E-01    2.57915278E+00   -1.24146380E+01
   4.82733735E-01    2.50597027E+00   -1.21132595E+01
   4.88775865E-01    2.43369247E+00   -1.18120281E+01
   4.94893621E-01    2.36235154E+00   -1.15112888E+01
   5.01087949E-01    2.29197816E+00   -1.12113756E+01
   5.07359809E-01    2.22260151E+00   -1.09126110E+01
   5.13710171E-01    2.15424929E+00   -1.06153071E+01
   5.20140016E-01    2.08694764E+00   -1.03197641E+01
   5.26650341E-01    2.02072116E+00   -1.00262709E+01
   5.33242152E-01    1.95559288E+00   -9.73510506E+00
   5.39916470E-01    1.89158422E+00   -9.44653241E+00
   5.46674326E-01    1.82871503E+00   -9.16080685E+00
   5.53516767E-01    1.76700354E+00   -8.87817103E+00
   5.60444851E-01    1.70646637E+00   -8.59885524E+00
   5.67459651E-01    1.64711852E+00   -8.32307800E+00
   5.74562251E-01    1.58897337E+00   -8.05104593E+00
   5.81753751E-01    1.53204269E+00   -7.78295347E+00
   5.89035263E-01    1.47633661E+00   -7.51898296E+00
   5.96407914E-01    1.42186371E+00   -7.25930459E+00
   6.03872845E-01    1.36863092E+00   -7.00407637E+00
   6.11431210E-01    1.31664364E+00   -6.75344415E+00
   6.19084180E-01    1.26590569E+00   -6.50754158E+00
   6.26832938E-01    1.21641935E+00   -6.26649024E+00
   6.34678683E-01    1.16818542E+00   -6.03039965E+00
   6.42622629E-01    1.12120318E+00   -5.79936736E+00
   6.50666006E-01    1.07547049E+00   -5.57347911E+00
   6.58810057E-01    1.03098380E+00   -5.35280902E+00
   6.67056043E-01    9.87738145E-01   -5.13741980E+00
   6.75405240E-01    9.45727263E-01   -4.92736292E+00
   6.83858940E-01    9.04943572E-01   -4.72267895E+00
   6.92418450E-01    8.65378253E-01   -4.52339783E+00
   7.01085095E-01    8.27021291E-01   -4.32953923E+00
   7.09860216E-01    7.89861481E-01   -4.14111286E+00
   7.18745171E-01    7.53886524E-01   -3.95811888E+00
   7.27741334E-01    7.19083089E-01   -3.78054833E+00
   7.36850098E-01    6.85436794E-01   -3.60838339E+00
   7.46072871E-01    6.52932322E-01   -3.44159794E+00
   7.55411081E-01    6.21553445E-01   -3.28015793E+00
   7.64866173E-01    5.91283076E-01   -3.12402173E+00
   7.74439609E-01    5.62103353E-01   -2.97314070E+00
   7.84132870E-01    5.33995627E-01   -2.82745943E+00
   7.93947458E-01    5.06940573E-01   -2.68691624E+00
   8.03884889E-01    4.80918215E-01   -2.55144357E+00
   8.13946702E-01    4.55907989E-01   -2.42096838E+00
   8.24134454E-01    4.31888798E-01   -2.29541255E+00
   8.34449721E-01    4.08839043E-01   -2.17469321E+00
   8.44894098E-01    3.86736697E-01   -2.05872316E+00
   8.55469203E-01    3.65559329E-01   -1.94741112E+00
   8.66176670E-01    3.45284211E-01   -1.84066237E+00
   8.77018157E-01    3.25888286E-01   -1.73837871E+00
   8.87995342E-01    3.07348285E-01   -1.64045908E+00
   8.99109922E-01    2.89640738E-01   -1.54679977E+00
   9.10363618E-01    2.72742041E-01   -1.45729480E+00
   9.21758171E-01    2.56628504E-01   -1.37183623E+00
   9.33295343E-01    2.41276364E-01   -1.29031438E+00
   9.44976921E-01    2.26661870E-01   -1.21261825E+00
   9.56804710E-01    2.12761319E-01   -1.13863579E+00
   9.68780542E-01    1.99551054E-01   -1.06825404E+00
   9.80906269E-01    1.87007580E-01   -1.00135970E+00
   9.93183768E-01    1.75107525E-01   -9.37839025E-01
   1.00561494E+00    1.63827740E-01   -8.77578442E-01
   1.01820170E+00    1.53145292E-01   -8.20464533E-01
   1.03094601E+00    1.43037524E-01   -7.66384427E-01
   1.04384983E+00    1.33482073E-01   -7.15225952E-01
   1.05691516E+00    1.24456906E-01   -6.66877898E-01
   1.07014402E+00    1.15940344E-01   -6.21230169E-01
   1.08353846E+00    1.07911101E-01   -5.78174079E-01
   1.09710056E+00    1.00348287E-01   -5.37602387E-01
   1.11083240E+00    9.32314507E-02   -4.99409605E-01
   1.12473612E+00    8.65405861E-02   -4.63492068E-01
   1.13881386E+00    8.02561694E-02   -4.29748176E-01
   1.15306781E+00    7.43591430E-02   -3.98078367E-01
   1.16750016E+00    6.88309696E-02   -3.68385434E-01
   1.18211316E+00    6.36536106E-02   -3.40574468E-01
   1.19690906E+00    5.88095572E-02   -3.14553051E-01
   1.21189016E+00    5.42818376E-02   -2.90231336E-01
   1.22705876E+00    5.00540080E-02   -2.67522039E-01
   1.24241722E+00    4.61101772E-02   -2.46340596E-01
   1.25796792E+00    4.24350001E-02   -2.26605163E-01
   1.27371326E+00    3.90136773E-02   -2.08236643E-01
   1.28965567E+00    3.58319568E-02   -1.91158721E-01
   1.30579763E+00    3.28761267E-02   -1.75297845E-01
   1.32214162E+00    3.01330902E-02   -1.60583655E-01
   1.33869019E+00    2.75901637E-02   -1.46947920E-01
   1.35544588E+00    2.52352873E-02   -1.34325683E-01
   1.37241130E+00    2.30568868E-02   -1.22654534E-01
   1.38958907E+00    2.10439829E-02   -1.11875220E-01
   1.40698184E+00    1.91859931E-02   -1.01930581E-01
   1.42459231E+00    1.74729133E-02   -9.27665477E-02
   1.44242319E+00    1.58952079E-02   -8.43315539E-02
   1.46047726E+00    1.44438171E-02   -7.65765861E-02
   1.47875730E+00    1.31101486E-02   -6.94551460E-02
   1.49726615E+00    1.18860666E-02   -6.29231969E-02
   1.51600666E+00    1.07638658E-02   -5.69390278E-02
   1.53498173E+00    9.73627749E-03   -5.14632908E-02
   1.55419431E+00    8.79643512E-03   -4.64588190E-02
   1.57364736E+00    7.93787285E-03   -4.18906199E-02
   1.59334389E+00    7.15451169E-03   -3.77258028E-02
   1.61328696E+00    6.44063089E-03   -3.39334259E-02
   1.63347964E+00    5.79087271E-03   -3.04845223E-02
   1.65392506E+00    5.20021069E-03   -2.73519290E-02
   1.67462639E+00    4.66394347E-03   -2.45102534E-02
   1.69558683E+00    4.17768263E-03   -2.19358072E-02
   1.71680961E+00    3.73732623E-03   -1.96064631E-02
   1.73829804E+00    3.33906100E-03   -1.75016654E-02
   1.76005542E+00    2.97933143E-03   -1.56022622E-02
   1.78208512E+00    2.65484147E-03   -1.38905137E-02
   1.80439057E+00    2.36252819E-03   -1.23499484E-02
   1.82697519E+00    2.09955633E-03   -1.09653330E-02
   1.84984250E+00    1.86330545E-03   -9.72260108E-03
   1.87299603E+00    1.65135066E-03   -8.60874854E-03
   1.89643935E+00    1.46146049E-03   -7.61182036E-03
   1.92017611E+00    1.29157661E-03   -6.72080039E-03
   1.94420996E+00    1.13980807E-03   -5.92557892E-03
   1.96854464E+00    1.00441847E-03   -5.21688243E-03
   1.99318390E+00    8.83815658E-04   -4.58621718E-03
   2.01813156E+00    7.76543847E-04   -4.02582554E-03
   2.04339147E+00    6.81270516E-04   -3.52861482E-03
   2.06896755E+00    5.96781419E-04   -3.08812939E-03
   2.09486375E+00    5.21969745E-04   -2.69849166E-03
   2.12108408E+00    4.55829510E-04   -2.35436583E-03
   2.14763260E+00    3.97444455E-04   -2.05089776E-03
   2.17451341E+00    3.45991121E-04   -1.78373041E-03
   2.20173067E+00    3.00714599E-04   -1.54887401E-03
   2.22928860E+00    2.60938881E-04   -1.34276040E-03
   2.25719146E+00    2.26052634E-04   -1.16216671E-03
   2.28544356E+00    1.95505206E-04   -1.00419356E-03
   2.31404928E+00    1.68801599E-04   -8.66237863E-04
   2.34301305E+00    1.45497519E-04   -7.45966075E-04
   2.37233933E+00    1.25194903E-04   -6.41290086E-04
   2.40203268E+00    1.07537719E-04   -5.50344604E-04
   2.43209769E+00    9.22081010E-05   -4.71466375E-04
   2.46253900E+00    7.89227539E-05   -4.03174894E-04
   2.49336134E+00    6.74296694E-05   -3.44154806E-04
   2.52456946E+00    5.75050492E-05   -2.93239451E-04
   2.55616819E+00    4.89505552E-05   -2.49396182E-04
   2.58816243E+00    4.15906912E-05   -2.11712408E-04
   2.62055713E+00    3.52705191E-05   -1.79383440E-04
   2.65335729E+00    2.98534582E-05   -1.51700799E-04
   2.68656800E+00    2.52193893E-05   -1.28042161E-04
   2.72019439E+00    2.12628146E-05   -1.07861619E-04
   2.75424166E+00    1.78913988E-05   -9.06819540E-05
   2.78871509E+00    1.50242542E-05   -7.60856156E-05
   2.82362000E+00    1.25909213E-05   -6.37093199E-05
   2.85896179E+00    1.05299410E-05   -5.32365635E-05
   2.89474595E+00    8.78796413E-06   -4.43929322E-05
   2.93097799E+00    7.31867513E-06   -3.69404686E-05
   2.96766353E+00    6.08202633E-06   -3.06736574E-05
   3.00480825E+00    5.04339894E-06   -2.54150465E-05
   3.04241789E+00    4.17298381E-06   -2.10120120E-05
   3.08049826E+00    3.44513435E-06   -1.73333903E-05
   3.11905527E+00    2.83785634E-06   -1.42668231E-05
   3.15809488E+00    2.33231312E-06   -1.17161889E-05
   3.19762313E+00    1.91242089E-06   -9.59950364E-06
   3.23764613E+00    1.56447283E-06   -7.84697543E-06
   3.27817008E+00    1.27681494E-06   -6.39932824E-06
   3.31920125E+00    1.03956252E-06   -5.20633876E-06
   3.36074598E+00    8.44351089E-07   -4.22555235E-06
   3.40281071E+00    6.84118960E-07   -3.42116394E-06
   3.44540194E+00    5.52922927E-07   -2.76307048E-06
   3.48852626E+00    4.45764287E-07   -2.22597849E-06
   3.53219035E+00    3.58463997E-07   -1.78876330E-06
   3.57640095E+00    2.87520222E-07   -1.43374076E-06
   3.62116492E+00    2.30016991E-07   -1.14619979E-06
   3.66648918E+00    1.83528596E-07   -9.13914464E-07
   3.71238074E+00    1.46046749E-07   -7.26772402E-07
   3.75884670E+00    1.15905779E-07   -5.76394188E-07
   3.80589424E+00    9.17338143E-08   -4.55884871E-07
   3.85353066E+00    7.24015928E-08   -3.59574008E-07
   3.90176332E+00    5.69838575E-08   -2.82819754E-07
   3.95059968E+00    4.47218085E-08   -2.21818709E-07
   4.00004731E+00    3.49977410E-08   -1.73477435E-07
   4.05011384E+00    2.73082190E-08   -1.35276915E-07
   4.10080703E+00    2.12456111E-08   -1.05179256E-07
   4.15213472E+00    1.64796085E-08   -8.15345083E-08
   4.20410485E+00    1.27441219E-08   -6.30146187E-08
   4.25672546E+00    9.82533997E-09   -4.85533262E-08
   4.31000470E+00    7.55155827E-09   -3.72950384E-08
   4.36395081E+00    5.78579970E-09   -2.85577541E-08
   4.41857214E+00    4.41887550E-09   -2.17982522E-08
   4.47387713E+00    3.36403296E-09   -1.65852649E-08
   4.52987435E+00    2.55268073E-09   -1.25780689E-08
   4.58657245E+00    1.93063856E-09   -9.50772784E-09
   4.64398022E+00    1.45530051E-09   -7.16291304E-09
   4.70210653E+00    1.09329391E-09   -5.37821429E-09
   4.76096037E+00    8.18532999E-10   -4.02443080E-09
   4.82055086E+00    6.10697469E-10   -3.00098851E-09
   4.88088721E+00    4.54038906E-10   -2.22999598E-09
   4.94197877E+00    3.36371990E-10   -1.65122584E-09
   5.00383497E+00    2.48301993E-10   -1.21827479E-09
   5.06646540E+00    1.82623728E-10   -8.95577957E-10
   5.12987973E+00    1.33824697E-10   -6.55943385E-10
   5.19408780E+00    9.76984421E-11   -4.78634799E-10
   5.25909952E+00    7.10554623E-11   -3.47939159E-10
   5.32492496E+00    5.14809006E-11   -2.51967088E-10
   5.39157430E+00    3.71546746E-11   -1.81763046E-10
   5.45905786E+00    2.67095994E-11   -1.30603993E-10
   5.52738608E+00    1.91248540E-11   -9.34731119E-11
   5.59656952E+00    1.36388507E-11   -6.66297688E-11
   5.66661890E+00    9.68708720E-12   -4.73029456E-11
   5.73754505E+00    6.85182448E-12   -3.34432140E-11
   5.80935895E+00    4.82631294E-12   -2.35465079E-11
   5.88207170E+00    3.38522835E-12   -1.65086133E-11
   5.95569457E+00    2.36416404E-12   -1.15242859E-11
   6.03023893E+00    1.64399948E-12   -8.01040126E-12
   6.10571632E+00    1.13819671E-12   -5.54355456E-12
   6.18213843E+00    7.84464177E-13   -3.81913144E-12
   6.25951707E+00    5.38308666E-13   -2.61966529E-12
   6.33786423E+00    3.67679946E-13   -1.78858371E-12
   6.41719201E+00    2.49996431E-13   -1.21562678E-12
   6.49751270E+00    1.69170000E-13   -8.22278273E-13
   6.57883872E+00    1.13905255E-13   -5.53439087E-13
   6.66118265E+00    7.63840456E-14   -3.70990419E-13
   6.74455725E+00    5.09473509E-14   -2.47352642E-13
   6.82897540E+00    3.37943064E-14   -1.64011533E-13
   6.91445017E+00    2.23379250E-14   -1.08371215E-13
   7.00099478E+00    1.46750873E-14   -7.11692429E-14
   7.08862262E+00    9.59715910E-15   -4.65261711E-14
   7.17734726E+00    6.23538529E-15   -3.02176316E-14
   7.26718242E+00    4.03919667E-15   -1.95677470E-14
   7.35814200E+00    2.59151519E-15   -1.25499732E-14
   7.45024008E+00    1.66448082E-15   -8.05790480E-15
   7.54349090E+00    1.05453129E-15   -5.10328671E-15
   7.63790889E+00    6.62069698E-16   -3.20283449E-15
   7.73350866E+00    4.21300145E-16   -2.03746473E-15
   7.83030500E+00    2.66262383E-16   -1.28730668E-15
   7.92831290E+00    1.65207169E-16   -7.98465512E-16
   8.02754751E+00    1.02078315E-16   -4.93187983E-16
   8.12802419E+00    6.17499363E-17   -2.98228776E-16
   8.22975848E+00    3.71455211E-17   -1.79330636E-16
   8.33276613E+00    2.31060615E-17   -1.11525148E-16
   8.43706307E+00    1.43937028E-17   -6.94628430E-17
   8.54266545E+00    8.63125017E-18   -4.16438580E-17
   8.64958959E+00    5.09109022E-18   -2.45549453E-17
   8.75785205E+00    3.00481923E-18   -1.44861528E-17
   8.86746957E+00    1.68864167E-18   -8.13594778E-18
   8.97845912E+00    9.06417408E-19   -4.36385725E-18
   9.09083787E+00    5.09978301E-19    0.00000000E+00
   9.20462321E+00    3.38986181E-19    0.00000000E+00
   9.31983274E+00    2.39225845E-19    0.00000000E+00
   9.43648429E+00    1.63078165E-19    0.00000000E+00
   9.55459590E+00    1.05099268E-19    0.00000000E+00
   9.67418586E+00    5.94804437E-20    0.00000000E+00
   9.79527266E+00    0.00000000E+00    0.00000000E+00
   9.91787504E+00    0.00000000E+00    0.00000000E+00
   1.00420120E+01    0.00000000E+00    0.00000000E+00
   1.01677027E+01    0.00000000E+00    0.00000000E+00
   1.02949666E+01    0.00000000E+00    0.00000000E+00
   1.04238234E+01    0.00000000E+00    0.00000000E+00
   1.05542930E+01    0.00000000E+00    0.00000000E+00
   1.06863956E+01    0.00000000E+00    0.00000000E+00
   1.08201518E+01    0.00000000E+00    0.00000000E+00
   1.09555820E+01    0.00000000E+00    0.00000000E+00
   1.10927074E+01    0.00000000E+00    0.00000000E+00
   1.12315491E+01    0.00000000E+00    0.00000000E+00
   1.13721286E+01    0.00000000E+00    0.00000000E+00
   1.15144677E+01    0.00000000E+00    0.00000000E+00
   1.16585884E+01    0.00000000E+00    0.00000000E+00
   1.18045129E+01    0.00000000E+00    0.00000000E+00
   1.19522639E+01    0.00000000E+00    0.00000000E+00
   1.21018643E+01    0.00000000E+00    0.00000000E+00
   1.22533371E+01    0.00000000E+00    0.00000000E+00
   1.24067058E+01    0.00000000E+00    0.00000000E+00
   1.25619941E+01    0.00000000E+00    0.00000000E+00
   1.27192261E+01    0.00000000E+00    0.00000000E+00
   1.28784261E+01    0.00000000E+00    0.00000000E+00
   1.30396188E+01    0.00000000E+00    0.00000000E+00
   1.32028290E+01    0.00000000E+00    0.00000000E+00
   1.33680820E+01    0.00000000E+00    0.00000000E+00
   1.35354034E+01    0.00000000E+00    0.00000000E+00
   1.37048190E+01    0.00000000E+00    0.00000000E+00
   1.38763552E+01    0.00000000E+00    0.00000000E+00
   1.40500384E+01    0.00000000E+00    0.00000000E+00
   1.42258955E+01    0.00000000E+00    0.00000000E+00
   1.44039537E+01    0.00000000E+00    0.00000000E+00
   1.45842406E+01    0.00000000E+00    0.00000000E+00
   1.47667840E+01    0.00000000E+00    0.00000000E+00
   1.49516122E+01    0.00000000E+00    0.00000000E+00
   1.51387539E+01    0.00000000E+00    0.00000000E+00
   1.53282378E+01    0.00000000E+00    0.00000000E+00
   1.55200935E+01    0.00000000E+00    0.00000000E+00
   1.57143505E+01    0.00000000E+00    0.00000000E+00
   1.59110390E+01    0.00000000E+00    0.00000000E+00
   1.61101892E+01    0.00000000E+00    0.00000000E+00
   1.63118322E+01    0.00000000E+00    0.00000000E+00
   1.65159990E+01    0.00000000E+00    0.00000000E+00
   1.67227212E+01    0.00000000E+00    0.00000000E+00
   1.69320309E+01    0.00000000E+00    0.00000000E+00
   1.71439604E+01    0.00000000E+00    0.00000000E+00
   1.73585426E+01    0.00000000E+00    0.00000000E+00
   1.75758105E+01    0.00000000E+00    0.00000000E+00
   1.77957979E+01    0.00000000E+00    0.00000000E+00
   1.80185387E+01    0.00000000E+00    0.00000000E+00
   1.82440675E+01    0.00000000E+00    0.00000000E+00
   1.84724191E+01    0.00000000E+00    0.00000000E+00
   1.87036288E+01    0.00000000E+00    0.00000000E+00
   1.89377325E+01    0.00000000E+00    0.00000000E+00
   1.91747664E+01    0.00000000E+00    0.00000000E+00
   1.94147670E+01    0.00000000E+00    0.00000000E+00
   1.96577717E+01    0.00000000E+00    0.00000000E+00
   1.99038179E+01    0.00000000E+00    0.00000000E+00
   2.01529437E+01    0.00000000E+00    0.00000000E+00
   2.04051877E+01    0.00000000E+00    0.00000000E+00
   2.06605890E+01    0.00000000E+00    0.00000000E+00
   2.09191869E+01    0.00000000E+00    0.00000000E+00
   2.11810216E+01    0.00000000E+00    0.00000000E+00
   2.14461336E+01    0.00000000E+00    0.00000000E+00
   2.17145638E+01    0.00000000E+00    0.00000000E+00
   2.19863538E+01    0.00000000E+00    0.00000000E+00
   2.22615457E+01    0.00000000E+00    0.00000000E+00
   2.25401820E+01    0.00000000E+00    0.00000000E+00
   2.28223058E+01    0.00000000E+00    0.00000000E+00
   2.31079609E+01    0.00000000E+00    0.00000000E+00
   2.33971913E+01    0.00000000E+00    0.00000000E+00
   2.36900419E+01    0.00000000E+00    0.00000000E+00
   2.39865580E+01    0.00000000E+00    0.00000000E+00
   2.42867853E+01    0.00000000E+00    0.00000000E+00
   2.45907705E+01    0.00000000E+00    0.00000000E+00
   2.48985605E+01    0.00000000E+00    0.00000000E+00
   2.52102030E+01    0.00000000E+00    0.00000000E+00
   2.55257461E+01    0.00000000E+00    0.00000000E+00
   2.58452388E+01    0.00000000E+00    0.00000000E+00
   2.61687303E+01    0.00000000E+00    0.00000000E+00
   2.64962708E+01    0.00000000E+00    0.00000000E+00
   2.68279110E+01    0.00000000E+00    0.00000000E+00
   2.71637021E+01    0.00000000E+00    0.00000000E+00
   2.75036962E+01    0.00000000E+00    0.00000000E+00
   2.78479458E+01    0.00000000E+00    0.00000000E+00
   2.81965042E+01    0.00000000E+00    0.00000000E+00
   2.85494253E+01    0.00000000E+00    0.00000000E+00
   2.89067638E+01    0.00000000E+00    0.00000000E+00
   2.92685749E+01    0.00000000E+00    0.00000000E+00
   2.96349145E+01    0.00000000E+00    0.00000000E+00
   3.00058395E+01    0.00000000E+00    0.00000000E+00
   3.03814072E+01    0.00000000E+00    0.00000000E+00
   3.07616756E+01    0.00000000E+00    0.00000000E+00
   3.11467036E+01    0.00000000E+00    0.00000000E+00
   3.15365509E+01    0.00000000E+00    0.00000000E+00
   3.19312777E+01    0.00000000E+00    0.00000000E+00
   3.23309450E+01    0.00000000E+00    0.00000000E+00
   3.27356148E+01    0.00000000E+00    0.00000000E+00
   3.31453496E+01    0.00000000E+00    0.00000000E+00
   3.35602129E+01    0.00000000E+00    0.00000000E+00
   3.39802688E+01    0.00000000E+00    0.00000000E+00
   3.44055823E+01    0.00000000E+00    0.00000000E+00
   3.48362193E+01    0.00000000E+00    0.00000000E+00
   3.52722463E+01    0.00000000E+00    0.00000000E+00
   3.57137309E+01    0.00000000E+00    0.00000000E+00
   3.61607412E+01    0.00000000E+00    0.00000000E+00
   3.66133466E+01    0.00000000E+00    0.00000000E+00
   3.70716170E+01    0.00000000E+00    0.00000000E+00
   3.75356234E+01    0.00000000E+00    0.00000000E+00
   3.80054374E+01    0.00000000E+00    0.00000000E+00
   3.84811319E+01    0.00000000E+00    0.00000000E+00
   3.89627804E+01    0.00000000E+00    0.00000000E+00
   3.94504575E+01    0.00000000E+00    0.00000000E+00
   3.99442385E+01    0.00000000E+00    0.00000000E+00
   4.04442000E+01    0.00000000E+00    0.00000000E+00
   4.09504192E+01    0.00000000E+00    0.00000000E+00
   4.14629745E+01    0.00000000E+00    0.00000000E+00
   4.19819452E+01    0.00000000E+00    0.00000000E+00
   4.25074116E+01    0.00000000E+00    0.00000000E+00
   4.30394550E+01    0.00000000E+00    0.00000000E+00
   4.35781577E+01    0.00000000E+00    0.00000000E+00
   4.41236031E+01    0.00000000E+00    0.00000000E+00
   4.46758755E+01    0.00000000E+00    0.00000000E+00
   4.52350604E+01    0.00000000E+00    0.00000000E+00
   4.58012444E+01    0.00000000E+00    0.00000000E+00
   4.63745150E+01    0.00000000E+00    0.00000000E+00
   4.69549609E+01    0.00000000E+00    0.00000000E+00
   4.75426720E+01    0.00000000E+00    0.00000000E+00
   4.81377391E+01    0.00000000E+00    0.00000000E+00
   4.87402544E+01    0.00000000E+00    0.00000000E+00
   4.93503111E+01    0.00000000E+00    0.00000000E+00
   4.99680035E+01    0.00000000E+00    0.00000000E+00
   5.05934273E+01    0.00000000E+00    0.00000000E+00
   5.12266791E+01    0.00000000E+00    0.00000000E+00
   5.18678571E+01    0.00000000E+00    0.00000000E+00
   5.25170604E+01    0.00000000E+00    0.00000000E+00
   5.31743894E+01    0.00000000E+00    0.00000000E+00
   5.38399458E+01    0.00000000E+00    0.00000000E+00
   5.45138327E+01    0.00000000E+00    0.00000000E+00
   5.51961543E+01    0.00000000E+00    0.00000000E+00
   5.58870161E+01    0.00000000E+00    0.00000000E+00
   5.65865251E+01    0.00000000E+00    0.00000000E+00
   5.72947895E+01    0.00000000E+00    0.00000000E+00
   5.80119189E+01    0.00000000E+00    0.00000000E+00
   5.87380242E+01    0.00000000E+00    0.00000000E+00
   5.94732178E+01    0.00000000E+00    0.00000000E+00
   6.02176134E+01    0.00000000E+00    0.00000000E+00
   6.09713263E+01    0.00000000E+00    0.00000000E+00
   6.17344730E+01    0.00000000E+00    0.00000000E+00
   6.25071716E+01    0.00000000E+00    0.00000000E+00
   6.32895417E+01    0.00000000E+00    0.00000000E+00
   6.40817043E+01    0.00000000E+00    0.00000000E+00
   6.48837820E+01    0.00000000E+00    0.00000000E+00
   6.56958988E+01    0.00000000E+00    0.00000000E+00
   6.65181806E+01    0.00000000E+00    0.00000000E+00
   6.73507544E+01    0.00000000E+00    0.00000000E+00
   6.81937491E+01    0.00000000E+00    0.00000000E+00
   6.90472951E+01    0.00000000E+00    0.00000000E+00
   6.99115246E+01    0.00000000E+00    0.00000000E+00
   7.07865711E+01    0.00000000E+00    0.00000000E+00
   7.16725702E+01    0.00000000E+00    0.00000000E+00
   7.25696588E+01    0.00000000E+00    0.00000000E+00
   7.34779759E+01    0.00000000E+00    0.00000000E+00
   7.43976619E+01    0.00000000E+00    0.00000000E+00
   7.53288591E+01    0.00000000E+00    0.00000000E+00
   7.62717116E+01    0.00000000E+00    0.00000000E+00
   7.72263654E+01    0.00000000E+00    0.00000000E+00
   7.81929680E+01    0.00000000E+00    0.00000000E+00
   7.91716691E+01    0.00000000E+00    0.00000000E+00
   8.01626202E+01    0.00000000E+00    0.00000000E+00
   8.11659744E+01    0.00000000E+00    0.00000000E+00
   8.21818871E+01    0.00000000E+00    0.00000000E+00
   8.32105155E+01    0.00000000E+00    0.00000000E+00
   8.42520186E+01    0.00000000E+00    0.00000000E+00
   8.53065578E+01    0.00000000E+00    0.00000000E+00
   8.63742960E+01    0.00000000E+00    0.00000000E+00
   8.74553986E+01    0.00000000E+00    0.00000000E+00
   8.85500328E+01    0.00000000E+00    0.00000000E+00
   8.96583680E+01    0.00000000E+00    0.00000000E+00
   9.07805756E+01    0.00000000E+00    0.00000000E+00
   9.19168293E+01    0.00000000E+00    0.00000000E+00
   9.30673049E+01    0.00000000E+00    0.00000000E+00
   9.42321804E+01    0.00000000E+00    0.00000000E+00
   9.54116361E+01    0.00000000E+00    0.00000000E+00
   9.66058544E+01    0.00000000E+00    0.00000000E+00
   9.78150202E+01    0.00000000E+00    0.00000000E+00
   9.90393204E+01    0.00000000E+00    0.00000000E+00
   1.00278945E+02    0.00000000E+00    0.00000000E+00
   1.01534084E+02    0.00000000E+00    0.00000000E+00
   1.02804934E+02    0.00000000E+00    0.00000000E+00
   1.04091691E+02    0.00000000E+00    0.00000000E+00
   1.05394553E+02    0.00000000E+00    0.00000000E+00
   1.06713722E+02    0.00000000E+00    0.00000000E+00
   1.08049403E+02    0.00000000E+00    0.00000000E+00
   1.09401802E+02    0.00000000E+00    0.00000000E+00
   1.10771128E+02    0.00000000E+00    0.00000000E+00
   1.12157593E+02    0.00000000E+00    0.00000000E+00
   1.13561412E+02    0.00000000E+00    0.00000000E+00
   1.14982801E+02    0.00000000E+00    0.00000000E+00
   1.16421982E+02    0.00000000E+00    0.00000000E+00
   1.17879176E+02    0.00000000E+00    0.00000000E+00
   1.19354609E+02    0.00000000E+00    0.00000000E+00
   1.20848509E+02    0.00000000E+00    0.00000000E+00
   1.22361108E+02    0.00000000E+00    0.00000000E+00
   1.23892639E+02    0.00000000E+00    0.00000000E+00
   1.25443339E+02    0.00000000E+00    0.00000000E+00
   1.27013449E+02    0.00000000E+00    0.00000000E+00
   1.28603210E+02    0.00000000E+00    0.00000000E+00
   1.30212871E+02    0.00000000E+00    0.00000000E+00
   1.31842678E+02    0.00000000E+00    0.00000000E+00
   1.33492885E+02    0.00000000E+00    0.00000000E+00
   1.35163747E+02    0.00000000E+00    0.00000000E+00
   1.36855522E+02    0.00000000E+00    0.00000000E+00
   1.38568472E+02    0.00000000E+00    0.00000000E+00
   1.40302862E+02    0.00000000E+00    0.00000000E+00
   1.42058961E+02    0.00000000E+00    0.00000000E+00
   1.43837040E+02    0.00000000E+00    0.00000000E+00
   1.45637374E+02    0.00000000E+00    0.00000000E+00
   1.47460242E+02    0.00000000E+00    0.00000000E+00
   1.49305926E+02    0.00000000E+00    0.00000000E+00
   1.51174711E+02    0.00000000E+00    0.00000000E+00
   1.53066887E+02    0.00000000E+00    0.00000000E+00
   1.54982746E+02    0.00000000E+00    0.00000000E+00
   1.56922586E+02    0.00000000E+00    0.00000000E+00
   1.58886705E+02    0.00000000E+00    0.00000000E+00
   1.60875408E+02    0.00000000E+00    0.00000000E+00
   1.62889003E+02    0.00000000E+00    0.00000000E+00
   1.64927800E+02    0.00000000E+00    0.00000000E+00
   1.66992117E+02    0.00000000E+00    0.00000000E+00
   1.69082271E+02    0.00000000E+00    0.00000000E+00
   1.71198587E+02    0.00000000E+00    0.00000000E+00
   1.73341391E+02    0.00000000E+00    0.00000000E+00
   1.75511016E+02    0.00000000E+00    0.00000000E+00
   1.77707797E+02    0.00000000E+00    0.00000000E+00
   1.79932074E+02    0.00000000E+00    0.00000000E+00
   1.82184191E+02    0.00000000E+00    0.00000000E+00
   1.84464497E+02    0.00000000E+00    0.00000000E+00
   1.86773344E+02    0.00000000E+00    0.00000000E+00
   1.89111090E+02    0.00000000E+00    0.00000000E+00
   1.91478096E+02    0.00000000E+00    0.00000000E+00
   1.93874729E+02    0.00000000E+00    0.00000000E+00
   1.96301359E+02    0.00000000E+00    0.00000000E+00
   1.98758362E+02    0.00000000E+00    0.00000000E+00
   2.01246118E+02    0.00000000E+00    0.00000000E+00
