# Peaks:     0.048144      0.323154      1.411972  
   3.99999990E-05    1.14155185E+01   -2.01176322E+03
   4.07536504E-05    1.14140311E+01   -1.98172051E+03
   4.15215015E-05    1.14125221E+01   -1.95218563E+03
   4.23038199E-05    1.14109981E+01   -1.92308528E+03
   4.31008782E-05    1.14094667E+01   -1.89434348E+03
   4.39129541E-05    1.14079345E+01   -1.86589482E+03
   4.47403306E-05    1.14064021E+01   -1.83774216E+03
   4.55832959E-05    1.14048672E+01   -1.80991235E+03
   4.64421437E-05    1.14033275E+01   -1.78243404E+03
   4.73171734E-05    1.14017810E+01   -1.75532898E+03
   4.82086897E-05    1.14002279E+01   -1.72859519E+03
   4.91170034E-05    1.13986690E+01   -1.70222659E+03
   5.00424308E-05    1.13971051E+01   -1.67621741E+03
   5.09852945E-05    1.13955365E+01   -1.65056438E+03
   5.19459229E-05    1.13939632E+01   -1.62526799E+03
   5.29246509E-05    1.13923851E+01   -1.60032961E+03
   5.39218193E-05    1.13908018E+01   -1.57575105E+03
   5.49377756E-05    1.13892134E+01   -1.55153208E+03
   5.59728739E-05    1.13876197E+01   -1.52767027E+03
   5.70274747E-05    1.13860211E+01   -1.50416347E+03
   5.81019456E-05    1.13844173E+01   -1.48100993E+03
   5.91966609E-05    1.13828086E+01   -1.45820732E+03
   6.03120020E-05    1.13811948E+01   -1.43575300E+03
   6.14483576E-05    1.13795759E+01   -1.41364470E+03
   6.26061236E-05    1.13779519E+01   -1.39188040E+03
   6.37857034E-05    1.13763228E+01   -1.37045727E+03
   6.49875080E-05    1.13746885E+01   -1.34937192E+03
   6.62119561E-05    1.13730491E+01   -1.32862129E+03
   6.74594744E-05    1.13714044E+01   -1.30820257E+03
   6.87304976E-05    1.13697545E+01   -1.28811241E+03
   7.00254685E-05    1.13680993E+01   -1.26834710E+03
   7.13448382E-05    1.13664388E+01   -1.24890317E+03
   7.26890666E-05    1.13647729E+01   -1.22977744E+03
   7.40586220E-05    1.13631016E+01   -1.21096633E+03
   7.54539816E-05    1.13614248E+01   -1.19246586E+03
   7.68756316E-05    1.13597426E+01   -1.17427229E+03
   7.83240672E-05    1.13580548E+01   -1.15638210E+03
   7.97997932E-05    1.13563613E+01   -1.13879161E+03
   8.13033239E-05    1.13546622E+01   -1.12149674E+03
   8.28351829E-05    1.13529573E+01   -1.10449358E+03
   8.43959042E-05    1.13512466E+01   -1.08777841E+03
   8.59860314E-05    1.13495301E+01   -1.07134754E+03
   8.76061187E-05    1.13478075E+01   -1.05519691E+03
   8.92567305E-05    1.13460790E+01   -1.03932251E+03
   9.09384420E-05    1.13443444E+01   -1.02372053E+03
   9.26518391E-05    1.13426035E+01   -1.00838727E+03
   9.43975187E-05    1.13408564E+01   -9.93318799E+02
   9.61760892E-05    1.13391030E+01   -9.78511105E+02
   9.79881703E-05    1.13373431E+01   -9.63960345E+02
   9.98343933E-05    1.13355767E+01   -9.49662829E+02
   1.01715402E-04    1.13338037E+01   -9.35614806E+02
   1.03631850E-04    1.13320239E+01   -9.21812350E+02
   1.05584408E-04    1.13302374E+01   -9.08251647E+02
   1.07573753E-04    1.13284439E+01   -8.94929024E+02
   1.09600581E-04    1.13266433E+01   -8.81840899E+02
   1.11665597E-04    1.13248357E+01   -8.68983524E+02
   1.13769520E-04    1.13230207E+01   -8.56353167E+02
   1.15913084E-04    1.13211985E+01   -8.43946217E+02
   1.18097035E-04    1.13193688E+01   -8.31759183E+02
   1.20322135E-04    1.13175314E+01   -8.19788571E+02
   1.22589159E-04    1.13156863E+01   -8.08030785E+02
   1.24898896E-04    1.13138334E+01   -7.96482311E+02
   1.27252152E-04    1.13119725E+01   -7.85139748E+02
   1.29649746E-04    1.13101035E+01   -7.73999784E+02
   1.32092514E-04    1.13082262E+01   -7.63059056E+02
   1.34581306E-04    1.13063406E+01   -7.52314182E+02
   1.37116991E-04    1.13044464E+01   -7.41761871E+02
   1.39700451E-04    1.13025436E+01   -7.31398928E+02
   1.42332587E-04    1.13006319E+01   -7.21222226E+02
   1.45014316E-04    1.12987112E+01   -7.11228579E+02
   1.47746572E-04    1.12967815E+01   -7.01414831E+02
   1.50530307E-04    1.12948425E+01   -6.91777913E+02
   1.53366491E-04    1.12928940E+01   -6.82314834E+02
   1.56256113E-04    1.12909358E+01   -6.73022657E+02
   1.59200179E-04    1.12889679E+01   -6.63898401E+02
   1.62199715E-04    1.12869900E+01   -6.54939136E+02
   1.65255766E-04    1.12850020E+01   -6.46142002E+02
   1.68369397E-04    1.12830038E+01   -6.37504214E+02
   1.71541693E-04    1.12809949E+01   -6.29023030E+02
   1.74773758E-04    1.12789754E+01   -6.20695683E+02
   1.78066721E-04    1.12769450E+01   -6.12519457E+02
   1.81421726E-04    1.12749036E+01   -6.04491698E+02
   1.84839945E-04    1.12728509E+01   -5.96609819E+02
   1.88322567E-04    1.12707866E+01   -5.88871275E+02
   1.91870806E-04    1.12687107E+01   -5.81273511E+02
   1.95485898E-04    1.12666229E+01   -5.73814014E+02
   1.99169104E-04    1.12645230E+01   -5.66490329E+02
   2.02921705E-04    1.12624108E+01   -5.59300059E+02
   2.06745011E-04    1.12602860E+01   -5.52240852E+02
   2.10640353E-04    1.12581484E+01   -5.45310356E+02
   2.14609087E-04    1.12559977E+01   -5.38506255E+02
   2.18652598E-04    1.12538339E+01   -5.31826280E+02
   2.22772294E-04    1.12516566E+01   -5.25268216E+02
   2.26969610E-04    1.12494655E+01   -5.18829894E+02
   2.31246009E-04    1.12472603E+01   -5.12509157E+02
   2.35602981E-04    1.12450409E+01   -5.06303873E+02
   2.40042044E-04    1.12428070E+01   -5.00211953E+02
   2.44564745E-04    1.12405583E+01   -4.94231354E+02
   2.49172659E-04    1.12382946E+01   -4.88360075E+02
   2.53867392E-04    1.12360154E+01   -4.82596144E+02
   2.58650579E-04    1.12337206E+01   -4.76937604E+02
   2.63523888E-04    1.12314100E+01   -4.71382535E+02
   2.68489017E-04    1.12290832E+01   -4.65929054E+02
   2.73547695E-04    1.12267399E+01   -4.60575322E+02
   2.78701685E-04    1.12243797E+01   -4.55319531E+02
   2.83952783E-04    1.12220023E+01   -4.50159893E+02
   2.89302818E-04    1.12196076E+01   -4.45094644E+02
   2.94753655E-04    1.12171951E+01   -4.40122057E+02
   3.00307192E-04    1.12147646E+01   -4.35240439E+02
   3.05965365E-04    1.12123156E+01   -4.30448132E+02
   3.11730146E-04    1.12098477E+01   -4.25743504E+02
   3.17603542E-04    1.12073607E+01   -4.21124941E+02
   3.23587601E-04    1.12048543E+01   -4.16590859E+02
   3.29684407E-04    1.12023282E+01   -4.12139704E+02
   3.35896085E-04    1.11997818E+01   -4.07769955E+02
   3.42224799E-04    1.11972148E+01   -4.03480118E+02
   3.48672753E-04    1.11946268E+01   -3.99268722E+02
   3.55242196E-04    1.11920174E+01   -3.95134317E+02
   3.61935415E-04    1.11893864E+01   -3.91075480E+02
   3.68754744E-04    1.11867332E+01   -3.87090815E+02
   3.75702557E-04    1.11840575E+01   -3.83178953E+02
   3.82781275E-04    1.11813588E+01   -3.79338552E+02
   3.89993366E-04    1.11786366E+01   -3.75568288E+02
   3.97341342E-04    1.11758905E+01   -3.71866861E+02
   4.04827764E-04    1.11731203E+01   -3.68232991E+02
   4.12455239E-04    1.11703253E+01   -3.64665426E+02
   4.20226425E-04    1.11675052E+01   -3.61162936E+02
   4.28144031E-04    1.11646594E+01   -3.57724315E+02
   4.36210815E-04    1.11617873E+01   -3.54348373E+02
   4.44429587E-04    1.11588886E+01   -3.51033944E+02
   4.52803211E-04    1.11559629E+01   -3.47779881E+02
   4.61334605E-04    1.11530096E+01   -3.44585059E+02
   4.70026742E-04    1.11500283E+01   -3.41448374E+02
   4.78882649E-04    1.11470181E+01   -3.38368741E+02
   4.87905414E-04    1.11439787E+01   -3.35345095E+02
   4.97098178E-04    1.11409096E+01   -3.32376389E+02
   5.06464147E-04    1.11378103E+01   -3.29461594E+02
   5.16006582E-04    1.11346803E+01   -3.26599701E+02
   5.25728809E-04    1.11315189E+01   -3.23789718E+02
   5.35634215E-04    1.11283254E+01   -3.21030673E+02
   5.45726251E-04    1.11250992E+01   -3.18321608E+02
   5.56008435E-04    1.11218398E+01   -3.15661586E+02
   5.66484348E-04    1.11185467E+01   -3.13049685E+02
   5.77157641E-04    1.11152192E+01   -3.10484999E+02
   5.88032032E-04    1.11118568E+01   -3.07966638E+02
   5.99111311E-04    1.11084586E+01   -3.05493729E+02
   6.10399338E-04    1.11050239E+01   -3.03065414E+02
   6.21900046E-04    1.11015521E+01   -3.00680851E+02
   6.33617441E-04    1.10980426E+01   -2.98339213E+02
   6.45555608E-04    1.10944949E+01   -2.96039690E+02
   6.57718705E-04    1.10909080E+01   -2.93781482E+02
   6.70110970E-04    1.10872813E+01   -2.91563806E+02
   6.82736722E-04    1.10836139E+01   -2.89385891E+02
   6.95600359E-04    1.10799051E+01   -2.87246982E+02
   7.08706363E-04    1.10761542E+01   -2.85146338E+02
   7.22059301E-04    1.10723605E+01   -2.83083232E+02
   7.35663826E-04    1.10685232E+01   -2.81056947E+02
   7.49524677E-04    1.10646415E+01   -2.79066780E+02
   7.63646685E-04    1.10607145E+01   -2.77112040E+02
   7.78034770E-04    1.10567412E+01   -2.75192048E+02
   7.92693944E-04    1.10527209E+01   -2.73306138E+02
   8.07629316E-04    1.10486528E+01   -2.71453658E+02
   8.22846090E-04    1.10445361E+01   -2.69633967E+02
   8.38349568E-04    1.10403699E+01   -2.67846433E+02
   8.54145150E-04    1.10361532E+01   -2.66090436E+02
   8.70238342E-04    1.10318849E+01   -2.64365365E+02
   8.86634751E-04    1.10275642E+01   -2.62670622E+02
   9.03340088E-04    1.10231900E+01   -2.61005621E+02
   9.20360176E-04    1.10187616E+01   -2.59369788E+02
   9.37700944E-04    1.10142780E+01   -2.57762554E+02
   9.55368434E-04    1.10097381E+01   -2.56183365E+02
   9.73368803E-04    1.10051409E+01   -2.54631671E+02
   9.91708322E-04    1.10004852E+01   -2.53106934E+02
   1.01039338E-03    1.09957698E+01   -2.51608625E+02
   1.02943049E-03    1.09909939E+01   -2.50136228E+02
   1.04882628E-03    1.09861563E+01   -2.48689235E+02
   1.06858752E-03    1.09812561E+01   -2.47267146E+02
   1.08872108E-03    1.09762920E+01   -2.45869469E+02
   1.10923398E-03    1.09712629E+01   -2.44495719E+02
   1.13013338E-03    1.09661672E+01   -2.43145419E+02
   1.15142654E-03    1.09610040E+01   -2.41818104E+02
   1.17312089E-03    1.09557720E+01   -2.40513315E+02
   1.19522400E-03    1.09504701E+01   -2.39230605E+02
   1.21774355E-03    1.09450971E+01   -2.37969531E+02
   1.24068741E-03    1.09396516E+01   -2.36729659E+02
   1.26406355E-03    1.09341322E+01   -2.35510557E+02
   1.28788013E-03    1.09285375E+01   -2.34311805E+02
   1.31214545E-03    1.09228662E+01   -2.33132989E+02
   1.33686796E-03    1.09171168E+01   -2.31973704E+02
   1.36205627E-03    1.09112881E+01   -2.30833553E+02
   1.38771915E-03    1.09053788E+01   -2.29712144E+02
   1.41386557E-03    1.08993873E+01   -2.28609092E+02
   1.44050461E-03    1.08933120E+01   -2.27524015E+02
   1.46764557E-03    1.08871514E+01   -2.26456538E+02
   1.49529790E-03    1.08809039E+01   -2.25406294E+02
   1.52347123E-03    1.08745679E+01   -2.24372924E+02
   1.55217538E-03    1.08681420E+01   -2.23356075E+02
   1.58142036E-03    1.08616247E+01   -2.22355399E+02
   1.61121635E-03    1.08550143E+01   -2.21370553E+02
   1.64157374E-03    1.08483090E+01   -2.20401199E+02
   1.67250310E-03    1.08415071E+01   -2.19447002E+02
   1.70401520E-03    1.08346066E+01   -2.18507634E+02
   1.73612104E-03    1.08276060E+01   -2.17582775E+02
   1.76883179E-03    1.08205036E+01   -2.16672112E+02
   1.80215885E-03    1.08132976E+01   -2.15775334E+02
   1.83611384E-03    1.08059861E+01   -2.14892136E+02
   1.87070858E-03    1.07985673E+01   -2.14022215E+02
   1.90595514E-03    1.07910390E+01   -2.13165273E+02
   1.94186578E-03    1.07833993E+01   -2.12321016E+02
   1.97845303E-03    1.07756462E+01   -2.11489157E+02
   2.01572962E-03    1.07677778E+01   -2.10669416E+02
   2.05370856E-03    1.07597922E+01   -2.09861516E+02
   2.09240306E-03    1.07516873E+01   -2.09065182E+02
   2.13182663E-03    1.07434609E+01   -2.08280144E+02
   2.17199298E-03    1.07351108E+01   -2.07506135E+02
   2.21291612E-03    1.07266348E+01   -2.06742889E+02
   2.25461030E-03    1.07180304E+01   -2.05990149E+02
   2.29709005E-03    1.07092957E+01   -2.05247662E+02
   2.34037018E-03    1.07004284E+01   -2.04515178E+02
   2.38446576E-03    1.06914262E+01   -2.03792453E+02
   2.42939216E-03    1.06822868E+01   -2.03079242E+02
   2.47516503E-03    1.06730076E+01   -2.02375304E+02
   2.52180032E-03    1.06635862E+01   -2.01680401E+02
   2.56931427E-03    1.06540199E+01   -2.00994295E+02
   2.61772346E-03    1.06443062E+01   -2.00316761E+02
   2.66704473E-03    1.06344428E+01   -1.99647572E+02
   2.71729528E-03    1.06244270E+01   -1.98986506E+02
   2.76849261E-03    1.06142564E+01   -1.98333343E+02
   2.82065457E-03    1.06039280E+01   -1.97687863E+02
   2.87379932E-03    1.05934391E+01   -1.97049849E+02
   2.92794539E-03    1.05827868E+01   -1.96419087E+02
   2.98311165E-03    1.05719682E+01   -1.95795368E+02
   3.03931730E-03    1.05609806E+01   -1.95178486E+02
   3.09658194E-03    1.05498213E+01   -1.94568240E+02
   3.15492553E-03    1.05384872E+01   -1.93964429E+02
   3.21436838E-03    1.05269754E+01   -1.93366851E+02
   3.27493121E-03    1.05152827E+01   -1.92775310E+02
   3.33663512E-03    1.05034060E+01   -1.92189608E+02
   3.39950161E-03    1.04913419E+01   -1.91609550E+02
   3.46355259E-03    1.04790875E+01   -1.91034949E+02
   3.52881037E-03    1.04666395E+01   -1.90465619E+02
   3.59529769E-03    1.04539948E+01   -1.89901375E+02
   3.66303771E-03    1.04411500E+01   -1.89342034E+02
   3.73205405E-03    1.04281017E+01   -1.88787411E+02
   3.80237074E-03    1.04148463E+01   -1.88237326E+02
   3.87401229E-03    1.04013803E+01   -1.87691597E+02
   3.94700366E-03    1.03877001E+01   -1.87150049E+02
   4.02137028E-03    1.03738023E+01   -1.86612510E+02
   4.09713806E-03    1.03596833E+01   -1.86078808E+02
   4.17433340E-03    1.03453395E+01   -1.85548773E+02
   4.25298321E-03    1.03307671E+01   -1.85022234E+02
   4.33311487E-03    1.03159622E+01   -1.84499023E+02
   4.41475633E-03    1.03009208E+01   -1.83978970E+02
   4.49793601E-03    1.02856390E+01   -1.83461908E+02
   4.58268290E-03    1.02701128E+01   -1.82947677E+02
   4.66902653E-03    1.02543385E+01   -1.82436115E+02
   4.75699699E-03    1.02383120E+01   -1.81927062E+02
   4.84662492E-03    1.02220291E+01   -1.81420360E+02
   4.93794156E-03    1.02054857E+01   -1.80915849E+02
   5.03097872E-03    1.01886774E+01   -1.80413368E+02
   5.12576883E-03    1.01715998E+01   -1.79912761E+02
   5.22234490E-03    1.01542485E+01   -1.79413872E+02
   5.32074058E-03    1.01366194E+01   -1.78916550E+02
   5.42099017E-03    1.01187079E+01   -1.78420644E+02
   5.52312859E-03    1.01005097E+01   -1.77926002E+02
   5.62719143E-03    1.00820202E+01   -1.77432474E+02
   5.73321494E-03    1.00632345E+01   -1.76939907E+02
   5.84123608E-03    1.00441480E+01   -1.76448150E+02
   5.95129247E-03    1.00247558E+01   -1.75957054E+02
   6.06342246E-03    1.00050531E+01   -1.75466473E+02
   6.17766513E-03    9.98503532E+00   -1.74976263E+02
   6.29406028E-03    9.96469752E+00   -1.74486279E+02
   6.41264846E-03    9.94403475E+00   -1.73996376E+02
   6.53347099E-03    9.92304194E+00   -1.73506409E+02
   6.65656998E-03    9.90171389E+00   -1.73016233E+02
   6.78198831E-03    9.88004530E+00   -1.72525701E+02
   6.90976968E-03    9.85803101E+00   -1.72034673E+02
   7.03995862E-03    9.83566592E+00   -1.71543009E+02
   7.17260048E-03    9.81294479E+00   -1.71050570E+02
   7.30774149E-03    9.78986232E+00   -1.70557215E+02
   7.44542873E-03    9.76641306E+00   -1.70062805E+02
   7.58571017E-03    9.74259146E+00   -1.69567198E+02
   7.72863469E-03    9.71839185E+00   -1.69070254E+02
   7.87425210E-03    9.69380855E+00   -1.68571832E+02
   8.02261312E-03    9.66883606E+00   -1.68071796E+02
   8.17376946E-03    9.64346882E+00   -1.67570012E+02
   8.32777378E-03    9.61770117E+00   -1.67066342E+02
   8.48467973E-03    9.59152733E+00   -1.66560652E+02
   8.64454200E-03    9.56494144E+00   -1.66052804E+02
   8.80741627E-03    9.53793751E+00   -1.65542660E+02
   8.97335931E-03    9.51050946E+00   -1.65030083E+02
   9.14242893E-03    9.48265136E+00   -1.64514939E+02
   9.31468403E-03    9.45435733E+00   -1.63997095E+02
   9.49018464E-03    9.42562143E+00   -1.63476419E+02
   9.66899191E-03    9.39643760E+00   -1.62952779E+02
   9.85116814E-03    9.36679971E+00   -1.62426040E+02
   1.00367768E-02    9.33670153E+00   -1.61896069E+02
   1.02258826E-02    9.30613669E+00   -1.61362731E+02
   1.04185513E-02    9.27509886E+00   -1.60825893E+02
   1.06148502E-02    9.24358188E+00   -1.60285425E+02
   1.08148476E-02    9.21157957E+00   -1.59741197E+02
   1.10186133E-02    9.17908571E+00   -1.59193081E+02
   1.12262181E-02    9.14609396E+00   -1.58640946E+02
   1.14377345E-02    9.11259793E+00   -1.58084663E+02
   1.16532361E-02    9.07859112E+00   -1.57524101E+02
   1.18727980E-02    9.04406697E+00   -1.56959128E+02
   1.20964968E-02    9.00901905E+00   -1.56389616E+02
   1.23244103E-02    8.97344108E+00   -1.55815440E+02
   1.25566180E-02    8.93732674E+00   -1.55236474E+02
   1.27932009E-02    8.90066965E+00   -1.54652594E+02
   1.30342412E-02    8.86346337E+00   -1.54063673E+02
   1.32798230E-02    8.82570141E+00   -1.53469585E+02
   1.35300320E-02    8.78737721E+00   -1.52870203E+02
   1.37849551E-02    8.74848420E+00   -1.52265403E+02
   1.40446814E-02    8.70901606E+00   -1.51655061E+02
   1.43093012E-02    8.66896656E+00   -1.51039058E+02
   1.45789069E-02    8.62832943E+00   -1.50417275E+02
   1.48535922E-02    8.58709840E+00   -1.49789592E+02
   1.51334530E-02    8.54526716E+00   -1.49155889E+02
   1.54185866E-02    8.50282937E+00   -1.48516046E+02
   1.57090926E-02    8.45977866E+00   -1.47869944E+02
   1.60050721E-02    8.41610876E+00   -1.47217464E+02
   1.63066282E-02    8.37181371E+00   -1.46558494E+02
   1.66138661E-02    8.32688761E+00   -1.45892923E+02
   1.69268926E-02    8.28132456E+00   -1.45220638E+02
   1.72458170E-02    8.23511870E+00   -1.44541529E+02
   1.75707504E-02    8.18826416E+00   -1.43855485E+02
   1.79018059E-02    8.14075511E+00   -1.43162398E+02
   1.82390989E-02    8.09258574E+00   -1.42462157E+02
   1.85827470E-02    8.04375044E+00   -1.41754657E+02
   1.89328698E-02    7.99424395E+00   -1.41039797E+02
   1.92895894E-02    7.94406111E+00   -1.40317477E+02
   1.96530300E-02    7.89319680E+00   -1.39587599E+02
   2.00233184E-02    7.84164600E+00   -1.38850067E+02
   2.04005834E-02    7.78940375E+00   -1.38104783E+02
   2.07849566E-02    7.73646517E+00   -1.37351654E+02
   2.11765719E-02    7.68282546E+00   -1.36590584E+02
   2.15755657E-02    7.62848014E+00   -1.35821487E+02
   2.19820771E-02    7.57342513E+00   -1.35044276E+02
   2.23962476E-02    7.51765648E+00   -1.34258872E+02
   2.28182217E-02    7.46117039E+00   -1.33465195E+02
   2.32481463E-02    7.40396321E+00   -1.32663166E+02
   2.36861713E-02    7.34603141E+00   -1.31852709E+02
   2.41324492E-02    7.28737162E+00   -1.31033752E+02
   2.45871355E-02    7.22798074E+00   -1.30206224E+02
   2.50503887E-02    7.16785616E+00   -1.29370061E+02
   2.55223702E-02    7.10699550E+00   -1.28525203E+02
   2.60032445E-02    7.04539660E+00   -1.27671591E+02
   2.64931790E-02    6.98305751E+00   -1.26809171E+02
   2.69923445E-02    6.91997650E+00   -1.25937891E+02
   2.75009150E-02    6.85615227E+00   -1.25057704E+02
   2.80190675E-02    6.79158396E+00   -1.24168569E+02
   2.85469827E-02    6.72627093E+00   -1.23270448E+02
   2.90848446E-02    6.66021284E+00   -1.22363306E+02
   2.96328404E-02    6.59340963E+00   -1.21447113E+02
   3.01911612E-02    6.52586174E+00   -1.20521844E+02
   3.07600014E-02    6.45757014E+00   -1.19587481E+02
   3.13395594E-02    6.38853611E+00   -1.18644009E+02
   3.19300369E-02    6.31876127E+00   -1.17691420E+02
   3.25316399E-02    6.24824758E+00   -1.16729706E+02
   3.31445777E-02    6.17699748E+00   -1.15758869E+02
   3.37690642E-02    6.10501407E+00   -1.14778916E+02
   3.44053167E-02    6.03230086E+00   -1.13789861E+02
   3.50535571E-02    5.95886173E+00   -1.12791722E+02
   3.57140111E-02    5.88470107E+00   -1.11784521E+02
   3.63869090E-02    5.80982394E+00   -1.10768291E+02
   3.70724851E-02    5.73423591E+00   -1.09743070E+02
   3.77709783E-02    5.65794295E+00   -1.08708900E+02
   3.84826321E-02    5.58095161E+00   -1.07665831E+02
   3.92076943E-02    5.50326919E+00   -1.06613922E+02
   3.99464176E-02    5.42490347E+00   -1.05553235E+02
   4.06990594E-02    5.34586281E+00   -1.04483843E+02
   4.14658820E-02    5.26615631E+00   -1.03405824E+02
   4.22471525E-02    5.18579362E+00   -1.02319264E+02
   4.30431431E-02    5.10478503E+00   -1.01224257E+02
   4.38541312E-02    5.02314161E+00   -1.00120903E+02
   4.46803994E-02    4.94087500E+00   -9.90093129E+01
   4.55222355E-02    4.85799758E+00   -9.78896022E+01
   4.63799329E-02    4.77452249E+00   -9.67618971E+01
   4.72537904E-02    4.69046351E+00   -9.56263300E+01
   4.81441125E-02    4.60583524E+00   -9.44830433E+01
   4.90512095E-02    4.52065299E+00   -9.33321866E+01
   4.99753973E-02    4.43493283E+00   -9.21739185E+01
   5.09169979E-02    4.34869170E+00   -9.10084070E+01
   5.18763396E-02    4.26194718E+00   -8.98358270E+01
   5.28537565E-02    4.17471778E+00   -8.86563640E+01
   5.38495891E-02    4.08702277E+00   -8.74702113E+01
   5.48641846E-02    3.99888222E+00   -8.62775713E+01
   5.58978963E-02    3.91031719E+00   -8.50786569E+01
   5.69510845E-02    3.82134932E+00   -8.38736874E+01
   5.80241161E-02    3.73200131E+00   -8.26628932E+01
   5.91173649E-02    3.64229671E+00   -8.14465141E+01
   6.02312120E-02    3.55225976E+00   -8.02247970E+01
   6.13660454E-02    3.46191580E+00   -7.89980005E+01
   6.25222606E-02    3.37129086E+00   -7.77663904E+01
   6.37002603E-02    3.28041202E+00   -7.65302437E+01
   6.49004550E-02    3.18930708E+00   -7.52898448E+01
   6.61232629E-02    3.09800485E+00   -7.40454887E+01
   6.73691102E-02    3.00653494E+00   -7.27974784E+01
   6.86384307E-02    2.91492793E+00   -7.15461273E+01
   6.99316670E-02    2.82321518E+00   -7.02917566E+01
   7.12492694E-02    2.73142903E+00   -6.90346976E+01
   7.25916972E-02    2.63960269E+00   -6.77752908E+01
   7.39594180E-02    2.54777009E+00   -6.65138831E+01
   7.53529084E-02    2.45596625E+00   -6.52508338E+01
   7.67726540E-02    2.36422679E+00   -6.39865067E+01
   7.82191494E-02    2.27258846E+00   -6.27212789E+01
   7.96928987E-02    2.18108858E+00   -6.14555317E+01
   8.11944153E-02    2.08976540E+00   -6.01896561E+01
   8.27242224E-02    1.99865800E+00   -5.89240521E+01
   8.42828530E-02    1.90780609E+00   -5.76591249E+01
   8.58708502E-02    1.81725038E+00   -5.63952910E+01
   8.74887673E-02    1.72703201E+00   -5.51329698E+01
   8.91371681E-02    1.63719315E+00   -5.38725923E+01
   9.08166268E-02    1.54777632E+00   -5.26145918E+01
   9.25277288E-02    1.45882509E+00   -5.13594133E+01
   9.42710700E-02    1.37038322E+00   -5.01075023E+01
   9.60472581E-02    1.28249545E+00   -4.88593155E+01
   9.78569118E-02    1.19520676E+00   -4.76153106E+01
   9.97006617E-02    1.10856290E+00   -4.63759544E+01
   1.01579150E-01    1.02260984E+00   -4.51417144E+01
   1.03493032E-01    9.37394308E-01   -4.39130673E+01
   1.05442974E-01    8.52963086E-01   -4.26904889E+01
   1.07429655E-01    7.69363545E-01   -4.14744620E+01
   1.09453767E-01    6.86643036E-01   -4.02654680E+01
   1.11516017E-01    6.04849401E-01   -3.90639942E+01
   1.13617122E-01    5.24031241E-01   -3.78705376E+01
   1.15757815E-01    4.44235897E-01   -3.66855779E+01
   1.17938840E-01    3.65511627E-01   -3.55096069E+01
   1.20160960E-01    2.87907137E-01   -3.43431225E+01
   1.22424947E-01    2.11469763E-01   -3.31866047E+01
   1.24731590E-01    1.36248069E-01   -3.20405503E+01
   1.27081693E-01    6.22897093E-02   -3.09054449E+01
   1.29476076E-01   -1.03584471E-02   -2.97817647E+01
   1.31915571E-01   -8.16480225E-02   -2.86700069E+01
   1.34401030E-01   -1.51532730E-01   -2.75706429E+01
   1.36933318E-01   -2.19967090E-01   -2.64841352E+01
   1.39513318E-01   -2.86904341E-01   -2.54109650E+01
   1.42141928E-01   -3.52300237E-01   -2.43515830E+01
   1.44820064E-01   -4.16110180E-01   -2.33064471E+01
   1.47548660E-01   -4.78290109E-01   -2.22760107E+01
   1.50328667E-01   -5.38798400E-01   -2.12606993E+01
   1.53161052E-01   -5.97592869E-01   -2.02609486E+01
   1.56046803E-01   -6.54633386E-01   -1.92771720E+01
   1.58986925E-01   -7.09879796E-01   -1.83097866E+01
   1.61982443E-01   -7.63294676E-01   -1.73591797E+01
   1.65034400E-01   -8.14840882E-01   -1.64257392E+01
   1.68143860E-01   -8.64483058E-01   -1.55098356E+01
   1.71311907E-01   -9.12187348E-01   -1.46118259E+01
   1.74539643E-01   -9.57921177E-01   -1.37320564E+01
   1.77828194E-01   -1.00165429E+00   -1.28708508E+01
   1.81178706E-01   -1.04335728E+00   -1.20285282E+01
   1.84592345E-01   -1.08300363E+00   -1.12053789E+01
   1.88070302E-01   -1.12056773E+00   -1.04016889E+01
   1.91613788E-01   -1.15602681E+00   -9.61771682E+00
   1.95224038E-01   -1.18935985E+00   -8.85370722E+00
   1.98902310E-01   -1.22054766E+00   -8.10989073E+00
   2.02649885E-01   -1.24957383E+00   -7.38647231E+00
   2.06468069E-01   -1.27642426E+00   -6.68363753E+00
   2.10358193E-01   -1.30108684E+00   -6.00155683E+00
   2.14321611E-01   -1.32355225E+00   -5.34037609E+00
   2.18359706E-01   -1.34381358E+00   -4.70022166E+00
   2.22473883E-01   -1.36186657E+00   -4.08119777E+00
   2.26665577E-01   -1.37770944E+00   -3.48338852E+00
   2.30936247E-01   -1.39134332E+00   -2.90685348E+00
   2.35287383E-01   -1.40277205E+00   -2.35162986E+00
   2.39720500E-01   -1.41200208E+00   -1.81773408E+00
   2.44237142E-01   -1.41904301E+00   -1.30515564E+00
   2.48838883E-01   -1.42390688E+00   -8.13865332E-01
   2.53527327E-01   -1.42660901E+00   -3.43805626E-01
   2.58304108E-01   -1.42716739E+00    1.05102106E-01
   2.63170889E-01   -1.42560298E+00    5.32960623E-01
   2.68129367E-01   -1.42193967E+00    9.39897249E-01
   2.73181269E-01   -1.41620421E+00    1.32606208E+00
   2.78328355E-01   -1.40842633E+00    1.69162985E+00
   2.83572418E-01   -1.39863860E+00    2.03679807E+00
   2.88915287E-01   -1.38687643E+00    2.36178760E+00
   2.94358822E-01   -1.37317810E+00    2.66684209E+00
   2.99904920E-01   -1.35758466E+00    2.95222762E+00
   3.05555514E-01   -1.34013988E+00    3.21823213E+00
   3.11312573E-01   -1.32089025E+00    3.46516500E+00
   3.17178102E-01   -1.29988484E+00    3.69335605E+00
   3.23154144E-01   -1.27717528E+00    3.90315530E+00
   3.29242784E-01   -1.25281568E+00    4.09493189E+00
   3.35446141E-01   -1.22686253E+00    4.26907337E+00
   3.41766377E-01   -1.19937461E+00    4.42598483E+00
   3.48205694E-01   -1.17041290E+00    4.56608778E+00
   3.54766337E-01   -1.14004046E+00    4.68981928E+00
   3.61450591E-01   -1.10832234E+00    4.79763091E+00
   3.68260784E-01   -1.07532545E+00    4.88998768E+00
   3.75199290E-01   -1.04111844E+00    4.96736689E+00
   3.82268527E-01   -1.00577157E+00    5.03025693E+00
   3.89470957E-01   -9.69356610E-01    5.07915621E+00
   3.96809090E-01   -9.31946651E-01    5.11457196E+00
   4.04285483E-01   -8.93616012E-01    5.13701904E+00
   4.11902741E-01   -8.54440078E-01    5.14701875E+00
   4.19663518E-01   -8.14495156E-01    5.14509762E+00
   4.27570517E-01   -7.73858350E-01    5.13178649E+00
   4.35626495E-01   -7.32607316E-01    5.10761829E+00
   4.43834258E-01   -6.90820317E-01    5.07312925E+00
   4.52196666E-01   -6.48575806E-01    5.02885480E+00
   4.60716632E-01   -6.05952479E-01    4.97533083E+00
   4.69397125E-01   -5.63029016E-01    4.91309151E+00
   4.78241170E-01   -5.19883958E-01    4.84266861E+00
   4.87251848E-01   -4.76595543E-01    4.76459046E+00
   4.96432298E-01   -4.33241551E-01    4.67938110E+00
   5.05785721E-01   -3.89899140E-01    4.58755919E+00
   5.15315373E-01   -3.46644681E-01    4.48963720E+00
   5.25024577E-01   -3.03553677E-01    4.38612130E+00
   5.34916714E-01   -2.60700415E-01    4.27750852E+00
   5.44995232E-01   -2.18158111E-01    4.16428934E+00
   5.55263643E-01   -1.75998647E-01    4.04694588E+00
   5.65725523E-01   -1.34291779E-01    3.92594352E+00
   5.76384519E-01   -9.31065268E-02    3.80174849E+00
   5.87244343E-01   -5.25094487E-02    3.67480877E+00
   5.98308781E-01   -1.25650524E-02    3.54555958E+00
   6.09581687E-01    2.66638216E-02    3.41443000E+00
   6.21066989E-01    6.51169836E-02    3.28183082E+00
   6.32768689E-01    1.02736392E-01    3.14816348E+00
   6.44690864E-01    1.39466486E-01    3.01381574E+00
   6.56837668E-01    1.75254487E-01    2.87915955E+00
   6.69213334E-01    2.10050183E-01    2.74455498E+00
   6.81822172E-01    2.43806551E-01    2.61034143E+00
   6.94668578E-01    2.76479006E-01    2.47685152E+00
   7.07757026E-01    3.08026342E-01    2.34439646E+00
   7.21092078E-01    3.38410361E-01    2.21327316E+00
   7.34678379E-01    3.67596054E-01    2.08376197E+00
   7.48520664E-01    3.95551641E-01    1.95612685E+00
   7.62623754E-01    4.22248633E-01    1.83061464E+00
   7.76992566E-01    4.47661861E-01    1.70745513E+00
   7.91632104E-01    4.71769494E-01    1.58686078E+00
   8.06547469E-01    4.94553054E-01    1.46902661E+00
   8.21743860E-01    5.15997409E-01    1.35413028E+00
   8.37226570E-01    5.36090760E-01    1.24233211E+00
   8.53000994E-01    5.54824612E-01    1.13377525E+00
   8.69072628E-01    5.72193732E-01    1.02858595E+00
   8.85447073E-01    5.88196115E-01    9.26874033E-01
   9.02130033E-01    6.02832908E-01    8.28733273E-01
   9.19127322E-01    6.16108363E-01    7.34242034E-01
   9.36444861E-01    6.28029759E-01    6.43463905E-01
   9.54088686E-01    6.38607363E-01    5.56448374E-01
   9.72064942E-01    6.47854189E-01    4.73231635E-01
   9.90379894E-01    6.55786242E-01    3.93837206E-01
   1.00903992E+00    6.62422152E-01    3.18276676E-01
   1.02805153E+00    6.67783063E-01    2.46550672E-01
   1.04742134E+00    6.71892875E-01    1.78648934E-01
   1.06715611E+00    6.74777795E-01    1.14551471E-01
   1.08726270E+00    6.76466410E-01    5.42288476E-02
   1.10774813E+00    6.76989572E-01   -2.35729243E-03
   1.12861952E+00    6.76380278E-01   -5.52537634E-02
   1.14988416E+00    6.74673540E-01   -1.04515347E-01
   1.17154946E+00    6.71906318E-01   -1.50204536E-01
   1.19362296E+00    6.68117354E-01   -1.92391055E-01
   1.21611235E+00    6.63347046E-01   -2.31151479E-01
   1.23902546E+00    6.57637320E-01   -2.66568904E-01
   1.26237030E+00    6.51031479E-01   -2.98732528E-01
   1.28615497E+00    6.43574051E-01   -3.27737249E-01
   1.31038779E+00    6.35310634E-01   -3.53683237E-01
   1.33507718E+00    6.26287727E-01   -3.76675491E-01
   1.36023174E+00    6.16552580E-01   -3.96823390E-01
   1.38586026E+00    6.06153000E-01   -4.14240156E-01
   1.41197165E+00    5.95137199E-01   -4.29042395E-01
   1.43857500E+00    5.83553619E-01   -4.41349560E-01
   1.46567961E+00    5.71450748E-01   -4.51283399E-01
   1.49329489E+00    5.58876965E-01   -4.58967440E-01
   1.52143049E+00    5.45880363E-01   -4.64526426E-01
   1.55009619E+00    5.32508584E-01   -4.68085774E-01
   1.57930199E+00    5.18808670E-01   -4.69771057E-01
   1.60905807E+00    5.04826892E-01   -4.69707433E-01
   1.63937479E+00    4.90608624E-01   -4.68019189E-01
   1.67026272E+00    4.76198192E-01   -4.64829218E-01
   1.70173262E+00    4.61638743E-01   -4.60258541E-01
   1.73379545E+00    4.46972134E-01   -4.54425899E-01
   1.76646238E+00    4.32238809E-01   -4.47447303E-01
   1.79974480E+00    4.17477707E-01   -4.39435695E-01
   1.83365430E+00    4.02726166E-01   -4.30500562E-01
   1.86820271E+00    3.88019851E-01   -4.20747671E-01
   1.90340204E+00    3.73392679E-01   -4.10278767E-01
   1.93926458E+00    3.58876763E-01   -3.99191350E-01
   1.97580282E+00    3.44502370E-01   -3.87578483E-01
   2.01302948E+00    3.30297879E-01   -3.75528628E-01
   2.05095754E+00    3.16289762E-01   -3.63125527E-01
   2.08960022E+00    3.02502566E-01   -3.50448117E-01
   2.12897097E+00    2.88958909E-01   -3.37570473E-01
   2.16908352E+00    2.75679487E-01   -3.24561811E-01
   2.20995184E+00    2.62683084E-01   -3.11486461E-01
   2.25159017E+00    2.49986595E-01   -2.98403933E-01
   2.29401302E+00    2.37605059E-01   -2.85368978E-01
   2.33723517E+00    2.25551693E-01   -2.72431672E-01
   2.38127169E+00    2.13837937E-01   -2.59637532E-01
   2.42613791E+00    2.02473503E-01   -2.47027640E-01
   2.47184946E+00    1.91466430E-01   -2.34638793E-01
   2.51842228E+00    1.80823146E-01   -2.22503658E-01
   2.56587259E+00    1.70548529E-01   -2.10650947E-01
   2.61421693E+00    1.60645978E-01   -1.99105594E-01
   2.66347213E+00    1.51117478E-01   -1.87888948E-01
   2.71365537E+00    1.41963679E-01   -1.77018958E-01
   2.76478412E+00    1.33183968E-01   -1.66510377E-01
   2.81687620E+00    1.24776547E-01   -1.56374956E-01
   2.86994977E+00    1.16738503E-01   -1.46621647E-01
   2.92402331E+00    1.09065896E-01   -1.37256798E-01
   2.97911567E+00    1.01753825E-01   -1.28284348E-01
   3.03524603E+00    9.47965265E-02   -1.19706017E-01
   3.09243397E+00    8.81874157E-02   -1.11521498E-01
   3.15069940E+00    8.19191949E-02   -1.03728637E-01
   3.21006262E+00    7.59839124E-02   -9.63236066E-02
   3.27054432E+00    7.03730366E-02   -8.93010822E-02
   3.33216558E+00    6.50775281E-02   -8.26543994E-02
   3.39494786E+00    6.00879077E-02   -7.63757116E-02
   3.45891304E+00    5.53943229E-02   -7.04561381E-02
   3.52408340E+00    5.09866118E-02   -6.48859046E-02
   3.59048166E+00    4.68543644E-02   -5.96544758E-02
   3.65813095E+00    4.29869812E-02   -5.47506797E-02
   3.72705484E+00    3.93737300E-02   -5.01628263E-02
   3.79727734E+00    3.60037978E-02   -4.58788153E-02
   3.86882292E+00    3.28663413E-02   -4.18862383E-02
   3.94171651E+00    2.99505338E-02   -3.81724732E-02
   4.01598352E+00    2.72456090E-02   -3.47247704E-02
   4.09164980E+00    2.47409027E-02   -3.15303340E-02
   4.16874174E+00    2.24258893E-02   -2.85763928E-02
   4.24728619E+00    2.02902162E-02   -2.58502666E-02
   4.32731052E+00    1.83237370E-02   -2.33394274E-02
   4.40884261E+00    1.65165380E-02   -2.10315505E-02
   4.49191087E+00    1.48589646E-02   -1.89145638E-02
   4.57654424E+00    1.33416431E-02   -1.69766876E-02
   4.66277221E+00    1.19555007E-02   -1.52064734E-02
   4.75062483E+00    1.06917806E-02   -1.35928310E-02
   4.84013270E+00    9.54205767E-03   -1.21250586E-02
   4.93132702E+00    8.49824643E-03   -1.07928598E-02
   5.02423956E+00    7.55261416E-03   -9.58636656E-03
   5.11890268E+00    6.69778215E-03   -8.49614598E-03
   5.21534939E+00    5.92673192E-03   -7.51321287E-03
   5.31361327E+00    5.23280601E-03   -6.62903432E-03
   5.41372857E+00    4.60970666E-03   -5.83553118E-03
   5.51573017E+00    4.05149427E-03   -5.12507844E-03
   5.61965361E+00    3.55258202E-03   -4.49050042E-03
   5.72553510E+00    3.10773047E-03   -3.92506547E-03
   5.83341154E+00    2.71203932E-03   -3.42247654E-03
   5.94332051E+00    2.36093930E-03   -2.97686185E-03
   6.05530030E+00    2.05018160E-03   -2.58276197E-03
   6.16938994E+00    1.77582701E-03   -2.23511637E-03
   6.28562917E+00    1.53423434E-03   -1.92924888E-03
   6.40405850E+00    1.32204654E-03   -1.66085007E-03
   6.52471918E+00    1.13618045E-03   -1.42596412E-03
   6.64765328E+00    9.73809302E-04   -1.22096632E-03
   6.77290360E+00    8.32352159E-04   -1.04254943E-03
   6.90051381E+00    7.09458526E-04   -8.87703761E-04
   7.03052835E+00    6.02994423E-04   -7.53699101E-04
   7.16299254E+00    5.11028707E-04   -6.38066928E-04
   7.29795252E+00    4.31819213E-04   -5.38582394E-04
   7.43545532E+00    3.63799276E-04   -4.53246779E-04
   7.57554885E+00    3.05564559E-04   -3.80270358E-04
   7.71828192E+00    2.55860417E-04   -3.18055947E-04
   7.86370427E+00    2.13569627E-04   -2.65182952E-04
   8.01186656E+00    1.77700600E-04   -2.20392039E-04
   8.16282041E+00    1.47376296E-04   -1.82570744E-04
   8.31661844E+00    1.21823659E-04   -1.50739754E-04
   8.47331421E+00    1.00363609E-04   -1.24039943E-04
   8.63296234E+00    8.24017460E-05   -1.01720330E-04
   8.79561844E+00    6.74196445E-05   -8.31268314E-05
   8.96133919E+00    5.49667768E-05   -6.76918285E-05
   9.13018233E+00    4.46530555E-05   -5.49245575E-05
   9.30220669E+00    3.61419856E-05   -4.44022955E-05
   9.47747222E+00    2.91443915E-05   -3.57623023E-05
   9.65603997E+00    2.34127253E-05   -2.86945192E-05
   9.83797217E+00    1.87358504E-05   -2.29348936E-05
   1.00233322E+01    1.49344866E-05   -1.82595553E-05
   1.02121847E+01    1.18569413E-05   -1.44793740E-05
   1.04045953E+01    9.37539537E-06   -1.14352310E-05
   1.06006313E+01    7.38259831E-06   -8.99382049E-06
   1.08003608E+01    5.78895657E-06   -7.04395655E-06
   1.10038535E+01    4.51990723E-06   -5.49325078E-06
   1.12111802E+01    3.51369210E-06   -4.26530034E-06
   1.14224132E+01    2.71937300E-06   -3.29718662E-06
   1.16376262E+01    2.09512422E-06   -2.53732738E-06
   1.18568940E+01    1.60676090E-06   -1.94362926E-06
   1.20802931E+01    1.22647074E-06   -1.48189894E-06
   1.23079013E+01    9.31730292E-07   -1.12448810E-06
   1.25397980E+01    7.04389131E-07   -8.49150822E-07
   1.27760639E+01    5.29890201E-07   -6.38072724E-07
   1.30167814E+01    3.96616396E-07   -4.77058739E-07
   1.32620343E+01    2.95342948E-07   -3.54853999E-07
   1.35119080E+01    2.18782479E-07   -2.62580668E-07
   1.37664897E+01    1.61208282E-07   -1.93272500E-07
   1.40258681E+01    1.18142894E-07   -1.41490856E-07
   1.42901334E+01    8.61053223E-08   -1.03013590E-07
   1.45593779E+01    6.24036469E-08   -7.45802934E-08
   1.48336953E+01    4.49678683E-08   -5.36873515E-08
   1.51131812E+01    3.22151742E-08   -3.84230496E-08
   1.53979329E+01    2.29423306E-08   -2.73361167E-08
   1.56880498E+01    1.62399198E-08   -1.93311465E-08
   1.59836328E+01    1.14249569E-08   -1.35865650E-08
   1.62847849E+01    7.98719690E-09   -9.48939889E-09
   1.65916112E+01    5.54821924E-09   -6.58560729E-09
   1.69042185E+01    3.82893390E-09   -4.54080352E-09
   1.72227157E+01    2.62489912E-09   -3.11014263E-09
   1.75472138E+01    1.78734849E-09   -2.11583280E-09
   1.78778258E+01    1.20868766E-09   -1.42955176E-09
   1.82146670E+01    8.11653484E-10   -9.59127415E-10
   1.85578547E+01    5.41154311E-10   -6.38930334E-10
   1.89075086E+01    3.58184454E-10   -4.22544437E-10
   1.92637503E+01    2.35326052E-10   -2.77380192E-10
   1.96267041E+01    1.53443200E-10   -1.80717089E-10
   1.99964964E+01    9.92841539E-11   -1.16837949E-10
   2.03732561E+01    6.37382079E-11   -7.49484025E-11
   2.07571144E+01    4.05928230E-11   -4.76953908E-11
   2.11482051E+01    2.56423660E-11   -3.01061912E-11
   2.15466645E+01    1.60642099E-11   -1.88466208E-11
   2.19526313E+01    9.97903321E-12   -1.16988926E-11
   2.23662471E+01    6.14575855E-12   -7.19978624E-12
   2.27876559E+01    3.75186364E-12   -4.39222442E-12
   2.32170046E+01    2.27006361E-12   -2.65567151E-12
   2.36544428E+01    1.36099804E-12   -1.59110181E-12
   2.41001229E+01    8.08450359E-13   -9.44502927E-13
   2.45542002E+01    4.75709038E-13   -5.55400179E-13
   2.50168329E+01    2.77226035E-13   -3.23458334E-13
   2.54881821E+01    1.59969831E-13   -1.86529282E-13
   2.59684122E+01    9.14042824E-14   -1.06513674E-13
   2.64576905E+01    5.16878330E-14   -6.01951495E-14
   2.69561873E+01    2.89294554E-14   -3.36707441E-14
   2.74640765E+01    1.60159121E-14   -1.86297682E-14
   2.79815350E+01    8.77657451E-15   -1.02030456E-14
   2.85087431E+01    4.75240962E-15   -5.52166976E-15
   2.90458844E+01    2.54850401E-15   -2.95938096E-15
   2.95931462E+01    1.34982899E-15   -1.56659094E-15
   3.01507191E+01    7.06949422E-16   -8.20033180E-16
   3.07187974E+01    3.64601396E-16   -4.22694720E-16
   3.12975790E+01    1.86814689E-16   -2.16470438E-16
   3.18872656E+01    9.31562744E-17   -1.07884736E-16
   3.24880626E+01    4.73226937E-17   -5.47805185E-17
   3.31001794E+01    2.32455792E-17   -2.68957616E-17
   3.37238294E+01    1.11978676E-17   -1.29493767E-17
   3.43592296E+01    5.23083626E-18   -6.04554857E-18
   3.50066016E+01    2.58537121E-18   -2.98717676E-18
   3.56661710E+01    1.21349161E-18    0.00000000E+00
   3.63381675E+01    5.51256096E-19    0.00000000E+00
   3.70228252E+01    2.36820771E-19    0.00000000E+00
   3.77203828E+01    9.43869392E-20    0.00000000E+00
   3.84310833E+01    4.84790474E-20    0.00000000E+00
   3.91551742E+01    2.81492293E-20    0.00000000E+00
   3.98929080E+01    1.47598650E-20    0.00000000E+00
   4.06445417E+01    0.00000000E+00    0.00000000E+00
   4.14103370E+01    0.00000000E+00    0.00000000E+00
   4.21905610E+01    0.00000000E+00    0.00000000E+00
   4.29854854E+01    0.00000000E+00    0.00000000E+00
   4.37953871E+01    0.00000000E+00    0.00000000E+00
   4.46205485E+01    0.00000000E+00    0.00000000E+00
   4.54612569E+01    0.00000000E+00    0.00000000E+00
   4.63178054E+01    0.00000000E+00    0.00000000E+00
   4.71904924E+01    0.00000000E+00    0.00000000E+00
   4.80796219E+01    0.00000000E+00    0.00000000E+00
   4.89855037E+01    0.00000000E+00    0.00000000E+00
   4.99084535E+01    0.00000000E+00    0.00000000E+00
   5.08487929E+01    0.00000000E+00    0.00000000E+00
   5.18068495E+01    0.00000000E+00    0.00000000E+00
   5.27829571E+01    0.00000000E+00    0.00000000E+00
   5.37774558E+01    0.00000000E+00    0.00000000E+00
   5.47906921E+01    0.00000000E+00    0.00000000E+00
   5.58230191E+01    0.00000000E+00    0.00000000E+00
   5.68747965E+01    0.00000000E+00    0.00000000E+00
   5.79463908E+01    0.00000000E+00    0.00000000E+00
   5.90381752E+01    0.00000000E+00    0.00000000E+00
   6.01505303E+01    0.00000000E+00    0.00000000E+00
   6.12838435E+01    0.00000000E+00    0.00000000E+00
   6.24385099E+01    0.00000000E+00    0.00000000E+00
   6.36149316E+01    0.00000000E+00    0.00000000E+00
   6.48135186E+01    0.00000000E+00    0.00000000E+00
   6.60346886E+01    0.00000000E+00    0.00000000E+00
   6.72788669E+01    0.00000000E+00    0.00000000E+00
   6.85464872E+01    0.00000000E+00    0.00000000E+00
   6.98379911E+01    0.00000000E+00    0.00000000E+00
   7.11538286E+01    0.00000000E+00    0.00000000E+00
   7.24944581E+01    0.00000000E+00    0.00000000E+00
   7.38603468E+01    0.00000000E+00    0.00000000E+00
   7.52519706E+01    0.00000000E+00    0.00000000E+00
   7.66698144E+01    0.00000000E+00    0.00000000E+00
   7.81143722E+01    0.00000000E+00    0.00000000E+00
   7.95861473E+01    0.00000000E+00    0.00000000E+00
   8.10856526E+01    0.00000000E+00    0.00000000E+00
   8.26134104E+01    0.00000000E+00    0.00000000E+00
   8.41699532E+01    0.00000000E+00    0.00000000E+00
   8.57558233E+01    0.00000000E+00    0.00000000E+00
   8.73715731E+01    0.00000000E+00    0.00000000E+00
   8.90177658E+01    0.00000000E+00    0.00000000E+00
   9.06949749E+01    0.00000000E+00    0.00000000E+00
   9.24037847E+01    0.00000000E+00    0.00000000E+00
   9.41447907E+01    0.00000000E+00    0.00000000E+00
   9.59185995E+01    0.00000000E+00    0.00000000E+00
   9.77258291E+01    0.00000000E+00    0.00000000E+00
   9.95671093E+01    0.00000000E+00    0.00000000E+00
   1.01443082E+02    0.00000000E+00    0.00000000E+00
   1.03354400E+02    0.00000000E+00    0.00000000E+00
   1.05301729E+02    0.00000000E+00    0.00000000E+00
   1.07285749E+02    0.00000000E+00    0.00000000E+00
   1.09307150E+02    0.00000000E+00    0.00000000E+00
   1.11366637E+02    0.00000000E+00    0.00000000E+00
   1.13464928E+02    0.00000000E+00    0.00000000E+00
   1.15602753E+02    0.00000000E+00    0.00000000E+00
   1.17780857E+02    0.00000000E+00    0.00000000E+00
   1.20000000E+02    0.00000000E+00    0.00000000E+00
