# Peaks:     0.011544      0.089389  
   7.61577291E-05   -5.10365491E+02    6.40052771E+05
   7.69739561E-05   -5.09857527E+02    6.33329439E+05
   7.77989311E-05   -5.09344808E+02    6.26676605E+05
   7.86327478E-05   -5.08828006E+02    6.20092957E+05
   7.94755011E-05   -5.08307840E+02    6.13577179E+05
   8.03272866E-05   -5.07785078E+02    6.07127947E+05
   8.11882011E-05   -5.07260534E+02    6.00743934E+05
   8.20583427E-05   -5.06735079E+02    5.94423803E+05
   8.29378100E-05   -5.06209635E+02    5.88166213E+05
   8.38267031E-05   -5.05685176E+02    5.81969820E+05
   8.47251230E-05   -5.05162248E+02    5.75833711E+05
   8.56331718E-05   -5.04640697E+02    5.69757630E+05
   8.65509526E-05   -5.04120288E+02    5.63741394E+05
   8.74785699E-05   -5.03600768E+02    5.57784839E+05
   8.84161290E-05   -5.03081860E+02    5.51887819E+05
   8.93637364E-05   -5.02563265E+02    5.46050210E+05
   9.03214999E-05   -5.02044659E+02    5.40271905E+05
   9.12895284E-05   -5.01525701E+02    5.34552812E+05
   9.22679317E-05   -5.01006226E+02    5.28892636E+05
   9.32568212E-05   -5.00486310E+02    5.23290825E+05
   9.42563092E-05   -4.99966046E+02    5.17746818E+05
   9.52665093E-05   -4.99445530E+02    5.12260061E+05
   9.62875362E-05   -4.98924861E+02    5.06830011E+05
   9.73195062E-05   -4.98404141E+02    5.01456131E+05
   9.83625363E-05   -4.97883474E+02    4.96137893E+05
   9.94167453E-05   -4.97362940E+02    4.90874791E+05
   1.00482253E-04   -4.96842541E+02    4.85666356E+05
   1.01559180E-04   -4.96322261E+02    4.80512139E+05
   1.02647649E-04   -4.95802080E+02    4.75411695E+05
   1.03747784E-04   -4.95281971E+02    4.70364594E+05
   1.04859710E-04   -4.94761901E+02    4.65370412E+05
   1.05983553E-04   -4.94241834E+02    4.60428736E+05
   1.07119441E-04   -4.93721728E+02    4.55539158E+05
   1.08267502E-04   -4.93201577E+02    4.50701225E+05
   1.09427869E-04   -4.92681397E+02    4.45914459E+05
   1.10600671E-04   -4.92161203E+02    4.41178389E+05
   1.11786043E-04   -4.91641004E+02    4.36492553E+05
   1.12984120E-04   -4.91120808E+02    4.31856494E+05
   1.14195037E-04   -4.90600620E+02    4.27269766E+05
   1.15418932E-04   -4.90080440E+02    4.22731925E+05
   1.16655944E-04   -4.89560270E+02    4.18242530E+05
   1.17906215E-04   -4.89040117E+02    4.13801123E+05
   1.19169885E-04   -4.88519985E+02    4.09407251E+05
   1.20447098E-04   -4.87999876E+02    4.05060471E+05
   1.21738000E-04   -4.87479787E+02    4.00760343E+05
   1.23042738E-04   -4.86959711E+02    3.96506435E+05
   1.24361459E-04   -4.86439636E+02    3.92298323E+05
   1.25694313E-04   -4.85919550E+02    3.88135585E+05
   1.27041453E-04   -4.85399454E+02    3.84017787E+05
   1.28403031E-04   -4.84879357E+02    3.79944487E+05
   1.29779201E-04   -4.84359265E+02    3.75915254E+05
   1.31170121E-04   -4.83839180E+02    3.71929657E+05
   1.32575948E-04   -4.83319099E+02    3.67987275E+05
   1.33996842E-04   -4.82799018E+02    3.64087690E+05
   1.35432965E-04   -4.82278925E+02    3.60230491E+05
   1.36884479E-04   -4.81758814E+02    3.56415268E+05
   1.38351550E-04   -4.81238691E+02    3.52641602E+05
   1.39834345E-04   -4.80718562E+02    3.48909076E+05
   1.41333031E-04   -4.80198431E+02    3.45217279E+05
   1.42847780E-04   -4.79678296E+02    3.41565805E+05
   1.44378764E-04   -4.79158153E+02    3.37954254E+05
   1.45926155E-04   -4.78637993E+02    3.34382227E+05
   1.47490131E-04   -4.78117803E+02    3.30849335E+05
   1.49070870E-04   -4.77597578E+02    3.27355184E+05
   1.50668549E-04   -4.77077326E+02    3.23899376E+05
   1.52283352E-04   -4.76557052E+02    3.20481522E+05
   1.53915462E-04   -4.76036759E+02    3.17101232E+05
   1.55565065E-04   -4.75516443E+02    3.13758122E+05
   1.57232347E-04   -4.74996100E+02    3.10451814E+05
   1.58917498E-04   -4.74475719E+02    3.07181932E+05
   1.60620710E-04   -4.73955286E+02    3.03948105E+05
   1.62342176E-04   -4.73434799E+02    3.00749960E+05
   1.64082092E-04   -4.72914267E+02    2.97587127E+05
   1.65840656E-04   -4.72393692E+02    2.94459238E+05
   1.67618067E-04   -4.71873076E+02    2.91365929E+05
   1.69414528E-04   -4.71352416E+02    2.88306840E+05
   1.71230243E-04   -4.70831704E+02    2.85281613E+05
   1.73065418E-04   -4.70310930E+02    2.82289897E+05
   1.74920261E-04   -4.69790079E+02    2.79331341E+05
   1.76794984E-04   -4.69269149E+02    2.76405596E+05
   1.78689800E-04   -4.68748148E+02    2.73512317E+05
   1.80604923E-04   -4.68227078E+02    2.70651161E+05
   1.82540572E-04   -4.67705941E+02    2.67821786E+05
   1.84496966E-04   -4.67184733E+02    2.65023857E+05
   1.86474328E-04   -4.66663446E+02    2.62257040E+05
   1.88472883E-04   -4.66142068E+02    2.59521004E+05
   1.90492857E-04   -4.65620584E+02    2.56815422E+05
   1.92534481E-04   -4.65098992E+02    2.54139970E+05
   1.94597985E-04   -4.64577296E+02    2.51494324E+05
   1.96683606E-04   -4.64055502E+02    2.48878166E+05
   1.98791579E-04   -4.63533609E+02    2.46291180E+05
   2.00922145E-04   -4.63011614E+02    2.43733052E+05
   2.03075546E-04   -4.62489508E+02    2.41203472E+05
   2.05252025E-04   -4.61967281E+02    2.38702131E+05
   2.07451831E-04   -4.61444915E+02    2.36228725E+05
   2.09675214E-04   -4.60922404E+02    2.33782950E+05
   2.11922426E-04   -4.60399755E+02    2.31364510E+05
   2.14193723E-04   -4.59876971E+02    2.28973108E+05
   2.16489363E-04   -4.59354052E+02    2.26608451E+05
   2.18809606E-04   -4.58830995E+02    2.24270248E+05
   2.21154717E-04   -4.58307792E+02    2.21958212E+05
   2.23524961E-04   -4.57784433E+02    2.19672056E+05
   2.25920609E-04   -4.57260901E+02    2.17411496E+05
   2.28341933E-04   -4.56737184E+02    2.15176253E+05
   2.30789207E-04   -4.56213286E+02    2.12966050E+05
   2.33262710E-04   -4.55689211E+02    2.10780614E+05
   2.35762723E-04   -4.55164961E+02    2.08619675E+05
   2.38289531E-04   -4.54640533E+02    2.06482964E+05
   2.40843419E-04   -4.54115920E+02    2.04370214E+05
   2.43424679E-04   -4.53591111E+02    2.02281161E+05
   2.46033604E-04   -4.53066092E+02    2.00215542E+05
   2.48670490E-04   -4.52540844E+02    1.98173097E+05
   2.51335638E-04   -4.52015368E+02    1.96153571E+05
   2.54029349E-04   -4.51489669E+02    1.94156713E+05
   2.56751930E-04   -4.50963748E+02    1.92182273E+05
   2.59503691E-04   -4.50437603E+02    1.90230004E+05
   2.62284944E-04   -4.49911230E+02    1.88299659E+05
   2.65096006E-04   -4.49384618E+02    1.86390996E+05
   2.67937195E-04   -4.48857754E+02    1.84503771E+05
   2.70808835E-04   -4.48330620E+02    1.82637744E+05
   2.73711252E-04   -4.47803205E+02    1.80792679E+05
   2.76644775E-04   -4.47275512E+02    1.78968344E+05
   2.79609740E-04   -4.46747545E+02    1.77164510E+05
   2.82606481E-04   -4.46219304E+02    1.75380949E+05
   2.85635340E-04   -4.45690785E+02    1.73617437E+05
   2.88696661E-04   -4.45161980E+02    1.71873747E+05
   2.91790793E-04   -4.44632876E+02    1.70149658E+05
   2.94918085E-04   -4.44103458E+02    1.68444949E+05
   2.98078895E-04   -4.43573706E+02    1.66759399E+05
   3.01273582E-04   -4.43043618E+02    1.65092794E+05
   3.04502507E-04   -4.42513196E+02    1.63444926E+05
   3.07766039E-04   -4.41982443E+02    1.61815584E+05
   3.11064548E-04   -4.41451357E+02    1.60204563E+05
   3.14398409E-04   -4.40919930E+02    1.58611656E+05
   3.17768001E-04   -4.40388155E+02    1.57036659E+05
   3.21173706E-04   -4.39856015E+02    1.55479368E+05
   3.24615913E-04   -4.39323494E+02    1.53939583E+05
   3.28095012E-04   -4.38790573E+02    1.52417103E+05
   3.31611399E-04   -4.38257253E+02    1.50911735E+05
   3.35165472E-04   -4.37723537E+02    1.49423288E+05
   3.38757637E-04   -4.37189426E+02    1.47951574E+05
   3.42388301E-04   -4.36654914E+02    1.46496403E+05
   3.46057877E-04   -4.36119995E+02    1.45057589E+05
   3.49766782E-04   -4.35584657E+02    1.43634946E+05
   3.53515437E-04   -4.35048885E+02    1.42228289E+05
   3.57304269E-04   -4.34512658E+02    1.40837434E+05
   3.61133709E-04   -4.33975961E+02    1.39462201E+05
   3.65004190E-04   -4.33438797E+02    1.38102415E+05
   3.68916154E-04   -4.32901166E+02    1.36757902E+05
   3.72870044E-04   -4.32363067E+02    1.35428492E+05
   3.76866311E-04   -4.31824496E+02    1.34114012E+05
   3.80905408E-04   -4.31285444E+02    1.32814294E+05
   3.84987795E-04   -4.30745898E+02    1.31529169E+05
   3.89113934E-04   -4.30205841E+02    1.30258468E+05
   3.93284296E-04   -4.29665251E+02    1.29002025E+05
   3.97499354E-04   -4.29124115E+02    1.27759676E+05
   4.01759588E-04   -4.28582435E+02    1.26531263E+05
   4.06065481E-04   -4.28040210E+02    1.25316630E+05
   4.10417522E-04   -4.27497440E+02    1.24115621E+05
   4.14816207E-04   -4.26954117E+02    1.22928080E+05
   4.19262036E-04   -4.26410234E+02    1.21753855E+05
   4.23755513E-04   -4.25865775E+02    1.20592791E+05
   4.28297149E-04   -4.25320723E+02    1.19444737E+05
   4.32887460E-04   -4.24775055E+02    1.18309542E+05
   4.37526969E-04   -4.24228758E+02    1.17187056E+05
   4.42216201E-04   -4.23681831E+02    1.16077138E+05
   4.46955692E-04   -4.23134275E+02    1.14979645E+05
   4.51745978E-04   -4.22586087E+02    1.13894437E+05
   4.56587604E-04   -4.22037262E+02    1.12821373E+05
   4.61481121E-04   -4.21487787E+02    1.11760314E+05
   4.66427084E-04   -4.20937650E+02    1.10711121E+05
   4.71426056E-04   -4.20386832E+02    1.09673657E+05
   4.76478606E-04   -4.19835309E+02    1.08647785E+05
   4.81585306E-04   -4.19283066E+02    1.07633370E+05
   4.86746738E-04   -4.18730100E+02    1.06630282E+05
   4.91963488E-04   -4.18176413E+02    1.05638394E+05
   4.97236149E-04   -4.17622000E+02    1.04657577E+05
   5.02565320E-04   -4.17066855E+02    1.03687707E+05
   5.07951607E-04   -4.16510968E+02    1.02728656E+05
   5.13395622E-04   -4.15954323E+02    1.01780299E+05
   5.18897983E-04   -4.15396903E+02    1.00842512E+05
   5.24459317E-04   -4.14838683E+02    9.99151700E+04
   5.30080255E-04   -4.14279644E+02    9.89981514E+04
   5.35761435E-04   -4.13719782E+02    9.80913388E+04
   5.41503505E-04   -4.13159097E+02    9.71946165E+04
   5.47307115E-04   -4.12597585E+02    9.63078696E+04
   5.53172926E-04   -4.12035240E+02    9.54309839E+04
   5.59101604E-04   -4.11472050E+02    9.45638457E+04
   5.65093824E-04   -4.10908001E+02    9.37063416E+04
   5.71150265E-04   -4.10343074E+02    9.28583590E+04
   5.77271617E-04   -4.09777246E+02    9.20197858E+04
   5.83458575E-04   -4.09210493E+02    9.11905106E+04
   5.89711842E-04   -4.08642809E+02    9.03704271E+04
   5.96032130E-04   -4.08074191E+02    8.95594311E+04
   6.02420155E-04   -4.07504637E+02    8.87574188E+04
   6.08876645E-04   -4.06934140E+02    8.79642872E+04
   6.15402333E-04   -4.06362688E+02    8.71799337E+04
   6.21997960E-04   -4.05790266E+02    8.64042562E+04
   6.28664277E-04   -4.05216858E+02    8.56371528E+04
   6.35402040E-04   -4.04642439E+02    8.48785222E+04
   6.42212016E-04   -4.04066983E+02    8.41282637E+04
   6.49094978E-04   -4.03490477E+02    8.33862800E+04
   6.56051709E-04   -4.02912920E+02    8.26524771E+04
   6.63083000E-04   -4.02334307E+02    8.19267617E+04
   6.70189649E-04   -4.01754631E+02    8.12090407E+04
   6.77372464E-04   -4.01173883E+02    8.04992218E+04
   6.84632261E-04   -4.00592047E+02    7.97972129E+04
   6.91969866E-04   -4.00009106E+02    7.91029222E+04
   6.99386113E-04   -3.99425037E+02    7.84162583E+04
   7.06881843E-04   -3.98839814E+02    7.77371302E+04
   7.14457910E-04   -3.98253415E+02    7.70654485E+04
   7.22115174E-04   -3.97665835E+02    7.64011283E+04
   7.29854506E-04   -3.97077072E+02    7.57440855E+04
   7.37676784E-04   -3.96487117E+02    7.50942364E+04
   7.45582898E-04   -3.95895960E+02    7.44514977E+04
   7.53573747E-04   -3.95303589E+02    7.38157865E+04
   7.61650238E-04   -3.94709985E+02    7.31870200E+04
   7.69813290E-04   -3.94115126E+02    7.25651160E+04
   7.78063830E-04   -3.93518988E+02    7.19499923E+04
   7.86402796E-04   -3.92921541E+02    7.13415674E+04
   7.94831135E-04   -3.92322776E+02    7.07397638E+04
   8.03349806E-04   -3.91722688E+02    7.01445057E+04
   8.11959777E-04   -3.91121271E+02    6.95557178E+04
   8.20662025E-04   -3.90518515E+02    6.89733251E+04
   8.29457541E-04   -3.89914407E+02    6.83972530E+04
   8.38347323E-04   -3.89308929E+02    6.78274270E+04
   8.47332383E-04   -3.88702061E+02    6.72637730E+04
   8.56413740E-04   -3.88093777E+02    6.67062169E+04
   8.65592428E-04   -3.87484048E+02    6.61546851E+04
   8.74869489E-04   -3.86872853E+02    6.56091058E+04
   8.84245978E-04   -3.86260186E+02    6.50694107E+04
   8.93722960E-04   -3.85646042E+02    6.45355321E+04
   9.03301513E-04   -3.85030410E+02    6.40074026E+04
   9.12982724E-04   -3.84413277E+02    6.34849550E+04
   9.22767695E-04   -3.83794628E+02    6.29681223E+04
   9.32657537E-04   -3.83174442E+02    6.24568377E+04
   9.42653374E-04   -3.82552694E+02    6.19510346E+04
   9.52756342E-04   -3.81929357E+02    6.14506466E+04
   9.62967590E-04   -3.81304401E+02    6.09556079E+04
   9.73288278E-04   -3.80677813E+02    6.04658559E+04
   9.83719579E-04   -3.80049588E+02    5.99813299E+04
   9.94262678E-04   -3.79419717E+02    5.95019691E+04
   1.00491877E-03   -3.78788186E+02    5.90277131E+04
   1.01568908E-03   -3.78154981E+02    5.85585017E+04
   1.02657481E-03   -3.77520081E+02    5.80942748E+04
   1.03757722E-03   -3.76883464E+02    5.76349725E+04
   1.04869754E-03   -3.76245102E+02    5.71805350E+04
   1.05993704E-03   -3.75604964E+02    5.67309026E+04
   1.07129701E-03   -3.74963025E+02    5.62860173E+04
   1.08277873E-03   -3.74319278E+02    5.58458242E+04
   1.09438350E-03   -3.73673714E+02    5.54102688E+04
   1.10611265E-03   -3.73026321E+02    5.49792967E+04
   1.11796751E-03   -3.72377085E+02    5.45528539E+04
   1.12994942E-03   -3.71725985E+02    5.41308862E+04
   1.14205975E-03   -3.71073000E+02    5.37133398E+04
   1.15429987E-03   -3.70418104E+02    5.33001608E+04
   1.16667118E-03   -3.69761266E+02    5.28912955E+04
   1.17917508E-03   -3.69102453E+02    5.24866905E+04
   1.19181299E-03   -3.68441650E+02    5.20862954E+04
   1.20458635E-03   -3.67778849E+02    5.16900611E+04
   1.21749661E-03   -3.67114037E+02    5.12979389E+04
   1.23054523E-03   -3.66447202E+02    5.09098800E+04
   1.24373370E-03   -3.65778323E+02    5.05258360E+04
   1.25706353E-03   -3.65107381E+02    5.01457582E+04
   1.27053621E-03   -3.64434349E+02    4.97695984E+04
   1.28415329E-03   -3.63759199E+02    4.93973082E+04
   1.29791632E-03   -3.63081897E+02    4.90288393E+04
   1.31182685E-03   -3.62402415E+02    4.86641444E+04
   1.32588646E-03   -3.61720740E+02    4.83031793E+04
   1.34009677E-03   -3.61036863E+02    4.79459000E+04
   1.35445937E-03   -3.60350768E+02    4.75922629E+04
   1.36897590E-03   -3.59662439E+02    4.72422243E+04
   1.38364802E-03   -3.58971856E+02    4.68957405E+04
   1.39847739E-03   -3.58278993E+02    4.65527681E+04
   1.41346569E-03   -3.57583823E+02    4.62132636E+04
   1.42861463E-03   -3.56886313E+02    4.58771835E+04
   1.44392593E-03   -3.56186429E+02    4.55444845E+04
   1.45940133E-03   -3.55484149E+02    4.52151254E+04
   1.47504259E-03   -3.54779462E+02    4.48890667E+04
   1.49085148E-03   -3.54072355E+02    4.45662693E+04
   1.50682981E-03   -3.53362812E+02    4.42466939E+04
   1.52297939E-03   -3.52650812E+02    4.39303013E+04
   1.53930205E-03   -3.51936332E+02    4.36170524E+04
   1.55579965E-03   -3.51219345E+02    4.33069080E+04
   1.57247407E-03   -3.50499821E+02    4.29998291E+04
   1.58932719E-03   -3.49777723E+02    4.26957765E+04
   1.60636094E-03   -3.49053020E+02    4.23947116E+04
   1.62357726E-03   -3.48325693E+02    4.20965984E+04
   1.64097808E-03   -3.47595732E+02    4.18014017E+04
   1.65856541E-03   -3.46863120E+02    4.15090862E+04
   1.67634123E-03   -3.46127837E+02    4.12196167E+04
   1.69430756E-03   -3.45389862E+02    4.09329580E+04
   1.71246644E-03   -3.44649169E+02    4.06490749E+04
   1.73081995E-03   -3.43905728E+02    4.03679323E+04
   1.74937016E-03   -3.43159506E+02    4.00894950E+04
   1.76811918E-03   -3.42410465E+02    3.98137277E+04
   1.78706915E-03   -3.41658578E+02    3.95405967E+04
   1.80622222E-03   -3.40903831E+02    3.92700700E+04
   1.82558056E-03   -3.40146209E+02    3.90021162E+04
   1.84514638E-03   -3.39385693E+02    3.87367034E+04
   1.86492189E-03   -3.38622263E+02    3.84738002E+04
   1.88490935E-03   -3.37855892E+02    3.82133748E+04
   1.90511103E-03   -3.37086553E+02    3.79553956E+04
   1.92552922E-03   -3.36314214E+02    3.76998308E+04
   1.94616625E-03   -3.35538838E+02    3.74466488E+04
   1.96702445E-03   -3.34760388E+02    3.71958180E+04
   1.98810620E-03   -3.33978844E+02    3.69473090E+04
   2.00941390E-03   -3.33194190E+02    3.67010933E+04
   2.03094997E-03   -3.32406410E+02    3.64571426E+04
   2.05271685E-03   -3.31615482E+02    3.62154284E+04
   2.07471702E-03   -3.30821384E+02    3.59759223E+04
   2.09695298E-03   -3.30024088E+02    3.57385958E+04
   2.11942725E-03   -3.29223564E+02    3.55034204E+04
   2.14214239E-03   -3.28419777E+02    3.52703674E+04
   2.16510099E-03   -3.27612688E+02    3.50394083E+04
   2.18830564E-03   -3.26802264E+02    3.48105152E+04
   2.21175900E-03   -3.25988488E+02    3.45836621E+04
   2.23546372E-03   -3.25171344E+02    3.43588237E+04
   2.25942249E-03   -3.24350812E+02    3.41359744E+04
   2.28363804E-03   -3.23526870E+02    3.39150885E+04
   2.30811313E-03   -3.22699492E+02    3.36961406E+04
   2.33285053E-03   -3.21868649E+02    3.34791049E+04
   2.35785306E-03   -3.21034309E+02    3.32639557E+04
   2.38312355E-03   -3.20196434E+02    3.30506672E+04
   2.40866488E-03   -3.19354985E+02    3.28392136E+04
   2.43447995E-03   -3.18509936E+02    3.26295706E+04
   2.46057170E-03   -3.17661271E+02    3.24217154E+04
   2.48694309E-03   -3.16808971E+02    3.22156248E+04
   2.51359712E-03   -3.15953017E+02    3.20112761E+04
   2.54053681E-03   -3.15093382E+02    3.18086461E+04
   2.56776523E-03   -3.14230041E+02    3.16077117E+04
   2.59528547E-03   -3.13362962E+02    3.14084499E+04
   2.62310067E-03   -3.12492109E+02    3.12108373E+04
   2.65121397E-03   -3.11617445E+02    3.10148506E+04
   2.67962859E-03   -3.10738932E+02    3.08204668E+04
   2.70834774E-03   -3.09856550E+02    3.06276648E+04
   2.73737469E-03   -3.08970283E+02    3.04364239E+04
   2.76671273E-03   -3.08080110E+02    3.02467237E+04
   2.79636522E-03   -3.07186011E+02    3.00585434E+04
   2.82633550E-03   -3.06287959E+02    2.98718624E+04
   2.85662699E-03   -3.05385927E+02    2.96866598E+04
   2.88724314E-03   -3.04479882E+02    2.95029148E+04
   2.91818741E-03   -3.03569788E+02    2.93206063E+04
   2.94946334E-03   -3.02655606E+02    2.91397133E+04
   2.98107447E-03   -3.01737301E+02    2.89602152E+04
   3.01302439E-03   -3.00814856E+02    2.87820936E+04
   3.04531673E-03   -2.99888254E+02    2.86053299E+04
   3.07795518E-03   -2.98957476E+02    2.84299056E+04
   3.11094343E-03   -2.98022498E+02    2.82558022E+04
   3.14428523E-03   -2.97083296E+02    2.80830011E+04
   3.17798438E-03   -2.96139841E+02    2.79114835E+04
   3.21204470E-03   -2.95192099E+02    2.77412307E+04
   3.24647006E-03   -2.94240036E+02    2.75722236E+04
   3.28126438E-03   -2.93283611E+02    2.74044433E+04
   3.31643162E-03   -2.92322795E+02    2.72378717E+04
   3.35197576E-03   -2.91357572E+02    2.70724923E+04
   3.38790084E-03   -2.90387926E+02    2.69082886E+04
   3.42421096E-03   -2.89413838E+02    2.67452439E+04
   3.46091024E-03   -2.88435284E+02    2.65833416E+04
   3.49800284E-03   -2.87452240E+02    2.64225650E+04
   3.53549298E-03   -2.86464677E+02    2.62628971E+04
   3.57338493E-03   -2.85472562E+02    2.61043212E+04
   3.61168299E-03   -2.84475861E+02    2.59468199E+04
   3.65039152E-03   -2.83474534E+02    2.57903763E+04
   3.68951490E-03   -2.82468558E+02    2.56349745E+04
   3.72905759E-03   -2.81457919E+02    2.54805998E+04
   3.76902409E-03   -2.80442601E+02    2.53272373E+04
   3.80941893E-03   -2.79422585E+02    2.51748723E+04
   3.85024670E-03   -2.78397851E+02    2.50234897E+04
   3.89151205E-03   -2.77368373E+02    2.48730746E+04
   3.93321967E-03   -2.76334124E+02    2.47236118E+04
   3.97537428E-03   -2.75295073E+02    2.45750859E+04
   4.01798070E-03   -2.74251187E+02    2.44274817E+04
   4.06104375E-03   -2.73202428E+02    2.42807838E+04
   4.10456834E-03   -2.72148779E+02    2.41349782E+04
   4.14855940E-03   -2.71090228E+02    2.39900520E+04
   4.19302194E-03   -2.70026761E+02    2.38459919E+04
   4.23796102E-03   -2.68958361E+02    2.37027845E+04
   4.28338173E-03   -2.67885008E+02    2.35604167E+04
   4.32928924E-03   -2.66806681E+02    2.34188747E+04
   4.37568877E-03   -2.65723353E+02    2.32781452E+04
   4.42258559E-03   -2.64634996E+02    2.31382143E+04
   4.46998503E-03   -2.63541577E+02    2.29990681E+04
   4.51789247E-03   -2.62443066E+02    2.28606931E+04
   4.56631338E-03   -2.61339450E+02    2.27230772E+04
   4.61525323E-03   -2.60230720E+02    2.25862087E+04
   4.66471760E-03   -2.59116865E+02    2.24500758E+04
   4.71471211E-03   -2.57997870E+02    2.23146668E+04
   4.76524245E-03   -2.56873720E+02    2.21799697E+04
   4.81631434E-03   -2.55744394E+02    2.20459725E+04
   4.86793360E-03   -2.54609871E+02    2.19126630E+04
   4.92010610E-03   -2.53470125E+02    2.17800289E+04
   4.97283776E-03   -2.52325126E+02    2.16480578E+04
   5.02613457E-03   -2.51174851E+02    2.15167376E+04
   5.08000260E-03   -2.50019292E+02    2.13860580E+04
   5.13444797E-03   -2.48858445E+02    2.12560085E+04
   5.18947685E-03   -2.47692302E+02    2.11265788E+04
   5.24509552E-03   -2.46520855E+02    2.09977585E+04
   5.30131028E-03   -2.45344091E+02    2.08695370E+04
   5.35812753E-03   -2.44161995E+02    2.07419037E+04
   5.41555372E-03   -2.42974549E+02    2.06148476E+04
   5.47359538E-03   -2.41781732E+02    2.04883579E+04
   5.53225911E-03   -2.40583521E+02    2.03624235E+04
   5.59155157E-03   -2.39379898E+02    2.02370339E+04
   5.65147950E-03   -2.38170863E+02    2.01121801E+04
   5.71204972E-03   -2.36956416E+02    1.99878529E+04
   5.77326910E-03   -2.35736556E+02    1.98640433E+04
   5.83514461E-03   -2.34511278E+02    1.97407421E+04
   5.89768327E-03   -2.33280577E+02    1.96179401E+04
   5.96089220E-03   -2.32044442E+02    1.94956278E+04
   6.02477857E-03   -2.30802861E+02    1.93737957E+04
   6.08934966E-03   -2.29555821E+02    1.92524340E+04
   6.15461278E-03   -2.28303302E+02    1.91315331E+04
   6.22057537E-03   -2.27045301E+02    1.90110841E+04
   6.28724492E-03   -2.25781825E+02    1.88910793E+04
   6.35462901E-03   -2.24512882E+02    1.87715109E+04
   6.42273529E-03   -2.23238477E+02    1.86523709E+04
   6.49157151E-03   -2.21958613E+02    1.85336516E+04
   6.56114548E-03   -2.20673290E+02    1.84153447E+04
   6.63146512E-03   -2.19382507E+02    1.82974420E+04
   6.70253842E-03   -2.18086259E+02    1.81799354E+04
   6.77437345E-03   -2.16784538E+02    1.80628162E+04
   6.84697838E-03   -2.15477336E+02    1.79460760E+04
   6.92036146E-03   -2.14164658E+02    1.78297074E+04
   6.99453103E-03   -2.12846522E+02    1.77137039E+04
   7.06949551E-03   -2.11522944E+02    1.75980588E+04
   7.14526344E-03   -2.10193939E+02    1.74827657E+04
   7.22184341E-03   -2.08859520E+02    1.73678177E+04
   7.29924414E-03   -2.07519696E+02    1.72532081E+04
   7.37747441E-03   -2.06174476E+02    1.71389297E+04
   7.45654313E-03   -2.04823865E+02    1.70249757E+04
   7.53645927E-03   -2.03467865E+02    1.69113386E+04
   7.61723192E-03   -2.02106478E+02    1.67980113E+04
   7.69887026E-03   -2.00739721E+02    1.66849876E+04
   7.78138356E-03   -1.99367622E+02    1.65722622E+04
   7.86478121E-03   -1.97990209E+02    1.64598298E+04
   7.94907267E-03   -1.96607508E+02    1.63476850E+04
   8.03426754E-03   -1.95219544E+02    1.62358222E+04
   8.12037549E-03   -1.93826338E+02    1.61242358E+04
   8.20740631E-03   -1.92427910E+02    1.60129202E+04
   8.29536990E-03   -1.91024278E+02    1.59018695E+04
   8.38427624E-03   -1.89615457E+02    1.57910776E+04
   8.47413544E-03   -1.88201461E+02    1.56805385E+04
   8.56495771E-03   -1.86782322E+02    1.55702476E+04
   8.65675338E-03   -1.85358081E+02    1.54602006E+04
   8.74953288E-03   -1.83928778E+02    1.53503933E+04
   8.84330675E-03   -1.82494451E+02    1.52408216E+04
   8.93808564E-03   -1.81055139E+02    1.51314810E+04
   9.03388034E-03   -1.79610875E+02    1.50223671E+04
   9.13070173E-03   -1.78161692E+02    1.49134754E+04
   9.22856081E-03   -1.76707622E+02    1.48048011E+04
   9.32746870E-03   -1.75248691E+02    1.46963393E+04
   9.42743665E-03   -1.73784934E+02    1.45880857E+04
   9.52847601E-03   -1.72316403E+02    1.44800370E+04
   9.63059827E-03   -1.70843156E+02    1.43721904E+04
   9.73381503E-03   -1.69365248E+02    1.42645429E+04
   9.83813803E-03   -1.67882735E+02    1.41570916E+04
   9.94357912E-03   -1.66395668E+02    1.40498333E+04
   1.00501503E-02   -1.64904098E+02    1.39427648E+04
   1.01578636E-02   -1.63408076E+02    1.38358827E+04
   1.02667314E-02   -1.61907646E+02    1.37291836E+04
   1.03767660E-02   -1.60402855E+02    1.36226639E+04
   1.04879799E-02   -1.58893753E+02    1.35163203E+04
   1.06003857E-02   -1.57380410E+02    1.34101511E+04
   1.07139962E-02   -1.55862898E+02    1.33041543E+04
   1.08288244E-02   -1.54341289E+02    1.31983282E+04
   1.09448833E-02   -1.52815651E+02    1.30926707E+04
   1.10621860E-02   -1.51286053E+02    1.29871798E+04
   1.11807459E-02   -1.49752560E+02    1.28818533E+04
   1.13005765E-02   -1.48215237E+02    1.27766891E+04
   1.14216914E-02   -1.46674160E+02    1.26716854E+04
   1.15441044E-02   -1.45129411E+02    1.25668413E+04
   1.16678293E-02   -1.43581069E+02    1.24621554E+04
   1.17928803E-02   -1.42029214E+02    1.23576264E+04
   1.19192715E-02   -1.40473924E+02    1.22532528E+04
   1.20470173E-02   -1.38915284E+02    1.21490339E+04
   1.21761322E-02   -1.37353388E+02    1.20449691E+04
   1.23066310E-02   -1.35788328E+02    1.19410580E+04
   1.24385283E-02   -1.34220197E+02    1.18373001E+04
   1.25718393E-02   -1.32649083E+02    1.17336946E+04
   1.27065791E-02   -1.31075074E+02    1.16302407E+04
   1.28427630E-02   -1.29498267E+02    1.15269382E+04
   1.29804064E-02   -1.27918769E+02    1.14237875E+04
   1.31195250E-02   -1.26336687E+02    1.13207890E+04
   1.32601346E-02   -1.24752124E+02    1.12179428E+04
   1.34022513E-02   -1.23165184E+02    1.11152491E+04
   1.35458910E-02   -1.21575969E+02    1.10127080E+04
   1.36910703E-02   -1.19984592E+02    1.09103202E+04
   1.38378055E-02   -1.18391175E+02    1.08080868E+04
   1.39861134E-02   -1.16795836E+02    1.07060090E+04
   1.41360107E-02   -1.15198694E+02    1.06040879E+04
   1.42875147E-02   -1.13599864E+02    1.05023243E+04
   1.44406423E-02   -1.11999464E+02    1.04007190E+04
   1.45954111E-02   -1.10397620E+02    1.02992736E+04
   1.47518387E-02   -1.08794466E+02    1.01979900E+04
   1.49099428E-02   -1.07190134E+02    1.00968701E+04
   1.50697414E-02   -1.05584754E+02    9.99591546E+03
   1.52312526E-02   -1.03978455E+02    9.89512777E+03
   1.53944949E-02   -1.02371377E+02    9.79450920E+03
   1.55594867E-02   -1.00763664E+02    9.69406234E+03
   1.57262469E-02   -9.91554614E+01    9.59378967E+03
   1.58947943E-02   -9.75469111E+01    9.49369356E+03
   1.60651481E-02   -9.59381537E+01    9.39377626E+03
   1.62373277E-02   -9.43293375E+01    9.29404047E+03
   1.64113526E-02   -9.27206205E+01    9.19448945E+03
   1.65872427E-02   -9.11121594E+01    9.09512638E+03
   1.67650179E-02   -8.95041089E+01    8.99595432E+03
   1.69446984E-02   -8.78966222E+01    8.89697620E+03
   1.71263047E-02   -8.62898607E+01    8.79819547E+03
   1.73098573E-02   -8.46839937E+01    8.69961600E+03
   1.74953772E-02   -8.30791890E+01    8.60124157E+03
   1.76828854E-02   -8.14756118E+01    8.50307580E+03
   1.78724033E-02   -7.98734272E+01    8.40512231E+03
   1.80639523E-02   -7.82728122E+01    8.30738538E+03
   1.82575542E-02   -7.66739464E+01    8.20986946E+03
   1.84532311E-02   -7.50770071E+01    8.11257884E+03
   1.86510052E-02   -7.34821692E+01    8.01551767E+03
   1.88508990E-02   -7.18896137E+01    7.91869046E+03
   1.90529351E-02   -7.02995302E+01    7.82210218E+03
   1.92571366E-02   -6.87121061E+01    7.72575770E+03
   1.94635266E-02   -6.71275259E+01    7.62966172E+03
   1.96721286E-02   -6.55459774E+01    7.53381909E+03
   1.98829663E-02   -6.39676598E+01    7.43823534E+03
   2.00960637E-02   -6.23927717E+01    7.34291596E+03
   2.03114450E-02   -6.08215087E+01    7.24786626E+03
   2.05291347E-02   -5.92540632E+01    7.15309137E+03
   2.07491574E-02   -5.76906358E+01    7.05859689E+03
   2.09715383E-02   -5.61314363E+01    6.96438894E+03
   2.11963026E-02   -5.45766718E+01    6.87047348E+03
   2.14234758E-02   -5.30265457E+01    6.77685628E+03
   2.16530837E-02   -5.14812609E+01    6.68354310E+03
   2.18851525E-02   -4.99410331E+01    6.59054037E+03
   2.21197085E-02   -4.84060789E+01    6.49785463E+03
   2.23567784E-02   -4.68766109E+01    6.40549217E+03
   2.25963891E-02   -4.53528383E+01    6.31345913E+03
   2.28385678E-02   -4.38349799E+01    6.22176218E+03
   2.30833421E-02   -4.23232599E+01    6.13040828E+03
   2.33307398E-02   -4.08178984E+01    6.03940419E+03
   2.35807890E-02   -3.93191109E+01    5.94875644E+03
   2.38335181E-02   -3.78271204E+01    5.85847200E+03
   2.40889559E-02   -3.63421571E+01    5.76855821E+03
   2.43471314E-02   -3.48644469E+01    5.67902220E+03
   2.46080738E-02   -3.33942105E+01    5.58987087E+03
   2.48718130E-02   -3.19316758E+01    5.50111150E+03
   2.51383788E-02   -3.04770755E+01    5.41275166E+03
   2.54078015E-02   -2.90306369E+01    5.32479867E+03
   2.56801118E-02   -2.75925825E+01    5.23725960E+03
   2.59553406E-02   -2.61631473E+01    5.15014221E+03
   2.62335192E-02   -2.47425724E+01    5.06345461E+03
   2.65146792E-02   -2.33310934E+01    4.97720465E+03
   2.67988525E-02   -2.19289386E+01    4.89139983E+03
   2.70860715E-02   -2.05363295E+01    4.80604733E+03
   2.73763688E-02   -1.91534953E+01    4.72115477E+03
   2.76697774E-02   -1.77806811E+01    4.63673063E+03
   2.79663306E-02   -1.64181266E+01    4.55278312E+03
   2.82660622E-02   -1.50660638E+01    4.46932012E+03
   2.85690061E-02   -1.37247168E+01    4.38634914E+03
   2.88751969E-02   -1.23943147E+01    4.30387797E+03
   2.91846693E-02   -1.10750996E+01    4.22191514E+03
   2.94974585E-02   -9.76730696E+00    4.14046885E+03
   2.98136000E-02   -8.47116326E+00    4.05954691E+03
   3.01331299E-02   -7.18689347E+00    3.97915709E+03
   3.04560843E-02   -5.91473607E+00    3.89930789E+03
   3.07825000E-02   -4.65492426E+00    3.82000760E+03
   3.11124140E-02   -3.40768116E+00    3.74126406E+03
   3.14458640E-02   -2.17322676E+00    3.66308500E+03
   3.17828878E-02   -9.51794870E-01    3.58547888E+03
   3.21235236E-02    2.56386183E-01    3.50845396E+03
   3.24678102E-02    1.45109917E+00    3.43201801E+03
   3.28157868E-02    2.63212838E+00    3.35617876E+03
   3.31674928E-02    3.79924618E+00    3.28094461E+03
   3.35229682E-02    4.95223326E+00    3.20632360E+03
   3.38822535E-02    6.09088240E+00    3.13232325E+03
   3.42453895E-02    7.21498267E+00    3.05895131E+03
   3.46124174E-02    8.32431314E+00    2.98621609E+03
   3.49833789E-02    9.41866407E+00    2.91412542E+03
   3.53583163E-02    1.04978391E+01    2.84268655E+03
   3.57372721E-02    1.15616389E+01    2.77190695E+03
   3.61202893E-02    1.26098548E+01    2.70179460E+03
   3.65074117E-02    1.36422901E+01    2.63235699E+03
   3.68986830E-02    1.46587624E+01    2.56360097E+03
   3.72941478E-02    1.56590800E+01    2.49553393E+03
   3.76938510E-02    1.66430437E+01    2.42816370E+03
   3.80978381E-02    1.76104686E+01    2.36149747E+03
   3.85061549E-02    1.85611865E+01    2.29554176E+03
   3.89188480E-02    1.94950302E+01    2.23030308E+03
   3.93359640E-02    2.04118214E+01    2.16578858E+03
   3.97575506E-02    2.13113957E+01    2.10200481E+03
   4.01836556E-02    2.21935951E+01    2.03895811E+03
   4.06143274E-02    2.30582518E+01    1.97665537E+03
   4.10496149E-02    2.39052113E+01    1.91510292E+03
   4.14895677E-02    2.47343375E+01    1.85430633E+03
   4.19342357E-02    2.55454902E+01    1.79427146E+03
   4.23836694E-02    2.63385245E+01    1.73500443E+03
   4.28379200E-02    2.71133137E+01    1.67651066E+03
   4.32970391E-02    2.78697321E+01    1.61879558E+03
   4.37610789E-02    2.86076523E+01    1.56186478E+03
   4.42300920E-02    2.93269664E+01    1.50572305E+03
   4.47041318E-02    3.00275681E+01    1.45037521E+03
   4.51832522E-02    3.07093477E+01    1.39582630E+03
   4.56675075E-02    3.13722150E+01    1.34208059E+03
   4.61569530E-02    3.20160812E+01    1.28914233E+03
   4.66516441E-02    3.26408565E+01    1.23701596E+03
   4.71516371E-02    3.32464720E+01    1.18570503E+03
   4.76569888E-02    3.38328570E+01    1.13521326E+03
   4.81677567E-02    3.43999425E+01    1.08554441E+03
   4.86839987E-02    3.49476803E+01    1.03670136E+03
   4.92057737E-02    3.54760203E+01    9.88687184E+02
   4.97331408E-02    3.59849223E+01    9.41504610E+02
   5.02661600E-02    3.64743546E+01    8.95156058E+02
   5.08048919E-02    3.69442827E+01    8.49644182E+02
   5.13493976E-02    3.73946949E+01    8.04970687E+02
   5.18997392E-02    3.78255846E+01    7.61137156E+02
   5.24559791E-02    3.82369403E+01    7.18145473E+02
   5.30181806E-02    3.86287746E+01    6.75996544E+02
   5.35864075E-02    3.90011000E+01    6.34691361E+02
   5.41607244E-02    3.93539314E+01    5.94230905E+02
   5.47411966E-02    3.96873073E+01    5.54615192E+02
   5.53278901E-02    4.00012616E+01    5.15844537E+02
   5.59208715E-02    4.02958409E+01    4.77918776E+02
   5.65202082E-02    4.05711015E+01    4.40837392E+02
   5.71259684E-02    4.08271051E+01    4.04599737E+02
   5.77382209E-02    4.10639249E+01    3.69204717E+02
   5.83570352E-02    4.12816407E+01    3.34651046E+02
   5.89824818E-02    4.14803417E+01    3.00937102E+02
   5.96146316E-02    4.16601249E+01    2.68060996E+02
   6.02535565E-02    4.18210977E+01    2.36020466E+02
   6.08993292E-02    4.19633737E+01    2.04813066E+02
   6.15520230E-02    4.20870778E+01    1.74435911E+02
   6.22117120E-02    4.21923419E+01    1.44885901E+02
   6.28784714E-02    4.22793062E+01    1.16159649E+02
   6.35523768E-02    4.23481209E+01    8.82533926E+01
   6.42335049E-02    4.23989443E+01    6.11630959E+01
   6.49219330E-02    4.24319427E+01    3.48844404E+01
   6.56177394E-02    4.24472921E+01    9.41274524E+00
   6.63210031E-02    4.24451742E+01   -1.52568368E+01
   6.70318042E-02    4.24257830E+01   -3.91296383E+01
   6.77502233E-02    4.23893187E+01   -6.22111899E+01
   6.84763421E-02    4.23359892E+01   -8.45073070E+01
   6.92102432E-02    4.22660121E+01   -1.06024153E+02
   6.99520099E-02    4.21796122E+01   -1.26768165E+02
   7.07017266E-02    4.20770227E+01   -1.46746078E+02
   7.14594784E-02    4.19584831E+01   -1.65964856E+02
   7.22253515E-02    4.18242430E+01   -1.84431847E+02
   7.29994329E-02    4.16745582E+01   -2.02154618E+02
   7.37818106E-02    4.15096925E+01   -2.19141048E+02
   7.45725735E-02    4.13299172E+01   -2.35399293E+02
   7.53718114E-02    4.11355083E+01   -2.50937665E+02
   7.61796153E-02    4.09267531E+01   -2.65764942E+02
   7.69960768E-02    4.07039422E+01   -2.79889998E+02
   7.78212889E-02    4.04673741E+01   -2.93322027E+02
   7.86553452E-02    4.02173562E+01   -3.06070578E+02
   7.94983407E-02    3.99541929E+01   -3.18145031E+02
   8.03503710E-02    3.96782080E+01   -3.29555599E+02
   8.12115329E-02    3.93897202E+01   -3.40312249E+02
   8.20819245E-02    3.90890607E+01   -3.50425470E+02
   8.29616446E-02    3.87765609E+01   -3.59905741E+02
   8.38507931E-02    3.84525601E+01   -3.68763880E+02
   8.47494712E-02    3.81174031E+01   -3.77010936E+02
   8.56577809E-02    3.77714353E+01   -3.84657971E+02
   8.65758256E-02    3.74150128E+01   -3.91716520E+02
   8.75037094E-02    3.70484877E+01   -3.98197936E+02
   8.84415379E-02    3.66722249E+01   -4.04114144E+02
   8.93894177E-02    3.62865825E+01   -4.09476774E+02
   9.03474564E-02    3.58919333E+01   -4.14298121E+02
   9.13157631E-02    3.54886402E+01   -4.18590045E+02
   9.22944476E-02    3.50770817E+01   -4.22365130E+02
   9.32836213E-02    3.46576267E+01   -4.25635543E+02
   9.42833965E-02    3.42306558E+01   -4.28414010E+02
   9.52938869E-02    3.37965434E+01   -4.30712999E+02
   9.63152073E-02    3.33556717E+01   -4.32545373E+02
   9.73474738E-02    3.29084180E+01   -4.33923801E+02
   9.83908037E-02    3.24551645E+01   -4.34861228E+02
   9.94453156E-02    3.19962917E+01   -4.35370567E+02
   1.00511129E-01    3.15321830E+01   -4.35464909E+02
   1.01588366E-01    3.10632160E+01   -4.35157148E+02
   1.02677148E-01    3.05897671E+01   -4.34460171E+02
   1.03777599E-01    3.01122246E+01   -4.33387486E+02
   1.04889844E-01    2.96309567E+01   -4.31951755E+02
   1.06014010E-01    2.91463452E+01   -4.30166327E+02
   1.07150225E-01    2.86587609E+01   -4.28044141E+02
   1.08298616E-01    2.81685740E+01   -4.25598186E+02
   1.09459316E-01    2.76761574E+01   -4.22841667E+02
   1.10632456E-01    2.71818694E+01   -4.19787210E+02
   1.11818168E-01    2.66860796E+01   -4.16448079E+02
   1.13016589E-01    2.61891400E+01   -4.12836794E+02
   1.14227854E-01    2.56914079E+01   -4.08966270E+02
   1.15452101E-01    2.51932325E+01   -4.04849136E+02
   1.16689469E-01    2.46949586E+01   -4.00497947E+02
   1.17940098E-01    2.41969288E+01   -3.95925277E+02
   1.19204131E-01    2.36994700E+01   -3.91143064E+02
   1.20481712E-01    2.32029191E+01   -3.86163912E+02
   1.21772985E-01    2.27075967E+01   -3.80999744E+02
   1.23078097E-01    2.22138205E+01   -3.75662509E+02
   1.24397198E-01    2.17219004E+01   -3.70163921E+02
   1.25730435E-01    2.12321390E+01   -3.64515514E+02
   1.27077962E-01    2.07448358E+01   -3.58728826E+02
   1.28439931E-01    2.02602788E+01   -3.52815000E+02
   1.29816497E-01    1.97787510E+01   -3.46785101E+02
   1.31207816E-01    1.93005258E+01   -3.40649906E+02
   1.32614047E-01    1.88258713E+01   -3.34420114E+02
   1.34035350E-01    1.83550445E+01   -3.28106041E+02
   1.35471885E-01    1.78882974E+01   -3.21717969E+02
   1.36923817E-01    1.74258694E+01   -3.15265703E+02
   1.38391309E-01    1.69679960E+01   -3.08759094E+02
   1.39874530E-01    1.65149005E+01   -3.02207542E+02
   1.41373647E-01    1.60667987E+01   -2.95620305E+02
   1.42888832E-01    1.56238960E+01   -2.89006279E+02
   1.44420255E-01    1.51863911E+01   -2.82374266E+02
   1.45968091E-01    1.47544702E+01   -2.75732595E+02
   1.47532517E-01    1.43283128E+01   -2.69089498E+02
   1.49113709E-01    1.39080881E+01   -2.62452883E+02
   1.50711848E-01    1.34939557E+01   -2.55830378E+02
   1.52327116E-01    1.30860653E+01   -2.49229306E+02
   1.53959694E-01    1.26845578E+01   -2.42656763E+02
   1.55609771E-01    1.22895641E+01   -2.36119519E+02
   1.57277532E-01    1.19012054E+01   -2.29624109E+02
   1.58963167E-01    1.15195944E+01   -2.23176799E+02
   1.60666869E-01    1.11448314E+01   -2.16783306E+02
   1.62388830E-01    1.07770106E+01   -2.10449478E+02
   1.64129246E-01    1.04162156E+01   -2.04180687E+02
   1.65888315E-01    1.00625201E+01   -1.97982004E+02
   1.67666237E-01    9.71598853E+00   -1.91858184E+02
   1.69463215E-01    9.37667632E+00   -1.85813717E+02
   1.71279451E-01    9.04463027E+00   -1.79852968E+02
   1.73115153E-01    8.71988790E+00   -1.73979778E+02
   1.74970530E-01    8.40247745E+00   -1.68197927E+02
   1.76845792E-01    8.09241937E+00   -1.62510792E+02
   1.78741152E-01    7.78972487E+00   -1.56921528E+02
   1.80656825E-01    7.49439706E+00   -1.51433054E+02
   1.82593030E-01    7.20643128E+00   -1.46047955E+02
   1.84549987E-01    6.92581372E+00   -1.40768661E+02
   1.86527917E-01    6.65252492E+00   -1.35597235E+02
   1.88527046E-01    6.38653481E+00   -1.30535610E+02
   1.90547601E-01    6.12780935E+00   -1.25585395E+02
   1.92589811E-01    5.87630572E+00   -1.20747984E+02
   1.94653909E-01    5.63197252E+00   -1.16024593E+02
   1.96740129E-01    5.39475608E+00   -1.11416137E+02
   1.98848708E-01    5.16459121E+00   -1.06923374E+02
   2.00979886E-01    4.94141095E+00   -1.02546828E+02
   2.03133905E-01    4.72514110E+00   -9.82868158E+01
   2.05311010E-01    4.51569972E+00   -9.41434767E+01
   2.07511449E-01    4.31300196E+00   -9.01167446E+01
   2.09735470E-01    4.11695787E+00   -8.62063802E+01
   2.11983328E-01    3.92747244E+00   -8.24119662E+01
   2.14255278E-01    3.74444485E+00   -7.87329201E+01
   2.16551577E-01    3.56777238E+00   -7.51685027E+01
   2.18872487E-01    3.39734623E+00   -7.17178161E+01
   2.21218272E-01    3.23305591E+00   -6.83798290E+01
   2.23589198E-01    3.07478611E+00   -6.51533641E+01
   2.25985534E-01    2.92241786E+00   -6.20371061E+01
   2.28407554E-01    2.77583316E+00   -5.90296600E+01
   2.30855531E-01    2.63490882E+00   -5.61294884E+01
   2.33329745E-01    2.49951735E+00   -5.33349278E+01
   2.35830477E-01    2.36953174E+00   -5.06442387E+01
   2.38358010E-01    2.24482533E+00   -4.80556209E+01
   2.40912633E-01    2.12526741E+00   -4.55671573E+01
   2.43494634E-01    2.01072507E+00   -4.31768438E+01
   2.46104309E-01    1.90106695E+00   -4.08826371E+01
   2.48741953E-01    1.79616042E+00   -3.86824275E+01
   2.51407866E-01    1.69587199E+00   -3.65740431E+01
   2.54102352E-01    1.60006843E+00   -3.45552735E+01
   2.56825715E-01    1.50861580E+00   -3.26238540E+01
   2.59578267E-01    1.42138209E+00   -3.07775130E+01
   2.62360319E-01    1.33823341E+00   -2.90139134E+01
   2.65172189E-01    1.25903972E+00   -2.73307474E+01
   2.68014194E-01    1.18366783E+00   -2.57256258E+01
   2.70886659E-01    1.11199107E+00   -2.41962401E+01
   2.73789910E-01    1.04387767E+00   -2.27401697E+01
   2.76724277E-01    9.79203004E-01   -2.13550933E+01
   2.79690094E-01    9.17839511E-01   -2.00386158E+01
   2.82687696E-01    8.59665610E-01   -1.87884288E+01
   2.85717426E-01    8.04557381E-01   -1.76021627E+01
   2.88779627E-01    7.52396945E-01   -1.64775403E+01
   2.91874647E-01    7.03062622E-01   -1.54121982E+01
   2.95002839E-01    6.56444396E-01   -1.44039771E+01
   2.98164557E-01    6.12429450E-01   -1.34506504E+01
   3.01360161E-01    5.70900638E-01   -1.25498977E+01
   3.04590015E-01    5.31755323E-01   -1.16996644E+01
   3.07854484E-01    4.94886880E-01   -1.08978073E+01
   3.11153941E-01    4.60189243E-01   -1.01421859E+01
   3.14488760E-01    4.27568090E-01   -9.43088077E+00
   3.17859320E-01    3.96923229E-01   -8.76184836E+00
   3.21266005E-01    3.68158259E-01   -8.13311304E+00
   3.24709201E-01    3.41181628E-01   -7.54278820E+00
   3.28189300E-01    3.15907682E-01   -6.98910044E+00
   3.31706697E-01    2.92249465E-01   -6.47024442E+00
   3.35261792E-01    2.70121535E-01   -5.98444058E+00
   3.38854989E-01    2.49445245E-01   -5.53004232E+00
   3.42486696E-01    2.30143017E-01   -5.10542098E+00
   3.46157327E-01    2.12140023E-01   -4.70900063E+00
   3.49867298E-01    1.95364946E-01   -4.33927433E+00
   3.53617030E-01    1.79748501E-01   -3.99477400E+00
   3.57406951E-01    1.65224668E-01   -3.67409654E+00
   3.61237491E-01    1.51730019E-01   -3.37589038E+00
   3.65109085E-01    1.39203638E-01   -3.09885414E+00
   3.69022173E-01    1.27587925E-01   -2.84175400E+00
   3.72977199E-01    1.16826893E-01   -2.60338830E+00
   3.76974615E-01    1.06867795E-01   -2.38262197E+00
   3.81014872E-01    9.76601116E-02   -2.17836565E+00
   3.85098432E-01    8.91557962E-02   -1.98958116E+00
   3.89225758E-01    8.13093977E-02   -1.81528436E+00
   3.93397318E-01    7.40772400E-02   -1.65452788E+00
   3.97613587E-01    6.74184106E-02   -1.50642252E+00
   4.01875045E-01    6.12938097E-02   -1.37011710E+00
   4.06182176E-01    5.56666858E-02   -1.24481012E+00
   4.10535468E-01    5.05021463E-02   -1.12973944E+00
   4.14935417E-01    4.57673329E-02   -1.02418626E+00
   4.19382523E-01    4.14312685E-02   -9.27471877E-01
   4.23877291E-01    3.74647181E-02   -8.38954888E-01
   4.28420232E-01    3.38402027E-02   -7.58031588E-01
   4.33011863E-01    3.05322261E-02   -6.84141037E-01
   4.37652705E-01    2.75162779E-02   -6.16743448E-01
   4.42343285E-01    2.47699024E-02   -5.55343573E-01
   4.47084137E-01    2.22718875E-02   -4.99473119E-01
   4.51875800E-01    2.00024112E-02   -4.48693988E-01
   4.56718818E-01    1.79430080E-02   -4.02597641E-01
   4.61613741E-01    1.60764383E-02   -3.60802287E-01
   4.66561126E-01    1.43867803E-02   -3.22954960E-01
   4.71561534E-01    1.28590579E-02   -2.88723403E-01
   4.76615536E-01    1.14794605E-02   -2.57800920E-01
   4.81723704E-01    1.02351874E-02   -2.29903020E-01
   4.86886619E-01    9.11433000E-03   -2.04764834E-01
   4.92104868E-01    8.10600204E-03   -1.82144035E-01
   4.97379044E-01    7.20001698E-03   -1.61813733E-01
   5.02709747E-01    6.38702185E-03   -1.43565451E-01
   5.08097581E-01    5.65848800E-03   -1.27208961E-01
   5.13543161E-01    5.00642320E-03   -1.12565901E-01
   5.19047104E-01    4.42364014E-03   -9.94757639E-02
   5.24610036E-01    3.90345224E-03   -8.77891548E-02
   5.30232589E-01    3.43975270E-03   -7.73695538E-02
   5.35915402E-01    3.02699639E-03   -6.80929339E-02
   5.41659121E-01    2.66008873E-03   -5.98452926E-02
   5.47464399E-01    2.33437829E-03   -5.25224962E-02
   5.53331896E-01    2.04566873E-03   -4.60305562E-02
   5.59262278E-01    1.79011583E-03   -4.02833371E-02
   5.65256220E-01    1.56422367E-03   -3.52024767E-02
   5.71314402E-01    1.36485306E-03   -3.07175809E-02
   5.77437513E-01    1.18915042E-03   -2.67646388E-02
   5.83626249E-01    1.03452566E-03   -2.32855304E-02
   5.89881313E-01    8.98657064E-04   -2.02281409E-02
   5.96203417E-01    7.79455022E-04   -1.75455513E-02
   6.02593278E-01    6.75028042E-04   -1.51952793E-02
   6.09051623E-01    5.83693220E-04   -1.31395168E-02
   6.15579187E-01    5.03927186E-04   -1.13440317E-02
   6.22176709E-01    4.34376091E-04   -9.77839374E-03
   6.28844942E-01    3.73829831E-04   -8.41539758E-03
   6.35584641E-01    3.21205471E-04   -7.23069195E-03
   6.42396574E-01    2.75542221E-04   -6.20266795E-03
   6.49281515E-01    2.35981719E-04   -5.31201704E-03
   6.56240245E-01    2.01766582E-04   -4.54169928E-03
   6.63273556E-01    1.72224471E-04   -3.87658581E-03
   6.70382247E-01    1.46759528E-04   -3.30326697E-03
   6.77567127E-01    1.24845874E-04   -2.80990651E-03
   6.84829010E-01    1.06021114E-04   -2.38609580E-03
   6.92168724E-01    8.98782699E-05   -2.02267284E-03
   6.99587102E-01    7.60595000E-05   -1.71158106E-03
   7.07084987E-01    6.42510034E-05   -1.44575494E-03
   7.14663231E-01    5.41782543E-05   -1.21901289E-03
   7.22322695E-01    4.56017320E-05   -1.02596126E-03
   7.30064251E-01    3.83126303E-05   -8.61897845E-04
   7.37888777E-01    3.21291398E-05   -7.22728285E-04
   7.45797163E-01    2.68933176E-05   -6.04895626E-04
   7.53790308E-01    2.24682464E-05   -5.05316398E-04
   7.61869121E-01    1.87354758E-05   -4.21323018E-04
   7.70034518E-01    1.55927333E-05   -3.50612267E-04
   7.78287429E-01    1.29518953E-05   -2.91199605E-04
   7.86628792E-01    1.07371662E-05   -2.41378173E-04
   7.95059553E-01    8.88347208E-06   -1.99682608E-04
   8.03580672E-01    7.33506108E-06   -1.64857527E-04
   8.12193117E-01    6.04426787E-06   -1.35829693E-04
   8.20897866E-01    4.97042559E-06   -1.11683505E-04
   8.29695910E-01    4.07891046E-06   -9.16394751E-05
   8.38588247E-01    3.34030597E-06   -7.50354009E-05
   8.47575888E-01    2.72967111E-06   -6.13098759E-05
   8.56659856E-01    2.22590957E-06   -4.99880800E-05
   8.65841181E-01    1.81119657E-06   -4.06688656E-05
   8.75120908E-01    1.47055307E-06   -3.30151653E-05
   8.84500092E-01    1.19134765E-06   -2.67427698E-05
   8.93979798E-01    9.63008929E-07   -2.16138499E-05
   9.03561103E-01    7.76686194E-07   -1.74293115E-05
   9.13245096E-01    6.24991794E-07   -1.40229930E-05
   9.23032879E-01    5.01772056E-07   -1.12565056E-05
   9.32925563E-01    4.01912914E-07   -9.01485621E-06
   9.42924273E-01    3.21174073E-07   -7.20271260E-06
   9.53030145E-01    2.56048092E-07   -5.74123062E-06
   9.63244327E-01    2.03640678E-07   -4.56535903E-06
   9.73567981E-01    1.61569247E-07   -3.62155602E-06
   9.84002279E-01    1.27877218E-07   -2.86586001E-06
   9.94548408E-01    1.00961776E-07   -2.26226396E-06
   1.00520757E+00    7.95131567E-08   -1.78134913E-06
   1.01598096E+00    6.24637372E-08   -1.39913961E-06
   1.02686983E+00    4.89454640E-08   -1.09614470E-06
   1.03787539E+00    3.82543455E-08   -8.56560241E-07
   1.04899891E+00    2.98209260E-08   -6.67604630E-07
   1.06024165E+00    2.31857840E-08   -5.18967892E-07
   1.07160488E+00    1.79792294E-08   -4.02355283E-07
   1.08308990E+00    1.39045619E-08   -3.11110990E-07
   1.09469800E+00    1.07242968E-08   -2.39908583E-07
   1.10643052E+00    8.24885207E-09   -1.84496841E-07
   1.11828879E+00    6.32732297E-09   -1.41492512E-07
   1.13027414E+00    4.83984221E-09   -1.08208726E-07
   1.14238795E+00    3.69164013E-09   -8.25216125E-08
   1.15463160E+00    2.80781991E-09   -6.27530046E-08
   1.16700646E+00    2.12945389E-09   -4.75828159E-08
   1.17951395E+00    1.61028299E-09   -3.59749704E-08
   1.19215549E+00    1.21411716E-09   -2.71190790E-08
   1.20493252E+00    9.12698487E-10   -2.03825046E-08
   1.21784649E+00    6.84052704E-10   -1.52733909E-08
   1.23089886E+00    5.11135003E-10   -1.14102998E-08
   1.24409113E+00    3.80750266E-10   -8.49800556E-09
   1.25742478E+00    2.82752275E-10   -6.30954697E-09
   1.27090134E+00    2.09322570E-10   -4.67006928E-09
   1.28452233E+00    1.54467025E-10   -3.44554673E-09
   1.29828931E+00    1.13633946E-10   -2.53422760E-09
   1.31220384E+00    8.33204088E-11   -1.85782154E-09
   1.32626750E+00    6.08925806E-11   -1.35747559E-09
   1.34048188E+00    4.43530920E-11   -9.88568077E-10
   1.35484861E+00    3.22045019E-11   -7.17653067E-10
   1.36936932E+00    2.33024765E-11   -5.19176775E-10
   1.38404565E+00    1.68001133E-11   -3.74231601E-10
   1.39887928E+00    1.20757403E-11   -2.68941391E-10
   1.41387189E+00    8.64794317E-12   -1.92562715E-10
   1.42902518E+00    6.16898521E-12   -1.37337248E-10
   1.44434088E+00    4.38870722E-12   -9.76849033E-11
   1.45982073E+00    3.10904939E-12   -6.91885482E-11
   1.47546648E+00    2.19498148E-12   -4.88375174E-11
   1.49127992E+00    1.54266210E-12   -3.43169688E-11
   1.50726284E+00    1.08235623E-12   -2.40727678E-11
   1.52341706E+00    7.55288161E-13   -1.67951814E-11
   1.53974441E+00    5.25554114E-13   -1.16844063E-11
   1.55624676E+00    3.63632832E-13   -8.08291449E-12
   1.57292596E+00    2.51319088E-13   -5.58533150E-12
   1.58978393E+00    1.72591249E-13   -3.83494546E-12
   1.60682258E+00    1.18074791E-13   -2.62309584E-12
   1.62404384E+00    8.07414326E-14   -1.79338672E-12
   1.64144967E+00    5.45854600E-14   -1.21218562E-12
   1.65904205E+00    3.68194154E-14   -8.17493383E-13
   1.67682297E+00    2.49965297E-14   -5.54897159E-13
   1.69479446E+00    1.67928680E-14   -3.72717568E-13
   1.71295857E+00    1.11664390E-14   -2.47790940E-13
   1.73131735E+00    7.44607534E-15   -1.65203023E-13
   1.74987289E+00    4.93418793E-15   -1.09452626E-13
   1.76862731E+00    3.21149185E-15   -7.12240212E-14
   1.78758272E+00    2.09418534E-15   -4.64352270E-14
   1.80674129E+00    1.39300449E-15   -3.08831081E-14
   1.82610520E+00    9.19735372E-16   -2.03879266E-14
   1.84567664E+00    5.90943749E-16   -1.30972973E-14
   1.86545783E+00    3.76024566E-16   -8.33229860E-15
   1.88545104E+00    2.42610898E-16   -5.37494095E-15
   1.90565852E+00    1.56656474E-16   -3.46998713E-15
   1.92608258E+00    9.71545478E-17   -2.15146900E-15
   1.94672554E+00    5.85891812E-17   -1.29706426E-15
   1.96758973E+00    3.59133987E-17   -7.94857585E-16
   1.98867755E+00    2.37261133E-17   -5.25082168E-16
   2.00999137E+00    1.64176323E-17   -3.63346720E-16
   2.03153362E+00    1.10492793E-17   -2.44499289E-16
   2.05330676E+00    7.21756189E-18   -1.59614603E-16
   2.07531325E+00    4.58551018E-18   -1.01244439E-16
   2.09755560E+00    2.79232341E-18   -6.14138673E-17
   2.12003633E+00    1.45226923E-18   -3.15969214E-17
   2.14275800E+00    0.00000000E+00    0.00000000E+00
   2.16572319E+00    0.00000000E+00    0.00000000E+00
   2.18893452E+00    0.00000000E+00    0.00000000E+00
   2.21239461E+00    0.00000000E+00    0.00000000E+00
   2.23610614E+00    0.00000000E+00    0.00000000E+00
   2.26007180E+00    0.00000000E+00    0.00000000E+00
   2.28429431E+00    0.00000000E+00    0.00000000E+00
   2.30877643E+00    0.00000000E+00    0.00000000E+00
   2.33352094E+00    0.00000000E+00    0.00000000E+00
   2.35853065E+00    0.00000000E+00    0.00000000E+00
   2.38380841E+00    0.00000000E+00    0.00000000E+00
   2.40935708E+00    0.00000000E+00    0.00000000E+00
   2.43517957E+00    0.00000000E+00    0.00000000E+00
   2.46127882E+00    0.00000000E+00    0.00000000E+00
   2.48765778E+00    0.00000000E+00    0.00000000E+00
   2.51431947E+00    0.00000000E+00    0.00000000E+00
   2.54126691E+00    0.00000000E+00    0.00000000E+00
   2.56850315E+00    0.00000000E+00    0.00000000E+00
   2.59603130E+00    0.00000000E+00    0.00000000E+00
   2.62385449E+00    0.00000000E+00    0.00000000E+00
   2.65197588E+00    0.00000000E+00    0.00000000E+00
   2.68039866E+00    0.00000000E+00    0.00000000E+00
   2.70912606E+00    0.00000000E+00    0.00000000E+00
   2.73816135E+00    0.00000000E+00    0.00000000E+00
   2.76750783E+00    0.00000000E+00    0.00000000E+00
   2.79716883E+00    0.00000000E+00    0.00000000E+00
   2.82714773E+00    0.00000000E+00    0.00000000E+00
   2.85744793E+00    0.00000000E+00    0.00000000E+00
   2.88807287E+00    0.00000000E+00    0.00000000E+00
   2.91902604E+00    0.00000000E+00    0.00000000E+00
   2.95031095E+00    0.00000000E+00    0.00000000E+00
   2.98193116E+00    0.00000000E+00    0.00000000E+00
   3.01389027E+00    0.00000000E+00    0.00000000E+00
   3.04619189E+00    0.00000000E+00    0.00000000E+00
   3.07883972E+00    0.00000000E+00    0.00000000E+00
   3.11183745E+00    0.00000000E+00    0.00000000E+00
   3.14518883E+00    0.00000000E+00    0.00000000E+00
   3.17889766E+00    0.00000000E+00    0.00000000E+00
   3.21296777E+00    0.00000000E+00    0.00000000E+00
   3.24740303E+00    0.00000000E+00    0.00000000E+00
   3.28220735E+00    0.00000000E+00    0.00000000E+00
   3.31738469E+00    0.00000000E+00    0.00000000E+00
   3.35293904E+00    0.00000000E+00    0.00000000E+00
   3.38887446E+00    0.00000000E+00    0.00000000E+00
   3.42519501E+00    0.00000000E+00    0.00000000E+00
   3.46190483E+00    0.00000000E+00    0.00000000E+00
   3.49900809E+00    0.00000000E+00    0.00000000E+00
   3.53650901E+00    0.00000000E+00    0.00000000E+00
   3.57441185E+00    0.00000000E+00    0.00000000E+00
   3.61272092E+00    0.00000000E+00    0.00000000E+00
   3.65144056E+00    0.00000000E+00    0.00000000E+00
   3.69057519E+00    0.00000000E+00    0.00000000E+00
   3.73012925E+00    0.00000000E+00    0.00000000E+00
   3.77010723E+00    0.00000000E+00    0.00000000E+00
   3.81051367E+00    0.00000000E+00    0.00000000E+00
   3.85135318E+00    0.00000000E+00    0.00000000E+00
   3.89263039E+00    0.00000000E+00    0.00000000E+00
   3.93434999E+00    0.00000000E+00    0.00000000E+00
   3.97651672E+00    0.00000000E+00    0.00000000E+00
   4.01913538E+00    0.00000000E+00    0.00000000E+00
   4.06221081E+00    0.00000000E+00    0.00000000E+00
   4.10574791E+00    0.00000000E+00    0.00000000E+00
   4.14975161E+00    0.00000000E+00    0.00000000E+00
   4.19422693E+00    0.00000000E+00    0.00000000E+00
   4.23917892E+00    0.00000000E+00    0.00000000E+00
   4.28461268E+00    0.00000000E+00    0.00000000E+00
   4.33053338E+00    0.00000000E+00    0.00000000E+00
   4.37694625E+00    0.00000000E+00    0.00000000E+00
   4.42385655E+00    0.00000000E+00    0.00000000E+00
   4.47126961E+00    0.00000000E+00    0.00000000E+00
   4.51919082E+00    0.00000000E+00    0.00000000E+00
   4.56762564E+00    0.00000000E+00    0.00000000E+00
   4.61657956E+00    0.00000000E+00    0.00000000E+00
   4.66605815E+00    0.00000000E+00    0.00000000E+00
   4.71606702E+00    0.00000000E+00    0.00000000E+00
   4.76661188E+00    0.00000000E+00    0.00000000E+00
   4.81769845E+00    0.00000000E+00    0.00000000E+00
   4.86933255E+00    0.00000000E+00    0.00000000E+00
   4.92152004E+00    0.00000000E+00    0.00000000E+00
   4.97426685E+00    0.00000000E+00    0.00000000E+00
   5.02757898E+00    0.00000000E+00    0.00000000E+00
   5.08146249E+00    0.00000000E+00    0.00000000E+00
   5.13592350E+00    0.00000000E+00    0.00000000E+00
   5.19096820E+00    0.00000000E+00    0.00000000E+00
   5.24660285E+00    0.00000000E+00    0.00000000E+00
   5.30283376E+00    0.00000000E+00    0.00000000E+00
   5.35966734E+00    0.00000000E+00    0.00000000E+00
   5.41711004E+00    0.00000000E+00    0.00000000E+00
   5.47516838E+00    0.00000000E+00    0.00000000E+00
   5.53384896E+00    0.00000000E+00    0.00000000E+00
   5.59315847E+00    0.00000000E+00    0.00000000E+00
   5.65310362E+00    0.00000000E+00    0.00000000E+00
   5.71369124E+00    0.00000000E+00    0.00000000E+00
   5.77492822E+00    0.00000000E+00    0.00000000E+00
   5.83682151E+00    0.00000000E+00    0.00000000E+00
   5.89937815E+00    0.00000000E+00    0.00000000E+00
   5.96260524E+00    0.00000000E+00    0.00000000E+00
   6.02650997E+00    0.00000000E+00    0.00000000E+00
   6.09109961E+00    0.00000000E+00    0.00000000E+00
   6.15638149E+00    0.00000000E+00    0.00000000E+00
   6.22236304E+00    0.00000000E+00    0.00000000E+00
   6.28905175E+00    0.00000000E+00    0.00000000E+00
   6.35645520E+00    0.00000000E+00    0.00000000E+00
   6.42458105E+00    0.00000000E+00    0.00000000E+00
   6.49343705E+00    0.00000000E+00    0.00000000E+00
   6.56303102E+00    0.00000000E+00    0.00000000E+00
   6.63337087E+00    0.00000000E+00    0.00000000E+00
   6.70446459E+00    0.00000000E+00    0.00000000E+00
   6.77632027E+00    0.00000000E+00    0.00000000E+00
   6.84894606E+00    0.00000000E+00    0.00000000E+00
   6.92235023E+00    0.00000000E+00    0.00000000E+00
   6.99654111E+00    0.00000000E+00    0.00000000E+00
   7.07152714E+00    0.00000000E+00    0.00000000E+00
   7.14731684E+00    0.00000000E+00    0.00000000E+00
   7.22391882E+00    0.00000000E+00    0.00000000E+00
   7.30134179E+00    0.00000000E+00    0.00000000E+00
   7.37959455E+00    0.00000000E+00    0.00000000E+00
   7.45868599E+00    0.00000000E+00    0.00000000E+00
   7.53862509E+00    0.00000000E+00    0.00000000E+00
   7.61942095E+00    0.00000000E+00    0.00000000E+00
   7.70108275E+00    0.00000000E+00    0.00000000E+00
   7.78361977E+00    0.00000000E+00    0.00000000E+00
   7.86704138E+00    0.00000000E+00    0.00000000E+00
   7.95135707E+00    0.00000000E+00    0.00000000E+00
   8.03657642E+00    0.00000000E+00    0.00000000E+00
   8.12270912E+00    0.00000000E+00    0.00000000E+00
   8.20976495E+00    0.00000000E+00    0.00000000E+00
   8.29775381E+00    0.00000000E+00    0.00000000E+00
   8.38668570E+00    0.00000000E+00    0.00000000E+00
   8.47657073E+00    0.00000000E+00    0.00000000E+00
   8.56741910E+00    0.00000000E+00    0.00000000E+00
   8.65924115E+00    0.00000000E+00    0.00000000E+00
   8.75204731E+00    0.00000000E+00    0.00000000E+00
   8.84584813E+00    0.00000000E+00    0.00000000E+00
   8.94065426E+00    0.00000000E+00    0.00000000E+00
   9.03647649E+00    0.00000000E+00    0.00000000E+00
   9.13332571E+00    0.00000000E+00    0.00000000E+00
   9.23121291E+00    0.00000000E+00    0.00000000E+00
   9.33014922E+00    0.00000000E+00    0.00000000E+00
   9.43014590E+00    0.00000000E+00    0.00000000E+00
   9.53121430E+00    0.00000000E+00    0.00000000E+00
   9.63336590E+00    0.00000000E+00    0.00000000E+00
   9.73661233E+00    0.00000000E+00    0.00000000E+00
   9.84096531E+00    0.00000000E+00    0.00000000E+00
   9.94643670E+00    0.00000000E+00    0.00000000E+00
   1.00530385E+01    0.00000000E+00    0.00000000E+00
   1.01607828E+01    0.00000000E+00    0.00000000E+00
   1.02696819E+01    0.00000000E+00    0.00000000E+00
   1.03797480E+01    0.00000000E+00    0.00000000E+00
   1.04909939E+01    0.00000000E+00    0.00000000E+00
   1.06034320E+01    0.00000000E+00    0.00000000E+00
   1.07170752E+01    0.00000000E+00    0.00000000E+00
   1.08319364E+01    0.00000000E+00    0.00000000E+00
   1.09480286E+01    0.00000000E+00    0.00000000E+00
   1.10653650E+01    0.00000000E+00    0.00000000E+00
   1.11839590E+01    0.00000000E+00    0.00000000E+00
   1.13038241E+01    0.00000000E+00    0.00000000E+00
   1.14249738E+01    0.00000000E+00    0.00000000E+00
   1.15474219E+01    0.00000000E+00    0.00000000E+00
   1.16711824E+01    0.00000000E+00    0.00000000E+00
   1.17962693E+01    0.00000000E+00    0.00000000E+00
   1.19226968E+01    0.00000000E+00    0.00000000E+00
   1.20504793E+01    0.00000000E+00    0.00000000E+00
   1.21796314E+01    0.00000000E+00    0.00000000E+00
   1.23101676E+01    0.00000000E+00    0.00000000E+00
   1.24421029E+01    0.00000000E+00    0.00000000E+00
   1.25754522E+01    0.00000000E+00    0.00000000E+00
   1.27102307E+01    0.00000000E+00    0.00000000E+00
   1.28464537E+01    0.00000000E+00    0.00000000E+00
   1.29841367E+01    0.00000000E+00    0.00000000E+00
   1.31232953E+01    0.00000000E+00    0.00000000E+00
   1.32639453E+01    0.00000000E+00    0.00000000E+00
   1.34061028E+01    0.00000000E+00    0.00000000E+00
   1.35497838E+01    0.00000000E+00    0.00000000E+00
   1.36950048E+01    0.00000000E+00    0.00000000E+00
   1.38417822E+01    0.00000000E+00    0.00000000E+00
   1.39901327E+01    0.00000000E+00    0.00000000E+00
   1.41400731E+01    0.00000000E+00    0.00000000E+00
   1.42916206E+01    0.00000000E+00    0.00000000E+00
   1.44447923E+01    0.00000000E+00    0.00000000E+00
   1.45996056E+01    0.00000000E+00    0.00000000E+00
   1.47560781E+01    0.00000000E+00    0.00000000E+00
   1.49142276E+01    0.00000000E+00    0.00000000E+00
   1.50740721E+01    0.00000000E+00    0.00000000E+00
   1.52356298E+01    0.00000000E+00    0.00000000E+00
   1.53989190E+01    0.00000000E+00    0.00000000E+00
   1.55639582E+01    0.00000000E+00    0.00000000E+00
   1.57307663E+01    0.00000000E+00    0.00000000E+00
   1.58993621E+01    0.00000000E+00    0.00000000E+00
   1.60697649E+01    0.00000000E+00    0.00000000E+00
   1.62419940E+01    0.00000000E+00    0.00000000E+00
   1.64160689E+01    0.00000000E+00    0.00000000E+00
   1.65920095E+01    0.00000000E+00    0.00000000E+00
   1.67698358E+01    0.00000000E+00    0.00000000E+00
   1.69495680E+01    0.00000000E+00    0.00000000E+00
   1.71312264E+01    0.00000000E+00    0.00000000E+00
   1.73148318E+01    0.00000000E+00    0.00000000E+00
   1.75004050E+01    0.00000000E+00    0.00000000E+00
   1.76879671E+01    0.00000000E+00    0.00000000E+00
   1.78775394E+01    0.00000000E+00    0.00000000E+00
   1.80691435E+01    0.00000000E+00    0.00000000E+00
   1.82628011E+01    0.00000000E+00    0.00000000E+00
   1.84585342E+01    0.00000000E+00    0.00000000E+00
   1.86563651E+01    0.00000000E+00    0.00000000E+00
   1.88563163E+01    0.00000000E+00    0.00000000E+00
   1.90584105E+01    0.00000000E+00    0.00000000E+00
   1.92626707E+01    0.00000000E+00    0.00000000E+00
   1.94691200E+01    0.00000000E+00    0.00000000E+00
   1.96777820E+01    0.00000000E+00    0.00000000E+00
   1.98886803E+01    0.00000000E+00    0.00000000E+00
   2.01018389E+01    0.00000000E+00    0.00000000E+00
   2.03172821E+01    0.00000000E+00    0.00000000E+00
   2.05350343E+01    0.00000000E+00    0.00000000E+00
   2.07551203E+01    0.00000000E+00    0.00000000E+00
   2.09775651E+01    0.00000000E+00    0.00000000E+00
   2.12023940E+01    0.00000000E+00    0.00000000E+00
   2.14296324E+01    0.00000000E+00    0.00000000E+00
   2.16593064E+01    0.00000000E+00    0.00000000E+00
   2.18914418E+01    0.00000000E+00    0.00000000E+00
   2.21260652E+01    0.00000000E+00    0.00000000E+00
   2.23632032E+01    0.00000000E+00    0.00000000E+00
   2.26028828E+01    0.00000000E+00    0.00000000E+00
   2.28451311E+01    0.00000000E+00    0.00000000E+00
   2.30899758E+01    0.00000000E+00    0.00000000E+00
   2.33374446E+01    0.00000000E+00    0.00000000E+00
   2.35875656E+01    0.00000000E+00    0.00000000E+00
   2.38403674E+01    0.00000000E+00    0.00000000E+00
   2.40958786E+01    0.00000000E+00    0.00000000E+00
   2.43541282E+01    0.00000000E+00    0.00000000E+00
   2.46151457E+01    0.00000000E+00    0.00000000E+00
   2.48789606E+01    0.00000000E+00    0.00000000E+00
   2.51456030E+01    0.00000000E+00    0.00000000E+00
   2.54151032E+01    0.00000000E+00    0.00000000E+00
   2.56874917E+01    0.00000000E+00    0.00000000E+00
   2.59627996E+01    0.00000000E+00    0.00000000E+00
   2.62410582E+01    0.00000000E+00    0.00000000E+00
   2.65222989E+01    0.00000000E+00    0.00000000E+00
   2.68065540E+01    0.00000000E+00    0.00000000E+00
   2.70938555E+01    0.00000000E+00    0.00000000E+00
   2.73842362E+01    0.00000000E+00    0.00000000E+00
   2.76777291E+01    0.00000000E+00    0.00000000E+00
   2.79743676E+01    0.00000000E+00    0.00000000E+00
   2.82741853E+01    0.00000000E+00    0.00000000E+00
   2.85772163E+01    0.00000000E+00    0.00000000E+00
   2.88834950E+01    0.00000000E+00    0.00000000E+00
   2.91930564E+01    0.00000000E+00    0.00000000E+00
   2.95059355E+01    0.00000000E+00    0.00000000E+00
   2.98221678E+01    0.00000000E+00    0.00000000E+00
   3.01417895E+01    0.00000000E+00    0.00000000E+00
   3.04648367E+01    0.00000000E+00    0.00000000E+00
   3.07913462E+01    0.00000000E+00    0.00000000E+00
   3.11213551E+01    0.00000000E+00    0.00000000E+00
   3.14549009E+01    0.00000000E+00    0.00000000E+00
   3.17920215E+01    0.00000000E+00    0.00000000E+00
   3.21327552E+01    0.00000000E+00    0.00000000E+00
   3.24771408E+01    0.00000000E+00    0.00000000E+00
   3.28252173E+01    0.00000000E+00    0.00000000E+00
   3.31770244E+01    0.00000000E+00    0.00000000E+00
   3.35326020E+01    0.00000000E+00    0.00000000E+00
   3.38919906E+01    0.00000000E+00    0.00000000E+00
   3.42552309E+01    0.00000000E+00    0.00000000E+00
   3.46223642E+01    0.00000000E+00    0.00000000E+00
   3.49934324E+01    0.00000000E+00    0.00000000E+00
   3.53684775E+01    0.00000000E+00    0.00000000E+00
   3.57475422E+01    0.00000000E+00    0.00000000E+00
   3.61306696E+01    0.00000000E+00    0.00000000E+00
   3.65179031E+01    0.00000000E+00    0.00000000E+00
   3.69092869E+01    0.00000000E+00    0.00000000E+00
   3.73048653E+01    0.00000000E+00    0.00000000E+00
   3.77046834E+01    0.00000000E+00    0.00000000E+00
   3.81087866E+01    0.00000000E+00    0.00000000E+00
   3.85172208E+01    0.00000000E+00    0.00000000E+00
   3.89300324E+01    0.00000000E+00    0.00000000E+00
   3.93472684E+01    0.00000000E+00    0.00000000E+00
   3.97689761E+01    0.00000000E+00    0.00000000E+00
   4.01952035E+01    0.00000000E+00    0.00000000E+00
   4.06259991E+01    0.00000000E+00    0.00000000E+00
   4.10614117E+01    0.00000000E+00    0.00000000E+00
   4.15014909E+01    0.00000000E+00    0.00000000E+00
   4.19462867E+01    0.00000000E+00    0.00000000E+00
   4.23958496E+01    0.00000000E+00    0.00000000E+00
   4.28502308E+01    0.00000000E+00    0.00000000E+00
   4.33094818E+01    0.00000000E+00    0.00000000E+00
   4.37736549E+01    0.00000000E+00    0.00000000E+00
   4.42428028E+01    0.00000000E+00    0.00000000E+00
   4.47169788E+01    0.00000000E+00    0.00000000E+00
   4.51962369E+01    0.00000000E+00    0.00000000E+00
   4.56806314E+01    0.00000000E+00    0.00000000E+00
   4.61702175E+01    0.00000000E+00    0.00000000E+00
   4.66650508E+01    0.00000000E+00    0.00000000E+00
   4.71651875E+01    0.00000000E+00    0.00000000E+00
   4.76706844E+01    0.00000000E+00    0.00000000E+00
   4.81815991E+01    0.00000000E+00    0.00000000E+00
   4.86979895E+01    0.00000000E+00    0.00000000E+00
   4.92199144E+01    0.00000000E+00    0.00000000E+00
   4.97474330E+01    0.00000000E+00    0.00000000E+00
   5.02806054E+01    0.00000000E+00    0.00000000E+00
   5.08194921E+01    0.00000000E+00    0.00000000E+00
   5.13641544E+01    0.00000000E+00    0.00000000E+00
   5.19146541E+01    0.00000000E+00    0.00000000E+00
   5.24710539E+01    0.00000000E+00    0.00000000E+00
   5.30334169E+01    0.00000000E+00    0.00000000E+00
   5.36018071E+01    0.00000000E+00    0.00000000E+00
   5.41762891E+01    0.00000000E+00    0.00000000E+00
   5.47569281E+01    0.00000000E+00    0.00000000E+00
   5.53437902E+01    0.00000000E+00    0.00000000E+00
   5.59369420E+01    0.00000000E+00    0.00000000E+00
   5.65364510E+01    0.00000000E+00    0.00000000E+00
   5.71423852E+01    0.00000000E+00    0.00000000E+00
   5.77548137E+01    0.00000000E+00    0.00000000E+00
   5.83738058E+01    0.00000000E+00    0.00000000E+00
   5.89994321E+01    0.00000000E+00    0.00000000E+00
   5.96317636E+01    0.00000000E+00    0.00000000E+00
   6.02708721E+01    0.00000000E+00    0.00000000E+00
   6.09168304E+01    0.00000000E+00    0.00000000E+00
   6.15697117E+01    0.00000000E+00    0.00000000E+00
   6.22295904E+01    0.00000000E+00    0.00000000E+00
   6.28965414E+01    0.00000000E+00    0.00000000E+00
   6.35706405E+01    0.00000000E+00    0.00000000E+00
   6.42519642E+01    0.00000000E+00    0.00000000E+00
   6.49405902E+01    0.00000000E+00    0.00000000E+00
   6.56365965E+01    0.00000000E+00    0.00000000E+00
   6.63400624E+01    0.00000000E+00    0.00000000E+00
   6.70510677E+01    0.00000000E+00    0.00000000E+00
   6.77696933E+01    0.00000000E+00    0.00000000E+00
   6.84960208E+01    0.00000000E+00    0.00000000E+00
   6.92301328E+01    0.00000000E+00    0.00000000E+00
   6.99721127E+01    0.00000000E+00    0.00000000E+00
   7.07220448E+01    0.00000000E+00    0.00000000E+00
   7.14800144E+01    0.00000000E+00    0.00000000E+00
   7.22461075E+01    0.00000000E+00    0.00000000E+00
   7.30204114E+01    0.00000000E+00    0.00000000E+00
   7.38030139E+01    0.00000000E+00    0.00000000E+00
   7.45940041E+01    0.00000000E+00    0.00000000E+00
   7.53934717E+01    0.00000000E+00    0.00000000E+00
   7.62015077E+01    0.00000000E+00    0.00000000E+00
   7.70182039E+01    0.00000000E+00    0.00000000E+00
   7.78436531E+01    0.00000000E+00    0.00000000E+00
   7.86779492E+01    0.00000000E+00    0.00000000E+00
   7.95211868E+01    0.00000000E+00    0.00000000E+00
   8.03734620E+01    0.00000000E+00    0.00000000E+00
   8.12348714E+01    0.00000000E+00    0.00000000E+00
   8.21055132E+01    0.00000000E+00    0.00000000E+00
   8.29854860E+01    0.00000000E+00    0.00000000E+00
   8.38748901E+01    0.00000000E+00    0.00000000E+00
   8.47738264E+01    0.00000000E+00    0.00000000E+00
   8.56823972E+01    0.00000000E+00    0.00000000E+00
   8.66007056E+01    0.00000000E+00    0.00000000E+00
   8.75288561E+01    0.00000000E+00    0.00000000E+00
   8.84669542E+01    0.00000000E+00    0.00000000E+00
   8.94151063E+01    0.00000000E+00    0.00000000E+00
   9.03734204E+01    0.00000000E+00    0.00000000E+00
   9.13420053E+01    0.00000000E+00    0.00000000E+00
   9.23209711E+01    0.00000000E+00    0.00000000E+00
   9.33104290E+01    0.00000000E+00    0.00000000E+00
   9.43104916E+01    0.00000000E+00    0.00000000E+00
   9.53212723E+01    0.00000000E+00    0.00000000E+00
   9.63428863E+01    0.00000000E+00    0.00000000E+00
   9.73754494E+01    0.00000000E+00    0.00000000E+00
   9.84190791E+01    0.00000000E+00    0.00000000E+00
   9.94738941E+01    0.00000000E+00    0.00000000E+00
   1.00540014E+02    0.00000000E+00    0.00000000E+00
   1.01617560E+02    0.00000000E+00    0.00000000E+00
   1.02706655E+02    0.00000000E+00    0.00000000E+00
   1.03807423E+02    0.00000000E+00    0.00000000E+00
   1.04919988E+02    0.00000000E+00    0.00000000E+00
   1.06044477E+02    0.00000000E+00    0.00000000E+00
   1.07181017E+02    0.00000000E+00    0.00000000E+00
   1.08329739E+02    0.00000000E+00    0.00000000E+00
   1.09490772E+02    0.00000000E+00    0.00000000E+00
   1.10664249E+02    0.00000000E+00    0.00000000E+00
   1.11850303E+02    0.00000000E+00    0.00000000E+00
   1.13049068E+02    0.00000000E+00    0.00000000E+00
   1.14260681E+02    0.00000000E+00    0.00000000E+00
   1.15485280E+02    0.00000000E+00    0.00000000E+00
   1.16723003E+02    0.00000000E+00    0.00000000E+00
   1.17973992E+02    0.00000000E+00    0.00000000E+00
   1.19238388E+02    0.00000000E+00    0.00000000E+00
   1.20516336E+02    0.00000000E+00    0.00000000E+00
   1.21807980E+02    0.00000000E+00    0.00000000E+00
   1.23113468E+02    0.00000000E+00    0.00000000E+00
   1.24432947E+02    0.00000000E+00    0.00000000E+00
   1.25766567E+02    0.00000000E+00    0.00000000E+00
   1.27114481E+02    0.00000000E+00    0.00000000E+00
   1.28476842E+02    0.00000000E+00    0.00000000E+00
   1.29853803E+02    0.00000000E+00    0.00000000E+00
   1.31245523E+02    0.00000000E+00    0.00000000E+00
   1.32652158E+02    0.00000000E+00    0.00000000E+00
   1.34073869E+02    0.00000000E+00    0.00000000E+00
   1.35510817E+02    0.00000000E+00    0.00000000E+00
   1.36963166E+02    0.00000000E+00    0.00000000E+00
   1.38431080E+02    0.00000000E+00    0.00000000E+00
   1.39914727E+02    0.00000000E+00    0.00000000E+00
   1.41414275E+02    0.00000000E+00    0.00000000E+00
   1.42929895E+02    0.00000000E+00    0.00000000E+00
   1.44461758E+02    0.00000000E+00    0.00000000E+00
   1.46010040E+02    0.00000000E+00    0.00000000E+00
   1.47574915E+02    0.00000000E+00    0.00000000E+00
   1.49156562E+02    0.00000000E+00    0.00000000E+00
   1.50755160E+02    0.00000000E+00    0.00000000E+00
   1.52370891E+02    0.00000000E+00    0.00000000E+00
   1.54003939E+02    0.00000000E+00    0.00000000E+00
   1.55654490E+02    0.00000000E+00    0.00000000E+00
   1.57322730E+02    0.00000000E+00    0.00000000E+00
   1.59008850E+02    0.00000000E+00    0.00000000E+00
   1.60713041E+02    0.00000000E+00    0.00000000E+00
   1.62435497E+02    0.00000000E+00    0.00000000E+00
   1.64176413E+02    0.00000000E+00    0.00000000E+00
   1.65935988E+02    0.00000000E+00    0.00000000E+00
   1.67714421E+02    0.00000000E+00    0.00000000E+00
   1.69511915E+02    0.00000000E+00    0.00000000E+00
   1.71328673E+02    0.00000000E+00    0.00000000E+00
   1.73164903E+02    0.00000000E+00    0.00000000E+00
   1.75020813E+02    0.00000000E+00    0.00000000E+00
   1.76896613E+02    0.00000000E+00    0.00000000E+00
   1.78792518E+02    0.00000000E+00    0.00000000E+00
   1.80708742E+02    0.00000000E+00    0.00000000E+00
   1.82645504E+02    0.00000000E+00    0.00000000E+00
   1.84603022E+02    0.00000000E+00    0.00000000E+00
   1.86581521E+02    0.00000000E+00    0.00000000E+00
   1.88581225E+02    0.00000000E+00    0.00000000E+00
   1.90602360E+02    0.00000000E+00    0.00000000E+00
   1.92645157E+02    0.00000000E+00    0.00000000E+00
   1.94709848E+02    0.00000000E+00    0.00000000E+00
   1.96796668E+02    0.00000000E+00    0.00000000E+00
   1.98905853E+02    0.00000000E+00    0.00000000E+00
   2.01037644E+02    0.00000000E+00    0.00000000E+00
   2.03192282E+02    0.00000000E+00    0.00000000E+00
   2.05370012E+02    0.00000000E+00    0.00000000E+00
   2.07571083E+02    0.00000000E+00    0.00000000E+00
   2.09795744E+02    0.00000000E+00    0.00000000E+00
   2.12044248E+02    0.00000000E+00    0.00000000E+00
   2.14316850E+02    0.00000000E+00    0.00000000E+00
   2.16613810E+02    0.00000000E+00    0.00000000E+00
   2.18935387E+02    0.00000000E+00    0.00000000E+00
   2.21281846E+02    0.00000000E+00    0.00000000E+00
   2.23653453E+02    0.00000000E+00    0.00000000E+00
   2.26050478E+02    0.00000000E+00    0.00000000E+00
   2.28473193E+02    0.00000000E+00    0.00000000E+00
