# Peaks:     0.054741      0.248742  
   7.61577291E-05   -6.33964878E-01   -5.71865670E+03
   7.69739561E-05   -6.38591293E-01   -5.69913984E+03
   7.77989311E-05   -6.43265254E-01   -5.67984787E+03
   7.86327478E-05   -6.47985130E-01   -5.66075772E+03
   7.94755011E-05   -6.52749159E-01   -5.64184584E+03
   8.03272866E-05   -6.57555439E-01   -5.62308818E+03
   8.11882011E-05   -6.62401927E-01   -5.60446021E+03
   8.20583427E-05   -6.67286427E-01   -5.58593688E+03
   8.29378100E-05   -6.72206586E-01   -5.56749259E+03
   8.38267031E-05   -6.77159912E-01   -5.54910147E+03
   8.47251230E-05   -6.82145138E-01   -5.53074965E+03
   8.56331718E-05   -6.87163010E-01   -5.51244181E+03
   8.65509526E-05   -6.92214489E-01   -5.49418430E+03
   8.74785699E-05   -6.97300597E-01   -5.47598369E+03
   8.84161290E-05   -7.02422414E-01   -5.45784676E+03
   8.93637364E-05   -7.07581084E-01   -5.43978050E+03
   9.03214999E-05   -7.12777818E-01   -5.42179213E+03
   9.12895284E-05   -7.18013885E-01   -5.40388900E+03
   9.22679317E-05   -7.23290077E-01   -5.38607429E+03
   9.32568212E-05   -7.28606512E-01   -5.36834560E+03
   9.42563092E-05   -7.33963256E-01   -5.35070016E+03
   9.52665093E-05   -7.39360366E-01   -5.33313519E+03
   9.62875362E-05   -7.44797893E-01   -5.31564788E+03
   9.73195062E-05   -7.50275877E-01   -5.29823544E+03
   9.83625363E-05   -7.55794351E-01   -5.28089506E+03
   9.94167453E-05   -7.61353378E-01   -5.26362424E+03
   1.00482253E-04   -7.66953235E-01   -5.24642226E+03
   1.01559180E-04   -7.72594277E-01   -5.22928904E+03
   1.02647649E-04   -7.78276875E-01   -5.21222457E+03
   1.03747784E-04   -7.84001410E-01   -5.19522888E+03
   1.04859710E-04   -7.89768280E-01   -5.17830206E+03
   1.05983553E-04   -7.95577897E-01   -5.16144426E+03
   1.07119441E-04   -8.01430687E-01   -5.14465569E+03
   1.08267502E-04   -8.07327090E-01   -5.12793660E+03
   1.09427869E-04   -8.13267489E-01   -5.11128683E+03
   1.10600671E-04   -8.19252189E-01   -5.09470576E+03
   1.11786043E-04   -8.25281501E-01   -5.07819277E+03
   1.12984120E-04   -8.31355745E-01   -5.06174728E+03
   1.14195037E-04   -8.37475247E-01   -5.04536876E+03
   1.15418932E-04   -8.43640344E-01   -5.02905671E+03
   1.16655944E-04   -8.49851380E-01   -5.01281068E+03
   1.17906215E-04   -8.56108713E-01   -4.99663026E+03
   1.19169885E-04   -8.62412700E-01   -4.98051505E+03
   1.20447098E-04   -8.68763690E-01   -4.96446465E+03
   1.21738000E-04   -8.75162036E-01   -4.94847865E+03
   1.23042738E-04   -8.81608099E-01   -4.93255670E+03
   1.24361459E-04   -8.88102253E-01   -4.91669851E+03
   1.25694313E-04   -8.94644882E-01   -4.90090380E+03
   1.27041453E-04   -9.01236381E-01   -4.88517237E+03
   1.28403031E-04   -9.07877158E-01   -4.86950405E+03
   1.29779201E-04   -9.14567632E-01   -4.85389871E+03
   1.31170121E-04   -9.21308189E-01   -4.83835603E+03
   1.32575948E-04   -9.28099196E-01   -4.82287561E+03
   1.33996842E-04   -9.34941031E-01   -4.80745707E+03
   1.35432965E-04   -9.41834082E-01   -4.79210009E+03
   1.36884479E-04   -9.48778746E-01   -4.77680437E+03
   1.38351550E-04   -9.55775435E-01   -4.76156968E+03
   1.39834345E-04   -9.62824571E-01   -4.74639583E+03
   1.41333031E-04   -9.69926587E-01   -4.73128264E+03
   1.42847780E-04   -9.77081901E-01   -4.71622988E+03
   1.44378764E-04   -9.84290907E-01   -4.70123717E+03
   1.45926155E-04   -9.91554009E-01   -4.68630418E+03
   1.47490131E-04   -9.98871621E-01   -4.67143061E+03
   1.49070870E-04   -1.00624417E+00   -4.65661622E+03
   1.50668549E-04   -1.01367210E+00   -4.64186080E+03
   1.52283352E-04   -1.02115585E+00   -4.62716420E+03
   1.53915462E-04   -1.02869590E+00   -4.61252629E+03
   1.55565065E-04   -1.03629270E+00   -4.59794694E+03
   1.57232347E-04   -1.04394668E+00   -4.58342580E+03
   1.58917498E-04   -1.05165827E+00   -4.56896254E+03
   1.60620710E-04   -1.05942790E+00   -4.55455686E+03
   1.62342176E-04   -1.06725603E+00   -4.54020852E+03
   1.64082092E-04   -1.07514311E+00   -4.52591731E+03
   1.65840656E-04   -1.08308964E+00   -4.51168306E+03
   1.67618067E-04   -1.09109609E+00   -4.49750567E+03
   1.69414528E-04   -1.09916297E+00   -4.48338506E+03
   1.71230243E-04   -1.10729076E+00   -4.46932099E+03
   1.73065418E-04   -1.11547991E+00   -4.45531313E+03
   1.74920261E-04   -1.12373088E+00   -4.44136117E+03
   1.76794984E-04   -1.13204415E+00   -4.42746487E+03
   1.78689800E-04   -1.14042021E+00   -4.41362401E+03
   1.80604923E-04   -1.14885957E+00   -4.39983841E+03
   1.82540572E-04   -1.15736274E+00   -4.38610796E+03
   1.84496966E-04   -1.16593026E+00   -4.37243258E+03
   1.86474328E-04   -1.17456266E+00   -4.35881217E+03
   1.88472883E-04   -1.18326045E+00   -4.34524645E+03
   1.90492857E-04   -1.19202410E+00   -4.33173511E+03
   1.92534481E-04   -1.20085413E+00   -4.31827787E+03
   1.94597985E-04   -1.20975105E+00   -4.30487452E+03
   1.96683606E-04   -1.21871540E+00   -4.29152485E+03
   1.98791579E-04   -1.22774772E+00   -4.27822874E+03
   2.00922145E-04   -1.23684858E+00   -4.26498608E+03
   2.03075546E-04   -1.24601855E+00   -4.25179682E+03
   2.05252025E-04   -1.25525821E+00   -4.23866081E+03
   2.07451831E-04   -1.26456807E+00   -4.22557775E+03
   2.09675214E-04   -1.27394867E+00   -4.21254735E+03
   2.11922426E-04   -1.28340055E+00   -4.19956935E+03
   2.14193723E-04   -1.29292429E+00   -4.18664357E+03
   2.16489363E-04   -1.30252046E+00   -4.17376983E+03
   2.18809606E-04   -1.31218965E+00   -4.16094802E+03
   2.21154717E-04   -1.32193249E+00   -4.14817808E+03
   2.23524961E-04   -1.33174958E+00   -4.13545994E+03
   2.25920609E-04   -1.34164153E+00   -4.12279339E+03
   2.28341933E-04   -1.35160889E+00   -4.11017812E+03
   2.30789207E-04   -1.36165225E+00   -4.09761386E+03
   2.33262710E-04   -1.37177220E+00   -4.08510039E+03
   2.35762723E-04   -1.38196935E+00   -4.07263754E+03
   2.38289531E-04   -1.39224435E+00   -4.06022517E+03
   2.40843419E-04   -1.40259783E+00   -4.04786318E+03
   2.43424679E-04   -1.41303047E+00   -4.03555152E+03
   2.46033604E-04   -1.42354292E+00   -4.02329010E+03
   2.48670490E-04   -1.43413579E+00   -4.01107864E+03
   2.51335638E-04   -1.44480971E+00   -3.99891684E+03
   2.54029349E-04   -1.45556531E+00   -3.98680446E+03
   2.56751930E-04   -1.46640324E+00   -3.97474131E+03
   2.59503691E-04   -1.47732416E+00   -3.96272724E+03
   2.62284944E-04   -1.48832877E+00   -3.95076211E+03
   2.65096006E-04   -1.49941776E+00   -3.93884587E+03
   2.67937195E-04   -1.51059187E+00   -3.92697847E+03
   2.70808835E-04   -1.52185178E+00   -3.91515972E+03
   2.73711252E-04   -1.53319814E+00   -3.90338932E+03
   2.76644775E-04   -1.54463164E+00   -3.89166701E+03
   2.79609740E-04   -1.55615295E+00   -3.87999257E+03
   2.82606481E-04   -1.56776279E+00   -3.86836581E+03
   2.85635340E-04   -1.57946188E+00   -3.85678661E+03
   2.88696661E-04   -1.59125099E+00   -3.84525487E+03
   2.91790793E-04   -1.60313087E+00   -3.83377054E+03
   2.94918085E-04   -1.61510230E+00   -3.82233354E+03
   2.98078895E-04   -1.62716599E+00   -3.81094359E+03
   3.01273582E-04   -1.63932265E+00   -3.79960040E+03
   3.04502507E-04   -1.65157302E+00   -3.78830374E+03
   3.07766039E-04   -1.66391786E+00   -3.77705340E+03
   3.11064548E-04   -1.67635793E+00   -3.76584923E+03
   3.14398409E-04   -1.68889403E+00   -3.75469111E+03
   3.17768001E-04   -1.70152699E+00   -3.74357898E+03
   3.21173706E-04   -1.71425763E+00   -3.73251278E+03
   3.24615913E-04   -1.72708676E+00   -3.72149233E+03
   3.28095012E-04   -1.74001512E+00   -3.71051732E+03
   3.31611399E-04   -1.75304352E+00   -3.69958749E+03
   3.35165472E-04   -1.76617274E+00   -3.68870263E+03
   3.38757637E-04   -1.77940361E+00   -3.67786255E+03
   3.42388301E-04   -1.79273699E+00   -3.66706711E+03
   3.46057877E-04   -1.80617373E+00   -3.65631623E+03
   3.49766782E-04   -1.81971473E+00   -3.64560985E+03
   3.53515437E-04   -1.83336087E+00   -3.63494788E+03
   3.57304269E-04   -1.84711298E+00   -3.62433001E+03
   3.61133709E-04   -1.86097190E+00   -3.61375597E+03
   3.65004190E-04   -1.87493847E+00   -3.60322552E+03
   3.68916154E-04   -1.88901357E+00   -3.59273846E+03
   3.72870044E-04   -1.90319811E+00   -3.58229462E+03
   3.76866311E-04   -1.91749301E+00   -3.57189390E+03
   3.80905408E-04   -1.93189921E+00   -3.56153622E+03
   3.84987795E-04   -1.94641769E+00   -3.55122152E+03
   3.89113934E-04   -1.96104935E+00   -3.54094959E+03
   3.93284296E-04   -1.97579508E+00   -3.53072011E+03
   3.97499354E-04   -1.99065579E+00   -3.52053282E+03
   4.01759588E-04   -2.00563242E+00   -3.51038750E+03
   4.06065481E-04   -2.02072592E+00   -3.50028396E+03
   4.10417522E-04   -2.03593728E+00   -3.49022207E+03
   4.14816207E-04   -2.05126750E+00   -3.48020173E+03
   4.19262036E-04   -2.06671763E+00   -3.47022289E+03
   4.23755513E-04   -2.08228867E+00   -3.46028543E+03
   4.28297149E-04   -2.09798159E+00   -3.45038903E+03
   4.32887460E-04   -2.11379734E+00   -3.44053339E+03
   4.37526969E-04   -2.12973693E+00   -3.43071828E+03
   4.42216201E-04   -2.14580137E+00   -3.42094346E+03
   4.46955692E-04   -2.16199170E+00   -3.41120878E+03
   4.51745978E-04   -2.17830900E+00   -3.40151410E+03
   4.56587604E-04   -2.19475436E+00   -3.39185936E+03
   4.61481121E-04   -2.21132890E+00   -3.38224449E+03
   4.66427084E-04   -2.22803370E+00   -3.37266929E+03
   4.71426056E-04   -2.24486977E+00   -3.36313342E+03
   4.76478606E-04   -2.26183818E+00   -3.35363659E+03
   4.81585306E-04   -2.27894000E+00   -3.34417856E+03
   4.86746738E-04   -2.29617634E+00   -3.33475913E+03
   4.91963488E-04   -2.31354833E+00   -3.32537813E+03
   4.97236149E-04   -2.33105714E+00   -3.31603544E+03
   5.02565320E-04   -2.34870396E+00   -3.30673100E+03
   5.07951607E-04   -2.36648998E+00   -3.29746471E+03
   5.13395622E-04   -2.38441632E+00   -3.28823626E+03
   5.18897983E-04   -2.40248411E+00   -3.27904534E+03
   5.24459317E-04   -2.42069449E+00   -3.26989167E+03
   5.30080255E-04   -2.43904865E+00   -3.26077502E+03
   5.35761435E-04   -2.45754778E+00   -3.25169520E+03
   5.41503505E-04   -2.47619312E+00   -3.24265207E+03
   5.47307115E-04   -2.49498595E+00   -3.23364554E+03
   5.53172926E-04   -2.51392754E+00   -3.22467549E+03
   5.59101604E-04   -2.53301909E+00   -3.21574163E+03
   5.65093824E-04   -2.55226183E+00   -3.20684366E+03
   5.71150265E-04   -2.57165699E+00   -3.19798133E+03
   5.77271617E-04   -2.59120584E+00   -3.18915442E+03
   5.83458575E-04   -2.61090969E+00   -3.18036276E+03
   5.89711842E-04   -2.63076989E+00   -3.17160624E+03
   5.96032130E-04   -2.65078779E+00   -3.16288477E+03
   6.02420155E-04   -2.67096473E+00   -3.15419815E+03
   6.08876645E-04   -2.69130196E+00   -3.14554600E+03
   6.15402333E-04   -2.71180077E+00   -3.13692798E+03
   6.21997960E-04   -2.73246247E+00   -3.12834378E+03
   6.28664277E-04   -2.75328840E+00   -3.11979315E+03
   6.35402040E-04   -2.77427995E+00   -3.11127588E+03
   6.42212016E-04   -2.79543853E+00   -3.10279179E+03
   6.49094978E-04   -2.81676558E+00   -3.09434078E+03
   6.56051709E-04   -2.83826259E+00   -3.08592276E+03
   6.63083000E-04   -2.85993105E+00   -3.07753769E+03
   6.70189649E-04   -2.88177236E+00   -3.06918522E+03
   6.77372464E-04   -2.90378790E+00   -3.06086498E+03
   6.84632261E-04   -2.92597907E+00   -3.05257665E+03
   6.91969866E-04   -2.94834732E+00   -3.04431993E+03
   6.99386113E-04   -2.97089413E+00   -3.03609457E+03
   7.06881843E-04   -2.99362099E+00   -3.02790038E+03
   7.14457910E-04   -3.01652947E+00   -3.01973722E+03
   7.22115174E-04   -3.03962114E+00   -3.01160497E+03
   7.29854506E-04   -3.06289758E+00   -3.00350348E+03
   7.37676784E-04   -3.08636027E+00   -2.99543238E+03
   7.45582898E-04   -3.11001071E+00   -2.98739131E+03
   7.53573747E-04   -3.13385043E+00   -2.97937996E+03
   7.61650238E-04   -3.15788102E+00   -2.97139807E+03
   7.69813290E-04   -3.18210407E+00   -2.96344543E+03
   7.78063830E-04   -3.20652124E+00   -2.95552188E+03
   7.86402796E-04   -3.23113421E+00   -2.94762729E+03
   7.94831135E-04   -3.25594466E+00   -2.93976150E+03
   8.03349806E-04   -3.28095416E+00   -2.93192412E+03
   8.11959777E-04   -3.30616433E+00   -2.92411477E+03
   8.20662025E-04   -3.33157678E+00   -2.91633314E+03
   8.29457541E-04   -3.35719321E+00   -2.90857895E+03
   8.38347323E-04   -3.38301532E+00   -2.90085196E+03
   8.47332383E-04   -3.40904486E+00   -2.89315202E+03
   8.56413740E-04   -3.43528364E+00   -2.88547899E+03
   8.65592428E-04   -3.46173344E+00   -2.87783272E+03
   8.74869489E-04   -3.48839596E+00   -2.87021282E+03
   8.84245978E-04   -3.51527289E+00   -2.86261888E+03
   8.93722960E-04   -3.54236597E+00   -2.85505057E+03
   9.03301513E-04   -3.56967698E+00   -2.84750757E+03
   9.12982724E-04   -3.59720773E+00   -2.83998964E+03
   9.22767695E-04   -3.62496007E+00   -2.83249658E+03
   9.32657537E-04   -3.65293591E+00   -2.82502823E+03
   9.42653374E-04   -3.68113717E+00   -2.81758448E+03
   9.52756342E-04   -3.70956566E+00   -2.81016495E+03
   9.62967590E-04   -3.73822320E+00   -2.80276924E+03
   9.73288278E-04   -3.76711162E+00   -2.79539697E+03
   9.83719579E-04   -3.79623280E+00   -2.78804782E+03
   9.94262678E-04   -3.82558867E+00   -2.78072151E+03
   1.00491877E-03   -3.85518119E+00   -2.77341784E+03
   1.01568908E-03   -3.88501238E+00   -2.76613665E+03
   1.02657481E-03   -3.91508427E+00   -2.75887782E+03
   1.03757722E-03   -3.94539883E+00   -2.75164101E+03
   1.04869754E-03   -3.97595794E+00   -2.74442576E+03
   1.05993704E-03   -4.00676355E+00   -2.73723164E+03
   1.07129701E-03   -4.03781761E+00   -2.73005827E+03
   1.08277873E-03   -4.06912215E+00   -2.72290533E+03
   1.09438350E-03   -4.10067920E+00   -2.71577255E+03
   1.10611265E-03   -4.13249089E+00   -2.70865971E+03
   1.11796751E-03   -4.16455934E+00   -2.70156666E+03
   1.12994942E-03   -4.19688676E+00   -2.69449330E+03
   1.14205975E-03   -4.22947525E+00   -2.68743932E+03
   1.15429987E-03   -4.26232682E+00   -2.68040424E+03
   1.16667118E-03   -4.29544354E+00   -2.67338761E+03
   1.17917508E-03   -4.32882748E+00   -2.66638904E+03
   1.19181299E-03   -4.36248081E+00   -2.65940819E+03
   1.20458635E-03   -4.39640568E+00   -2.65244478E+03
   1.21749661E-03   -4.43060434E+00   -2.64549858E+03
   1.23054523E-03   -4.46507907E+00   -2.63856944E+03
   1.24373370E-03   -4.49983211E+00   -2.63165712E+03
   1.25706353E-03   -4.53486563E+00   -2.62476116E+03
   1.27053621E-03   -4.57018181E+00   -2.61788114E+03
   1.28415329E-03   -4.60578285E+00   -2.61101668E+03
   1.29791632E-03   -4.64167104E+00   -2.60416746E+03
   1.31182685E-03   -4.67784869E+00   -2.59733324E+03
   1.32588646E-03   -4.71431815E+00   -2.59051382E+03
   1.34009677E-03   -4.75108185E+00   -2.58370905E+03
   1.35445937E-03   -4.78814205E+00   -2.57691853E+03
   1.36897590E-03   -4.82550099E+00   -2.57014173E+03
   1.38364802E-03   -4.86316092E+00   -2.56337814E+03
   1.39847739E-03   -4.90112413E+00   -2.55662732E+03
   1.41346569E-03   -4.93939296E+00   -2.54988889E+03
   1.42861463E-03   -4.97796981E+00   -2.54316250E+03
   1.44392593E-03   -5.01685711E+00   -2.53644791E+03
   1.45940133E-03   -5.05605733E+00   -2.52974491E+03
   1.47504259E-03   -5.09557303E+00   -2.52305337E+03
   1.49085148E-03   -5.13540677E+00   -2.51637318E+03
   1.50682981E-03   -5.17556094E+00   -2.50970390E+03
   1.52297939E-03   -5.21603790E+00   -2.50304496E+03
   1.53930205E-03   -5.25684001E+00   -2.49639586E+03
   1.55579965E-03   -5.29796972E+00   -2.48975616E+03
   1.57247407E-03   -5.33942949E+00   -2.48312548E+03
   1.58932719E-03   -5.38122186E+00   -2.47650349E+03
   1.60636094E-03   -5.42334938E+00   -2.46988993E+03
   1.62357726E-03   -5.46581467E+00   -2.46328462E+03
   1.64097808E-03   -5.50862039E+00   -2.45668737E+03
   1.65856541E-03   -5.55176901E+00   -2.45009771E+03
   1.67634123E-03   -5.59526299E+00   -2.44351510E+03
   1.69430756E-03   -5.63910486E+00   -2.43693907E+03
   1.71246644E-03   -5.68329715E+00   -2.43036922E+03
   1.73081995E-03   -5.72784248E+00   -2.42380520E+03
   1.74937016E-03   -5.77274349E+00   -2.41724673E+03
   1.76811918E-03   -5.81800288E+00   -2.41069361E+03
   1.78706915E-03   -5.86362338E+00   -2.40414565E+03
   1.80622222E-03   -5.90960756E+00   -2.39760238E+03
   1.82558056E-03   -5.95595794E+00   -2.39106324E+03
   1.84514638E-03   -6.00267710E+00   -2.38452771E+03
   1.86492189E-03   -6.04976765E+00   -2.37799535E+03
   1.88490935E-03   -6.09723223E+00   -2.37146577E+03
   1.90511103E-03   -6.14507355E+00   -2.36493867E+03
   1.92552922E-03   -6.19329436E+00   -2.35841379E+03
   1.94616625E-03   -6.24189746E+00   -2.35189098E+03
   1.96702445E-03   -6.29088565E+00   -2.34537003E+03
   1.98810620E-03   -6.34026152E+00   -2.33885038E+03
   2.00941390E-03   -6.39002766E+00   -2.33233145E+03
   2.03094997E-03   -6.44018670E+00   -2.32581273E+03
   2.05271685E-03   -6.49074129E+00   -2.31929375E+03
   2.07471702E-03   -6.54169416E+00   -2.31277413E+03
   2.09695298E-03   -6.59304806E+00   -2.30625355E+03
   2.11942725E-03   -6.64480578E+00   -2.29973176E+03
   2.14214239E-03   -6.69697020E+00   -2.29320861E+03
   2.16510099E-03   -6.74954413E+00   -2.28668387E+03
   2.18830564E-03   -6.80253022E+00   -2.28015699E+03
   2.21175900E-03   -6.85593108E+00   -2.27362737E+03
   2.23546372E-03   -6.90974935E+00   -2.26709446E+03
   2.25942249E-03   -6.96398771E+00   -2.26055779E+03
   2.28363804E-03   -7.01864889E+00   -2.25401696E+03
   2.30811313E-03   -7.07373567E+00   -2.24747162E+03
   2.33285053E-03   -7.12925084E+00   -2.24092153E+03
   2.35785306E-03   -7.18519727E+00   -2.23436651E+03
   2.38312355E-03   -7.24157787E+00   -2.22780643E+03
   2.40866488E-03   -7.29839534E+00   -2.22124086E+03
   2.43447995E-03   -7.35565224E+00   -2.21466914E+03
   2.46057170E-03   -7.41335118E+00   -2.20809067E+03
   2.48694309E-03   -7.47149478E+00   -2.20150489E+03
   2.51359712E-03   -7.53008571E+00   -2.19491132E+03
   2.54053681E-03   -7.58912665E+00   -2.18830957E+03
   2.56776523E-03   -7.64862035E+00   -2.18169928E+03
   2.59528547E-03   -7.70856958E+00   -2.17508021E+03
   2.62310067E-03   -7.76897716E+00   -2.16845218E+03
   2.65121397E-03   -7.82984595E+00   -2.16181509E+03
   2.67962859E-03   -7.89117868E+00   -2.15516862E+03
   2.70834774E-03   -7.95297785E+00   -2.14851211E+03
   2.73737469E-03   -8.01524596E+00   -2.14184495E+03
   2.76671273E-03   -8.07798555E+00   -2.13516658E+03
   2.79636522E-03   -8.14119920E+00   -2.12847650E+03
   2.82633550E-03   -8.20488949E+00   -2.12177431E+03
   2.85662699E-03   -8.26905905E+00   -2.11505966E+03
   2.88724314E-03   -8.33371054E+00   -2.10833228E+03
   2.91818741E-03   -8.39884667E+00   -2.10159200E+03
   2.94946334E-03   -8.46447015E+00   -2.09483869E+03
   2.98107447E-03   -8.53058347E+00   -2.08807188E+03
   3.01302439E-03   -8.59718899E+00   -2.08129093E+03
   3.04531673E-03   -8.66428907E+00   -2.07449526E+03
   3.07795518E-03   -8.73188611E+00   -2.06768436E+03
   3.11094343E-03   -8.79998254E+00   -2.06085779E+03
   3.14428523E-03   -8.86858077E+00   -2.05401518E+03
   3.17798438E-03   -8.93768329E+00   -2.04715625E+03
   3.21204470E-03   -9.00729258E+00   -2.04028077E+03
   3.24647006E-03   -9.07741116E+00   -2.03338863E+03
   3.28126438E-03   -9.14804134E+00   -2.02647941E+03
   3.31643162E-03   -9.21918527E+00   -2.01955250E+03
   3.35197576E-03   -9.29084509E+00   -2.01260734E+03
   3.38790084E-03   -9.36302296E+00   -2.00564343E+03
   3.42421096E-03   -9.43572105E+00   -1.99866034E+03
   3.46091024E-03   -9.50894154E+00   -1.99165772E+03
   3.49800284E-03   -9.58268664E+00   -1.98463531E+03
   3.53549298E-03   -9.65695858E+00   -1.97759293E+03
   3.57338493E-03   -9.73175952E+00   -1.97053036E+03
   3.61168299E-03   -9.80709137E+00   -1.96344707E+03
   3.65039152E-03   -9.88295599E+00   -1.95634250E+03
   3.68951490E-03   -9.95935520E+00   -1.94921613E+03
   3.72905759E-03   -1.00362909E+01   -1.94206753E+03
   3.76902409E-03   -1.01137648E+01   -1.93489635E+03
   3.80941893E-03   -1.01917790E+01   -1.92770232E+03
   3.85024670E-03   -1.02703351E+01   -1.92048523E+03
   3.89151205E-03   -1.03494351E+01   -1.91324483E+03
   3.93321967E-03   -1.04290804E+01   -1.90598061E+03
   3.97537428E-03   -1.05092725E+01   -1.89869204E+03
   4.01798070E-03   -1.05900130E+01   -1.89137871E+03
   4.06104375E-03   -1.06713032E+01   -1.88404024E+03
   4.10456834E-03   -1.07531447E+01   -1.87667635E+03
   4.14855940E-03   -1.08355390E+01   -1.86928685E+03
   4.19302194E-03   -1.09184874E+01   -1.86187153E+03
   4.23796102E-03   -1.10019911E+01   -1.85442990E+03
   4.28338173E-03   -1.10860510E+01   -1.84696138E+03
   4.32928924E-03   -1.11706683E+01   -1.83946550E+03
   4.37568877E-03   -1.12558438E+01   -1.83194183E+03
   4.42258559E-03   -1.13415785E+01   -1.82439003E+03
   4.46998503E-03   -1.14278733E+01   -1.81680984E+03
   4.51789247E-03   -1.15147293E+01   -1.80920106E+03
   4.56631338E-03   -1.16021471E+01   -1.80156360E+03
   4.61525323E-03   -1.16901277E+01   -1.79389725E+03
   4.66471760E-03   -1.17786714E+01   -1.78620147E+03
   4.71471211E-03   -1.18677786E+01   -1.77847574E+03
   4.76524245E-03   -1.19574494E+01   -1.77071959E+03
   4.81631434E-03   -1.20476843E+01   -1.76293266E+03
   4.86793360E-03   -1.21384833E+01   -1.75511461E+03
   4.92010610E-03   -1.22298468E+01   -1.74726524E+03
   4.97283776E-03   -1.23217747E+01   -1.73938437E+03
   5.02613457E-03   -1.24142672E+01   -1.73147193E+03
   5.08000260E-03   -1.25073242E+01   -1.72352753E+03
   5.13444797E-03   -1.26009450E+01   -1.71555070E+03
   5.18947685E-03   -1.26951294E+01   -1.70754100E+03
   5.24509552E-03   -1.27898765E+01   -1.69949807E+03
   5.30131028E-03   -1.28851860E+01   -1.69142162E+03
   5.35812753E-03   -1.29810570E+01   -1.68331145E+03
   5.41555372E-03   -1.30774890E+01   -1.67516742E+03
   5.47359538E-03   -1.31744810E+01   -1.66698943E+03
   5.53225911E-03   -1.32720319E+01   -1.65877711E+03
   5.59155157E-03   -1.33701403E+01   -1.65053001E+03
   5.65147950E-03   -1.34688048E+01   -1.64224775E+03
   5.71204972E-03   -1.35680238E+01   -1.63393000E+03
   5.77326910E-03   -1.36677958E+01   -1.62557653E+03
   5.83514461E-03   -1.37681191E+01   -1.61718717E+03
   5.89768327E-03   -1.38689919E+01   -1.60876184E+03
   5.96089220E-03   -1.39704123E+01   -1.60030044E+03
   6.02477857E-03   -1.40723781E+01   -1.59180259E+03
   6.08934966E-03   -1.41748867E+01   -1.58326796E+03
   6.15461278E-03   -1.42779357E+01   -1.57469625E+03
   6.22057537E-03   -1.43815224E+01   -1.56608724E+03
   6.28724492E-03   -1.44856441E+01   -1.55744080E+03
   6.35462901E-03   -1.45902980E+01   -1.54875684E+03
   6.42273529E-03   -1.46954808E+01   -1.54003510E+03
   6.49157151E-03   -1.48011892E+01   -1.53127529E+03
   6.56114548E-03   -1.49074197E+01   -1.52247719E+03
   6.63146512E-03   -1.50141686E+01   -1.51364064E+03
   6.70253842E-03   -1.51214323E+01   -1.50476556E+03
   6.77437345E-03   -1.52292069E+01   -1.49585192E+03
   6.84697838E-03   -1.53374881E+01   -1.48689951E+03
   6.92036146E-03   -1.54462713E+01   -1.47790800E+03
   6.99453103E-03   -1.55555519E+01   -1.46887714E+03
   7.06949551E-03   -1.56653251E+01   -1.45980675E+03
   7.14526344E-03   -1.57755858E+01   -1.45069671E+03
   7.22184341E-03   -1.58863291E+01   -1.44154698E+03
   7.29924414E-03   -1.59975496E+01   -1.43235759E+03
   7.37747441E-03   -1.61092419E+01   -1.42312855E+03
   7.45654313E-03   -1.62214001E+01   -1.41385968E+03
   7.53645927E-03   -1.63340180E+01   -1.40455077E+03
   7.61723192E-03   -1.64470893E+01   -1.39520169E+03
   7.69887026E-03   -1.65606075E+01   -1.38581237E+03
   7.78138356E-03   -1.66745660E+01   -1.37638282E+03
   7.86478121E-03   -1.67889579E+01   -1.36691304E+03
   7.94907267E-03   -1.69037758E+01   -1.35740289E+03
   8.03426754E-03   -1.70190123E+01   -1.34785227E+03
   8.12037549E-03   -1.71346596E+01   -1.33826114E+03
   8.20740631E-03   -1.72507099E+01   -1.32862953E+03
   8.29536990E-03   -1.73671551E+01   -1.31895755E+03
   8.38427624E-03   -1.74839868E+01   -1.30924527E+03
   8.47413544E-03   -1.76011962E+01   -1.29949257E+03
   8.56495771E-03   -1.77187741E+01   -1.28969936E+03
   8.65675338E-03   -1.78367110E+01   -1.27986560E+03
   8.74953288E-03   -1.79549975E+01   -1.26999131E+03
   8.84330675E-03   -1.80736237E+01   -1.26007660E+03
   8.93808564E-03   -1.81925798E+01   -1.25012164E+03
   9.03388034E-03   -1.83118555E+01   -1.24012664E+03
   9.13070173E-03   -1.84314400E+01   -1.23009164E+03
   9.22856081E-03   -1.85513222E+01   -1.22001664E+03
   9.32746870E-03   -1.86714906E+01   -1.20990170E+03
   9.42743665E-03   -1.87919338E+01   -1.19974695E+03
   9.52847601E-03   -1.89126399E+01   -1.18955256E+03
   9.63059827E-03   -1.90335967E+01   -1.17931875E+03
   9.73381503E-03   -1.91547914E+01   -1.16904559E+03
   9.83813803E-03   -1.92762113E+01   -1.15873320E+03
   9.94357912E-03   -1.93978429E+01   -1.14838173E+03
   1.00501503E-02   -1.95196728E+01   -1.13799143E+03
   1.01578636E-02   -1.96416874E+01   -1.12756260E+03
   1.02667314E-02   -1.97638723E+01   -1.11709549E+03
   1.03767660E-02   -1.98862130E+01   -1.10659025E+03
   1.04879799E-02   -2.00086943E+01   -1.09604705E+03
   1.06003857E-02   -2.01313008E+01   -1.08546614E+03
   1.07139962E-02   -2.02540171E+01   -1.07484782E+03
   1.08288244E-02   -2.03768273E+01   -1.06419247E+03
   1.09448833E-02   -2.04997151E+01   -1.05350046E+03
   1.10621860E-02   -2.06226637E+01   -1.04277205E+03
   1.11807459E-02   -2.07456559E+01   -1.03200750E+03
   1.13005765E-02   -2.08686740E+01   -1.02120714E+03
   1.14216914E-02   -2.09917002E+01   -1.01037135E+03
   1.15441044E-02   -2.11147165E+01   -9.99500578E+02
   1.16678293E-02   -2.12377042E+01   -9.88595276E+02
   1.17928803E-02   -2.13606443E+01   -9.77655789E+02
   1.19192715E-02   -2.14835171E+01   -9.66682491E+02
   1.20470173E-02   -2.16063027E+01   -9.55675816E+02
   1.21761322E-02   -2.17289809E+01   -9.44636259E+02
   1.23066310E-02   -2.18515314E+01   -9.33564370E+02
   1.24385283E-02   -2.19739330E+01   -9.22460635E+02
   1.25718393E-02   -2.20961640E+01   -9.11325504E+02
   1.27065791E-02   -2.22182025E+01   -9.00159478E+02
   1.28427630E-02   -2.23400262E+01   -8.88963121E+02
   1.29804064E-02   -2.24616124E+01   -8.77737051E+02
   1.31195250E-02   -2.25829381E+01   -8.66481870E+02
   1.32601346E-02   -2.27039795E+01   -8.55198121E+02
   1.34022513E-02   -2.28247125E+01   -8.43886392E+02
   1.35458910E-02   -2.29451125E+01   -8.32547331E+02
   1.36910703E-02   -2.30651549E+01   -8.21181639E+02
   1.38378055E-02   -2.31848143E+01   -8.09790003E+02
   1.39861134E-02   -2.33040647E+01   -7.98373068E+02
   1.41360107E-02   -2.34228799E+01   -7.86931528E+02
   1.42875147E-02   -2.35412333E+01   -7.75466132E+02
   1.44406423E-02   -2.36590978E+01   -7.63977675E+02
   1.45954111E-02   -2.37764459E+01   -7.52466909E+02
   1.47518387E-02   -2.38932493E+01   -7.40934572E+02
   1.49099428E-02   -2.40094793E+01   -7.29381459E+02
   1.50697414E-02   -2.41251071E+01   -7.17808415E+02
   1.52312526E-02   -2.42401036E+01   -7.06216333E+02
   1.53944949E-02   -2.43544389E+01   -6.94606078E+02
   1.55594867E-02   -2.44680825E+01   -6.82978508E+02
   1.57262469E-02   -2.45810037E+01   -6.71334532E+02
   1.58947943E-02   -2.46931714E+01   -6.59675095E+02
   1.60651481E-02   -2.48045537E+01   -6.48001125E+02
   1.62373277E-02   -2.49151184E+01   -6.36313582E+02
   1.64113526E-02   -2.50248331E+01   -6.24613478E+02
   1.65872427E-02   -2.51336648E+01   -6.12901825E+02
   1.67650179E-02   -2.52415799E+01   -6.01179641E+02
   1.69446984E-02   -2.53485444E+01   -5.89447985E+02
   1.71263047E-02   -2.54545241E+01   -5.77707933E+02
   1.73098573E-02   -2.55594839E+01   -5.65960568E+02
   1.74953772E-02   -2.56633887E+01   -5.54207016E+02
   1.76828854E-02   -2.57662028E+01   -5.42448414E+02
   1.78724033E-02   -2.58678899E+01   -5.30685909E+02
   1.80639523E-02   -2.59684135E+01   -5.18920691E+02
   1.82575542E-02   -2.60677366E+01   -5.07153962E+02
   1.84532311E-02   -2.61658216E+01   -4.95386930E+02
   1.86510052E-02   -2.62626306E+01   -4.83620841E+02
   1.88508990E-02   -2.63581256E+01   -4.71856977E+02
   1.90529351E-02   -2.64522677E+01   -4.60096609E+02
   1.92571366E-02   -2.65450175E+01   -4.48341033E+02
   1.94635266E-02   -2.66363357E+01   -4.36591583E+02
   1.96721286E-02   -2.67261826E+01   -4.24849622E+02
   1.98829663E-02   -2.68145177E+01   -4.13116508E+02
   2.00960637E-02   -2.69013003E+01   -4.01393631E+02
   2.03114450E-02   -2.69864893E+01   -3.89682408E+02
   2.05291347E-02   -2.70700434E+01   -3.77984262E+02
   2.07491574E-02   -2.71519206E+01   -3.66300648E+02
   2.09715383E-02   -2.72320789E+01   -3.54633044E+02
   2.11963026E-02   -2.73104758E+01   -3.42982937E+02
   2.14234758E-02   -2.73870685E+01   -3.31351842E+02
   2.16530837E-02   -2.74618138E+01   -3.19741295E+02
   2.18851525E-02   -2.75346683E+01   -3.08152842E+02
   2.21197085E-02   -2.76055882E+01   -2.96588061E+02
   2.23567784E-02   -2.76745295E+01   -2.85048542E+02
   2.25963891E-02   -2.77414479E+01   -2.73535894E+02
   2.28385678E-02   -2.78062988E+01   -2.62051750E+02
   2.30833421E-02   -2.78690375E+01   -2.50597755E+02
   2.33307398E-02   -2.79296186E+01   -2.39175574E+02
   2.35807890E-02   -2.79879971E+01   -2.27786894E+02
   2.38335181E-02   -2.80441276E+01   -2.16433415E+02
   2.40889559E-02   -2.80979641E+01   -2.05116857E+02
   2.43471314E-02   -2.81494610E+01   -1.93838956E+02
   2.46080738E-02   -2.81985721E+01   -1.82601462E+02
   2.48718130E-02   -2.82452514E+01   -1.71406146E+02
   2.51383788E-02   -2.82894525E+01   -1.60254792E+02
   2.54078015E-02   -2.83311290E+01   -1.49149199E+02
   2.56801118E-02   -2.83702345E+01   -1.38091180E+02
   2.59553406E-02   -2.84067223E+01   -1.27082566E+02
   2.62335192E-02   -2.84405460E+01   -1.16125198E+02
   2.65146792E-02   -2.84716589E+01   -1.05220932E+02
   2.67988525E-02   -2.85000143E+01   -9.43716375E+01
   2.70860715E-02   -2.85255655E+01   -8.35791956E+01
   2.73763688E-02   -2.85482662E+01   -7.28454984E+01
   2.76697774E-02   -2.85680696E+01   -6.21724501E+01
   2.79663306E-02   -2.85849294E+01   -5.15619655E+01
   2.82660622E-02   -2.85987992E+01   -4.10159685E+01
   2.85690061E-02   -2.86096328E+01   -3.05363932E+01
   2.88751969E-02   -2.86173843E+01   -2.01251820E+01
   2.91846693E-02   -2.86220077E+01   -9.78428471E+00
   2.94974585E-02   -2.86234574E+01    4.84341093E-01
   2.98136000E-02   -2.86216880E+01    1.06787314E+01
   3.01331299E-02   -2.86166544E+01    2.07969166E+01
   3.04560843E-02   -2.86083117E+01    3.08369217E+01
   3.07825000E-02   -2.85966154E+01    4.07967681E+01
   3.11124140E-02   -2.85815214E+01    5.06744732E+01
   3.14458640E-02   -2.85629859E+01    6.04680517E+01
   3.17828878E-02   -2.85409655E+01    7.01755173E+01
   3.21235236E-02   -2.85154175E+01    7.97948829E+01
   3.24678102E-02   -2.84862992E+01    8.93241588E+01
   3.28157868E-02   -2.84535689E+01    9.87613599E+01
   3.31674928E-02   -2.84171853E+01    1.08104502E+02
   3.35229682E-02   -2.83771074E+01    1.17351600E+02
   3.38822535E-02   -2.83332952E+01    1.26500674E+02
   3.42453895E-02   -2.82857093E+01    1.35549755E+02
   3.46124174E-02   -2.82343108E+01    1.44496870E+02
   3.49833789E-02   -2.81790616E+01    1.53340060E+02
   3.53583163E-02   -2.81199245E+01    1.62077369E+02
   3.57372721E-02   -2.80568629E+01    1.70706852E+02
   3.61202893E-02   -2.79898411E+01    1.79226572E+02
   3.65074117E-02   -2.79188246E+01    1.87634606E+02
   3.68986830E-02   -2.78437792E+01    1.95929041E+02
   3.72941478E-02   -2.77646723E+01    2.04107976E+02
   3.76938510E-02   -2.76814717E+01    2.12169521E+02
   3.80978381E-02   -2.75941468E+01    2.20111817E+02
   3.85061549E-02   -2.75026676E+01    2.27932996E+02
   3.89188480E-02   -2.74070057E+01    2.35631235E+02
   3.93359640E-02   -2.73071334E+01    2.43204708E+02
   3.97575506E-02   -2.72030247E+01    2.50651626E+02
   4.01836556E-02   -2.70946542E+01    2.57970206E+02
   4.06143274E-02   -2.69819982E+01    2.65158693E+02
   4.10496149E-02   -2.68650347E+01    2.72215372E+02
   4.14895677E-02   -2.67437421E+01    2.79138523E+02
   4.19342357E-02   -2.66181013E+01    2.85926488E+02
   4.23836694E-02   -2.64880938E+01    2.92577599E+02
   4.28379200E-02   -2.63537031E+01    2.99090246E+02
   4.32970391E-02   -2.62149144E+01    3.05462846E+02
   4.37610789E-02   -2.60717135E+01    3.11693824E+02
   4.42300920E-02   -2.59240893E+01    3.17781678E+02
   4.47041318E-02   -2.57720311E+01    3.23724903E+02
   4.51832522E-02   -2.56155309E+01    3.29522058E+02
   4.56675075E-02   -2.54545816E+01    3.35171719E+02
   4.61569530E-02   -2.52891787E+01    3.40672517E+02
   4.66516441E-02   -2.51193192E+01    3.46023120E+02
   4.71516371E-02   -2.49450018E+01    3.51222228E+02
   4.76569888E-02   -2.47662269E+01    3.56268576E+02
   4.81677567E-02   -2.45829982E+01    3.61160986E+02
   4.86839987E-02   -2.43953200E+01    3.65898286E+02
   4.92057737E-02   -2.42031993E+01    3.70479363E+02
   4.97331408E-02   -2.40066454E+01    3.74903167E+02
   5.02661600E-02   -2.38056690E+01    3.79168666E+02
   5.08048919E-02   -2.36002833E+01    3.83274903E+02
   5.13493976E-02   -2.33905046E+01    3.87220989E+02
   5.18997392E-02   -2.31763498E+01    3.91006046E+02
   5.24559791E-02   -2.29578398E+01    3.94629303E+02
   5.30181806E-02   -2.27349963E+01    3.98089996E+02
   5.35864075E-02   -2.25078447E+01    4.01387465E+02
   5.41607244E-02   -2.22764118E+01    4.04521074E+02
   5.47411966E-02   -2.20407272E+01    4.07490269E+02
   5.53278901E-02   -2.18008232E+01    4.10294555E+02
   5.59208715E-02   -2.15567342E+01    4.12933498E+02
   5.65202082E-02   -2.13084975E+01    4.15406738E+02
   5.71259684E-02   -2.10561519E+01    4.17713936E+02
   5.77382209E-02   -2.07997407E+01    4.19854911E+02
   5.83570352E-02   -2.05393081E+01    4.21829462E+02
   5.89824818E-02   -2.02749007E+01    4.23637472E+02
   5.96146316E-02   -2.00065703E+01    4.25278978E+02
   6.02535565E-02   -1.97343680E+01    4.26753967E+02
   6.08993292E-02   -1.94583493E+01    4.28062560E+02
   6.15520230E-02   -1.91785732E+01    4.29204988E+02
   6.22117120E-02   -1.88950994E+01    4.30181474E+02
   6.28784714E-02   -1.86079923E+01    4.30992398E+02
   6.35523768E-02   -1.83173169E+01    4.31638128E+02
   6.42335049E-02   -1.80231423E+01    4.32119173E+02
   6.49219330E-02   -1.77255415E+01    4.32436146E+02
   6.56177394E-02   -1.74245864E+01    4.32589608E+02
   6.63210031E-02   -1.71203550E+01    4.32580318E+02
   6.70318042E-02   -1.68129285E+01    4.32409135E+02
   6.77502233E-02   -1.65023872E+01    4.32076855E+02
   6.84763421E-02   -1.61888173E+01    4.31584483E+02
   6.92102432E-02   -1.58723074E+01    4.30933088E+02
   6.99520099E-02   -1.55529461E+01    4.30123710E+02
   7.07017266E-02   -1.52308280E+01    4.29157609E+02
   7.14594784E-02   -1.49060491E+01    4.28036066E+02
   7.22253515E-02   -1.45787072E+01    4.26760417E+02
   7.29994329E-02   -1.42489044E+01    4.25332143E+02
   7.37818106E-02   -1.39167428E+01    4.23752699E+02
   7.45725735E-02   -1.35823299E+01    4.22023740E+02
   7.53718114E-02   -1.32457742E+01    4.20146933E+02
   7.61796153E-02   -1.29071864E+01    4.18124018E+02
   7.69960768E-02   -1.25666813E+01    4.15956885E+02
   7.78212889E-02   -1.22243732E+01    4.13647371E+02
   7.86553452E-02   -1.18803816E+01    4.11197525E+02
   7.94983407E-02   -1.15348272E+01    4.08609413E+02
   8.03503710E-02   -1.11878326E+01    4.05885167E+02
   8.12115329E-02   -1.08395242E+01    4.03027076E+02
   8.20819245E-02   -1.04900267E+01    4.00037318E+02
   8.29616446E-02   -1.01394697E+01    3.96918286E+02
   8.38507931E-02   -9.78798740E+00    3.93672542E+02
   8.47494712E-02   -9.43571032E+00    3.90302491E+02
   8.56577809E-02   -9.08277359E+00    3.86810720E+02
   8.65758256E-02   -8.72931634E+00    3.83199983E+02
   8.75037094E-02   -8.37547449E+00    3.79472889E+02
   8.84415379E-02   -8.02138866E+00    3.75632246E+02
   8.93894177E-02   -7.66720255E+00    3.71680997E+02
   9.03474564E-02   -7.31305678E+00    3.67621948E+02
   9.13157631E-02   -6.95909692E+00    3.63458127E+02
   9.22944476E-02   -6.60547098E+00    3.59192674E+02
   9.32836213E-02   -6.25232189E+00    3.54828508E+02
   9.42833965E-02   -5.89979674E+00    3.50368742E+02
   9.52938869E-02   -5.54804820E+00    3.45816758E+02
   9.63152073E-02   -5.19722571E+00    3.41175798E+02
   9.73474738E-02   -4.84747764E+00    3.36449078E+02
   9.83908037E-02   -4.49895701E+00    3.31640046E+02
   9.94453156E-02   -4.15181395E+00    3.26752037E+02
   1.00511129E-01   -3.80619958E+00    3.21788459E+02
   1.01588366E-01   -3.46226834E+00    3.16752902E+02
   1.02677148E-01   -3.12017080E+00    3.11648808E+02
   1.03777599E-01   -2.78005997E+00    3.06479772E+02
   1.04889844E-01   -2.44208975E+00    3.01249470E+02
   1.06014010E-01   -2.10640830E+00    2.95961337E+02
   1.07150225E-01   -1.77316644E+00    2.90618986E+02
   1.08298616E-01   -1.44251888E+00    2.85226282E+02
   1.09459316E-01   -1.11461610E+00    2.79786925E+02
   1.10632456E-01   -7.89604240E-01    2.74304452E+02
   1.11818168E-01   -4.67632611E-01    2.68782635E+02
   1.13016589E-01   -1.48851367E-01    2.63225359E+02
   1.14227854E-01    1.66595950E-01    2.57636226E+02
   1.15452101E-01    4.78565368E-01    2.52018945E+02
   1.16689469E-01    7.86910885E-01    2.46377429E+02
   1.17940098E-01    1.09149176E+00    2.40715379E+02
   1.19204131E-01    1.39217052E+00    2.35036409E+02
   1.20481712E-01    1.68880803E+00    2.29344347E+02
   1.21772985E-01    1.98126664E+00    2.23643045E+02
   1.23078097E-01    2.26941538E+00    2.17936060E+02
   1.24397198E-01    2.55312364E+00    2.12227068E+02
   1.25730435E-01    2.83226075E+00    2.06519903E+02
   1.27077962E-01    3.10670188E+00    2.00818143E+02
   1.28439931E-01    3.37632558E+00    1.95125302E+02
   1.29816497E-01    3.64101079E+00    1.89445064E+02
   1.31207816E-01    3.90064000E+00    1.83781038E+02
   1.32614047E-01    4.15510034E+00    1.78136689E+02
   1.34035350E-01    4.40428158E+00    1.72515501E+02
   1.35471885E-01    4.64807737E+00    1.66920877E+02
   1.36923817E-01    4.88638425E+00    1.61356249E+02
   1.38391309E-01    5.11910335E+00    1.55824910E+02
   1.39874530E-01    5.34613912E+00    1.50330172E+02
   1.41373647E-01    5.56740048E+00    1.44875226E+02
   1.42888832E-01    5.78280014E+00    1.39463262E+02
   1.44420255E-01    5.99225533E+00    1.34097351E+02
   1.45968091E-01    6.19568748E+00    1.28780551E+02
   1.47532517E-01    6.39302261E+00    1.23515794E+02
   1.49113709E-01    6.58419128E+00    1.18306001E+02
   1.50711848E-01    6.76912865E+00    1.13153957E+02
   1.52327116E-01    6.94777484E+00    1.08062426E+02
   1.53959694E-01    7.12007456E+00    1.03034046E+02
   1.55609771E-01    7.28597778E+00    9.80714079E+01
   1.57277532E-01    7.44543915E+00    9.31769912E+01
   1.58963167E-01    7.59841875E+00    8.83532080E+01
   1.60666869E-01    7.74488147E+00    8.36023670E+01
   1.62388830E-01    7.88479784E+00    7.89266983E+01
   1.64129246E-01    8.01814323E+00    7.43283300E+01
   1.65888315E-01    8.14489816E+00    6.98092821E+01
   1.67666237E-01    8.26504960E+00    6.53715197E+01
   1.69463215E-01    8.37858844E+00    6.10168630E+01
   1.71279451E-01    8.48551242E+00    5.67470669E+01
   1.73115153E-01    8.58582308E+00    5.25637539E+01
   1.74970530E-01    8.67952920E+00    4.84684734E+01
   1.76845792E-01    8.76664342E+00    4.44626512E+01
   1.78741152E-01    8.84718489E+00    4.05476165E+01
   1.80656825E-01    8.92117773E+00    3.67245930E+01
   1.82593030E-01    8.98865158E+00    3.29946955E+01
   1.84549987E-01    9.04964153E+00    2.93589340E+01
   1.86527917E-01    9.10418780E+00    2.58182101E+01
   1.88527046E-01    9.15233618E+00    2.23733190E+01
   1.90547601E-01    9.19413783E+00    1.90249477E+01
   1.92589811E-01    9.22964824E+00    1.57736767E+01
   1.94653909E-01    9.25892923E+00    1.26199786E+01
   1.96740129E-01    9.28204711E+00    9.56421979E+00
   1.98848708E-01    9.29907307E+00    6.60666055E+00
   2.00979886E-01    9.31008341E+00    3.74745568E+00
   2.03133905E-01    9.31515914E+00    9.86655696E-01
   2.05311010E-01    9.31438600E+00   -1.67579226E+00
   2.07511449E-01    9.30785430E+00   -4.24004321E+00
   2.09735470E-01    9.29565881E+00   -6.70635277E+00
   2.11983328E-01    9.27789861E+00   -9.07507529E+00
   2.14255278E-01    9.25467711E+00   -1.13466635E+01
   2.16551577E-01    9.22610168E+00   -1.35216648E+01
   2.18872487E-01    9.19228369E+00   -1.56007205E+01
   2.21218272E-01    9.15333825E+00   -1.75845633E+01
   2.23589198E-01    9.10938415E+00   -1.94740149E+01
   2.25985534E-01    9.06054360E+00   -2.12699838E+01
   2.28407554E-01    9.00694213E+00   -2.29734623E+01
   2.30855531E-01    8.94870842E+00   -2.45855249E+01
   2.33329745E-01    8.88597412E+00   -2.61073242E+01
   2.35830477E-01    8.81887362E+00   -2.75400890E+01
   2.38358010E-01    8.74754396E+00   -2.88851209E+01
   2.40912633E-01    8.67212458E+00   -3.01437918E+01
   2.43494634E-01    8.59275712E+00   -3.13175396E+01
   2.46104309E-01    8.50958541E+00   -3.24078678E+01
   2.48741953E-01    8.42275476E+00   -3.34163360E+01
   2.51407866E-01    8.33241259E+00   -3.43445661E+01
   2.54102352E-01    8.23870747E+00   -3.51942303E+01
   2.56825715E-01    8.14178933E+00   -3.59670524E+01
   2.59578267E-01    8.04180914E+00   -3.66648030E+01
   2.62360319E-01    7.93891875E+00   -3.72892964E+01
   2.65172189E-01    7.83327063E+00   -3.78423868E+01
   2.68014194E-01    7.72501772E+00   -3.83259651E+01
   2.70886659E-01    7.61431321E+00   -3.87419550E+01
   2.73789910E-01    7.50131098E+00   -3.90923204E+01
   2.76724277E-01    7.38616254E+00   -3.93790169E+01
   2.79690094E-01    7.26902234E+00   -3.96040734E+01
   2.82687696E-01    7.15004218E+00   -3.97695066E+01
   2.85717426E-01    7.02937328E+00   -3.98773509E+01
   2.88779627E-01    6.90716663E+00   -3.99296649E+01
   2.91874647E-01    6.78357185E+00   -3.99285129E+01
   2.95002839E-01    6.65873704E+00   -3.98759621E+01
   2.98164557E-01    6.53280900E+00   -3.97740862E+01
   3.01360161E-01    6.40593314E+00   -3.96249630E+01
   3.04590015E-01    6.27825314E+00   -3.94306708E+01
   3.07854484E-01    6.14990932E+00   -3.91932576E+01
   3.11153941E-01    6.02104226E+00   -3.89148057E+01
   3.14488760E-01    5.89178801E+00   -3.85973475E+01
   3.17859320E-01    5.76228165E+00   -3.82429282E+01
   3.21266005E-01    5.63265485E+00   -3.78535627E+01
   3.24709201E-01    5.50303665E+00   -3.74312495E+01
   3.28189300E-01    5.37355390E+00   -3.69779788E+01
   3.31706697E-01    5.24432891E+00   -3.64956888E+01
   3.35261792E-01    5.11548265E+00   -3.59863263E+01
   3.38854989E-01    4.98713161E+00   -3.54517876E+01
   3.42486696E-01    4.85938903E+00   -3.48939403E+01
   3.46157327E-01    4.73236496E+00   -3.43146262E+01
   3.49867298E-01    4.60616601E+00   -3.37156560E+01
   3.53617030E-01    4.48089453E+00   -3.30987930E+01
   3.57406951E-01    4.35664957E+00   -3.24657710E+01
   3.61237491E-01    4.23352615E+00   -3.18182818E+01
   3.65109085E-01    4.11161543E+00   -3.11579763E+01
   3.69022173E-01    3.99100420E+00   -3.04864536E+01
   3.72977199E-01    3.87177594E+00   -2.98052852E+01
   3.76974615E-01    3.75400953E+00   -2.91159848E+01
   3.81014872E-01    3.63777992E+00   -2.84200236E+01
   3.85098432E-01    3.52315776E+00   -2.77188202E+01
   3.89225758E-01    3.41020966E+00   -2.70137477E+01
   3.93397318E-01    3.29899807E+00   -2.63061289E+01
   3.97613587E-01    3.18958120E+00   -2.55972345E+01
   4.01875045E-01    3.08201314E+00   -2.48882844E+01
   4.06182176E-01    2.97634374E+00   -2.41804440E+01
   4.10535468E-01    2.87261888E+00   -2.34748316E+01
   4.14935417E-01    2.77087999E+00   -2.27725001E+01
   4.19382523E-01    2.67116495E+00   -2.20744670E+01
   4.23877291E-01    2.57350720E+00   -2.13816826E+01
   4.28420232E-01    2.47793639E+00   -2.06950488E+01
   4.33011863E-01    2.38447831E+00   -2.00154184E+01
   4.37652705E-01    2.29315476E+00   -1.93435832E+01
   4.42343285E-01    2.20398400E+00   -1.86802938E+01
   4.47084137E-01    2.11698040E+00   -1.80262406E+01
   4.51875800E-01    2.03215488E+00   -1.73820668E+01
   4.56718818E-01    1.94951479E+00   -1.67483682E+01
   4.61613741E-01    1.86906412E+00   -1.61256876E+01
   4.66561126E-01    1.79080349E+00   -1.55145231E+01
   4.71561534E-01    1.71473038E+00   -1.49153247E+01
   4.76615536E-01    1.64083916E+00   -1.43284946E+01
   4.81723704E-01    1.56912121E+00   -1.37543958E+01
   4.86886619E-01    1.49956500E+00   -1.31933447E+01
   4.92104868E-01    1.43215632E+00   -1.26456158E+01
   4.97379044E-01    1.36687829E+00   -1.21114439E+01
   5.02709747E-01    1.30371150E+00   -1.15910244E+01
   5.08097581E-01    1.24263416E+00   -1.10845152E+01
   5.13543161E-01    1.18362222E+00   -1.05920374E+01
   5.19047104E-01    1.12664954E+00   -1.01136772E+01
   5.24610036E-01    1.07168784E+00   -9.64948831E+00
   5.30232589E-01    1.01870704E+00   -9.19949141E+00
   5.35915402E-01    9.67675280E-01   -8.76367732E+00
   5.41659121E-01    9.18559062E-01   -8.34200768E+00
   5.47464399E-01    8.71323356E-01   -7.93441679E+00
   5.53331896E-01    8.25931813E-01   -7.54081301E+00
   5.59262278E-01    7.82346681E-01   -7.16108005E+00
   5.65256220E-01    7.40529230E-01   -6.79507894E+00
   5.71314402E-01    7.00439684E-01   -6.44264910E+00
   5.77437513E-01    6.62037255E-01   -6.10360987E+00
   5.83626249E-01    6.25280463E-01   -5.77776203E+00
   5.89881313E-01    5.90127148E-01   -5.46488927E+00
   5.96203417E-01    5.56534616E-01   -5.16475967E+00
   6.02593278E-01    5.24459692E-01   -4.87712683E+00
   6.09051623E-01    4.93858922E-01   -4.60173167E+00
   6.15579187E-01    4.64688568E-01   -4.33830329E+00
   6.22176709E-01    4.36904774E-01   -4.08656054E+00
   6.28844942E-01    4.10463645E-01   -3.84621326E+00
   6.35584641E-01    3.85321393E-01   -3.61696380E+00
   6.42396574E-01    3.61434295E-01   -3.39850747E+00
   6.49281515E-01    3.38758892E-01   -3.19053437E+00
   6.56240245E-01    3.17252113E-01   -2.99273080E+00
   6.63273556E-01    2.96871055E-01   -2.80477838E+00
   6.70382247E-01    2.77573600E-01   -2.62635876E+00
   6.77567127E-01    2.59317905E-01   -2.45715063E+00
   6.84829010E-01    2.42062829E-01   -2.29683327E+00
   6.92168724E-01    2.25767740E-01   -2.14508543E+00
   6.99587102E-01    2.10392882E-01   -2.00158862E+00
   7.07084987E-01    1.95899199E-01   -1.86602619E+00
   7.14663231E-01    1.82248356E-01   -1.73808384E+00
   7.22322695E-01    1.69402935E-01   -1.61745147E+00
   7.30064251E-01    1.57326374E-01   -1.50382313E+00
   7.37888777E-01    1.45983003E-01   -1.39689753E+00
   7.45797163E-01    1.35338115E-01   -1.29637901E+00
   7.53790308E-01    1.25357891E-01   -1.20197711E+00
   7.61869121E-01    1.16009583E-01   -1.11340841E+00
   7.70034518E-01    1.07261362E-01   -1.03039548E+00
   7.78287429E-01    9.90824526E-02   -9.52668263E-01
   7.86628792E-01    9.14430691E-02   -8.79963714E-01
   7.95059553E-01    8.43144564E-02   -8.12026388E-01
   8.03580672E-01    7.76688825E-02   -7.48608537E-01
   8.12193117E-01    7.14796334E-02   -6.89470243E-01
   8.20897866E-01    6.57210244E-02   -6.34379675E-01
   8.29695910E-01    6.03683653E-02   -5.83112932E-01
   8.38588247E-01    5.53980005E-02   -5.35454537E-01
   8.47575888E-01    5.07872376E-02   -4.91196923E-01
   8.56659856E-01    4.65143797E-02   -4.50140839E-01
   8.65841181E-01    4.25586871E-02   -4.12095113E-01
   8.75120908E-01    3.89003749E-02   -3.76876728E-01
   8.84500092E-01    3.55205781E-02   -3.44310594E-01
   8.93979798E-01    3.24013473E-02   -3.14229591E-01
   9.03561103E-01    2.95256140E-02   -2.86474330E-01
   9.13245096E-01    2.68771792E-02   -2.60893110E-01
   9.23032879E-01    2.44406757E-02   -2.37341639E-01
   9.32925563E-01    2.22015534E-02   -2.15682953E-01
   9.42924273E-01    2.01460625E-02   -1.95787309E-01
   9.53030145E-01    1.82612002E-02   -1.77531740E-01
   9.63244327E-01    1.65347103E-02   -1.60800089E-01
   9.73567981E-01    1.49550430E-02   -1.45482675E-01
   9.84002279E-01    1.35113348E-02   -1.31476135E-01
   9.94548408E-01    1.21933701E-02   -1.18683100E-01
   1.00520757E+00    1.09915824E-02   -1.07012225E-01
   1.01598096E+00    9.89697339E-03   -9.63774589E-02
   1.02686983E+00    8.90115915E-03   -8.66984979E-02
   1.03787539E+00    7.99626849E-03   -7.78998454E-02
   1.04899891E+00    7.17497581E-03   -6.99111391E-02
   1.06024165E+00    6.43045061E-03   -6.26666896E-02
   1.07160488E+00    5.75631530E-03   -5.61050890E-02
   1.08308990E+00    5.14666182E-03   -5.01693845E-02
   1.09469800E+00    4.59600967E-03   -4.48066886E-02
   1.10643052E+00    4.09923855E-03   -3.99675415E-02
   1.11828879E+00    3.65164843E-03   -3.56064981E-02
   1.13027414E+00    3.24887147E-03   -3.16812885E-02
   1.14238795E+00    2.88688141E-03   -2.81529161E-02
   1.15463160E+00    2.56196323E-03   -2.49853709E-02
   1.16700646E+00    2.27069725E-03   -2.21454814E-02
   1.17951395E+00    2.00993304E-03   -1.96026676E-02
   1.19215549E+00    1.77679603E-03   -1.73290090E-02
   1.20493252E+00    1.56862131E-03   -1.52986077E-02
   1.21784649E+00    1.38298981E-03   -1.34879410E-02
   1.23089886E+00    1.21768986E-03   -1.18754930E-02
   1.24409113E+00    1.07068681E-03   -1.04414610E-02
   1.25742478E+00    9.40138374E-04   -9.16790670E-03
   1.27090134E+00    8.24363914E-04   -8.03845994E-03
   1.28452233E+00    7.21834222E-04   -7.03822029E-03
   1.29828931E+00    6.31165029E-04   -6.15369547E-03
   1.31220384E+00    5.51095795E-04   -5.37259586E-03
   1.32626750E+00    4.80491884E-04   -4.68385653E-03
   1.34048188E+00    4.18322839E-04   -4.07742643E-03
   1.35484861E+00    3.63663131E-04   -3.54427624E-03
   1.36936932E+00    3.15676032E-04   -3.07624167E-03
   1.38404565E+00    2.73610464E-04   -2.66599315E-03
   1.39887928E+00    2.36791012E-04   -2.30693877E-03
   1.41387189E+00    2.04613552E-04   -1.99318185E-03
   1.42902518E+00    1.76535576E-04   -1.71942680E-03
   1.44434088E+00    1.52072869E-04   -1.48094681E-03
   1.45982073E+00    1.30794020E-04   -1.27353041E-03
   1.47546648E+00    1.12313317E-04   -1.09341220E-03
   1.49127992E+00    9.62892284E-05   -9.37258138E-04
   1.50726284E+00    8.24172896E-05   -8.02096071E-04
   1.52341706E+00    7.04282240E-05   -6.85297464E-04
   1.53974441E+00    6.00835467E-05   -5.84534476E-04
   1.55624676E+00    5.11726155E-05   -4.97751181E-04
   1.57292596E+00    4.35096473E-05   -4.23134433E-04
   1.58978393E+00    3.69310756E-05   -3.59088054E-04
   1.60682258E+00    3.12931681E-05   -3.04209573E-04
   1.62404384E+00    2.64697473E-05   -2.57267954E-04
   1.64144967E+00    2.23504918E-05   -2.17186996E-04
   1.65904205E+00    1.88387140E-05   -1.83023629E-04
   1.67682297E+00    1.58502653E-05   -1.53957209E-04
   1.69479446E+00    1.33117075E-05   -1.29271656E-04
   1.71295857E+00    1.11592583E-05   -1.08345145E-04
   1.73131735E+00    9.33755190E-06   -9.06380010E-05
   1.74987289E+00    7.79863579E-06   -7.56828951E-05
   1.76862731E+00    6.50106061E-06   -6.30759533E-05
   1.78758272E+00    5.40903630E-06   -5.24685138E-05
   1.80674129E+00    4.49180163E-06   -4.35609671E-05
   1.82610520E+00    3.72284378E-06   -3.60951370E-05
   1.84567664E+00    3.07946118E-06   -2.98500091E-05
   1.86545783E+00    2.54220975E-06   -2.46363253E-05
   1.88545104E+00    2.09447891E-06   -2.02924447E-05
   1.90565852E+00    1.72210537E-06   -1.66805741E-05
   1.92608258E+00    1.41303714E-06   -1.36834892E-05
   1.94672554E+00    1.15704020E-06   -1.12016729E-05
   1.96758973E+00    9.45442462E-07   -9.15081775E-06
   1.98867755E+00    7.70910937E-07   -7.45965289E-06
   2.00999137E+00    6.27258127E-07   -6.06805639E-06
   2.03153362E+00    5.09274341E-07   -4.92542075E-06
   2.05330676E+00    4.12582687E-07   -3.98923977E-06
   2.07531325E+00    3.33513991E-07   -3.22388992E-06
   2.09755560E+00    2.68999209E-07   -2.59958250E-06
   2.12003633E+00    2.16476933E-07   -2.09146290E-06
   2.14275800E+00    1.73814634E-07   -1.67884395E-06
   2.16572319E+00    1.39240461E-07   -1.34454226E-06
   2.18893452E+00    1.11284871E-07   -1.07431025E-06
   2.21239461E+00    8.87344885E-08   -8.56387375E-07
   2.23610614E+00    7.05863207E-08   -6.81055041E-07
   2.26007180E+00    5.60158442E-08   -5.40326282E-07
   2.28429431E+00    4.43457894E-08   -4.27642483E-07
   2.30877643E+00    3.50214605E-08   -3.37633620E-07
   2.33352094E+00    2.75895953E-08   -2.65912957E-07
   2.35853065E+00    2.16807444E-08   -2.08905985E-07
   2.38380841E+00    1.69945316E-08   -1.63707365E-07
   2.40935708E+00    1.32873731E-08   -1.27961791E-07
   2.43517957E+00    1.03622223E-08   -9.97645154E-08
   2.46127882E+00    8.06008099E-09   -7.75790565E-08
   2.48765778E+00    6.25298474E-09   -6.01692027E-08
   2.51431947E+00    4.83821057E-09   -4.65428934E-08
   2.54126691E+00    3.73352446E-09   -3.59061865E-08
   2.56850315E+00    2.87327101E-09   -2.76253953E-08
   2.59603130E+00    2.20518976E-09   -2.11962722E-08
   2.62385449E+00    1.68777681E-09   -1.62184801E-08
   2.65197588E+00    1.28816357E-09   -1.23750736E-08
   2.68039866E+00    9.80395939E-10   -9.41585951E-09
   2.70912606E+00    7.44038043E-10   -7.14390005E-09
   2.73816135E+00    5.63031083E-10   -5.40448641E-09
   2.76750783E+00    4.24827731E-10   -4.07677635E-09
   2.79716883E+00    3.19604425E-10   -3.06618887E-09
   2.82714773E+00    2.39731260E-10   -2.29928626E-09
   2.85744793E+00    1.79276041E-10   -1.71898870E-09
   2.88807287E+00    1.33664142E-10   -1.28129265E-09
   2.91902604E+00    9.93513373E-11   -9.52116281E-10
   2.95031095E+00    7.36172928E-11   -7.05308628E-10
   2.98193116E+00    5.43802462E-11   -5.20863500E-10
   3.01389027E+00    4.00414171E-11   -3.83420932E-10
   3.04619189E+00    2.93894387E-11   -2.81346566E-10
   3.07883972E+00    2.14999991E-11   -2.05765686E-10
   3.11183745E+00    1.56801247E-11   -1.50026806E-10
   3.14518883E+00    1.13966666E-11   -1.09013989E-10
   3.17889766E+00    8.25541281E-12   -7.89457155E-11
   3.21296777E+00    5.95981294E-12   -5.69781350E-11
   3.24740303E+00    4.28876714E-12   -4.09915756E-11
   3.28220735E+00    3.07496504E-12   -2.93825195E-11
   3.31738469E+00    2.19698374E-12   -2.09876055E-11
   3.35293904E+00    1.56440124E-12   -1.49407383E-11
   3.38887446E+00    1.11005305E-12   -1.05987879E-11
   3.42519501E+00    7.84900089E-13   -7.49231401E-12
   3.46190483E+00    5.52391476E-13   -5.27153227E-12
   3.49900809E+00    3.88037710E-13   -3.70215988E-12
   3.53650901E+00    2.71254621E-13   -2.58731274E-12
   3.57441185E+00    1.89032390E-13   -1.80260148E-12
   3.61272092E+00    1.31028501E-13   -1.24916480E-12
   3.65144056E+00    9.06552912E-14   -8.64053599E-13
   3.69057519E+00    6.23885790E-14   -5.94491642E-13
   3.73012925E+00    4.27018390E-14   -4.06797407E-13
   3.77010723E+00    2.92719534E-14   -2.78792971E-13
   3.81051367E+00    1.98518935E-14   -1.89027680E-13
   3.85135318E+00    1.33360170E-14   -1.26950850E-13
   3.89263039E+00    9.01898074E-15   -8.58349186E-14
   3.93434999E+00    6.14811748E-15   -5.85009847E-14
   3.97651672E+00    4.12652622E-15   -3.92564011E-14
   4.01913538E+00    2.74158538E-15   -2.60749286E-14
   4.06221081E+00    1.81767136E-15   -1.72834775E-14
   4.10574791E+00    1.18623034E-15   -1.12763412E-14
   4.14975161E+00    7.66394697E-16   -7.28331195E-15
   4.19422693E+00    5.03517956E-16   -4.78404094E-15
   4.23917892E+00    3.39163188E-16   -3.22208794E-15
   4.28461268E+00    2.24013265E-16   -2.12788334E-15
   4.33053338E+00    1.44147242E-16   -1.36899361E-15
   4.37694625E+00    9.17868191E-17   -8.71501080E-16
   4.42385655E+00    5.86039103E-17   -5.56263492E-16
   4.47126961E+00    3.64133134E-17   -3.45495825E-16
   4.51919082E+00    2.16408466E-17   -2.05227325E-16
   4.56762564E+00    1.27321617E-17   -1.20679530E-16
   4.61657956E+00    8.03167389E-18   -7.61114387E-17
   4.66605815E+00    5.76895789E-18   -5.46902179E-17
   4.71606702E+00    4.28542457E-18   -4.06469269E-17
   4.76661188E+00    3.10612372E-18   -2.94694498E-17
   4.81769845E+00    2.17335206E-18   -2.06140654E-17
   4.86933255E+00    1.42566089E-18   -1.35017955E-17
   4.92152004E+00    7.97297391E-19   -7.51310877E-18
   4.97426685E+00    0.00000000E+00    0.00000000E+00
   5.02757898E+00    0.00000000E+00    0.00000000E+00
   5.08146249E+00    0.00000000E+00    0.00000000E+00
   5.13592350E+00    0.00000000E+00    0.00000000E+00
   5.19096820E+00    0.00000000E+00    0.00000000E+00
   5.24660285E+00    0.00000000E+00    0.00000000E+00
   5.30283376E+00    0.00000000E+00    0.00000000E+00
   5.35966734E+00    0.00000000E+00    0.00000000E+00
   5.41711004E+00    0.00000000E+00    0.00000000E+00
   5.47516838E+00    0.00000000E+00    0.00000000E+00
   5.53384896E+00    0.00000000E+00    0.00000000E+00
   5.59315847E+00    0.00000000E+00    0.00000000E+00
   5.65310362E+00    0.00000000E+00    0.00000000E+00
   5.71369124E+00    0.00000000E+00    0.00000000E+00
   5.77492822E+00    0.00000000E+00    0.00000000E+00
   5.83682151E+00    0.00000000E+00    0.00000000E+00
   5.89937815E+00    0.00000000E+00    0.00000000E+00
   5.96260524E+00    0.00000000E+00    0.00000000E+00
   6.02650997E+00    0.00000000E+00    0.00000000E+00
   6.09109961E+00    0.00000000E+00    0.00000000E+00
   6.15638149E+00    0.00000000E+00    0.00000000E+00
   6.22236304E+00    0.00000000E+00    0.00000000E+00
   6.28905175E+00    0.00000000E+00    0.00000000E+00
   6.35645520E+00    0.00000000E+00    0.00000000E+00
   6.42458105E+00    0.00000000E+00    0.00000000E+00
   6.49343705E+00    0.00000000E+00    0.00000000E+00
   6.56303102E+00    0.00000000E+00    0.00000000E+00
   6.63337087E+00    0.00000000E+00    0.00000000E+00
   6.70446459E+00    0.00000000E+00    0.00000000E+00
   6.77632027E+00    0.00000000E+00    0.00000000E+00
   6.84894606E+00    0.00000000E+00    0.00000000E+00
   6.92235023E+00    0.00000000E+00    0.00000000E+00
   6.99654111E+00    0.00000000E+00    0.00000000E+00
   7.07152714E+00    0.00000000E+00    0.00000000E+00
   7.14731684E+00    0.00000000E+00    0.00000000E+00
   7.22391882E+00    0.00000000E+00    0.00000000E+00
   7.30134179E+00    0.00000000E+00    0.00000000E+00
   7.37959455E+00    0.00000000E+00    0.00000000E+00
   7.45868599E+00    0.00000000E+00    0.00000000E+00
   7.53862509E+00    0.00000000E+00    0.00000000E+00
   7.61942095E+00    0.00000000E+00    0.00000000E+00
   7.70108275E+00    0.00000000E+00    0.00000000E+00
   7.78361977E+00    0.00000000E+00    0.00000000E+00
   7.86704138E+00    0.00000000E+00    0.00000000E+00
   7.95135707E+00    0.00000000E+00    0.00000000E+00
   8.03657642E+00    0.00000000E+00    0.00000000E+00
   8.12270912E+00    0.00000000E+00    0.00000000E+00
   8.20976495E+00    0.00000000E+00    0.00000000E+00
   8.29775381E+00    0.00000000E+00    0.00000000E+00
   8.38668570E+00    0.00000000E+00    0.00000000E+00
   8.47657073E+00    0.00000000E+00    0.00000000E+00
   8.56741910E+00    0.00000000E+00    0.00000000E+00
   8.65924115E+00    0.00000000E+00    0.00000000E+00
   8.75204731E+00    0.00000000E+00    0.00000000E+00
   8.84584813E+00    0.00000000E+00    0.00000000E+00
   8.94065426E+00    0.00000000E+00    0.00000000E+00
   9.03647649E+00    0.00000000E+00    0.00000000E+00
   9.13332571E+00    0.00000000E+00    0.00000000E+00
   9.23121291E+00    0.00000000E+00    0.00000000E+00
   9.33014922E+00    0.00000000E+00    0.00000000E+00
   9.43014590E+00    0.00000000E+00    0.00000000E+00
   9.53121430E+00    0.00000000E+00    0.00000000E+00
   9.63336590E+00    0.00000000E+00    0.00000000E+00
   9.73661233E+00    0.00000000E+00    0.00000000E+00
   9.84096531E+00    0.00000000E+00    0.00000000E+00
   9.94643670E+00    0.00000000E+00    0.00000000E+00
   1.00530385E+01    0.00000000E+00    0.00000000E+00
   1.01607828E+01    0.00000000E+00    0.00000000E+00
   1.02696819E+01    0.00000000E+00    0.00000000E+00
   1.03797480E+01    0.00000000E+00    0.00000000E+00
   1.04909939E+01    0.00000000E+00    0.00000000E+00
   1.06034320E+01    0.00000000E+00    0.00000000E+00
   1.07170752E+01    0.00000000E+00    0.00000000E+00
   1.08319364E+01    0.00000000E+00    0.00000000E+00
   1.09480286E+01    0.00000000E+00    0.00000000E+00
   1.10653650E+01    0.00000000E+00    0.00000000E+00
   1.11839590E+01    0.00000000E+00    0.00000000E+00
   1.13038241E+01    0.00000000E+00    0.00000000E+00
   1.14249738E+01    0.00000000E+00    0.00000000E+00
   1.15474219E+01    0.00000000E+00    0.00000000E+00
   1.16711824E+01    0.00000000E+00    0.00000000E+00
   1.17962693E+01    0.00000000E+00    0.00000000E+00
   1.19226968E+01    0.00000000E+00    0.00000000E+00
   1.20504793E+01    0.00000000E+00    0.00000000E+00
   1.21796314E+01    0.00000000E+00    0.00000000E+00
   1.23101676E+01    0.00000000E+00    0.00000000E+00
   1.24421029E+01    0.00000000E+00    0.00000000E+00
   1.25754522E+01    0.00000000E+00    0.00000000E+00
   1.27102307E+01    0.00000000E+00    0.00000000E+00
   1.28464537E+01    0.00000000E+00    0.00000000E+00
   1.29841367E+01    0.00000000E+00    0.00000000E+00
   1.31232953E+01    0.00000000E+00    0.00000000E+00
   1.32639453E+01    0.00000000E+00    0.00000000E+00
   1.34061028E+01    0.00000000E+00    0.00000000E+00
   1.35497838E+01    0.00000000E+00    0.00000000E+00
   1.36950048E+01    0.00000000E+00    0.00000000E+00
   1.38417822E+01    0.00000000E+00    0.00000000E+00
   1.39901327E+01    0.00000000E+00    0.00000000E+00
   1.41400731E+01    0.00000000E+00    0.00000000E+00
   1.42916206E+01    0.00000000E+00    0.00000000E+00
   1.44447923E+01    0.00000000E+00    0.00000000E+00
   1.45996056E+01    0.00000000E+00    0.00000000E+00
   1.47560781E+01    0.00000000E+00    0.00000000E+00
   1.49142276E+01    0.00000000E+00    0.00000000E+00
   1.50740721E+01    0.00000000E+00    0.00000000E+00
   1.52356298E+01    0.00000000E+00    0.00000000E+00
   1.53989190E+01    0.00000000E+00    0.00000000E+00
   1.55639582E+01    0.00000000E+00    0.00000000E+00
   1.57307663E+01    0.00000000E+00    0.00000000E+00
   1.58993621E+01    0.00000000E+00    0.00000000E+00
   1.60697649E+01    0.00000000E+00    0.00000000E+00
   1.62419940E+01    0.00000000E+00    0.00000000E+00
   1.64160689E+01    0.00000000E+00    0.00000000E+00
   1.65920095E+01    0.00000000E+00    0.00000000E+00
   1.67698358E+01    0.00000000E+00    0.00000000E+00
   1.69495680E+01    0.00000000E+00    0.00000000E+00
   1.71312264E+01    0.00000000E+00    0.00000000E+00
   1.73148318E+01    0.00000000E+00    0.00000000E+00
   1.75004050E+01    0.00000000E+00    0.00000000E+00
   1.76879671E+01    0.00000000E+00    0.00000000E+00
   1.78775394E+01    0.00000000E+00    0.00000000E+00
   1.80691435E+01    0.00000000E+00    0.00000000E+00
   1.82628011E+01    0.00000000E+00    0.00000000E+00
   1.84585342E+01    0.00000000E+00    0.00000000E+00
   1.86563651E+01    0.00000000E+00    0.00000000E+00
   1.88563163E+01    0.00000000E+00    0.00000000E+00
   1.90584105E+01    0.00000000E+00    0.00000000E+00
   1.92626707E+01    0.00000000E+00    0.00000000E+00
   1.94691200E+01    0.00000000E+00    0.00000000E+00
   1.96777820E+01    0.00000000E+00    0.00000000E+00
   1.98886803E+01    0.00000000E+00    0.00000000E+00
   2.01018389E+01    0.00000000E+00    0.00000000E+00
   2.03172821E+01    0.00000000E+00    0.00000000E+00
   2.05350343E+01    0.00000000E+00    0.00000000E+00
   2.07551203E+01    0.00000000E+00    0.00000000E+00
   2.09775651E+01    0.00000000E+00    0.00000000E+00
   2.12023940E+01    0.00000000E+00    0.00000000E+00
   2.14296324E+01    0.00000000E+00    0.00000000E+00
   2.16593064E+01    0.00000000E+00    0.00000000E+00
   2.18914418E+01    0.00000000E+00    0.00000000E+00
   2.21260652E+01    0.00000000E+00    0.00000000E+00
   2.23632032E+01    0.00000000E+00    0.00000000E+00
   2.26028828E+01    0.00000000E+00    0.00000000E+00
   2.28451311E+01    0.00000000E+00    0.00000000E+00
   2.30899758E+01    0.00000000E+00    0.00000000E+00
   2.33374446E+01    0.00000000E+00    0.00000000E+00
   2.35875656E+01    0.00000000E+00    0.00000000E+00
   2.38403674E+01    0.00000000E+00    0.00000000E+00
   2.40958786E+01    0.00000000E+00    0.00000000E+00
   2.43541282E+01    0.00000000E+00    0.00000000E+00
   2.46151457E+01    0.00000000E+00    0.00000000E+00
   2.48789606E+01    0.00000000E+00    0.00000000E+00
   2.51456030E+01    0.00000000E+00    0.00000000E+00
   2.54151032E+01    0.00000000E+00    0.00000000E+00
   2.56874917E+01    0.00000000E+00    0.00000000E+00
   2.59627996E+01    0.00000000E+00    0.00000000E+00
   2.62410582E+01    0.00000000E+00    0.00000000E+00
   2.65222989E+01    0.00000000E+00    0.00000000E+00
   2.68065540E+01    0.00000000E+00    0.00000000E+00
   2.70938555E+01    0.00000000E+00    0.00000000E+00
   2.73842362E+01    0.00000000E+00    0.00000000E+00
   2.76777291E+01    0.00000000E+00    0.00000000E+00
   2.79743676E+01    0.00000000E+00    0.00000000E+00
   2.82741853E+01    0.00000000E+00    0.00000000E+00
   2.85772163E+01    0.00000000E+00    0.00000000E+00
   2.88834950E+01    0.00000000E+00    0.00000000E+00
   2.91930564E+01    0.00000000E+00    0.00000000E+00
   2.95059355E+01    0.00000000E+00    0.00000000E+00
   2.98221678E+01    0.00000000E+00    0.00000000E+00
   3.01417895E+01    0.00000000E+00    0.00000000E+00
   3.04648367E+01    0.00000000E+00    0.00000000E+00
   3.07913462E+01    0.00000000E+00    0.00000000E+00
   3.11213551E+01    0.00000000E+00    0.00000000E+00
   3.14549009E+01    0.00000000E+00    0.00000000E+00
   3.17920215E+01    0.00000000E+00    0.00000000E+00
   3.21327552E+01    0.00000000E+00    0.00000000E+00
   3.24771408E+01    0.00000000E+00    0.00000000E+00
   3.28252173E+01    0.00000000E+00    0.00000000E+00
   3.31770244E+01    0.00000000E+00    0.00000000E+00
   3.35326020E+01    0.00000000E+00    0.00000000E+00
   3.38919906E+01    0.00000000E+00    0.00000000E+00
   3.42552309E+01    0.00000000E+00    0.00000000E+00
   3.46223642E+01    0.00000000E+00    0.00000000E+00
   3.49934324E+01    0.00000000E+00    0.00000000E+00
   3.53684775E+01    0.00000000E+00    0.00000000E+00
   3.57475422E+01    0.00000000E+00    0.00000000E+00
   3.61306696E+01    0.00000000E+00    0.00000000E+00
   3.65179031E+01    0.00000000E+00    0.00000000E+00
   3.69092869E+01    0.00000000E+00    0.00000000E+00
   3.73048653E+01    0.00000000E+00    0.00000000E+00
   3.77046834E+01    0.00000000E+00    0.00000000E+00
   3.81087866E+01    0.00000000E+00    0.00000000E+00
   3.85172208E+01    0.00000000E+00    0.00000000E+00
   3.89300324E+01    0.00000000E+00    0.00000000E+00
   3.93472684E+01    0.00000000E+00    0.00000000E+00
   3.97689761E+01    0.00000000E+00    0.00000000E+00
   4.01952035E+01    0.00000000E+00    0.00000000E+00
   4.06259991E+01    0.00000000E+00    0.00000000E+00
   4.10614117E+01    0.00000000E+00    0.00000000E+00
   4.15014909E+01    0.00000000E+00    0.00000000E+00
   4.19462867E+01    0.00000000E+00    0.00000000E+00
   4.23958496E+01    0.00000000E+00    0.00000000E+00
   4.28502308E+01    0.00000000E+00    0.00000000E+00
   4.33094818E+01    0.00000000E+00    0.00000000E+00
   4.37736549E+01    0.00000000E+00    0.00000000E+00
   4.42428028E+01    0.00000000E+00    0.00000000E+00
   4.47169788E+01    0.00000000E+00    0.00000000E+00
   4.51962369E+01    0.00000000E+00    0.00000000E+00
   4.56806314E+01    0.00000000E+00    0.00000000E+00
   4.61702175E+01    0.00000000E+00    0.00000000E+00
   4.66650508E+01    0.00000000E+00    0.00000000E+00
   4.71651875E+01    0.00000000E+00    0.00000000E+00
   4.76706844E+01    0.00000000E+00    0.00000000E+00
   4.81815991E+01    0.00000000E+00    0.00000000E+00
   4.86979895E+01    0.00000000E+00    0.00000000E+00
   4.92199144E+01    0.00000000E+00    0.00000000E+00
   4.97474330E+01    0.00000000E+00    0.00000000E+00
   5.02806054E+01    0.00000000E+00    0.00000000E+00
   5.08194921E+01    0.00000000E+00    0.00000000E+00
   5.13641544E+01    0.00000000E+00    0.00000000E+00
   5.19146541E+01    0.00000000E+00    0.00000000E+00
   5.24710539E+01    0.00000000E+00    0.00000000E+00
   5.30334169E+01    0.00000000E+00    0.00000000E+00
   5.36018071E+01    0.00000000E+00    0.00000000E+00
   5.41762891E+01    0.00000000E+00    0.00000000E+00
   5.47569281E+01    0.00000000E+00    0.00000000E+00
   5.53437902E+01    0.00000000E+00    0.00000000E+00
   5.59369420E+01    0.00000000E+00    0.00000000E+00
   5.65364510E+01    0.00000000E+00    0.00000000E+00
   5.71423852E+01    0.00000000E+00    0.00000000E+00
   5.77548137E+01    0.00000000E+00    0.00000000E+00
   5.83738058E+01    0.00000000E+00    0.00000000E+00
   5.89994321E+01    0.00000000E+00    0.00000000E+00
   5.96317636E+01    0.00000000E+00    0.00000000E+00
   6.02708721E+01    0.00000000E+00    0.00000000E+00
   6.09168304E+01    0.00000000E+00    0.00000000E+00
   6.15697117E+01    0.00000000E+00    0.00000000E+00
   6.22295904E+01    0.00000000E+00    0.00000000E+00
   6.28965414E+01    0.00000000E+00    0.00000000E+00
   6.35706405E+01    0.00000000E+00    0.00000000E+00
   6.42519642E+01    0.00000000E+00    0.00000000E+00
   6.49405902E+01    0.00000000E+00    0.00000000E+00
   6.56365965E+01    0.00000000E+00    0.00000000E+00
   6.63400624E+01    0.00000000E+00    0.00000000E+00
   6.70510677E+01    0.00000000E+00    0.00000000E+00
   6.77696933E+01    0.00000000E+00    0.00000000E+00
   6.84960208E+01    0.00000000E+00    0.00000000E+00
   6.92301328E+01    0.00000000E+00    0.00000000E+00
   6.99721127E+01    0.00000000E+00    0.00000000E+00
   7.07220448E+01    0.00000000E+00    0.00000000E+00
   7.14800144E+01    0.00000000E+00    0.00000000E+00
   7.22461075E+01    0.00000000E+00    0.00000000E+00
   7.30204114E+01    0.00000000E+00    0.00000000E+00
   7.38030139E+01    0.00000000E+00    0.00000000E+00
   7.45940041E+01    0.00000000E+00    0.00000000E+00
   7.53934717E+01    0.00000000E+00    0.00000000E+00
   7.62015077E+01    0.00000000E+00    0.00000000E+00
   7.70182039E+01    0.00000000E+00    0.00000000E+00
   7.78436531E+01    0.00000000E+00    0.00000000E+00
   7.86779492E+01    0.00000000E+00    0.00000000E+00
   7.95211868E+01    0.00000000E+00    0.00000000E+00
   8.03734620E+01    0.00000000E+00    0.00000000E+00
   8.12348714E+01    0.00000000E+00    0.00000000E+00
   8.21055132E+01    0.00000000E+00    0.00000000E+00
   8.29854860E+01    0.00000000E+00    0.00000000E+00
   8.38748901E+01    0.00000000E+00    0.00000000E+00
   8.47738264E+01    0.00000000E+00    0.00000000E+00
   8.56823972E+01    0.00000000E+00    0.00000000E+00
   8.66007056E+01    0.00000000E+00    0.00000000E+00
   8.75288561E+01    0.00000000E+00    0.00000000E+00
   8.84669542E+01    0.00000000E+00    0.00000000E+00
   8.94151063E+01    0.00000000E+00    0.00000000E+00
   9.03734204E+01    0.00000000E+00    0.00000000E+00
   9.13420053E+01    0.00000000E+00    0.00000000E+00
   9.23209711E+01    0.00000000E+00    0.00000000E+00
   9.33104290E+01    0.00000000E+00    0.00000000E+00
   9.43104916E+01    0.00000000E+00    0.00000000E+00
   9.53212723E+01    0.00000000E+00    0.00000000E+00
   9.63428863E+01    0.00000000E+00    0.00000000E+00
   9.73754494E+01    0.00000000E+00    0.00000000E+00
   9.84190791E+01    0.00000000E+00    0.00000000E+00
   9.94738941E+01    0.00000000E+00    0.00000000E+00
   1.00540014E+02    0.00000000E+00    0.00000000E+00
   1.01617560E+02    0.00000000E+00    0.00000000E+00
   1.02706655E+02    0.00000000E+00    0.00000000E+00
   1.03807423E+02    0.00000000E+00    0.00000000E+00
   1.04919988E+02    0.00000000E+00    0.00000000E+00
   1.06044477E+02    0.00000000E+00    0.00000000E+00
   1.07181017E+02    0.00000000E+00    0.00000000E+00
   1.08329739E+02    0.00000000E+00    0.00000000E+00
   1.09490772E+02    0.00000000E+00    0.00000000E+00
   1.10664249E+02    0.00000000E+00    0.00000000E+00
   1.11850303E+02    0.00000000E+00    0.00000000E+00
   1.13049068E+02    0.00000000E+00    0.00000000E+00
   1.14260681E+02    0.00000000E+00    0.00000000E+00
   1.15485280E+02    0.00000000E+00    0.00000000E+00
   1.16723003E+02    0.00000000E+00    0.00000000E+00
   1.17973992E+02    0.00000000E+00    0.00000000E+00
   1.19238388E+02    0.00000000E+00    0.00000000E+00
   1.20516336E+02    0.00000000E+00    0.00000000E+00
   1.21807980E+02    0.00000000E+00    0.00000000E+00
   1.23113468E+02    0.00000000E+00    0.00000000E+00
   1.24432947E+02    0.00000000E+00    0.00000000E+00
   1.25766567E+02    0.00000000E+00    0.00000000E+00
   1.27114481E+02    0.00000000E+00    0.00000000E+00
   1.28476842E+02    0.00000000E+00    0.00000000E+00
   1.29853803E+02    0.00000000E+00    0.00000000E+00
   1.31245523E+02    0.00000000E+00    0.00000000E+00
   1.32652158E+02    0.00000000E+00    0.00000000E+00
   1.34073869E+02    0.00000000E+00    0.00000000E+00
   1.35510817E+02    0.00000000E+00    0.00000000E+00
   1.36963166E+02    0.00000000E+00    0.00000000E+00
   1.38431080E+02    0.00000000E+00    0.00000000E+00
   1.39914727E+02    0.00000000E+00    0.00000000E+00
   1.41414275E+02    0.00000000E+00    0.00000000E+00
   1.42929895E+02    0.00000000E+00    0.00000000E+00
   1.44461758E+02    0.00000000E+00    0.00000000E+00
   1.46010040E+02    0.00000000E+00    0.00000000E+00
   1.47574915E+02    0.00000000E+00    0.00000000E+00
   1.49156562E+02    0.00000000E+00    0.00000000E+00
   1.50755160E+02    0.00000000E+00    0.00000000E+00
   1.52370891E+02    0.00000000E+00    0.00000000E+00
   1.54003939E+02    0.00000000E+00    0.00000000E+00
   1.55654490E+02    0.00000000E+00    0.00000000E+00
   1.57322730E+02    0.00000000E+00    0.00000000E+00
   1.59008850E+02    0.00000000E+00    0.00000000E+00
   1.60713041E+02    0.00000000E+00    0.00000000E+00
   1.62435497E+02    0.00000000E+00    0.00000000E+00
   1.64176413E+02    0.00000000E+00    0.00000000E+00
   1.65935988E+02    0.00000000E+00    0.00000000E+00
   1.67714421E+02    0.00000000E+00    0.00000000E+00
   1.69511915E+02    0.00000000E+00    0.00000000E+00
   1.71328673E+02    0.00000000E+00    0.00000000E+00
   1.73164903E+02    0.00000000E+00    0.00000000E+00
   1.75020813E+02    0.00000000E+00    0.00000000E+00
   1.76896613E+02    0.00000000E+00    0.00000000E+00
   1.78792518E+02    0.00000000E+00    0.00000000E+00
   1.80708742E+02    0.00000000E+00    0.00000000E+00
   1.82645504E+02    0.00000000E+00    0.00000000E+00
   1.84603022E+02    0.00000000E+00    0.00000000E+00
   1.86581521E+02    0.00000000E+00    0.00000000E+00
   1.88581225E+02    0.00000000E+00    0.00000000E+00
   1.90602360E+02    0.00000000E+00    0.00000000E+00
   1.92645157E+02    0.00000000E+00    0.00000000E+00
   1.94709848E+02    0.00000000E+00    0.00000000E+00
   1.96796668E+02    0.00000000E+00    0.00000000E+00
   1.98905853E+02    0.00000000E+00    0.00000000E+00
   2.01037644E+02    0.00000000E+00    0.00000000E+00
   2.03192282E+02    0.00000000E+00    0.00000000E+00
   2.05370012E+02    0.00000000E+00    0.00000000E+00
   2.07571083E+02    0.00000000E+00    0.00000000E+00
   2.09795744E+02    0.00000000E+00    0.00000000E+00
   2.12044248E+02    0.00000000E+00    0.00000000E+00
   2.14316850E+02    0.00000000E+00    0.00000000E+00
   2.16613810E+02    0.00000000E+00    0.00000000E+00
   2.18935387E+02    0.00000000E+00    0.00000000E+00
   2.21281846E+02    0.00000000E+00    0.00000000E+00
   2.23653453E+02    0.00000000E+00    0.00000000E+00
   2.26050478E+02    0.00000000E+00    0.00000000E+00
   2.28473193E+02    0.00000000E+00    0.00000000E+00
