# Peaks:     0.011181      0.071459      0.254102  
   7.61577291E-05    2.31159196E+02   -2.90019374E+05
   7.69739561E-05    2.30928388E+02   -2.86974635E+05
   7.77989311E-05    2.30695458E+02   -2.83961781E+05
   7.86327478E-05    2.30460751E+02   -2.80980176E+05
   7.94755011E-05    2.30224639E+02   -2.78029181E+05
   8.03272866E-05    2.29987514E+02   -2.75108153E+05
   8.11882011E-05    2.29749798E+02   -2.72216446E+05
   8.20583427E-05    2.29511936E+02   -2.69353408E+05
   8.29378100E-05    2.29274402E+02   -2.66518385E+05
   8.38267031E-05    2.29037532E+02   -2.63710873E+05
   8.47251230E-05    2.28801277E+02   -2.60930742E+05
   8.56331718E-05    2.28565521E+02   -2.58177920E+05
   8.65509526E-05    2.28330140E+02   -2.55452349E+05
   8.74785699E-05    2.28094997E+02   -2.52753976E+05
   8.84161290E-05    2.27859946E+02   -2.50082761E+05
   8.93637364E-05    2.27624829E+02   -2.47438669E+05
   9.03214999E-05    2.27389507E+02   -2.44821643E+05
   9.12895284E-05    2.27153979E+02   -2.42231471E+05
   9.22679317E-05    2.26918284E+02   -2.39667900E+05
   9.32568212E-05    2.26682464E+02   -2.37130680E+05
   9.42563092E-05    2.26446560E+02   -2.34619566E+05
   9.52665093E-05    2.26210616E+02   -2.32134316E+05
   9.62875362E-05    2.25974675E+02   -2.29674694E+05
   9.73195062E-05    2.25738780E+02   -2.27240467E+05
   9.83625363E-05    2.25502941E+02   -2.24831419E+05
   9.94167453E-05    2.25267153E+02   -2.22447344E+05
   1.00482253E-04    2.25031407E+02   -2.20088038E+05
   1.01559180E-04    2.24795694E+02   -2.17753304E+05
   1.02647649E-04    2.24560000E+02   -2.15442950E+05
   1.03747784E-04    2.24324310E+02   -2.13156786E+05
   1.04859710E-04    2.24088605E+02   -2.10894628E+05
   1.05983553E-04    2.23852880E+02   -2.08656276E+05
   1.07119441E-04    2.23617139E+02   -2.06441512E+05
   1.08267502E-04    2.23381391E+02   -2.04250123E+05
   1.09427869E-04    2.23145639E+02   -2.02081897E+05
   1.10600671E-04    2.22909887E+02   -1.99936626E+05
   1.11786043E-04    2.22674137E+02   -1.97814106E+05
   1.12984120E-04    2.22438390E+02   -1.95714137E+05
   1.14195037E-04    2.22202644E+02   -1.93636517E+05
   1.15418932E-04    2.21966905E+02   -1.91581040E+05
   1.16655944E-04    2.21731173E+02   -1.89547498E+05
   1.17906215E-04    2.21495450E+02   -1.87535687E+05
   1.19169885E-04    2.21259736E+02   -1.85545406E+05
   1.20447098E-04    2.21024027E+02   -1.83576458E+05
   1.21738000E-04    2.20788320E+02   -1.81628647E+05
   1.23042738E-04    2.20552609E+02   -1.79701783E+05
   1.24361459E-04    2.20316891E+02   -1.77795667E+05
   1.25694313E-04    2.20081172E+02   -1.75910099E+05
   1.27041453E-04    2.19845454E+02   -1.74044879E+05
   1.28403031E-04    2.19609738E+02   -1.72199812E+05
   1.29779201E-04    2.19374025E+02   -1.70374702E+05
   1.31170121E-04    2.19138312E+02   -1.68569358E+05
   1.32575948E-04    2.18902595E+02   -1.66783594E+05
   1.33996842E-04    2.18666869E+02   -1.65017220E+05
   1.35432965E-04    2.18431137E+02   -1.63270046E+05
   1.36884479E-04    2.18195401E+02   -1.61541880E+05
   1.38351550E-04    2.17959664E+02   -1.59832534E+05
   1.39834345E-04    2.17723925E+02   -1.58141821E+05
   1.41333031E-04    2.17488183E+02   -1.56469556E+05
   1.42847780E-04    2.17252435E+02   -1.54815557E+05
   1.44378764E-04    2.17016675E+02   -1.53179645E+05
   1.45926155E-04    2.16780899E+02   -1.51561640E+05
   1.47490131E-04    2.16545110E+02   -1.49961360E+05
   1.49070870E-04    2.16309311E+02   -1.48378624E+05
   1.50668549E-04    2.16073502E+02   -1.46813255E+05
   1.52283352E-04    2.15837685E+02   -1.45265076E+05
   1.53915462E-04    2.15601856E+02   -1.43733911E+05
   1.55565065E-04    2.15366012E+02   -1.42219589E+05
   1.57232347E-04    2.15130147E+02   -1.40721938E+05
   1.58917498E-04    2.14894257E+02   -1.39240789E+05
   1.60620710E-04    2.14658346E+02   -1.37775970E+05
   1.62342176E-04    2.14422415E+02   -1.36327312E+05
   1.64082092E-04    2.14186466E+02   -1.34894648E+05
   1.65840656E-04    2.13950499E+02   -1.33477811E+05
   1.67618067E-04    2.13714510E+02   -1.32076637E+05
   1.69414528E-04    2.13478496E+02   -1.30690964E+05
   1.71230243E-04    2.13242449E+02   -1.29320630E+05
   1.73065418E-04    2.13006366E+02   -1.27965476E+05
   1.74920261E-04    2.12770250E+02   -1.26625342E+05
   1.76794984E-04    2.12534104E+02   -1.25300070E+05
   1.78689800E-04    2.12297928E+02   -1.23989502E+05
   1.80604923E-04    2.12061721E+02   -1.22693485E+05
   1.82540572E-04    2.11825481E+02   -1.21411863E+05
   1.84496966E-04    2.11589203E+02   -1.20144484E+05
   1.86474328E-04    2.11352880E+02   -1.18891198E+05
   1.88472883E-04    2.11116508E+02   -1.17651856E+05
   1.90492857E-04    2.10880089E+02   -1.16426307E+05
   1.92534481E-04    2.10643626E+02   -1.15214406E+05
   1.94597985E-04    2.10407119E+02   -1.14016006E+05
   1.96683606E-04    2.10170568E+02   -1.12830963E+05
   1.98791579E-04    2.09933969E+02   -1.11659134E+05
   2.00922145E-04    2.09697318E+02   -1.10500376E+05
   2.03075546E-04    2.09460609E+02   -1.09354548E+05
   2.05252025E-04    2.09223836E+02   -1.08221512E+05
   2.07451831E-04    2.08986999E+02   -1.07101128E+05
   2.09675214E-04    2.08750101E+02   -1.05993262E+05
   2.11922426E-04    2.08513143E+02   -1.04897777E+05
   2.14193723E-04    2.08276125E+02   -1.03814540E+05
   2.16489363E-04    2.08039044E+02   -1.02743417E+05
   2.18809606E-04    2.07801895E+02   -1.01684277E+05
   2.21154717E-04    2.07564673E+02   -1.00636988E+05
   2.23524961E-04    2.07327370E+02   -9.96014210E+04
   2.25920609E-04    2.07089984E+02   -9.85774483E+04
   2.28341933E-04    2.06852518E+02   -9.75649437E+04
   2.30789207E-04    2.06614974E+02   -9.65637823E+04
   2.33262710E-04    2.06377351E+02   -9.55738400E+04
   2.35762723E-04    2.06139647E+02   -9.45949939E+04
   2.38289531E-04    2.05901859E+02   -9.36271218E+04
   2.40843419E-04    2.05663980E+02   -9.26701026E+04
   2.43424679E-04    2.05426003E+02   -9.17238161E+04
   2.46033604E-04    2.05187923E+02   -9.07881437E+04
   2.48670490E-04    2.04949741E+02   -8.98629691E+04
   2.51335638E-04    2.04711459E+02   -8.89481772E+04
   2.54029349E-04    2.04473078E+02   -8.80436536E+04
   2.56751930E-04    2.04234595E+02   -8.71492851E+04
   2.59503691E-04    2.03996009E+02   -8.62649590E+04
   2.62284944E-04    2.03757313E+02   -8.53905635E+04
   2.65096006E-04    2.03518501E+02   -8.45259877E+04
   2.67937195E-04    2.03279565E+02   -8.36711216E+04
   2.70808835E-04    2.03040502E+02   -8.28258575E+04
   2.73711252E-04    2.02801316E+02   -8.19900896E+04
   2.76644775E-04    2.02562006E+02   -8.11637129E+04
   2.79609740E-04    2.02322573E+02   -8.03466233E+04
   2.82606481E-04    2.02083014E+02   -7.95387170E+04
   2.85635340E-04    2.01843324E+02   -7.87398915E+04
   2.88696661E-04    2.01603498E+02   -7.79500445E+04
   2.91790793E-04    2.01363528E+02   -7.71690746E+04
   2.94918085E-04    2.01123406E+02   -7.63968818E+04
   2.98078895E-04    2.00883132E+02   -7.56333684E+04
   3.01273582E-04    2.00642709E+02   -7.48784384E+04
   3.04502507E-04    2.00402137E+02   -7.41319960E+04
   3.07766039E-04    2.00161414E+02   -7.33939465E+04
   3.11064548E-04    1.99920536E+02   -7.26641954E+04
   3.14398409E-04    1.99679500E+02   -7.19426492E+04
   3.17768001E-04    1.99438297E+02   -7.12292147E+04
   3.21173706E-04    1.99196920E+02   -7.05237994E+04
   3.24615913E-04    1.98955362E+02   -6.98263126E+04
   3.28095012E-04    1.98713624E+02   -6.91366659E+04
   3.31611399E-04    1.98471708E+02   -6.84547720E+04
   3.35165472E-04    1.98229613E+02   -6.77805440E+04
   3.38757637E-04    1.97987337E+02   -6.71138957E+04
   3.42388301E-04    1.97744876E+02   -6.64547412E+04
   3.46057877E-04    1.97502225E+02   -6.58029954E+04
   3.49766782E-04    1.97259376E+02   -6.51585735E+04
   3.53515437E-04    1.97016319E+02   -6.45213915E+04
   3.57304269E-04    1.96773049E+02   -6.38913671E+04
   3.61133709E-04    1.96529569E+02   -6.32684203E+04
   3.65004190E-04    1.96285878E+02   -6.26524719E+04
   3.68916154E-04    1.96041976E+02   -6.20434432E+04
   3.72870044E-04    1.95797860E+02   -6.14412557E+04
   3.76866311E-04    1.95553525E+02   -6.08458316E+04
   3.80905408E-04    1.95308966E+02   -6.02570936E+04
   3.84987795E-04    1.95064174E+02   -5.96749648E+04
   3.89113934E-04    1.94819139E+02   -5.90993686E+04
   3.93284296E-04    1.94573857E+02   -5.85302306E+04
   3.97499354E-04    1.94328330E+02   -5.79674786E+04
   4.01759588E-04    1.94082556E+02   -5.74110406E+04
   4.06065481E-04    1.93836536E+02   -5.68608453E+04
   4.10417522E-04    1.93590265E+02   -5.63168218E+04
   4.14816207E-04    1.93343740E+02   -5.57788994E+04
   4.19262036E-04    1.93096953E+02   -5.52470081E+04
   4.23755513E-04    1.92849896E+02   -5.47210780E+04
   4.28297149E-04    1.92602559E+02   -5.42010397E+04
   4.32887460E-04    1.92354937E+02   -5.36868259E+04
   4.37526969E-04    1.92107030E+02   -5.31783710E+04
   4.42216201E-04    1.91858839E+02   -5.26756100E+04
   4.46955692E-04    1.91610362E+02   -5.21784785E+04
   4.51745978E-04    1.91361596E+02   -5.16869121E+04
   4.56587604E-04    1.91112535E+02   -5.12008471E+04
   4.61481121E-04    1.90863173E+02   -5.07202199E+04
   4.66427084E-04    1.90613501E+02   -5.02449672E+04
   4.71426056E-04    1.90363509E+02   -4.97750262E+04
   4.76478606E-04    1.90113189E+02   -4.93103357E+04
   4.81585306E-04    1.89862544E+02   -4.88508364E+04
   4.86746738E-04    1.89611572E+02   -4.83964697E+04
   4.91963488E-04    1.89360271E+02   -4.79471771E+04
   4.97236149E-04    1.89108638E+02   -4.75029007E+04
   5.02565320E-04    1.88856668E+02   -4.70635827E+04
   5.07951607E-04    1.88604354E+02   -4.66291657E+04
   5.13395622E-04    1.88351688E+02   -4.61995925E+04
   5.18897983E-04    1.88098657E+02   -4.57748061E+04
   5.24459317E-04    1.87845255E+02   -4.53547508E+04
   5.30080255E-04    1.87591481E+02   -4.49393731E+04
   5.35761435E-04    1.87337334E+02   -4.45286199E+04
   5.41503505E-04    1.87082812E+02   -4.41224387E+04
   5.47307115E-04    1.86827912E+02   -4.37207769E+04
   5.53172926E-04    1.86572628E+02   -4.33235825E+04
   5.59101604E-04    1.86316955E+02   -4.29308036E+04
   5.65093824E-04    1.86060882E+02   -4.25423884E+04
   5.71150265E-04    1.85804400E+02   -4.21582856E+04
   5.77271617E-04    1.85547498E+02   -4.17784444E+04
   5.83458575E-04    1.85290173E+02   -4.14028161E+04
   5.89711842E-04    1.85032425E+02   -4.10313530E+04
   5.96032130E-04    1.84774253E+02   -4.06640076E+04
   6.02420155E-04    1.84515653E+02   -4.03007327E+04
   6.08876645E-04    1.84256619E+02   -3.99414812E+04
   6.15402333E-04    1.83997146E+02   -3.95862062E+04
   6.21997960E-04    1.83737224E+02   -3.92348612E+04
   6.28664277E-04    1.83476842E+02   -3.88873997E+04
   6.35402040E-04    1.83215989E+02   -3.85437755E+04
   6.42212016E-04    1.82954661E+02   -3.82039443E+04
   6.49094978E-04    1.82692855E+02   -3.78678631E+04
   6.56051709E-04    1.82430570E+02   -3.75354890E+04
   6.63083000E-04    1.82167803E+02   -3.72067794E+04
   6.70189649E-04    1.81904548E+02   -3.68816920E+04
   6.77372464E-04    1.81640800E+02   -3.65601845E+04
   6.84632261E-04    1.81376549E+02   -3.62422149E+04
   6.91969866E-04    1.81111786E+02   -3.59277414E+04
   6.99386113E-04    1.80846497E+02   -3.56167220E+04
   7.06881843E-04    1.80580675E+02   -3.53091162E+04
   7.14457910E-04    1.80314317E+02   -3.50048851E+04
   7.22115174E-04    1.80047422E+02   -3.47039902E+04
   7.29854506E-04    1.79779986E+02   -3.44063930E+04
   7.37676784E-04    1.79512004E+02   -3.41120554E+04
   7.45582898E-04    1.79243471E+02   -3.38209393E+04
   7.53573747E-04    1.78974377E+02   -3.35330069E+04
   7.61650238E-04    1.78704713E+02   -3.32482205E+04
   7.69813290E-04    1.78434466E+02   -3.29665423E+04
   7.78063830E-04    1.78163625E+02   -3.26879351E+04
   7.86402796E-04    1.77892186E+02   -3.24123635E+04
   7.94831135E-04    1.77620145E+02   -3.21397928E+04
   8.03349806E-04    1.77347501E+02   -3.18701885E+04
   8.11959777E-04    1.77074249E+02   -3.16035162E+04
   8.20662025E-04    1.76800382E+02   -3.13397417E+04
   8.29457541E-04    1.76525892E+02   -3.10788309E+04
   8.38347323E-04    1.76250771E+02   -3.08207497E+04
   8.47332383E-04    1.75975005E+02   -3.05654643E+04
   8.56413740E-04    1.75698582E+02   -3.03129410E+04
   8.65592428E-04    1.75421493E+02   -3.00631468E+04
   8.74869489E-04    1.75143735E+02   -2.98160507E+04
   8.84245978E-04    1.74865305E+02   -2.95716216E+04
   8.93722960E-04    1.74586200E+02   -2.93298285E+04
   9.03301513E-04    1.74306412E+02   -2.90906407E+04
   9.12982724E-04    1.74025934E+02   -2.88540274E+04
   9.22767695E-04    1.73744758E+02   -2.86199582E+04
   9.32657537E-04    1.73462871E+02   -2.83884023E+04
   9.42653374E-04    1.73180260E+02   -2.81593295E+04
   9.52756342E-04    1.72896913E+02   -2.79327095E+04
   9.62967590E-04    1.72612825E+02   -2.77085139E+04
   9.73288278E-04    1.72327992E+02   -2.74867148E+04
   9.83719579E-04    1.72042410E+02   -2.72672843E+04
   9.94262678E-04    1.71756073E+02   -2.70501948E+04
   1.00491877E-03    1.71468975E+02   -2.68354186E+04
   1.01568908E-03    1.71181106E+02   -2.66229283E+04
   1.02657481E-03    1.70892455E+02   -2.64126964E+04
   1.03757722E-03    1.70603010E+02   -2.62046955E+04
   1.04869754E-03    1.70312757E+02   -2.59988983E+04
   1.05993704E-03    1.70021684E+02   -2.57952781E+04
   1.07129701E-03    1.69729788E+02   -2.55938100E+04
   1.08277873E-03    1.69437066E+02   -2.53944689E+04
   1.09438350E-03    1.69143511E+02   -2.51972298E+04
   1.10611265E-03    1.68849117E+02   -2.50020681E+04
   1.11796751E-03    1.68553874E+02   -2.48089590E+04
   1.12994942E-03    1.68257774E+02   -2.46178778E+04
   1.14205975E-03    1.67960803E+02   -2.44287998E+04
   1.15429987E-03    1.67662949E+02   -2.42417004E+04
   1.16667118E-03    1.67364195E+02   -2.40565552E+04
   1.17917508E-03    1.67064535E+02   -2.38733410E+04
   1.19181299E-03    1.66763964E+02   -2.36920354E+04
   1.20458635E-03    1.66462478E+02   -2.35126161E+04
   1.21749661E-03    1.66160070E+02   -2.33350607E+04
   1.23054523E-03    1.65856732E+02   -2.31593470E+04
   1.24373370E-03    1.65552453E+02   -2.29854529E+04
   1.25706353E-03    1.65247223E+02   -2.28133561E+04
   1.27053621E-03    1.64941028E+02   -2.26430346E+04
   1.28415329E-03    1.64633852E+02   -2.24744662E+04
   1.29791632E-03    1.64325683E+02   -2.23076293E+04
   1.31182685E-03    1.64016515E+02   -2.21425035E+04
   1.32588646E-03    1.63706342E+02   -2.19790686E+04
   1.34009677E-03    1.63395159E+02   -2.18173048E+04
   1.35445937E-03    1.63082957E+02   -2.16571921E+04
   1.36897590E-03    1.62769727E+02   -2.14987104E+04
   1.38364802E-03    1.62455459E+02   -2.13418400E+04
   1.39847739E-03    1.62140140E+02   -2.11865608E+04
   1.41346569E-03    1.61823754E+02   -2.10328531E+04
   1.42861463E-03    1.61506287E+02   -2.08806970E+04
   1.44392593E-03    1.61187726E+02   -2.07300733E+04
   1.45940133E-03    1.60868067E+02   -2.05809642E+04
   1.47504259E-03    1.60547303E+02   -2.04333515E+04
   1.49085148E-03    1.60225428E+02   -2.02872173E+04
   1.50682981E-03    1.59902431E+02   -2.01425439E+04
   1.52297939E-03    1.59578303E+02   -1.99993132E+04
   1.53930205E-03    1.59253033E+02   -1.98575074E+04
   1.55579965E-03    1.58926605E+02   -1.97171086E+04
   1.57247407E-03    1.58599004E+02   -1.95780990E+04
   1.58932719E-03    1.58270214E+02   -1.94404607E+04
   1.60636094E-03    1.57940226E+02   -1.93041771E+04
   1.62357726E-03    1.57609034E+02   -1.91692320E+04
   1.64097808E-03    1.57276631E+02   -1.90356094E+04
   1.65856541E-03    1.56943008E+02   -1.89032932E+04
   1.67634123E-03    1.56608157E+02   -1.87722672E+04
   1.69430756E-03    1.56272065E+02   -1.86425156E+04
   1.71246644E-03    1.55934719E+02   -1.85140221E+04
   1.73081995E-03    1.55596104E+02   -1.83867707E+04
   1.74937016E-03    1.55256204E+02   -1.82607454E+04
   1.76811918E-03    1.54915002E+02   -1.81359302E+04
   1.78706915E-03    1.54572492E+02   -1.80123107E+04
   1.80622222E-03    1.54228667E+02   -1.78898722E+04
   1.82558056E-03    1.53883519E+02   -1.77686003E+04
   1.84514638E-03    1.53537038E+02   -1.76484807E+04
   1.86492189E-03    1.53189213E+02   -1.75294989E+04
   1.88490935E-03    1.52840033E+02   -1.74116405E+04
   1.90511103E-03    1.52489483E+02   -1.72948910E+04
   1.92552922E-03    1.52137547E+02   -1.71792359E+04
   1.94616625E-03    1.51784208E+02   -1.70646609E+04
   1.96702445E-03    1.51429451E+02   -1.69511519E+04
   1.98810620E-03    1.51073270E+02   -1.68386959E+04
   2.00941390E-03    1.50715656E+02   -1.67272799E+04
   2.03094997E-03    1.50356603E+02   -1.66168911E+04
   2.05271685E-03    1.49996098E+02   -1.65075164E+04
   2.07471702E-03    1.49634130E+02   -1.63991429E+04
   2.09695298E-03    1.49270687E+02   -1.62917577E+04
   2.11942725E-03    1.48905752E+02   -1.61853477E+04
   2.14214239E-03    1.48539310E+02   -1.60798998E+04
   2.16510099E-03    1.48171342E+02   -1.59754011E+04
   2.18830564E-03    1.47801836E+02   -1.58718393E+04
   2.21175900E-03    1.47430785E+02   -1.57692028E+04
   2.23546372E-03    1.47058180E+02   -1.56674799E+04
   2.25942249E-03    1.46684013E+02   -1.55666591E+04
   2.28363804E-03    1.46308271E+02   -1.54667286E+04
   2.30811313E-03    1.45930944E+02   -1.53676769E+04
   2.33285053E-03    1.45552016E+02   -1.52694922E+04
   2.35785306E-03    1.45171472E+02   -1.51721629E+04
   2.38312355E-03    1.44789294E+02   -1.50756772E+04
   2.40866488E-03    1.44405464E+02   -1.49800234E+04
   2.43447995E-03    1.44019973E+02   -1.48851907E+04
   2.46057170E-03    1.43632812E+02   -1.47911687E+04
   2.48694309E-03    1.43243972E+02   -1.46979470E+04
   2.51359712E-03    1.42853444E+02   -1.46055151E+04
   2.54053681E-03    1.42461216E+02   -1.45138626E+04
   2.56776523E-03    1.42067275E+02   -1.44229790E+04
   2.59528547E-03    1.41671606E+02   -1.43328538E+04
   2.62310067E-03    1.41274192E+02   -1.42434764E+04
   2.65121397E-03    1.40875016E+02   -1.41548361E+04
   2.67962859E-03    1.40474061E+02   -1.40669227E+04
   2.70834774E-03    1.40071317E+02   -1.39797265E+04
   2.73737469E-03    1.39666777E+02   -1.38932382E+04
   2.76671273E-03    1.39260431E+02   -1.38074484E+04
   2.79636522E-03    1.38852268E+02   -1.37223479E+04
   2.82633550E-03    1.38442278E+02   -1.36379270E+04
   2.85662699E-03    1.38030445E+02   -1.35541765E+04
   2.88724314E-03    1.37616755E+02   -1.34710868E+04
   2.91818741E-03    1.37201191E+02   -1.33886484E+04
   2.94946334E-03    1.36783735E+02   -1.33068516E+04
   2.98107447E-03    1.36364371E+02   -1.32256873E+04
   3.01302439E-03    1.35943092E+02   -1.31451470E+04
   3.04531673E-03    1.35519888E+02   -1.30652224E+04
   3.07795518E-03    1.35094751E+02   -1.29859049E+04
   3.11094343E-03    1.34667670E+02   -1.29071863E+04
   3.14428523E-03    1.34238631E+02   -1.28290580E+04
   3.17798438E-03    1.33807623E+02   -1.27515114E+04
   3.21204470E-03    1.33374628E+02   -1.26745381E+04
   3.24647006E-03    1.32939630E+02   -1.25981293E+04
   3.28126438E-03    1.32502611E+02   -1.25222765E+04
   3.31643162E-03    1.32063558E+02   -1.24469716E+04
   3.35197576E-03    1.31622463E+02   -1.23722069E+04
   3.38790084E-03    1.31179318E+02   -1.22979750E+04
   3.42421096E-03    1.30734113E+02   -1.22242684E+04
   3.46091024E-03    1.30286838E+02   -1.21510793E+04
   3.49800284E-03    1.29837480E+02   -1.20784003E+04
   3.53549298E-03    1.29386026E+02   -1.20062236E+04
   3.57338493E-03    1.28932460E+02   -1.19345415E+04
   3.61168299E-03    1.28476765E+02   -1.18633461E+04
   3.65039152E-03    1.28018924E+02   -1.17926297E+04
   3.68951490E-03    1.27558926E+02   -1.17223852E+04
   3.72905759E-03    1.27096764E+02   -1.16526059E+04
   3.76902409E-03    1.26632430E+02   -1.15832850E+04
   3.80941893E-03    1.26165915E+02   -1.15144158E+04
   3.85024670E-03    1.25697209E+02   -1.14459913E+04
   3.89151205E-03    1.25226299E+02   -1.13780047E+04
   3.93321967E-03    1.24753173E+02   -1.13104492E+04
   3.97537428E-03    1.24277815E+02   -1.12433177E+04
   4.01798070E-03    1.23800209E+02   -1.11766031E+04
   4.06104375E-03    1.23320339E+02   -1.11102986E+04
   4.10456834E-03    1.22838197E+02   -1.10443978E+04
   4.14855940E-03    1.22353776E+02   -1.09788949E+04
   4.19302194E-03    1.21867069E+02   -1.09137836E+04
   4.23796102E-03    1.21378069E+02   -1.08490580E+04
   4.28338173E-03    1.20886764E+02   -1.07847120E+04
   4.32928924E-03    1.20393145E+02   -1.07207392E+04
   4.37568877E-03    1.19897198E+02   -1.06571336E+04
   4.42258559E-03    1.19398909E+02   -1.05938887E+04
   4.46998503E-03    1.18898264E+02   -1.05309983E+04
   4.51789247E-03    1.18395248E+02   -1.04684562E+04
   4.56631338E-03    1.17889856E+02   -1.04062569E+04
   4.61525323E-03    1.17382082E+02   -1.03443951E+04
   4.66471760E-03    1.16871921E+02   -1.02828654E+04
   4.71471211E-03    1.16359366E+02   -1.02216623E+04
   4.76524245E-03    1.15844407E+02   -1.01607803E+04
   4.81631434E-03    1.15327036E+02   -1.01002139E+04
   4.86793360E-03    1.14807241E+02   -1.00399575E+04
   4.92010610E-03    1.14285009E+02   -9.98000540E+03
   4.97283776E-03    1.13760326E+02   -9.92035192E+03
   5.02613457E-03    1.13233183E+02   -9.86099166E+03
   5.08000260E-03    1.12703575E+02   -9.80191984E+03
   5.13444797E-03    1.12171500E+02   -9.74313169E+03
   5.18947685E-03    1.11636953E+02   -9.68462240E+03
   5.24509552E-03    1.11099930E+02   -9.62638715E+03
   5.30131028E-03    1.10560422E+02   -9.56842103E+03
   5.35812753E-03    1.10018423E+02   -9.51071909E+03
   5.41555372E-03    1.09473924E+02   -9.45327634E+03
   5.47359538E-03    1.08926913E+02   -9.39608769E+03
   5.53225911E-03    1.08377378E+02   -9.33914802E+03
   5.59155157E-03    1.07825315E+02   -9.28245266E+03
   5.65147950E-03    1.07270721E+02   -9.22599743E+03
   5.71204972E-03    1.06713596E+02   -9.16977815E+03
   5.77326910E-03    1.06153940E+02   -9.11379059E+03
   5.83514461E-03    1.05591748E+02   -9.05803046E+03
   5.89768327E-03    1.05027017E+02   -9.00249346E+03
   5.96089220E-03    1.04459741E+02   -8.94717519E+03
   6.02477857E-03    1.03889915E+02   -8.89207121E+03
   6.08934966E-03    1.03317529E+02   -8.83717703E+03
   6.15461278E-03    1.02742577E+02   -8.78248808E+03
   6.22057537E-03    1.02165054E+02   -8.72800034E+03
   6.28724492E-03    1.01584965E+02   -8.67371018E+03
   6.35462901E-03    1.01002312E+02   -8.61961397E+03
   6.42273529E-03    1.00417096E+02   -8.56570802E+03
   6.49157151E-03    9.98293176E+01   -8.51198861E+03
   6.56114548E-03    9.92389770E+01   -8.45845197E+03
   6.63146512E-03    9.86460722E+01   -8.40509426E+03
   6.70253842E-03    9.80506004E+01   -8.35191159E+03
   6.77437345E-03    9.74525574E+01   -8.29890000E+03
   6.84697838E-03    9.68519384E+01   -8.24605550E+03
   6.92036146E-03    9.62487459E+01   -8.19337466E+03
   6.99453103E-03    9.56429872E+01   -8.14085441E+03
   7.06949551E-03    9.50346689E+01   -8.08849163E+03
   7.14526344E-03    9.44237969E+01   -8.03628319E+03
   7.22184341E-03    9.38103762E+01   -7.98422588E+03
   7.29924414E-03    9.31944107E+01   -7.93231649E+03
   7.37747441E-03    9.25759032E+01   -7.88055170E+03
   7.45654313E-03    9.19548556E+01   -7.82892817E+03
   7.53645927E-03    9.13312683E+01   -7.77744248E+03
   7.61723192E-03    9.07051413E+01   -7.72609118E+03
   7.69887026E-03    9.00764825E+01   -7.67487141E+03
   7.78138356E-03    8.94453042E+01   -7.62378060E+03
   7.86478121E-03    8.88116185E+01   -7.57281619E+03
   7.94907267E-03    8.81754362E+01   -7.52197556E+03
   8.03426754E-03    8.75367678E+01   -7.47125606E+03
   8.12037549E-03    8.68956227E+01   -7.42065497E+03
   8.20740631E-03    8.62520093E+01   -7.37016954E+03
   8.29536990E-03    8.56059349E+01   -7.31979694E+03
   8.38427624E-03    8.49574057E+01   -7.26953430E+03
   8.47413544E-03    8.43064281E+01   -7.21937874E+03
   8.56495771E-03    8.36530172E+01   -7.16932801E+03
   8.65675338E-03    8.29971914E+01   -7.11938006E+03
   8.74953288E-03    8.23389682E+01   -7.06953282E+03
   8.84330675E-03    8.16783648E+01   -7.01978418E+03
   8.93808564E-03    8.10153974E+01   -6.97013199E+03
   9.03388034E-03    8.03500814E+01   -6.92057404E+03
   9.13070173E-03    7.96824314E+01   -6.87110806E+03
   9.22856081E-03    7.90124609E+01   -6.82173174E+03
   9.32746870E-03    7.83401822E+01   -6.77244269E+03
   9.42743665E-03    7.76656118E+01   -6.72323880E+03
   9.52847601E-03    7.69887745E+01   -6.67411852E+03
   9.63059827E-03    7.63096958E+01   -6.62508031E+03
   9.73381503E-03    7.56284003E+01   -6.57612262E+03
   9.83813803E-03    7.49449123E+01   -6.52724387E+03
   9.94357912E-03    7.42592553E+01   -6.47844240E+03
   1.00501503E-02    7.35714520E+01   -6.42971653E+03
   1.01578636E-02    7.28815242E+01   -6.38106453E+03
   1.02667314E-02    7.21894928E+01   -6.33248457E+03
   1.03767660E-02    7.14953785E+01   -6.28397485E+03
   1.04879799E-02    7.07992100E+01   -6.23553407E+03
   1.06003857E-02    7.01010197E+01   -6.18716116E+03
   1.07139962E-02    6.94008396E+01   -6.13885505E+03
   1.08288244E-02    6.86987012E+01   -6.09061460E+03
   1.09448833E-02    6.79946353E+01   -6.04243863E+03
   1.10621860E-02    6.72886719E+01   -5.99432594E+03
   1.11807459E-02    6.65808402E+01   -5.94627522E+03
   1.13005765E-02    6.58711705E+01   -5.89828528E+03
   1.14216914E-02    6.51597006E+01   -5.85035537E+03
   1.15441044E-02    6.44464703E+01   -5.80248486E+03
   1.16678293E-02    6.37315189E+01   -5.75467311E+03
   1.17928803E-02    6.30148851E+01   -5.70691940E+03
   1.19192715E-02    6.22966071E+01   -5.65922300E+03
   1.20470173E-02    6.15767222E+01   -5.61158311E+03
   1.21761322E-02    6.08552670E+01   -5.56399886E+03
   1.23066310E-02    6.01322800E+01   -5.51646954E+03
   1.24385283E-02    5.94078073E+01   -5.46899486E+03
   1.25718393E-02    5.86818957E+01   -5.42157459E+03
   1.27065791E-02    5.79545916E+01   -5.37420845E+03
   1.28427630E-02    5.72259405E+01   -5.32689612E+03
   1.29804064E-02    5.64959878E+01   -5.27963723E+03
   1.31195250E-02    5.57647796E+01   -5.23243150E+03
   1.32601346E-02    5.50323683E+01   -5.18527896E+03
   1.34022513E-02    5.42988066E+01   -5.13817971E+03
   1.35458910E-02    5.35641468E+01   -5.09113377E+03
   1.36910703E-02    5.28284406E+01   -5.04414113E+03
   1.38378055E-02    5.20917389E+01   -4.99720174E+03
   1.39861134E-02    5.13540966E+01   -4.95031576E+03
   1.41360107E-02    5.06155728E+01   -4.90348361E+03
   1.42875147E-02    4.98762267E+01   -4.85670568E+03
   1.44406423E-02    4.91361168E+01   -4.80998234E+03
   1.45954111E-02    4.83953009E+01   -4.76331388E+03
   1.47518387E-02    4.76538384E+01   -4.71670069E+03
   1.49099428E-02    4.69117942E+01   -4.67014349E+03
   1.50697414E-02    4.61692342E+01   -4.62364301E+03
   1.52312526E-02    4.54262236E+01   -4.57719997E+03
   1.53944949E-02    4.46828270E+01   -4.53081501E+03
   1.55594867E-02    4.39391087E+01   -4.48448876E+03
   1.57262469E-02    4.31951383E+01   -4.43822216E+03
   1.58947943E-02    4.24509883E+01   -4.39201628E+03
   1.60651481E-02    4.17067308E+01   -4.34587218E+03
   1.62373277E-02    4.09624372E+01   -4.29979087E+03
   1.64113526E-02    4.02181784E+01   -4.25377330E+03
   1.65872427E-02    3.94740296E+01   -4.20782067E+03
   1.67650179E-02    3.87300696E+01   -4.16193439E+03
   1.69446984E-02    3.79863768E+01   -4.11611581E+03
   1.71263047E-02    3.72430287E+01   -4.07036625E+03
   1.73098573E-02    3.65001024E+01   -4.02468697E+03
   1.74953772E-02    3.57576800E+01   -3.97907953E+03
   1.76828854E-02    3.50158467E+01   -3.93354563E+03
   1.78724033E-02    3.42746873E+01   -3.88808697E+03
   1.80639523E-02    3.35342856E+01   -3.84270514E+03
   1.82575542E-02    3.27947246E+01   -3.79740174E+03
   1.84532311E-02    3.20560915E+01   -3.75217853E+03
   1.86510052E-02    3.13184787E+01   -3.70703760E+03
   1.88508990E-02    3.05819781E+01   -3.66198099E+03
   1.90529351E-02    2.98466807E+01   -3.61701069E+03
   1.92571366E-02    2.91126766E+01   -3.57212861E+03
   1.94635266E-02    2.83800559E+01   -3.52733668E+03
   1.96721286E-02    2.76489158E+01   -3.48263721E+03
   1.98829663E-02    2.69193557E+01   -3.43803261E+03
   2.00960637E-02    2.61914737E+01   -3.39352523E+03
   2.03114450E-02    2.54653672E+01   -3.34911737E+03
   2.05291347E-02    2.47411322E+01   -3.30481126E+03
   2.07491574E-02    2.40188703E+01   -3.26060941E+03
   2.09715383E-02    2.32986863E+01   -3.21651452E+03
   2.11963026E-02    2.25806839E+01   -3.17252923E+03
   2.14234758E-02    2.18649658E+01   -3.12865610E+03
   2.16530837E-02    2.11516349E+01   -3.08489773E+03
   2.18851525E-02    2.04408005E+01   -3.04125702E+03
   2.21197085E-02    1.97325715E+01   -2.99773691E+03
   2.23567784E-02    1.90270556E+01   -2.95434022E+03
   2.25963891E-02    1.83243594E+01   -2.91106974E+03
   2.28385678E-02    1.76245947E+01   -2.86792854E+03
   2.30833421E-02    1.69278755E+01   -2.82491979E+03
   2.33307398E-02    1.62343138E+01   -2.78204657E+03
   2.35807890E-02    1.55440205E+01   -2.73931191E+03
   2.38335181E-02    1.48571103E+01   -2.69671903E+03
   2.40889559E-02    1.41737006E+01   -2.65427132E+03
   2.43471314E-02    1.34939074E+01   -2.61197206E+03
   2.46080738E-02    1.28178446E+01   -2.56982449E+03
   2.48718130E-02    1.21456307E+01   -2.52783205E+03
   2.51383788E-02    1.14773865E+01   -2.48599831E+03
   2.54078015E-02    1.08132308E+01   -2.44432677E+03
   2.56801118E-02    1.01532802E+01   -2.40282081E+03
   2.59553406E-02    9.49765474E+00   -2.36148399E+03
   2.62335192E-02    8.84647910E+00   -2.32032015E+03
   2.65146792E-02    8.19987597E+00   -2.27933300E+03
   2.67988525E-02    7.55796537E+00   -2.23852616E+03
   2.70860715E-02    6.92086634E+00   -2.19790321E+03
   2.73763688E-02    6.28870421E+00   -2.15746806E+03
   2.76697774E-02    5.66160427E+00   -2.11722462E+03
   2.79663306E-02    5.03968883E+00   -2.07717669E+03
   2.82660622E-02    4.42307983E+00   -2.03732807E+03
   2.85690061E-02    3.81190421E+00   -1.99768281E+03
   2.88751969E-02    3.20628715E+00   -1.95824491E+03
   2.91846693E-02    2.60635053E+00   -1.91901822E+03
   2.94974585E-02    2.01221833E+00   -1.88000672E+03
   2.98136000E-02    1.42401857E+00   -1.84121461E+03
   3.01331299E-02    8.41876123E-01   -1.80264597E+03
   3.04560843E-02    2.65912295E-01   -1.76430472E+03
   3.07825000E-02   -3.03748422E-01   -1.72619496E+03
   3.11124140E-02   -8.66978908E-01   -1.68832096E+03
   3.14458640E-02   -1.42365595E+00   -1.65068683E+03
   3.17828878E-02   -1.97365875E+00   -1.61329657E+03
   3.21235236E-02   -2.51686157E+00   -1.57615446E+03
   3.24678102E-02   -3.05314049E+00   -1.53926476E+03
   3.28157868E-02   -3.58237602E+00   -1.50263149E+03
   3.31674928E-02   -4.10444649E+00   -1.46625886E+03
   3.35229682E-02   -4.61922801E+00   -1.43015119E+03
   3.38822535E-02   -5.12660148E+00   -1.39431263E+03
   3.42453895E-02   -5.62645056E+00   -1.35874723E+03
   3.46124174E-02   -6.11865352E+00   -1.32345933E+03
   3.49833789E-02   -6.60309136E+00   -1.28845318E+03
   3.53583163E-02   -7.07965087E+00   -1.25373281E+03
   3.57372721E-02   -7.54821908E+00   -1.21930228E+03
   3.61202893E-02   -8.00867635E+00   -1.18516599E+03
   3.65074117E-02   -8.46090743E+00   -1.15132819E+03
   3.68986830E-02   -8.90480349E+00   -1.11779288E+03
   3.72941478E-02   -9.34026006E+00   -1.08456391E+03
   3.76938510E-02   -9.76716488E+00   -1.05164554E+03
   3.80978381E-02   -1.01854071E+01   -1.01904199E+03
   3.85061549E-02   -1.05948829E+01   -9.86757223E+02
   3.89188480E-02   -1.09954922E+01   -9.54795097E+02
   3.93359640E-02   -1.13871314E+01   -9.23159665E+02
   3.97575506E-02   -1.17697023E+01   -8.91854793E+02
   4.01836556E-02   -1.21431086E+01   -8.60884318E+02
   4.06143274E-02   -1.25072488E+01   -8.30252359E+02
   4.10496149E-02   -1.28620277E+01   -7.99962815E+02
   4.14895677E-02   -1.32073584E+01   -7.70019263E+02
   4.19342357E-02   -1.35431576E+01   -7.40425194E+02
   4.23836694E-02   -1.38693343E+01   -7.11184478E+02
   4.28379200E-02   -1.41858039E+01   -6.82300784E+02
   4.32970391E-02   -1.44924884E+01   -6.53777530E+02
   4.37610789E-02   -1.47893078E+01   -6.25618298E+02
   4.42300920E-02   -1.50761874E+01   -5.97826487E+02
   4.47041318E-02   -1.53530570E+01   -5.70405375E+02
   4.51832522E-02   -1.56198435E+01   -5.43358419E+02
   4.56675075E-02   -1.58764822E+01   -5.16688781E+02
   4.61569530E-02   -1.61229135E+01   -4.90399463E+02
   4.66516441E-02   -1.63590744E+01   -4.64493677E+02
   4.71516371E-02   -1.65849105E+01   -4.38974342E+02
   4.76569888E-02   -1.68003707E+01   -4.13844291E+02
   4.81677567E-02   -1.70054026E+01   -3.89106480E+02
   4.86839987E-02   -1.71999635E+01   -3.64763520E+02
   4.92057737E-02   -1.73840124E+01   -3.40818013E+02
   4.97331408E-02   -1.75575118E+01   -3.17272494E+02
   5.02661600E-02   -1.77204283E+01   -2.94129377E+02
   5.08048919E-02   -1.78727300E+01   -2.71391088E+02
   5.13493976E-02   -1.80143947E+01   -2.49059713E+02
   5.18997392E-02   -1.81454001E+01   -2.27137404E+02
   5.24559791E-02   -1.82657323E+01   -2.05626047E+02
   5.30181806E-02   -1.83753808E+01   -1.84527434E+02
   5.35864075E-02   -1.84743293E+01   -1.63843682E+02
   5.41607244E-02   -1.85625725E+01   -1.43576515E+02
   5.47411966E-02   -1.86401188E+01   -1.23727153E+02
   5.53278901E-02   -1.87069786E+01   -1.04296810E+02
   5.59208715E-02   -1.87631586E+01   -8.52869208E+01
   5.65202082E-02   -1.88086727E+01   -6.66986883E+01
   5.71259684E-02   -1.88435428E+01   -4.85330507E+01
   5.77382209E-02   -1.88677946E+01   -3.07908732E+01
   5.83570352E-02   -1.88814590E+01   -1.34728590E+01
   5.89824818E-02   -1.88845708E+01    3.42037136E+00
   5.96146316E-02   -1.88771719E+01    1.98884218E+01
   6.02535565E-02   -1.88593079E+01    3.59309781E+01
   6.08993292E-02   -1.88310303E+01    5.15479080E+01
   6.15520230E-02   -1.87923959E+01    6.67392192E+01
   6.22117120E-02   -1.87434661E+01    8.15050433E+01
   6.28784714E-02   -1.86843095E+01    9.58457445E+01
   6.35523768E-02   -1.86149972E+01    1.09761716E+02
   6.42335049E-02   -1.85356081E+01    1.23253608E+02
   6.49219330E-02   -1.84462266E+01    1.36322231E+02
   6.56177394E-02   -1.83469402E+01    1.48968451E+02
   6.63210031E-02   -1.82378458E+01    1.61193461E+02
   6.70318042E-02   -1.81190408E+01    1.72998410E+02
   6.77502233E-02   -1.79906337E+01    1.84384832E+02
   6.84763421E-02   -1.78527330E+01    1.95354203E+02
   6.92102432E-02   -1.77054578E+01    2.05908369E+02
   6.99520099E-02   -1.75489281E+01    2.16049159E+02
   7.07017266E-02   -1.73832737E+01    2.25778727E+02
   7.14594784E-02   -1.72086258E+01    2.35099246E+02
   7.22253515E-02   -1.70251244E+01    2.44013179E+02
   7.29994329E-02   -1.68329128E+01    2.52523069E+02
   7.37818106E-02   -1.66321405E+01    2.60631665E+02
   7.45725735E-02   -1.64229627E+01    2.68341879E+02
   7.53718114E-02   -1.62055392E+01    2.75656784E+02
   7.61796153E-02   -1.59800356E+01    2.82579614E+02
   7.69960768E-02   -1.57466209E+01    2.89113711E+02
   7.78212889E-02   -1.55054728E+01    2.95262722E+02
   7.86553452E-02   -1.52567719E+01    3.01030364E+02
   7.94983407E-02   -1.50007034E+01    3.06420497E+02
   8.03503710E-02   -1.47374549E+01    3.11437047E+02
   8.12115329E-02   -1.44672279E+01    3.16084464E+02
   8.20819245E-02   -1.41902174E+01    3.20366893E+02
   8.29616446E-02   -1.39066281E+01    3.24288843E+02
   8.38507931E-02   -1.36166746E+01    3.27855195E+02
   8.47494712E-02   -1.33205640E+01    3.31070502E+02
   8.56577809E-02   -1.30185176E+01    3.33939858E+02
   8.65758256E-02   -1.27107590E+01    3.36468433E+02
   8.75037094E-02   -1.23975087E+01    3.38661251E+02
   8.84415379E-02   -1.20790031E+01    3.40523960E+02
   8.93894177E-02   -1.17554734E+01    3.42061984E+02
   9.03474564E-02   -1.14271520E+01    3.43280790E+02
   9.13157631E-02   -1.10942871E+01    3.44186470E+02
   9.22944476E-02   -1.07571195E+01    3.44784808E+02
   9.32836213E-02   -1.04158944E+01    3.45081778E+02
   9.42833965E-02   -1.00708671E+01    3.45083750E+02
   9.52938869E-02   -9.72228362E+00    3.44796732E+02
   9.63152073E-02   -9.37040247E+00    3.44227244E+02
   9.73474738E-02   -9.01548366E+00    3.43381880E+02
   9.83908037E-02   -8.65778090E+00    3.42266989E+02
   9.94453156E-02   -8.29756121E+00    3.40889487E+02
   1.00511129E-01   -7.93508606E+00    3.39256082E+02
   1.01588366E-01   -7.57062078E+00    3.37373668E+02
   1.02677148E-01   -7.20443328E+00    3.35249276E+02
   1.03777599E-01   -6.83678536E+00    3.32889714E+02
   1.04889844E-01   -6.46795159E+00    3.30302365E+02
   1.06014010E-01   -6.09819927E+00    3.27494344E+02
   1.07150225E-01   -5.72779309E+00    3.24472706E+02
   1.08298616E-01   -5.35700966E+00    3.21245063E+02
   1.09459316E-01   -4.98611455E+00    3.17818606E+02
   1.10632456E-01   -4.61537458E+00    3.14200646E+02
   1.11818168E-01   -4.24506437E+00    3.10398891E+02
   1.13016589E-01   -3.87544619E+00    3.06420584E+02
   1.14227854E-01   -3.50678898E+00    3.02273338E+02
   1.15452101E-01   -3.13936112E+00    2.97964817E+02
   1.16689469E-01   -2.77341832E+00    2.93502212E+02
   1.17940098E-01   -2.40922567E+00    2.88893223E+02
   1.19204131E-01   -2.04704907E+00    2.84145684E+02
   1.20481712E-01   -1.68713826E+00    2.79266801E+02
   1.21772985E-01   -1.32974957E+00    2.74264193E+02
   1.23078097E-01   -9.75139933E-01    2.69145621E+02
   1.24397198E-01   -6.23551582E-01    2.63918284E+02
   1.25730435E-01   -2.75232267E-01    2.58589776E+02
   1.27077962E-01    6.95726852E-02    2.53167705E+02
   1.28439931E-01    4.10631625E-01    2.47659173E+02
   1.29816497E-01    7.47707716E-01    2.42071688E+02
   1.31207816E-01    1.08056866E+00    2.36412692E+02
   1.32614047E-01    1.40899600E+00    2.30689108E+02
   1.34035350E-01    1.73276717E+00    2.24908250E+02
   1.35471885E-01    2.05166386E+00    2.19077398E+02
   1.36923817E-01    2.36548257E+00    2.13203257E+02
   1.38391309E-01    2.67401778E+00    2.07292854E+02
   1.39874530E-01    2.97706870E+00    2.01353180E+02
   1.41373647E-01    3.27444652E+00    1.95390799E+02
   1.42888832E-01    3.56596325E+00    1.89412484E+02
   1.44420255E-01    3.85144175E+00    1.83424630E+02
   1.45968091E-01    4.13070871E+00    1.77433696E+02
   1.47532517E-01    4.40359703E+00    1.71446049E+02
   1.49113709E-01    4.66995038E+00    1.65467696E+02
   1.50711848E-01    4.92961469E+00    1.59504844E+02
   1.52327116E-01    5.18244695E+00    1.53563296E+02
   1.53959694E-01    5.42831122E+00    1.47648763E+02
   1.55609771E-01    5.66707622E+00    1.41767026E+02
   1.57277532E-01    5.89862262E+00    1.35923385E+02
   1.58963167E-01    6.12283655E+00    1.30123207E+02
   1.60666869E-01    6.33961210E+00    1.24371698E+02
   1.62388830E-01    6.54885286E+00    1.18673785E+02
   1.64129246E-01    6.75046947E+00    1.13034352E+02
   1.65888315E-01    6.94438195E+00    1.07457992E+02
   1.67666237E-01    7.13051773E+00    1.01949271E+02
   1.69463215E-01    7.30881358E+00    9.65124224E+01
   1.71279451E-01    7.47921431E+00    9.11516535E+01
   1.73115153E-01    7.64167344E+00    8.58708716E+01
   1.74970530E-01    7.79615330E+00    8.06738826E+01
   1.76845792E-01    7.94262452E+00    7.55642621E+01
   1.78741152E-01    8.08106672E+00    7.05454185E+01
   1.80656825E-01    8.21146788E+00    6.56205775E+01
   1.82593030E-01    8.33382475E+00    6.07927545E+01
   1.84549987E-01    8.44814270E+00    5.60648111E+01
   1.86527917E-01    8.55443516E+00    5.14393684E+01
   1.88527046E-01    8.65272490E+00    4.69189158E+01
   1.90547601E-01    8.74304258E+00    4.25057140E+01
   1.92589811E-01    8.82542677E+00    3.82018329E+01
   1.94653909E-01    8.89992502E+00    3.40091703E+01
   1.96740129E-01    8.96659274E+00    2.99294287E+01
   1.98848708E-01    9.02549305E+00    2.59641153E+01
   2.00979886E-01    9.07669717E+00    2.21145582E+01
   2.03133905E-01    9.12028406E+00    1.83818984E+01
   2.05311010E-01    9.15633999E+00    1.47670916E+01
   2.07511449E-01    9.18495888E+00    1.12709152E+01
   2.09735470E-01    9.20624161E+00    7.89396582E+00
   2.11983328E-01    9.22029621E+00    4.63666506E+00
   2.14255278E-01    9.22723741E+00    1.49926104E+00
   2.16551577E-01    9.22718658E+00   -1.51816778E+00
   2.18872487E-01    9.22027155E+00   -4.41570992E+00
   2.21218272E-01    9.20662581E+00   -7.19361556E+00
   2.23589198E-01    9.18638943E+00   -9.85229527E+00
   2.25985534E-01    9.15970760E+00   -1.23923133E+01
   2.28407554E-01    9.12673113E+00   -1.48143851E+01
   2.30855531E-01    9.08761572E+00   -1.71193709E+01
   2.33329745E-01    9.04252225E+00   -1.93082743E+01
   2.35830477E-01    8.99161575E+00   -2.13822324E+01
   2.38358010E-01    8.93506592E+00   -2.33425167E+01
   2.40912633E-01    8.87304621E+00   -2.51905232E+01
   2.43494634E-01    8.80573377E+00   -2.69277684E+01
   2.46104309E-01    8.73330931E+00   -2.85558861E+01
   2.48741953E-01    8.65595651E+00   -3.00766192E+01
   2.51407866E-01    8.57386193E+00   -3.14918154E+01
   2.54102352E-01    8.48721445E+00   -3.28034195E+01
   2.56825715E-01    8.39620535E+00   -3.40134720E+01
   2.59578267E-01    8.30102767E+00   -3.51240992E+01
   2.62360319E-01    8.20187610E+00   -3.61375100E+01
   2.65172189E-01    8.09894699E+00   -3.70559943E+01
   2.68014194E-01    7.99243595E+00   -3.78818896E+01
   2.70886659E-01    7.88254180E+00   -3.86176312E+01
   2.73789910E-01    7.76946193E+00   -3.92656896E+01
   2.76724277E-01    7.65339389E+00   -3.98285881E+01
   2.79690094E-01    7.53453603E+00   -4.03089130E+01
   2.82687696E-01    7.41308521E+00   -4.07092778E+01
   2.85717426E-01    7.28923764E+00   -4.10323340E+01
   2.88779627E-01    7.16318856E+00   -4.12807658E+01
   2.91874647E-01    7.03513194E+00   -4.14572840E+01
   2.95002839E-01    6.90525984E+00   -4.15646154E+01
   2.98164557E-01    6.77376232E+00   -4.16054994E+01
   3.01360161E-01    6.64082748E+00   -4.15826889E+01
   3.04590015E-01    6.50664093E+00   -4.14989398E+01
   3.07854484E-01    6.37138595E+00   -4.13570138E+01
   3.11153941E-01    6.23524118E+00   -4.11596380E+01
   3.14488760E-01    6.09838497E+00   -4.09095789E+01
   3.17859320E-01    5.96098944E+00   -4.06095386E+01
   3.21266005E-01    5.82322527E+00   -4.02622387E+01
   3.24709201E-01    5.68525798E+00   -3.98703536E+01
   3.28189300E-01    5.54724946E+00   -3.94365367E+01
   3.31706697E-01    5.40935809E+00   -3.89634228E+01
   3.35261792E-01    5.27173665E+00   -3.84535889E+01
   3.38854989E-01    5.13453454E+00   -3.79095946E+01
   3.42486696E-01    4.99789621E+00   -3.73339531E+01
   3.46157327E-01    4.86196024E+00   -3.67291114E+01
   3.49867298E-01    4.72686213E+00   -3.60975052E+01
   3.53617030E-01    4.59273108E+00   -3.54414880E+01
   3.57406951E-01    4.45969125E+00   -3.47633891E+01
   3.61237491E-01    4.32786185E+00   -3.40654298E+01
   3.65109085E-01    4.19735670E+00   -3.33498627E+01
   3.69022173E-01    4.06828412E+00   -3.26187316E+01
   3.72977199E-01    3.94074697E+00   -3.18742027E+01
   3.76974615E-01    3.81484273E+00   -3.11182282E+01
   3.81014872E-01    3.69066325E+00   -3.03527669E+01
   3.85098432E-01    3.56829490E+00   -2.95796850E+01
   3.89225758E-01    3.44781848E+00   -2.88007863E+01
   3.93397318E-01    3.32930913E+00   -2.80177980E+01
   3.97613587E-01    3.21283682E+00   -2.72323868E+01
   4.01875045E-01    3.09846546E+00   -2.64461295E+01
   4.06182176E-01    2.98625375E+00   -2.56605382E+01
   4.10535468E-01    2.87625532E+00   -2.48770584E+01
   4.14935417E-01    2.76851814E+00   -2.40970560E+01
   4.19382523E-01    2.66308476E+00   -2.33218153E+01
   4.23877291E-01    2.55999297E+00   -2.25525618E+01
   4.28420232E-01    2.45927515E+00   -2.17904378E+01
   4.33011863E-01    2.36095876E+00   -2.10365133E+01
   4.37652705E-01    2.26506652E+00   -2.02917922E+01
   4.42343285E-01    2.17161626E+00   -1.95572034E+01
   4.47084137E-01    2.08062123E+00   -1.88336065E+01
   4.51875800E-01    1.99209021E+00   -1.81217931E+01
   4.56718818E-01    1.90602761E+00   -1.74224888E+01
   4.61613741E-01    1.82243365E+00   -1.67363519E+01
   4.66561126E-01    1.74130447E+00   -1.60639760E+01
   4.71561534E-01    1.66263232E+00   -1.54058968E+01
   4.76615536E-01    1.58640575E+00   -1.47625848E+01
   4.81723704E-01    1.51260969E+00   -1.41344514E+01
   4.86886619E-01    1.44122568E+00   -1.35218572E+01
   4.92104868E-01    1.37223193E+00   -1.29251028E+01
   4.97379044E-01    1.30560381E+00   -1.23444375E+01
   5.02709747E-01    1.24131353E+00   -1.17800606E+01
   5.08097581E-01    1.17933062E+00   -1.12321239E+01
   5.13543161E-01    1.11962217E+00   -1.07007308E+01
   5.19047104E-01    1.06215278E+00   -1.01859419E+01
   5.24610036E-01    1.00688488E+00   -9.68777562E+00
   5.30232589E-01    9.53778831E-01   -9.20621059E+00
   5.35915402E-01    9.02793139E-01   -8.74118796E+00
   5.41659121E-01    8.53884573E-01   -8.29261345E+00
   5.47464399E-01    8.07008421E-01   -7.86035959E+00
   5.53331896E-01    7.62118516E-01   -7.44426782E+00
   5.59262278E-01    7.19167555E-01   -7.04415073E+00
   5.65256220E-01    6.78107073E-01   -6.65979386E+00
   5.71314402E-01    6.38887791E-01   -6.29095814E+00
   5.77437513E-01    6.01459741E-01   -5.93738223E+00
   5.83626249E-01    5.65772105E-01   -5.59878308E+00
   5.89881313E-01    5.31773796E-01   -5.27485962E+00
   5.96203417E-01    4.99413359E-01   -4.96529387E+00
   6.02593278E-01    4.68639111E-01   -4.66975275E+00
   6.09051623E-01    4.39399287E-01   -4.38788992E+00
   6.15579187E-01    4.11642246E-01   -4.11934813E+00
   6.22176709E-01    3.85316387E-01   -3.86375967E+00
   6.28844942E-01    3.60370492E-01   -3.62074944E+00
   6.35584641E-01    3.36753643E-01   -3.38993530E+00
   6.42396574E-01    3.14415491E-01   -3.17093080E+00
   6.49281515E-01    2.93306132E-01   -2.96334508E+00
   6.56240245E-01    2.73376409E-01   -2.76678568E+00
   6.63273556E-01    2.54577862E-01   -2.58085901E+00
   6.70382247E-01    2.36862843E-01   -2.40517182E+00
   6.77567127E-01    2.20184579E-01   -2.23933228E+00
   6.84829010E-01    2.04497237E-01   -2.08295116E+00
   6.92168724E-01    1.89755953E-01   -1.93564253E+00
   6.99587102E-01    1.75916956E-01   -1.79702530E+00
   7.07084987E-01    1.62937514E-01   -1.66672331E+00
   7.14663231E-01    1.50776010E-01   -1.54436639E+00
   7.22322695E-01    1.39392077E-01   -1.42959190E+00
   7.30064251E-01    1.28746385E-01   -1.32204336E+00
   7.37888777E-01    1.18800949E-01   -1.22137343E+00
   7.45797163E-01    1.09518928E-01   -1.12724260E+00
   7.53790308E-01    1.00864744E-01   -1.03932045E+00
   7.61869121E-01    9.28040986E-02   -9.57286160E-01
   7.70034518E-01    8.53038715E-02   -8.80827880E-01
   7.78287429E-01    7.83322561E-02   -8.09644202E-01
   7.86628792E-01    7.18586715E-02   -7.43443611E-01
   7.95059553E-01    6.58537840E-02   -6.81944902E-01
   8.03580672E-01    6.02894761E-02   -6.24877096E-01
   8.12193117E-01    5.51388583E-02   -5.71979739E-01
   8.20897866E-01    5.03762163E-02   -5.23002588E-01
   8.29695910E-01    4.59770461E-02   -4.77706089E-01
   8.38588247E-01    4.19179652E-02   -4.35860697E-01
   8.47575888E-01    3.81767873E-02   -3.97247715E-01
   8.56659856E-01    3.47323437E-02   -3.61657708E-01
   8.65841181E-01    3.15646176E-02   -3.28891902E-01
   8.75120908E-01    2.86546134E-02   -2.98761031E-01
   8.84500092E-01    2.59843330E-02   -2.71085191E-01
   8.93979798E-01    2.35368449E-02   -2.45694607E-01
   9.03561103E-01    2.12960542E-02   -2.22427447E-01
   9.13245096E-01    1.92469041E-02   -2.01131876E-01
   9.23032879E-01    1.73751436E-02   -1.81663832E-01
   9.32925563E-01    1.56674241E-02   -1.63888025E-01
   9.42924273E-01    1.41111962E-02   -1.47676978E-01
   9.53030145E-01    1.26947054E-02   -1.32911018E-01
   9.63244327E-01    1.14069385E-02   -1.19477785E-01
   9.73567981E-01    1.02376208E-02   -1.07272241E-01
   9.84002279E-01    9.17714349E-03   -9.61959729E-02
   9.94548408E-01    8.21655115E-03   -8.61570927E-02
   1.00520757E+00    7.34751202E-03   -7.70699655E-02
   1.01598096E+00    6.56228892E-03   -6.88549392E-02
   1.02686983E+00    5.85367991E-03   -6.14377592E-02
   1.03787539E+00    5.21502978E-03   -5.47497066E-02
   1.04899891E+00    4.64016715E-03   -4.87269720E-02
   1.06024165E+00    4.12338560E-03   -4.33104762E-02
   1.07160488E+00    3.65942632E-03   -3.84457068E-02
   1.08308990E+00    3.24343290E-03   -3.40822642E-02
   1.09469800E+00    2.87094810E-03   -3.01738400E-02
   1.10643052E+00    2.53786176E-03   -2.66776878E-02
   1.11828879E+00    2.24040957E-03   -2.35546194E-02
   1.13027414E+00    1.97514513E-03   -2.07687229E-02
   1.14238795E+00    1.73890371E-03   -1.82869928E-02
   1.15463160E+00    1.52880556E-03   -1.60793707E-02
   1.16700646E+00    1.34222630E-03   -1.41184430E-02
   1.17951395E+00    1.17675397E-03   -1.23789969E-02
   1.19215549E+00    1.03021907E-03   -1.08383383E-02
   1.20493252E+00    9.00636167E-04   -9.47568557E-03
   1.21784649E+00    7.86214425E-04   -8.27228279E-03
   1.23089886E+00    6.85325095E-04   -7.21106244E-03
   1.24409113E+00    5.96500981E-04   -6.27664184E-03
   1.25742478E+00    5.18415285E-04   -5.45510378E-03
   1.27090134E+00    4.49873740E-04   -4.73391571E-03
   1.28452233E+00    3.89800553E-04   -4.10178380E-03
   1.29828931E+00    3.37231316E-04   -3.54857972E-03
   1.31220384E+00    2.91299701E-04   -3.06520216E-03
   1.32626750E+00    2.51230284E-04   -2.64350226E-03
   1.34048188E+00    2.16329509E-04   -2.27618944E-03
   1.35484861E+00    1.85980886E-04   -1.95678152E-03
   1.36936932E+00    1.59631744E-04   -1.67946613E-03
   1.38404565E+00    1.36792107E-04   -1.43908911E-03
   1.39887928E+00    1.17027896E-04   -1.23108346E-03
   1.41387189E+00    9.99536550E-05   -1.05139315E-03
   1.42902518E+00    8.52270027E-05   -8.96414868E-04
   1.44434088E+00    7.25469498E-05   -7.62980571E-04
   1.45982073E+00    6.16478822E-05   -6.48294262E-04
   1.47546648E+00    5.22957853E-05   -5.49892378E-04
   1.49127992E+00    4.42849954E-05   -4.65609680E-04
   1.50726284E+00    3.74351150E-05   -3.93546839E-04
   1.52341706E+00    3.15885726E-05   -3.32044800E-04
   1.53974441E+00    2.66071435E-05   -2.79648181E-04
   1.55624676E+00    2.23705840E-05   -2.35090919E-04
   1.57292596E+00    1.87740973E-05   -1.97269606E-04
   1.58978393E+00    1.57265766E-05   -1.65224999E-04
   1.60682258E+00    1.31491446E-05   -1.38126644E-04
   1.62404384E+00    1.09733229E-05   -1.15253608E-04
   1.64144967E+00    9.14005802E-06   -9.59842141E-05
   1.65904205E+00    7.59835533E-06   -7.97816651E-05
   1.67682297E+00    6.30442344E-06   -6.61850236E-05
   1.69479446E+00    5.22053089E-06   -5.47971731E-05
   1.71295857E+00    4.31439285E-06   -4.52783555E-05
   1.73131735E+00    3.55837184E-06   -3.73377516E-05
   1.74987289E+00    2.92887460E-06   -3.07271263E-05
   1.76862731E+00    2.40579726E-06   -2.52349848E-05
   1.78758272E+00    1.97204575E-06   -2.06815194E-05
   1.80674129E+00    1.61311566E-06   -1.69141831E-05
   1.82610520E+00    1.31672371E-06   -1.38038086E-05
   1.84567664E+00    1.07249894E-06   -1.12413544E-05
   1.86545783E+00    8.71687004E-07   -9.13479128E-06
   1.88545104E+00    7.06930421E-07   -7.40678711E-06
   1.90565852E+00    5.72052323E-07   -5.99243007E-06
   1.92608258E+00    4.61878763E-07   -4.83735755E-06
   1.94672554E+00    3.72086174E-07   -3.89615025E-06
   1.96758973E+00    2.99069616E-07   -3.13094519E-06
   1.98867755E+00    2.39830332E-07   -2.51025229E-06
   2.00999137E+00    1.91879548E-07   -2.00794204E-06
   2.03153362E+00    1.53156571E-07   -1.60238369E-06
   2.05330676E+00    1.21959168E-07   -1.27571288E-06
   2.07531325E+00    9.68845510E-08   -1.01321096E-06
   2.09755560E+00    7.67794740E-08   -8.02780175E-07
   2.12003633E+00    6.06981401E-08   -6.34501098E-07
   2.14275800E+00    4.78667816E-08   -5.00260345E-07
   2.16572319E+00    3.76539345E-08   -3.93438152E-07
   2.18893452E+00    2.95455631E-08   -3.08647011E-07
   2.21239461E+00    2.31243017E-08   -2.41513602E-07
   2.23610614E+00    1.80521190E-08   -1.88496731E-07
   2.26007180E+00    1.40559347E-08   -1.46736302E-07
   2.28429431E+00    1.09157091E-08   -1.13928285E-07
   2.30877643E+00    8.45460550E-09   -8.82214758E-08
   2.33352094E+00    6.53087844E-09   -6.81323798E-08
   2.35853065E+00    5.03122368E-09   -5.24754557E-08
   2.38380841E+00    3.86533274E-09   -4.03060077E-08
   2.40935708E+00    2.96141343E-09   -3.08732211E-08
   2.43517957E+00    2.26255010E-09   -2.35820107E-08
   2.46127882E+00    1.72373808E-09   -1.79619457E-08
   2.48765778E+00    1.30950367E-09   -1.36423149E-08
   2.51431947E+00    9.91941963E-10   -1.03315775E-08
   2.54126691E+00    7.49219309E-10   -7.80168129E-09
   2.56850315E+00    5.64223085E-10   -5.87393033E-09
   2.59603130E+00    4.23646831E-10   -4.40940984E-09
   2.62385449E+00    3.17135914E-10   -3.30004874E-09
   2.65197588E+00    2.36690489E-10   -2.46237450E-09
   2.68039866E+00    1.76108807E-10   -1.83169287E-09
   2.70912606E+00    1.30626812E-10   -1.35832010E-09
   2.73816135E+00    9.65878605E-11   -1.00413135E-09
   2.76750783E+00    7.11918399E-11   -7.39939733E-10
   2.79716883E+00    5.23067791E-11   -5.43528470E-10
   2.82714773E+00    3.83055167E-11   -3.97945692E-10
   2.85744793E+00    2.79647358E-11   -2.90450159E-10
   2.88807287E+00    2.03452307E-11   -2.11262204E-10
   2.91902604E+00    1.47529157E-11   -1.53156515E-10
   2.95031095E+00    1.06620617E-11   -1.10661718E-10
   2.98193116E+00    7.67959775E-12   -7.96880954E-11
   3.01389027E+00    5.51202467E-12   -5.71827437E-11
   3.04619189E+00    3.94265293E-12   -4.08922952E-11
   3.07883972E+00    2.80974340E-12   -2.91352440E-11
   3.11183745E+00    1.99609238E-12   -2.06934326E-11
   3.14518883E+00    1.41276674E-12   -1.46427360E-11
   3.17889766E+00    9.95412344E-13   -1.03146371E-11
   3.21296777E+00    6.99747453E-13   -7.24925374E-12
   3.24740303E+00    4.89812919E-13   -5.07321364E-12
   3.28220735E+00    3.41636689E-13   -3.53768030E-12
   3.31738469E+00    2.37125698E-13   -2.45489600E-12
   3.35293904E+00    1.64142494E-13   -1.69893761E-12
   3.38887446E+00    1.13174829E-13   -1.17114092E-12
   3.42519501E+00    7.75103777E-14   -8.01897154E-13
   3.46190483E+00    5.31541673E-14   -5.49796167E-13
   3.49900809E+00    3.61546655E-14   -3.73879996E-13
   3.53650901E+00    2.43083411E-14   -2.51314805E-13
   3.57441185E+00    1.64139344E-14   -1.69659199E-13
   3.61272092E+00    1.11988539E-14   -1.15733198E-13
   3.65144056E+00    7.54069928E-15   -7.79129701E-14
   3.69057519E+00    5.01587115E-15   -5.18141203E-14
   3.73012925E+00    3.32888125E-15   -3.43796878E-14
   3.77010723E+00    2.18118062E-15   -2.25210806E-14
   3.81051367E+00    1.40972405E-15   -1.45517919E-14
   3.85135318E+00    9.22076658E-16   -9.51595285E-15
   3.89263039E+00    6.20023221E-16   -6.39792748E-15
   3.93434999E+00    4.11889122E-16   -4.24974846E-15
   3.97651672E+00    2.66100428E-16   -2.74510081E-15
   4.01913538E+00    1.69573050E-16   -1.74893298E-15
   4.06221081E+00    1.08299688E-16   -1.11666438E-15
   4.10574791E+00    6.78795659E-17   -6.99652668E-16
   4.14975161E+00    4.06311722E-17   -4.18603871E-16
   4.19422693E+00    2.38499124E-17   -2.45589615E-16
   4.23917892E+00    1.47552085E-17   -1.51896377E-16
   4.28461268E+00    1.03727963E-17   -1.06810635E-16
   4.33053338E+00    7.72436077E-18   -7.95775813E-17
   4.37694625E+00    5.62530608E-18   -5.79698477E-17
   4.42385655E+00    3.96622423E-18   -4.08659937E-17
   4.47126961E+00    2.64353979E-18   -2.72054440E-17
   4.51919082E+00    1.54639037E-18   -1.58530093E-17
   4.56762564E+00    0.00000000E+00    0.00000000E+00
   4.61657956E+00    0.00000000E+00    0.00000000E+00
   4.66605815E+00    0.00000000E+00    0.00000000E+00
   4.71606702E+00    0.00000000E+00    0.00000000E+00
   4.76661188E+00    0.00000000E+00    0.00000000E+00
   4.81769845E+00    0.00000000E+00    0.00000000E+00
   4.86933255E+00    0.00000000E+00    0.00000000E+00
   4.92152004E+00    0.00000000E+00    0.00000000E+00
   4.97426685E+00    0.00000000E+00    0.00000000E+00
   5.02757898E+00    0.00000000E+00    0.00000000E+00
   5.08146249E+00    0.00000000E+00    0.00000000E+00
   5.13592350E+00    0.00000000E+00    0.00000000E+00
   5.19096820E+00    0.00000000E+00    0.00000000E+00
   5.24660285E+00    0.00000000E+00    0.00000000E+00
   5.30283376E+00    0.00000000E+00    0.00000000E+00
   5.35966734E+00    0.00000000E+00    0.00000000E+00
   5.41711004E+00    0.00000000E+00    0.00000000E+00
   5.47516838E+00    0.00000000E+00    0.00000000E+00
   5.53384896E+00    0.00000000E+00    0.00000000E+00
   5.59315847E+00    0.00000000E+00    0.00000000E+00
   5.65310362E+00    0.00000000E+00    0.00000000E+00
   5.71369124E+00    0.00000000E+00    0.00000000E+00
   5.77492822E+00    0.00000000E+00    0.00000000E+00
   5.83682151E+00    0.00000000E+00    0.00000000E+00
   5.89937815E+00    0.00000000E+00    0.00000000E+00
   5.96260524E+00    0.00000000E+00    0.00000000E+00
   6.02650997E+00    0.00000000E+00    0.00000000E+00
   6.09109961E+00    0.00000000E+00    0.00000000E+00
   6.15638149E+00    0.00000000E+00    0.00000000E+00
   6.22236304E+00    0.00000000E+00    0.00000000E+00
   6.28905175E+00    0.00000000E+00    0.00000000E+00
   6.35645520E+00    0.00000000E+00    0.00000000E+00
   6.42458105E+00    0.00000000E+00    0.00000000E+00
   6.49343705E+00    0.00000000E+00    0.00000000E+00
   6.56303102E+00    0.00000000E+00    0.00000000E+00
   6.63337087E+00    0.00000000E+00    0.00000000E+00
   6.70446459E+00    0.00000000E+00    0.00000000E+00
   6.77632027E+00    0.00000000E+00    0.00000000E+00
   6.84894606E+00    0.00000000E+00    0.00000000E+00
   6.92235023E+00    0.00000000E+00    0.00000000E+00
   6.99654111E+00    0.00000000E+00    0.00000000E+00
   7.07152714E+00    0.00000000E+00    0.00000000E+00
   7.14731684E+00    0.00000000E+00    0.00000000E+00
   7.22391882E+00    0.00000000E+00    0.00000000E+00
   7.30134179E+00    0.00000000E+00    0.00000000E+00
   7.37959455E+00    0.00000000E+00    0.00000000E+00
   7.45868599E+00    0.00000000E+00    0.00000000E+00
   7.53862509E+00    0.00000000E+00    0.00000000E+00
   7.61942095E+00    0.00000000E+00    0.00000000E+00
   7.70108275E+00    0.00000000E+00    0.00000000E+00
   7.78361977E+00    0.00000000E+00    0.00000000E+00
   7.86704138E+00    0.00000000E+00    0.00000000E+00
   7.95135707E+00    0.00000000E+00    0.00000000E+00
   8.03657642E+00    0.00000000E+00    0.00000000E+00
   8.12270912E+00    0.00000000E+00    0.00000000E+00
   8.20976495E+00    0.00000000E+00    0.00000000E+00
   8.29775381E+00    0.00000000E+00    0.00000000E+00
   8.38668570E+00    0.00000000E+00    0.00000000E+00
   8.47657073E+00    0.00000000E+00    0.00000000E+00
   8.56741910E+00    0.00000000E+00    0.00000000E+00
   8.65924115E+00    0.00000000E+00    0.00000000E+00
   8.75204731E+00    0.00000000E+00    0.00000000E+00
   8.84584813E+00    0.00000000E+00    0.00000000E+00
   8.94065426E+00    0.00000000E+00    0.00000000E+00
   9.03647649E+00    0.00000000E+00    0.00000000E+00
   9.13332571E+00    0.00000000E+00    0.00000000E+00
   9.23121291E+00    0.00000000E+00    0.00000000E+00
   9.33014922E+00    0.00000000E+00    0.00000000E+00
   9.43014590E+00    0.00000000E+00    0.00000000E+00
   9.53121430E+00    0.00000000E+00    0.00000000E+00
   9.63336590E+00    0.00000000E+00    0.00000000E+00
   9.73661233E+00    0.00000000E+00    0.00000000E+00
   9.84096531E+00    0.00000000E+00    0.00000000E+00
   9.94643670E+00    0.00000000E+00    0.00000000E+00
   1.00530385E+01    0.00000000E+00    0.00000000E+00
   1.01607828E+01    0.00000000E+00    0.00000000E+00
   1.02696819E+01    0.00000000E+00    0.00000000E+00
   1.03797480E+01    0.00000000E+00    0.00000000E+00
   1.04909939E+01    0.00000000E+00    0.00000000E+00
   1.06034320E+01    0.00000000E+00    0.00000000E+00
   1.07170752E+01    0.00000000E+00    0.00000000E+00
   1.08319364E+01    0.00000000E+00    0.00000000E+00
   1.09480286E+01    0.00000000E+00    0.00000000E+00
   1.10653650E+01    0.00000000E+00    0.00000000E+00
   1.11839590E+01    0.00000000E+00    0.00000000E+00
   1.13038241E+01    0.00000000E+00    0.00000000E+00
   1.14249738E+01    0.00000000E+00    0.00000000E+00
   1.15474219E+01    0.00000000E+00    0.00000000E+00
   1.16711824E+01    0.00000000E+00    0.00000000E+00
   1.17962693E+01    0.00000000E+00    0.00000000E+00
   1.19226968E+01    0.00000000E+00    0.00000000E+00
   1.20504793E+01    0.00000000E+00    0.00000000E+00
   1.21796314E+01    0.00000000E+00    0.00000000E+00
   1.23101676E+01    0.00000000E+00    0.00000000E+00
   1.24421029E+01    0.00000000E+00    0.00000000E+00
   1.25754522E+01    0.00000000E+00    0.00000000E+00
   1.27102307E+01    0.00000000E+00    0.00000000E+00
   1.28464537E+01    0.00000000E+00    0.00000000E+00
   1.29841367E+01    0.00000000E+00    0.00000000E+00
   1.31232953E+01    0.00000000E+00    0.00000000E+00
   1.32639453E+01    0.00000000E+00    0.00000000E+00
   1.34061028E+01    0.00000000E+00    0.00000000E+00
   1.35497838E+01    0.00000000E+00    0.00000000E+00
   1.36950048E+01    0.00000000E+00    0.00000000E+00
   1.38417822E+01    0.00000000E+00    0.00000000E+00
   1.39901327E+01    0.00000000E+00    0.00000000E+00
   1.41400731E+01    0.00000000E+00    0.00000000E+00
   1.42916206E+01    0.00000000E+00    0.00000000E+00
   1.44447923E+01    0.00000000E+00    0.00000000E+00
   1.45996056E+01    0.00000000E+00    0.00000000E+00
   1.47560781E+01    0.00000000E+00    0.00000000E+00
   1.49142276E+01    0.00000000E+00    0.00000000E+00
   1.50740721E+01    0.00000000E+00    0.00000000E+00
   1.52356298E+01    0.00000000E+00    0.00000000E+00
   1.53989190E+01    0.00000000E+00    0.00000000E+00
   1.55639582E+01    0.00000000E+00    0.00000000E+00
   1.57307663E+01    0.00000000E+00    0.00000000E+00
   1.58993621E+01    0.00000000E+00    0.00000000E+00
   1.60697649E+01    0.00000000E+00    0.00000000E+00
   1.62419940E+01    0.00000000E+00    0.00000000E+00
   1.64160689E+01    0.00000000E+00    0.00000000E+00
   1.65920095E+01    0.00000000E+00    0.00000000E+00
   1.67698358E+01    0.00000000E+00    0.00000000E+00
   1.69495680E+01    0.00000000E+00    0.00000000E+00
   1.71312264E+01    0.00000000E+00    0.00000000E+00
   1.73148318E+01    0.00000000E+00    0.00000000E+00
   1.75004050E+01    0.00000000E+00    0.00000000E+00
   1.76879671E+01    0.00000000E+00    0.00000000E+00
   1.78775394E+01    0.00000000E+00    0.00000000E+00
   1.80691435E+01    0.00000000E+00    0.00000000E+00
   1.82628011E+01    0.00000000E+00    0.00000000E+00
   1.84585342E+01    0.00000000E+00    0.00000000E+00
   1.86563651E+01    0.00000000E+00    0.00000000E+00
   1.88563163E+01    0.00000000E+00    0.00000000E+00
   1.90584105E+01    0.00000000E+00    0.00000000E+00
   1.92626707E+01    0.00000000E+00    0.00000000E+00
   1.94691200E+01    0.00000000E+00    0.00000000E+00
   1.96777820E+01    0.00000000E+00    0.00000000E+00
   1.98886803E+01    0.00000000E+00    0.00000000E+00
   2.01018389E+01    0.00000000E+00    0.00000000E+00
   2.03172821E+01    0.00000000E+00    0.00000000E+00
   2.05350343E+01    0.00000000E+00    0.00000000E+00
   2.07551203E+01    0.00000000E+00    0.00000000E+00
   2.09775651E+01    0.00000000E+00    0.00000000E+00
   2.12023940E+01    0.00000000E+00    0.00000000E+00
   2.14296324E+01    0.00000000E+00    0.00000000E+00
   2.16593064E+01    0.00000000E+00    0.00000000E+00
   2.18914418E+01    0.00000000E+00    0.00000000E+00
   2.21260652E+01    0.00000000E+00    0.00000000E+00
   2.23632032E+01    0.00000000E+00    0.00000000E+00
   2.26028828E+01    0.00000000E+00    0.00000000E+00
   2.28451311E+01    0.00000000E+00    0.00000000E+00
   2.30899758E+01    0.00000000E+00    0.00000000E+00
   2.33374446E+01    0.00000000E+00    0.00000000E+00
   2.35875656E+01    0.00000000E+00    0.00000000E+00
   2.38403674E+01    0.00000000E+00    0.00000000E+00
   2.40958786E+01    0.00000000E+00    0.00000000E+00
   2.43541282E+01    0.00000000E+00    0.00000000E+00
   2.46151457E+01    0.00000000E+00    0.00000000E+00
   2.48789606E+01    0.00000000E+00    0.00000000E+00
   2.51456030E+01    0.00000000E+00    0.00000000E+00
   2.54151032E+01    0.00000000E+00    0.00000000E+00
   2.56874917E+01    0.00000000E+00    0.00000000E+00
   2.59627996E+01    0.00000000E+00    0.00000000E+00
   2.62410582E+01    0.00000000E+00    0.00000000E+00
   2.65222989E+01    0.00000000E+00    0.00000000E+00
   2.68065540E+01    0.00000000E+00    0.00000000E+00
   2.70938555E+01    0.00000000E+00    0.00000000E+00
   2.73842362E+01    0.00000000E+00    0.00000000E+00
   2.76777291E+01    0.00000000E+00    0.00000000E+00
   2.79743676E+01    0.00000000E+00    0.00000000E+00
   2.82741853E+01    0.00000000E+00    0.00000000E+00
   2.85772163E+01    0.00000000E+00    0.00000000E+00
   2.88834950E+01    0.00000000E+00    0.00000000E+00
   2.91930564E+01    0.00000000E+00    0.00000000E+00
   2.95059355E+01    0.00000000E+00    0.00000000E+00
   2.98221678E+01    0.00000000E+00    0.00000000E+00
   3.01417895E+01    0.00000000E+00    0.00000000E+00
   3.04648367E+01    0.00000000E+00    0.00000000E+00
   3.07913462E+01    0.00000000E+00    0.00000000E+00
   3.11213551E+01    0.00000000E+00    0.00000000E+00
   3.14549009E+01    0.00000000E+00    0.00000000E+00
   3.17920215E+01    0.00000000E+00    0.00000000E+00
   3.21327552E+01    0.00000000E+00    0.00000000E+00
   3.24771408E+01    0.00000000E+00    0.00000000E+00
   3.28252173E+01    0.00000000E+00    0.00000000E+00
   3.31770244E+01    0.00000000E+00    0.00000000E+00
   3.35326020E+01    0.00000000E+00    0.00000000E+00
   3.38919906E+01    0.00000000E+00    0.00000000E+00
   3.42552309E+01    0.00000000E+00    0.00000000E+00
   3.46223642E+01    0.00000000E+00    0.00000000E+00
   3.49934324E+01    0.00000000E+00    0.00000000E+00
   3.53684775E+01    0.00000000E+00    0.00000000E+00
   3.57475422E+01    0.00000000E+00    0.00000000E+00
   3.61306696E+01    0.00000000E+00    0.00000000E+00
   3.65179031E+01    0.00000000E+00    0.00000000E+00
   3.69092869E+01    0.00000000E+00    0.00000000E+00
   3.73048653E+01    0.00000000E+00    0.00000000E+00
   3.77046834E+01    0.00000000E+00    0.00000000E+00
   3.81087866E+01    0.00000000E+00    0.00000000E+00
   3.85172208E+01    0.00000000E+00    0.00000000E+00
   3.89300324E+01    0.00000000E+00    0.00000000E+00
   3.93472684E+01    0.00000000E+00    0.00000000E+00
   3.97689761E+01    0.00000000E+00    0.00000000E+00
   4.01952035E+01    0.00000000E+00    0.00000000E+00
   4.06259991E+01    0.00000000E+00    0.00000000E+00
   4.10614117E+01    0.00000000E+00    0.00000000E+00
   4.15014909E+01    0.00000000E+00    0.00000000E+00
   4.19462867E+01    0.00000000E+00    0.00000000E+00
   4.23958496E+01    0.00000000E+00    0.00000000E+00
   4.28502308E+01    0.00000000E+00    0.00000000E+00
   4.33094818E+01    0.00000000E+00    0.00000000E+00
   4.37736549E+01    0.00000000E+00    0.00000000E+00
   4.42428028E+01    0.00000000E+00    0.00000000E+00
   4.47169788E+01    0.00000000E+00    0.00000000E+00
   4.51962369E+01    0.00000000E+00    0.00000000E+00
   4.56806314E+01    0.00000000E+00    0.00000000E+00
   4.61702175E+01    0.00000000E+00    0.00000000E+00
   4.66650508E+01    0.00000000E+00    0.00000000E+00
   4.71651875E+01    0.00000000E+00    0.00000000E+00
   4.76706844E+01    0.00000000E+00    0.00000000E+00
   4.81815991E+01    0.00000000E+00    0.00000000E+00
   4.86979895E+01    0.00000000E+00    0.00000000E+00
   4.92199144E+01    0.00000000E+00    0.00000000E+00
   4.97474330E+01    0.00000000E+00    0.00000000E+00
   5.02806054E+01    0.00000000E+00    0.00000000E+00
   5.08194921E+01    0.00000000E+00    0.00000000E+00
   5.13641544E+01    0.00000000E+00    0.00000000E+00
   5.19146541E+01    0.00000000E+00    0.00000000E+00
   5.24710539E+01    0.00000000E+00    0.00000000E+00
   5.30334169E+01    0.00000000E+00    0.00000000E+00
   5.36018071E+01    0.00000000E+00    0.00000000E+00
   5.41762891E+01    0.00000000E+00    0.00000000E+00
   5.47569281E+01    0.00000000E+00    0.00000000E+00
   5.53437902E+01    0.00000000E+00    0.00000000E+00
   5.59369420E+01    0.00000000E+00    0.00000000E+00
   5.65364510E+01    0.00000000E+00    0.00000000E+00
   5.71423852E+01    0.00000000E+00    0.00000000E+00
   5.77548137E+01    0.00000000E+00    0.00000000E+00
   5.83738058E+01    0.00000000E+00    0.00000000E+00
   5.89994321E+01    0.00000000E+00    0.00000000E+00
   5.96317636E+01    0.00000000E+00    0.00000000E+00
   6.02708721E+01    0.00000000E+00    0.00000000E+00
   6.09168304E+01    0.00000000E+00    0.00000000E+00
   6.15697117E+01    0.00000000E+00    0.00000000E+00
   6.22295904E+01    0.00000000E+00    0.00000000E+00
   6.28965414E+01    0.00000000E+00    0.00000000E+00
   6.35706405E+01    0.00000000E+00    0.00000000E+00
   6.42519642E+01    0.00000000E+00    0.00000000E+00
   6.49405902E+01    0.00000000E+00    0.00000000E+00
   6.56365965E+01    0.00000000E+00    0.00000000E+00
   6.63400624E+01    0.00000000E+00    0.00000000E+00
   6.70510677E+01    0.00000000E+00    0.00000000E+00
   6.77696933E+01    0.00000000E+00    0.00000000E+00
   6.84960208E+01    0.00000000E+00    0.00000000E+00
   6.92301328E+01    0.00000000E+00    0.00000000E+00
   6.99721127E+01    0.00000000E+00    0.00000000E+00
   7.07220448E+01    0.00000000E+00    0.00000000E+00
   7.14800144E+01    0.00000000E+00    0.00000000E+00
   7.22461075E+01    0.00000000E+00    0.00000000E+00
   7.30204114E+01    0.00000000E+00    0.00000000E+00
   7.38030139E+01    0.00000000E+00    0.00000000E+00
   7.45940041E+01    0.00000000E+00    0.00000000E+00
   7.53934717E+01    0.00000000E+00    0.00000000E+00
   7.62015077E+01    0.00000000E+00    0.00000000E+00
   7.70182039E+01    0.00000000E+00    0.00000000E+00
   7.78436531E+01    0.00000000E+00    0.00000000E+00
   7.86779492E+01    0.00000000E+00    0.00000000E+00
   7.95211868E+01    0.00000000E+00    0.00000000E+00
   8.03734620E+01    0.00000000E+00    0.00000000E+00
   8.12348714E+01    0.00000000E+00    0.00000000E+00
   8.21055132E+01    0.00000000E+00    0.00000000E+00
   8.29854860E+01    0.00000000E+00    0.00000000E+00
   8.38748901E+01    0.00000000E+00    0.00000000E+00
   8.47738264E+01    0.00000000E+00    0.00000000E+00
   8.56823972E+01    0.00000000E+00    0.00000000E+00
   8.66007056E+01    0.00000000E+00    0.00000000E+00
   8.75288561E+01    0.00000000E+00    0.00000000E+00
   8.84669542E+01    0.00000000E+00    0.00000000E+00
   8.94151063E+01    0.00000000E+00    0.00000000E+00
   9.03734204E+01    0.00000000E+00    0.00000000E+00
   9.13420053E+01    0.00000000E+00    0.00000000E+00
   9.23209711E+01    0.00000000E+00    0.00000000E+00
   9.33104290E+01    0.00000000E+00    0.00000000E+00
   9.43104916E+01    0.00000000E+00    0.00000000E+00
   9.53212723E+01    0.00000000E+00    0.00000000E+00
   9.63428863E+01    0.00000000E+00    0.00000000E+00
   9.73754494E+01    0.00000000E+00    0.00000000E+00
   9.84190791E+01    0.00000000E+00    0.00000000E+00
   9.94738941E+01    0.00000000E+00    0.00000000E+00
   1.00540014E+02    0.00000000E+00    0.00000000E+00
   1.01617560E+02    0.00000000E+00    0.00000000E+00
   1.02706655E+02    0.00000000E+00    0.00000000E+00
   1.03807423E+02    0.00000000E+00    0.00000000E+00
   1.04919988E+02    0.00000000E+00    0.00000000E+00
   1.06044477E+02    0.00000000E+00    0.00000000E+00
   1.07181017E+02    0.00000000E+00    0.00000000E+00
   1.08329739E+02    0.00000000E+00    0.00000000E+00
   1.09490772E+02    0.00000000E+00    0.00000000E+00
   1.10664249E+02    0.00000000E+00    0.00000000E+00
   1.11850303E+02    0.00000000E+00    0.00000000E+00
   1.13049068E+02    0.00000000E+00    0.00000000E+00
   1.14260681E+02    0.00000000E+00    0.00000000E+00
   1.15485280E+02    0.00000000E+00    0.00000000E+00
   1.16723003E+02    0.00000000E+00    0.00000000E+00
   1.17973992E+02    0.00000000E+00    0.00000000E+00
   1.19238388E+02    0.00000000E+00    0.00000000E+00
   1.20516336E+02    0.00000000E+00    0.00000000E+00
   1.21807980E+02    0.00000000E+00    0.00000000E+00
   1.23113468E+02    0.00000000E+00    0.00000000E+00
   1.24432947E+02    0.00000000E+00    0.00000000E+00
   1.25766567E+02    0.00000000E+00    0.00000000E+00
   1.27114481E+02    0.00000000E+00    0.00000000E+00
   1.28476842E+02    0.00000000E+00    0.00000000E+00
   1.29853803E+02    0.00000000E+00    0.00000000E+00
   1.31245523E+02    0.00000000E+00    0.00000000E+00
   1.32652158E+02    0.00000000E+00    0.00000000E+00
   1.34073869E+02    0.00000000E+00    0.00000000E+00
   1.35510817E+02    0.00000000E+00    0.00000000E+00
   1.36963166E+02    0.00000000E+00    0.00000000E+00
   1.38431080E+02    0.00000000E+00    0.00000000E+00
   1.39914727E+02    0.00000000E+00    0.00000000E+00
   1.41414275E+02    0.00000000E+00    0.00000000E+00
   1.42929895E+02    0.00000000E+00    0.00000000E+00
   1.44461758E+02    0.00000000E+00    0.00000000E+00
   1.46010040E+02    0.00000000E+00    0.00000000E+00
   1.47574915E+02    0.00000000E+00    0.00000000E+00
   1.49156562E+02    0.00000000E+00    0.00000000E+00
   1.50755160E+02    0.00000000E+00    0.00000000E+00
   1.52370891E+02    0.00000000E+00    0.00000000E+00
   1.54003939E+02    0.00000000E+00    0.00000000E+00
   1.55654490E+02    0.00000000E+00    0.00000000E+00
   1.57322730E+02    0.00000000E+00    0.00000000E+00
   1.59008850E+02    0.00000000E+00    0.00000000E+00
   1.60713041E+02    0.00000000E+00    0.00000000E+00
   1.62435497E+02    0.00000000E+00    0.00000000E+00
   1.64176413E+02    0.00000000E+00    0.00000000E+00
   1.65935988E+02    0.00000000E+00    0.00000000E+00
   1.67714421E+02    0.00000000E+00    0.00000000E+00
   1.69511915E+02    0.00000000E+00    0.00000000E+00
   1.71328673E+02    0.00000000E+00    0.00000000E+00
   1.73164903E+02    0.00000000E+00    0.00000000E+00
   1.75020813E+02    0.00000000E+00    0.00000000E+00
   1.76896613E+02    0.00000000E+00    0.00000000E+00
   1.78792518E+02    0.00000000E+00    0.00000000E+00
   1.80708742E+02    0.00000000E+00    0.00000000E+00
   1.82645504E+02    0.00000000E+00    0.00000000E+00
   1.84603022E+02    0.00000000E+00    0.00000000E+00
   1.86581521E+02    0.00000000E+00    0.00000000E+00
   1.88581225E+02    0.00000000E+00    0.00000000E+00
   1.90602360E+02    0.00000000E+00    0.00000000E+00
   1.92645157E+02    0.00000000E+00    0.00000000E+00
   1.94709848E+02    0.00000000E+00    0.00000000E+00
   1.96796668E+02    0.00000000E+00    0.00000000E+00
   1.98905853E+02    0.00000000E+00    0.00000000E+00
   2.01037644E+02    0.00000000E+00    0.00000000E+00
   2.03192282E+02    0.00000000E+00    0.00000000E+00
   2.05370012E+02    0.00000000E+00    0.00000000E+00
   2.07571083E+02    0.00000000E+00    0.00000000E+00
   2.09795744E+02    0.00000000E+00    0.00000000E+00
   2.12044248E+02    0.00000000E+00    0.00000000E+00
   2.14316850E+02    0.00000000E+00    0.00000000E+00
   2.16613810E+02    0.00000000E+00    0.00000000E+00
   2.18935387E+02    0.00000000E+00    0.00000000E+00
   2.21281846E+02    0.00000000E+00    0.00000000E+00
   2.23653453E+02    0.00000000E+00    0.00000000E+00
   2.26050478E+02    0.00000000E+00    0.00000000E+00
   2.28473193E+02    0.00000000E+00    0.00000000E+00
