# Peaks:     0.011062      0.069210      0.205311      0.497379      1.192155      3.690575  
   7.61577291E-05   -1.51656660E+01    1.90294802E+04
   7.69739561E-05   -1.51505334E+01    1.88297072E+04
   7.77989311E-05   -1.51352609E+01    1.86320270E+04
   7.86327478E-05   -1.51198704E+01    1.84363989E+04
   7.94755011E-05   -1.51043852E+01    1.82427816E+04
   8.03272866E-05   -1.50888303E+01    1.80511340E+04
   8.11882011E-05   -1.50732323E+01    1.78614145E+04
   8.20583427E-05   -1.50576193E+01    1.76735812E+04
   8.29378100E-05   -1.50420214E+01    1.74875923E+04
   8.38267031E-05   -1.50264648E+01    1.73034103E+04
   8.47251230E-05   -1.50109507E+01    1.71210227E+04
   8.56331718E-05   -1.49954718E+01    1.69404245E+04
   8.65509526E-05   -1.49800204E+01    1.67616111E+04
   8.74785699E-05   -1.49645878E+01    1.65845789E+04
   8.84161290E-05   -1.49491649E+01    1.64093246E+04
   8.93637364E-05   -1.49337418E+01    1.62358455E+04
   9.03214999E-05   -1.49183081E+01    1.60641394E+04
   9.12895284E-05   -1.49028597E+01    1.58941966E+04
   9.22679317E-05   -1.48873990E+01    1.57260007E+04
   9.32568212E-05   -1.48719286E+01    1.55595351E+04
   9.42563092E-05   -1.48564514E+01    1.53947836E+04
   9.52665093E-05   -1.48409702E+01    1.52317302E+04
   9.62875362E-05   -1.48254878E+01    1.50703591E+04
   9.73195062E-05   -1.48100073E+01    1.49106548E+04
   9.83625363E-05   -1.47945306E+01    1.47526025E+04
   9.94167453E-05   -1.47790574E+01    1.45961886E+04
   1.00482253E-04   -1.47635874E+01    1.44413995E+04
   1.01559180E-04   -1.47481199E+01    1.42882223E+04
   1.02647649E-04   -1.47326541E+01    1.41366440E+04
   1.03747784E-04   -1.47171891E+01    1.39866523E+04
   1.04859710E-04   -1.47017236E+01    1.38382349E+04
   1.05983553E-04   -1.46862568E+01    1.36913794E+04
   1.07119441E-04   -1.46707887E+01    1.35460719E+04
   1.08267502E-04   -1.46553199E+01    1.34022982E+04
   1.09427869E-04   -1.46398507E+01    1.32600443E+04
   1.10600671E-04   -1.46243813E+01    1.31192965E+04
   1.11786043E-04   -1.46089120E+01    1.29800414E+04
   1.12984120E-04   -1.45934429E+01    1.28422656E+04
   1.14195037E-04   -1.45779739E+01    1.27059561E+04
   1.15418932E-04   -1.45625050E+01    1.25710995E+04
   1.16655944E-04   -1.45470367E+01    1.24376822E+04
   1.17906215E-04   -1.45315689E+01    1.23056906E+04
   1.19169885E-04   -1.45161016E+01    1.21751116E+04
   1.20447098E-04   -1.45006348E+01    1.20459321E+04
   1.21738000E-04   -1.44851682E+01    1.19181392E+04
   1.23042738E-04   -1.44697015E+01    1.17917203E+04
   1.24361459E-04   -1.44542343E+01    1.16666628E+04
   1.25694313E-04   -1.44387668E+01    1.15429535E+04
   1.27041453E-04   -1.44232993E+01    1.14205794E+04
   1.28403031E-04   -1.44078318E+01    1.12995274E+04
   1.29779201E-04   -1.43923645E+01    1.11797848E+04
   1.31170121E-04   -1.43768973E+01    1.10613390E+04
   1.32575948E-04   -1.43614298E+01    1.09441776E+04
   1.33996842E-04   -1.43459619E+01    1.08282884E+04
   1.35432965E-04   -1.43304934E+01    1.07136588E+04
   1.36884479E-04   -1.43150245E+01    1.06002765E+04
   1.38351550E-04   -1.42995555E+01    1.04881289E+04
   1.39834345E-04   -1.42840862E+01    1.03772038E+04
   1.41333031E-04   -1.42686169E+01    1.02674891E+04
   1.42847780E-04   -1.42531471E+01    1.01589727E+04
   1.44378764E-04   -1.42376767E+01    1.00516428E+04
   1.45926155E-04   -1.42222053E+01    9.94548776E+03
   1.47490131E-04   -1.42067328E+01    9.84049569E+03
   1.49070870E-04   -1.41912596E+01    9.73665475E+03
   1.50668549E-04   -1.41757856E+01    9.63395319E+03
   1.52283352E-04   -1.41603110E+01    9.53237942E+03
   1.53915462E-04   -1.41448357E+01    9.43192196E+03
   1.55565065E-04   -1.41293594E+01    9.33256945E+03
   1.57232347E-04   -1.41138819E+01    9.23431068E+03
   1.58917498E-04   -1.40984028E+01    9.13713453E+03
   1.60620710E-04   -1.40829220E+01    9.04102983E+03
   1.62342176E-04   -1.40674399E+01    8.94598545E+03
   1.64082092E-04   -1.40519565E+01    8.85199039E+03
   1.65840656E-04   -1.40364718E+01    8.75903374E+03
   1.67618067E-04   -1.40209857E+01    8.66710471E+03
   1.69414528E-04   -1.40054980E+01    8.57619262E+03
   1.71230243E-04   -1.39900083E+01    8.48628691E+03
   1.73065418E-04   -1.39745163E+01    8.39737709E+03
   1.74920261E-04   -1.39590218E+01    8.30945273E+03
   1.76794984E-04   -1.39435253E+01    8.22250342E+03
   1.78689800E-04   -1.39280267E+01    8.13651888E+03
   1.80604923E-04   -1.39125260E+01    8.05148893E+03
   1.82540572E-04   -1.38970231E+01    7.96740346E+03
   1.84496966E-04   -1.38815179E+01    7.88425248E+03
   1.86474328E-04   -1.38660098E+01    7.80202608E+03
   1.88472883E-04   -1.38504985E+01    7.72071444E+03
   1.90492857E-04   -1.38349839E+01    7.64030784E+03
   1.92534481E-04   -1.38194663E+01    7.56079661E+03
   1.94597985E-04   -1.38039457E+01    7.48217118E+03
   1.96683606E-04   -1.37884221E+01    7.40442207E+03
   1.98791579E-04   -1.37728954E+01    7.32753987E+03
   2.00922145E-04   -1.37573653E+01    7.25151526E+03
   2.03075546E-04   -1.37418316E+01    7.17633902E+03
   2.05252025E-04   -1.37262937E+01    7.10200197E+03
   2.07451831E-04   -1.37107514E+01    7.02849507E+03
   2.09675214E-04   -1.36952049E+01    6.95580937E+03
   2.11922426E-04   -1.36796544E+01    6.88393599E+03
   2.14193723E-04   -1.36640999E+01    6.81286615E+03
   2.16489363E-04   -1.36485412E+01    6.74259113E+03
   2.18809606E-04   -1.36329781E+01    6.67310226E+03
   2.21154717E-04   -1.36174103E+01    6.60439098E+03
   2.23524961E-04   -1.36018373E+01    6.53644877E+03
   2.25920609E-04   -1.35862588E+01    6.46926721E+03
   2.28341933E-04   -1.35706748E+01    6.40283804E+03
   2.30789207E-04   -1.35550855E+01    6.33715306E+03
   2.33262710E-04   -1.35394909E+01    6.27220414E+03
   2.35762723E-04   -1.35238910E+01    6.20798323E+03
   2.38289531E-04   -1.35082856E+01    6.14448231E+03
   2.40843419E-04   -1.34926742E+01    6.08169346E+03
   2.43424679E-04   -1.34770566E+01    6.01960879E+03
   2.46033604E-04   -1.34614322E+01    5.95822049E+03
   2.48670490E-04   -1.34458009E+01    5.89752091E+03
   2.51335638E-04   -1.34301629E+01    5.83750250E+03
   2.54029349E-04   -1.34145182E+01    5.77815776E+03
   2.56751930E-04   -1.33988668E+01    5.71947928E+03
   2.59503691E-04   -1.33832086E+01    5.66145967E+03
   2.62284944E-04   -1.33675432E+01    5.60409162E+03
   2.65096006E-04   -1.33518703E+01    5.54736785E+03
   2.67937195E-04   -1.33361894E+01    5.49128115E+03
   2.70808835E-04   -1.33205000E+01    5.43582440E+03
   2.73711252E-04   -1.33048023E+01    5.38099065E+03
   2.76644775E-04   -1.32890963E+01    5.32677302E+03
   2.79609740E-04   -1.32733821E+01    5.27316469E+03
   2.82606481E-04   -1.32576596E+01    5.22015887E+03
   2.85635340E-04   -1.32419285E+01    5.16774883E+03
   2.88696661E-04   -1.32261886E+01    5.11592789E+03
   2.91790793E-04   -1.32104393E+01    5.06468941E+03
   2.94918085E-04   -1.31946801E+01    5.01402679E+03
   2.98078895E-04   -1.31789107E+01    4.96393358E+03
   3.01273582E-04   -1.31631313E+01    4.91440348E+03
   3.04502507E-04   -1.31473419E+01    4.86543023E+03
   3.07766039E-04   -1.31315426E+01    4.81700761E+03
   3.11064548E-04   -1.31157331E+01    4.76912945E+03
   3.14398409E-04   -1.30999132E+01    4.72178962E+03
   3.17768001E-04   -1.30840824E+01    4.67498201E+03
   3.21173706E-04   -1.30682403E+01    4.62870059E+03
   3.24615913E-04   -1.30523863E+01    4.58293933E+03
   3.28095012E-04   -1.30365203E+01    4.53769243E+03
   3.31611399E-04   -1.30206424E+01    4.49295414E+03
   3.35165472E-04   -1.30047525E+01    4.44871878E+03
   3.38757637E-04   -1.29888507E+01    4.40498071E+03
   3.42388301E-04   -1.29729368E+01    4.36173431E+03
   3.46057877E-04   -1.29570103E+01    4.31897401E+03
   3.49766782E-04   -1.29410710E+01    4.27669426E+03
   3.53515437E-04   -1.29251182E+01    4.23488955E+03
   3.57304269E-04   -1.29091513E+01    4.19355443E+03
   3.61133709E-04   -1.28931703E+01    4.15268363E+03
   3.65004190E-04   -1.28771753E+01    4.11227196E+03
   3.68916154E-04   -1.28611663E+01    4.07231426E+03
   3.72870044E-04   -1.28451431E+01    4.03280541E+03
   3.76866311E-04   -1.28291056E+01    3.99374030E+03
   3.80905408E-04   -1.28130533E+01    3.95511389E+03
   3.84987795E-04   -1.27969859E+01    3.91692114E+03
   3.89113934E-04   -1.27809027E+01    3.87915703E+03
   3.93284296E-04   -1.27648031E+01    3.84181663E+03
   3.97499354E-04   -1.27486871E+01    3.80489516E+03
   4.01759588E-04   -1.27325548E+01    3.76838792E+03
   4.06065481E-04   -1.27164062E+01    3.73229024E+03
   4.10417522E-04   -1.27002410E+01    3.69659748E+03
   4.14816207E-04   -1.26840590E+01    3.66130503E+03
   4.19262036E-04   -1.26678599E+01    3.62640829E+03
   4.23755513E-04   -1.26516432E+01    3.59190270E+03
   4.28297149E-04   -1.26354082E+01    3.55778372E+03
   4.32887460E-04   -1.26191543E+01    3.52404686E+03
   4.37526969E-04   -1.26028816E+01    3.49068780E+03
   4.42216201E-04   -1.25865899E+01    3.45770229E+03
   4.46955692E-04   -1.25702793E+01    3.42508610E+03
   4.51745978E-04   -1.25539496E+01    3.39283504E+03
   4.56587604E-04   -1.25376005E+01    3.36094493E+03
   4.61481121E-04   -1.25212317E+01    3.32941161E+03
   4.66427084E-04   -1.25048426E+01    3.29823096E+03
   4.71426056E-04   -1.24884326E+01    3.26739884E+03
   4.76478606E-04   -1.24720011E+01    3.23691121E+03
   4.81585306E-04   -1.24555478E+01    3.20676412E+03
   4.86746738E-04   -1.24390729E+01    3.17695375E+03
   4.91963488E-04   -1.24225762E+01    3.14747628E+03
   4.97236149E-04   -1.24060576E+01    3.11832792E+03
   5.02565320E-04   -1.23895168E+01    3.08950488E+03
   5.07951607E-04   -1.23729534E+01    3.06100341E+03
   5.13395622E-04   -1.23563669E+01    3.03281978E+03
   5.18897983E-04   -1.23397567E+01    3.00495026E+03
   5.24459317E-04   -1.23231221E+01    2.97739116E+03
   5.30080255E-04   -1.23064627E+01    2.95013891E+03
   5.35761435E-04   -1.22897786E+01    2.92319004E+03
   5.41503505E-04   -1.22730697E+01    2.89654112E+03
   5.47307115E-04   -1.22563358E+01    2.87018872E+03
   5.53172926E-04   -1.22395766E+01    2.84412943E+03
   5.59101604E-04   -1.22227918E+01    2.81835985E+03
   5.65093824E-04   -1.22059809E+01    2.79287661E+03
   5.71150265E-04   -1.21891432E+01    2.76767636E+03
   5.77271617E-04   -1.21722780E+01    2.74275573E+03
   5.83458575E-04   -1.21553848E+01    2.71811148E+03
   5.89711842E-04   -1.21384635E+01    2.69374048E+03
   5.96032130E-04   -1.21215141E+01    2.66963962E+03
   6.02420155E-04   -1.21045365E+01    2.64580582E+03
   6.08876645E-04   -1.20875302E+01    2.62223599E+03
   6.15402333E-04   -1.20704951E+01    2.59892708E+03
   6.21997960E-04   -1.20534305E+01    2.57587605E+03
   6.28664277E-04   -1.20363358E+01    2.55307984E+03
   6.35402040E-04   -1.20192103E+01    2.53053546E+03
   6.42212016E-04   -1.20020533E+01    2.50823991E+03
   6.49094978E-04   -1.19848647E+01    2.48619037E+03
   6.56051709E-04   -1.19676444E+01    2.46438403E+03
   6.63083000E-04   -1.19503922E+01    2.44281812E+03
   6.70189649E-04   -1.19331080E+01    2.42148985E+03
   6.77372464E-04   -1.19157912E+01    2.40039648E+03
   6.84632261E-04   -1.18984414E+01    2.37953526E+03
   6.91969866E-04   -1.18810579E+01    2.35890344E+03
   6.99386113E-04   -1.18636402E+01    2.33849829E+03
   7.06881843E-04   -1.18461872E+01    2.31831713E+03
   7.14457910E-04   -1.18286988E+01    2.29835734E+03
   7.22115174E-04   -1.18111748E+01    2.27861642E+03
   7.29854506E-04   -1.17936151E+01    2.25909186E+03
   7.37676784E-04   -1.17760194E+01    2.23978116E+03
   7.45582898E-04   -1.17583874E+01    2.22068184E+03
   7.53573747E-04   -1.17407185E+01    2.20179142E+03
   7.61650238E-04   -1.17230122E+01    2.18310743E+03
   7.69813290E-04   -1.17052677E+01    2.16462742E+03
   7.78063830E-04   -1.16874842E+01    2.14634893E+03
   7.86402796E-04   -1.16696611E+01    2.12826959E+03
   7.94831135E-04   -1.16517983E+01    2.11038712E+03
   8.03349806E-04   -1.16338956E+01    2.09269927E+03
   8.11959777E-04   -1.16159527E+01    2.07520378E+03
   8.20662025E-04   -1.15979693E+01    2.05789842E+03
   8.29457541E-04   -1.15799450E+01    2.04078096E+03
   8.38347323E-04   -1.15618790E+01    2.02384918E+03
   8.47332383E-04   -1.15437708E+01    2.00710087E+03
   8.56413740E-04   -1.15256195E+01    1.99053381E+03
   8.65592428E-04   -1.15074243E+01    1.97414582E+03
   8.74869489E-04   -1.14891849E+01    1.95793484E+03
   8.84245978E-04   -1.14709011E+01    1.94189883E+03
   8.93722960E-04   -1.14525727E+01    1.92603576E+03
   9.03301513E-04   -1.14341993E+01    1.91034363E+03
   9.12982724E-04   -1.14157804E+01    1.89482044E+03
   9.22767695E-04   -1.13973156E+01    1.87946417E+03
   9.32657537E-04   -1.13788041E+01    1.86427285E+03
   9.42653374E-04   -1.13602451E+01    1.84924447E+03
   9.52756342E-04   -1.13416378E+01    1.83437706E+03
   9.62967590E-04   -1.13229814E+01    1.81966870E+03
   9.73288278E-04   -1.13042759E+01    1.80511756E+03
   9.83719579E-04   -1.12855209E+01    1.79072182E+03
   9.94262678E-04   -1.12667161E+01    1.77647968E+03
   1.00491877E-03   -1.12478611E+01    1.76238933E+03
   1.01568908E-03   -1.12289554E+01    1.74844897E+03
   1.02657481E-03   -1.12099982E+01    1.73465680E+03
   1.03757722E-03   -1.11909888E+01    1.72101105E+03
   1.04869754E-03   -1.11719264E+01    1.70750991E+03
   1.05993704E-03   -1.11528099E+01    1.69415162E+03
   1.07129701E-03   -1.11336391E+01    1.68093452E+03
   1.08277873E-03   -1.11144138E+01    1.66785698E+03
   1.09438350E-03   -1.10951335E+01    1.65491735E+03
   1.10611265E-03   -1.10757979E+01    1.64211403E+03
   1.11796751E-03   -1.10564064E+01    1.62944540E+03
   1.12994942E-03   -1.10369584E+01    1.61690983E+03
   1.14205975E-03   -1.10174532E+01    1.60450572E+03
   1.15429987E-03   -1.09978898E+01    1.59223146E+03
   1.16667118E-03   -1.09782674E+01    1.58008545E+03
   1.17917508E-03   -1.09585852E+01    1.56806614E+03
   1.19181299E-03   -1.09388428E+01    1.55617204E+03
   1.20458635E-03   -1.09190401E+01    1.54440171E+03
   1.21749661E-03   -1.08991765E+01    1.53275368E+03
   1.23054523E-03   -1.08792517E+01    1.52122649E+03
   1.24373370E-03   -1.08592649E+01    1.50981871E+03
   1.25706353E-03   -1.08392154E+01    1.49852886E+03
   1.27053621E-03   -1.08191024E+01    1.48735552E+03
   1.28415329E-03   -1.07989250E+01    1.47629723E+03
   1.29791632E-03   -1.07786821E+01    1.46535256E+03
   1.31182685E-03   -1.07583732E+01    1.45452016E+03
   1.32588646E-03   -1.07379982E+01    1.44379872E+03
   1.34009677E-03   -1.07175565E+01    1.43318692E+03
   1.35445937E-03   -1.06970476E+01    1.42268346E+03
   1.36897590E-03   -1.06764711E+01    1.41228703E+03
   1.38364802E-03   -1.06558261E+01    1.40199633E+03
   1.39847739E-03   -1.06351119E+01    1.39181006E+03
   1.41346569E-03   -1.06143275E+01    1.38172691E+03
   1.42861463E-03   -1.05934719E+01    1.37174559E+03
   1.44392593E-03   -1.05725442E+01    1.36186483E+03
   1.45940133E-03   -1.05515440E+01    1.35208344E+03
   1.47504259E-03   -1.05304711E+01    1.34240025E+03
   1.49085148E-03   -1.05093248E+01    1.33281408E+03
   1.50682981E-03   -1.04881047E+01    1.32332376E+03
   1.52297939E-03   -1.04668100E+01    1.31392812E+03
   1.53930205E-03   -1.04454400E+01    1.30462598E+03
   1.55579965E-03   -1.04239937E+01    1.29541617E+03
   1.57247407E-03   -1.04024702E+01    1.28629753E+03
   1.58932719E-03   -1.03808684E+01    1.27726888E+03
   1.60636094E-03   -1.03591876E+01    1.26832913E+03
   1.62357726E-03   -1.03374274E+01    1.25947722E+03
   1.64097808E-03   -1.03155874E+01    1.25071209E+03
   1.65856541E-03   -1.02936670E+01    1.24203268E+03
   1.67634123E-03   -1.02716655E+01    1.23343795E+03
   1.69430756E-03   -1.02495824E+01    1.22492684E+03
   1.71246644E-03   -1.02274165E+01    1.21649829E+03
   1.73081995E-03   -1.02051670E+01    1.20815126E+03
   1.74937016E-03   -1.01828329E+01    1.19988469E+03
   1.76811918E-03   -1.01604129E+01    1.19169753E+03
   1.78706915E-03   -1.01379067E+01    1.18358883E+03
   1.80622222E-03   -1.01153139E+01    1.17555765E+03
   1.82558056E-03   -1.00926338E+01    1.16760302E+03
   1.84514638E-03   -1.00698658E+01    1.15972401E+03
   1.86492189E-03   -1.00470093E+01    1.15191966E+03
   1.88490935E-03   -1.00240634E+01    1.14418904E+03
   1.90511103E-03   -1.00010272E+01    1.13653119E+03
   1.92552922E-03   -9.97789964E+00    1.12894516E+03
   1.94616625E-03   -9.95467952E+00    1.12143001E+03
   1.96702445E-03   -9.93136596E+00    1.11398482E+03
   1.98810620E-03   -9.90795851E+00    1.10660873E+03
   2.00941390E-03   -9.88445667E+00    1.09930090E+03
   2.03094997E-03   -9.86085985E+00    1.09206047E+03
   2.05271685E-03   -9.83716736E+00    1.08488660E+03
   2.07471702E-03   -9.81337844E+00    1.07777844E+03
   2.09695298E-03   -9.78949220E+00    1.07073512E+03
   2.11942725E-03   -9.76550763E+00    1.06375581E+03
   2.14214239E-03   -9.74142364E+00    1.05683964E+03
   2.16510099E-03   -9.71723901E+00    1.04998576E+03
   2.18830564E-03   -9.69295298E+00    1.04319337E+03
   2.21175900E-03   -9.66856508E+00    1.03646170E+03
   2.23546372E-03   -9.64407476E+00    1.02978999E+03
   2.25942249E-03   -9.61948138E+00    1.02317748E+03
   2.28363804E-03   -9.59478421E+00    1.01662340E+03
   2.30811313E-03   -9.56998242E+00    1.01012699E+03
   2.33285053E-03   -9.54507508E+00    1.00368748E+03
   2.35785306E-03   -9.52006114E+00    9.97304110E+02
   2.38312355E-03   -9.49493943E+00    9.90976096E+02
   2.40866488E-03   -9.46970878E+00    9.84702676E+02
   2.43447995E-03   -9.44436854E+00    9.78483147E+02
   2.46057170E-03   -9.41891819E+00    9.72316823E+02
   2.48694309E-03   -9.39335715E+00    9.66203020E+02
   2.51359712E-03   -9.36768474E+00    9.60141053E+02
   2.54053681E-03   -9.34190018E+00    9.54130234E+02
   2.56776523E-03   -9.31600260E+00    9.48169875E+02
   2.59528547E-03   -9.28999103E+00    9.42259284E+02
   2.62310067E-03   -9.26386437E+00    9.36397766E+02
   2.65121397E-03   -9.23762142E+00    9.30584625E+02
   2.67962859E-03   -9.21126108E+00    9.24819179E+02
   2.70834774E-03   -9.18478277E+00    9.19100807E+02
   2.73737469E-03   -9.15818596E+00    9.13428892E+02
   2.76671273E-03   -9.13147002E+00    9.07802822E+02
   2.79636522E-03   -9.10463425E+00    9.02221978E+02
   2.82633550E-03   -9.07767783E+00    8.96685743E+02
   2.85662699E-03   -9.05059987E+00    8.91193496E+02
   2.88724314E-03   -9.02339935E+00    8.85744612E+02
   2.91818741E-03   -8.99607516E+00    8.80338465E+02
   2.94946334E-03   -8.96862607E+00    8.74974424E+02
   2.98107447E-03   -8.94105110E+00    8.69651888E+02
   3.01302439E-03   -8.91334973E+00    8.64370305E+02
   3.04531673E-03   -8.88552140E+00    8.59129121E+02
   3.07795518E-03   -8.85756547E+00    8.53927786E+02
   3.11094343E-03   -8.82948121E+00    8.48765743E+02
   3.14428523E-03   -8.80126780E+00    8.43642436E+02
   3.17798438E-03   -8.77292432E+00    8.38557304E+02
   3.21204470E-03   -8.74444973E+00    8.33509784E+02
   3.24647006E-03   -8.71584292E+00    8.28499308E+02
   3.28126438E-03   -8.68710265E+00    8.23525309E+02
   3.31643162E-03   -8.65822811E+00    8.18587259E+02
   3.35197576E-03   -8.62921881E+00    8.13684663E+02
   3.38790084E-03   -8.60007418E+00    8.08817026E+02
   3.42421096E-03   -8.57079358E+00    8.03983852E+02
   3.46091024E-03   -8.54137629E+00    7.99184640E+02
   3.49800284E-03   -8.51182148E+00    7.94418889E+02
   3.53549298E-03   -8.48212823E+00    7.89686094E+02
   3.57338493E-03   -8.45229552E+00    7.84985744E+02
   3.61168299E-03   -8.42232221E+00    7.80317326E+02
   3.65039152E-03   -8.39220715E+00    7.75680332E+02
   3.68951490E-03   -8.36194968E+00    7.71074297E+02
   3.72905759E-03   -8.33154934E+00    7.66498780E+02
   3.76902409E-03   -8.30100558E+00    7.61953337E+02
   3.80941893E-03   -8.27031778E+00    7.57437519E+02
   3.85024670E-03   -8.23948523E+00    7.52950879E+02
   3.89151205E-03   -8.20850714E+00    7.48492963E+02
   3.93321967E-03   -8.17738261E+00    7.44063317E+02
   3.97537428E-03   -8.14611065E+00    7.39661478E+02
   4.01798070E-03   -8.11469014E+00    7.35286984E+02
   4.06104375E-03   -8.08312005E+00    7.30939381E+02
   4.10456834E-03   -8.05139988E+00    7.26618261E+02
   4.14855940E-03   -8.01952921E+00    7.22323229E+02
   4.19302194E-03   -7.98750753E+00    7.18053886E+02
   4.23796102E-03   -7.95533427E+00    7.13809831E+02
   4.28338173E-03   -7.92300878E+00    7.09590661E+02
   4.32928924E-03   -7.89053030E+00    7.05395967E+02
   4.37568877E-03   -7.85789799E+00    7.01225340E+02
   4.42258559E-03   -7.82511091E+00    6.97078364E+02
   4.46998503E-03   -7.79216801E+00    6.92954619E+02
   4.51789247E-03   -7.75906844E+00    6.88853705E+02
   4.56631338E-03   -7.72581185E+00    6.84775266E+02
   4.61525323E-03   -7.69239789E+00    6.80718947E+02
   4.66471760E-03   -7.65882613E+00    6.76684392E+02
   4.71471211E-03   -7.62509609E+00    6.72671242E+02
   4.76524245E-03   -7.59120717E+00    6.68679134E+02
   4.81631434E-03   -7.55715872E+00    6.64707702E+02
   4.86793360E-03   -7.52294997E+00    6.60756578E+02
   4.92010610E-03   -7.48858007E+00    6.56825386E+02
   4.97283776E-03   -7.45404807E+00    6.52913749E+02
   5.02613457E-03   -7.41935336E+00    6.49021319E+02
   5.08000260E-03   -7.38449576E+00    6.45147782E+02
   5.13444797E-03   -7.34947501E+00    6.41292822E+02
   5.18947685E-03   -7.31429081E+00    6.37456123E+02
   5.24509552E-03   -7.27894278E+00    6.33637364E+02
   5.30131028E-03   -7.24343045E+00    6.29836221E+02
   5.35812753E-03   -7.20775328E+00    6.26052367E+02
   5.41555372E-03   -7.17191064E+00    6.22285470E+02
   5.47359538E-03   -7.13590179E+00    6.18535196E+02
   5.53225911E-03   -7.09972596E+00    6.14801206E+02
   5.59155157E-03   -7.06338282E+00    6.11083200E+02
   5.65147950E-03   -7.02687233E+00    6.07380903E+02
   5.71204972E-03   -6.99019443E+00    6.03694037E+02
   5.77326910E-03   -6.95334895E+00    6.00022321E+02
   5.83514461E-03   -6.91633570E+00    5.96365471E+02
   5.89768327E-03   -6.87915436E+00    5.92723202E+02
   5.96089220E-03   -6.84180458E+00    5.89095222E+02
   6.02477857E-03   -6.80428590E+00    5.85481236E+02
   6.08934966E-03   -6.76659775E+00    5.81880945E+02
   6.15461278E-03   -6.72873959E+00    5.78294050E+02
   6.22057537E-03   -6.69071136E+00    5.74720295E+02
   6.28724492E-03   -6.65251327E+00    5.71159439E+02
   6.35462901E-03   -6.61414543E+00    5.67611239E+02
   6.42273529E-03   -6.57560791E+00    5.64075451E+02
   6.49157151E-03   -6.53690072E+00    5.60551826E+02
   6.56114548E-03   -6.49802379E+00    5.57040112E+02
   6.63146512E-03   -6.45897697E+00    5.53540055E+02
   6.70253842E-03   -6.41976004E+00    5.50051395E+02
   6.77437345E-03   -6.38037269E+00    5.46573866E+02
   6.84697838E-03   -6.34081465E+00    5.43107211E+02
   6.92036146E-03   -6.30108623E+00    5.39651213E+02
   6.99453103E-03   -6.26118787E+00    5.36205666E+02
   7.06949551E-03   -6.22111998E+00    5.32770361E+02
   7.14526344E-03   -6.18088288E+00    5.29345087E+02
   7.22184341E-03   -6.14047686E+00    5.25929629E+02
   7.29924414E-03   -6.09990212E+00    5.22523772E+02
   7.37747441E-03   -6.05915881E+00    5.19127291E+02
   7.45654313E-03   -6.01824699E+00    5.15739963E+02
   7.53645927E-03   -5.97716663E+00    5.12361557E+02
   7.61723192E-03   -5.93591786E+00    5.08991853E+02
   7.69887026E-03   -5.89450138E+00    5.05630675E+02
   7.78138356E-03   -5.85291798E+00    5.02277850E+02
   7.86478121E-03   -5.81116839E+00    4.98933204E+02
   7.94907267E-03   -5.76925328E+00    4.95596560E+02
   8.03426754E-03   -5.72717329E+00    4.92267738E+02
   8.12037549E-03   -5.68492898E+00    4.88946553E+02
   8.20740631E-03   -5.64252085E+00    4.85632820E+02
   8.29536990E-03   -5.59994933E+00    4.82326347E+02
   8.38427624E-03   -5.55721475E+00    4.79026937E+02
   8.47413544E-03   -5.51431765E+00    4.75734407E+02
   8.56495771E-03   -5.47125915E+00    4.72448616E+02
   8.65675338E-03   -5.42804044E+00    4.69169424E+02
   8.74953288E-03   -5.38466267E+00    4.65896694E+02
   8.84330675E-03   -5.34112696E+00    4.62630284E+02
   8.93808564E-03   -5.29743438E+00    4.59370047E+02
   9.03388034E-03   -5.25358591E+00    4.56115837E+02
   9.13070173E-03   -5.20958253E+00    4.52867502E+02
   9.22856081E-03   -5.16542510E+00    4.49624884E+02
   9.32746870E-03   -5.12111443E+00    4.46387825E+02
   9.42743665E-03   -5.07665154E+00    4.43156177E+02
   9.52847601E-03   -5.03203802E+00    4.39929833E+02
   9.63059827E-03   -4.98727555E+00    4.36708690E+02
   9.73381503E-03   -4.94236574E+00    4.33492642E+02
   9.83813803E-03   -4.89731020E+00    4.30281580E+02
   9.94357912E-03   -4.85211046E+00    4.27075395E+02
   1.00501503E-02   -4.80676804E+00    4.23873971E+02
   1.01578636E-02   -4.76128436E+00    4.20677190E+02
   1.02667314E-02   -4.71566081E+00    4.17484931E+02
   1.03767660E-02   -4.66989878E+00    4.14297073E+02
   1.04879799E-02   -4.62400023E+00    4.11113530E+02
   1.06003857E-02   -4.57796730E+00    4.07934230E+02
   1.07139962E-02   -4.53180211E+00    4.04759098E+02
   1.08288244E-02   -4.48550677E+00    4.01588058E+02
   1.09448833E-02   -4.43908331E+00    3.98421030E+02
   1.10621860E-02   -4.39253375E+00    3.95257929E+02
   1.11807459E-02   -4.34586003E+00    3.92098671E+02
   1.13005765E-02   -4.29906413E+00    3.88943169E+02
   1.14216914E-02   -4.25214849E+00    3.85791367E+02
   1.15441044E-02   -4.20511562E+00    3.82643213E+02
   1.16678293E-02   -4.15796804E+00    3.79498654E+02
   1.17928803E-02   -4.11070820E+00    3.76357633E+02
   1.19192715E-02   -4.06333854E+00    3.73220092E+02
   1.20470173E-02   -4.01586170E+00    3.70085985E+02
   1.21761322E-02   -3.96828053E+00    3.66955278E+02
   1.23066310E-02   -3.92059785E+00    3.63827935E+02
   1.24385283E-02   -3.87281644E+00    3.60703917E+02
   1.25718393E-02   -3.82493904E+00    3.57583181E+02
   1.27065791E-02   -3.77696862E+00    3.54465700E+02
   1.28427630E-02   -3.72890846E+00    3.51351462E+02
   1.29804064E-02   -3.68076178E+00    3.48240454E+02
   1.31195250E-02   -3.63253180E+00    3.45132660E+02
   1.32601346E-02   -3.58422167E+00    3.42028060E+02
   1.34022513E-02   -3.53583461E+00    3.38926637E+02
   1.35458910E-02   -3.48737414E+00    3.35828392E+02
   1.36910703E-02   -3.43884392E+00    3.32733335E+02
   1.38378055E-02   -3.39024756E+00    3.29641470E+02
   1.39861134E-02   -3.34158865E+00    3.26552799E+02
   1.41360107E-02   -3.29287088E+00    3.23467332E+02
   1.42875147E-02   -3.24409823E+00    3.20385092E+02
   1.44406423E-02   -3.19527466E+00    3.17306103E+02
   1.45954111E-02   -3.14640409E+00    3.14230385E+02
   1.47518387E-02   -3.09749048E+00    3.11157958E+02
   1.49099428E-02   -3.04853811E+00    3.08088863E+02
   1.50697414E-02   -2.99955136E+00    3.05023143E+02
   1.52312526E-02   -2.95053458E+00    3.01960841E+02
   1.53944949E-02   -2.90149208E+00    2.98901995E+02
   1.55594867E-02   -2.85242819E+00    2.95846645E+02
   1.57262469E-02   -2.80334764E+00    2.92794852E+02
   1.58947943E-02   -2.75425521E+00    2.89746681E+02
   1.60651481E-02   -2.70515568E+00    2.86702194E+02
   1.62373277E-02   -2.65605375E+00    2.83661448E+02
   1.64113526E-02   -2.60695427E+00    2.80624511E+02
   1.65872427E-02   -2.55786242E+00    2.77591464E+02
   1.67650179E-02   -2.50878337E+00    2.74562390E+02
   1.69446984E-02   -2.45972226E+00    2.71537370E+02
   1.71263047E-02   -2.41068421E+00    2.68516482E+02
   1.73098573E-02   -2.36167465E+00    2.65499819E+02
   1.74953772E-02   -2.31269914E+00    2.62487485E+02
   1.76828854E-02   -2.26376323E+00    2.59479580E+02
   1.78724033E-02   -2.21487241E+00    2.56476198E+02
   1.80639523E-02   -2.16603235E+00    2.53477447E+02
   1.82575542E-02   -2.11724900E+00    2.50483447E+02
   1.84532311E-02   -2.06852830E+00    2.47494317E+02
   1.86510052E-02   -2.01987609E+00    2.44510172E+02
   1.88508990E-02   -1.97129829E+00    2.41531127E+02
   1.90529351E-02   -1.92280118E+00    2.38557319E+02
   1.92571366E-02   -1.87439112E+00    2.35588891E+02
   1.94635266E-02   -1.82607445E+00    2.32625979E+02
   1.96721286E-02   -1.77785741E+00    2.29668718E+02
   1.98829663E-02   -1.72974634E+00    2.26717244E+02
   2.00960637E-02   -1.68174794E+00    2.23771715E+02
   2.03114450E-02   -1.63386895E+00    2.20832291E+02
   2.05291347E-02   -1.58611605E+00    2.17899126E+02
   2.07491574E-02   -1.53849589E+00    2.14972374E+02
   2.09715383E-02   -1.49101548E+00    2.12052208E+02
   2.11963026E-02   -1.44368188E+00    2.09138803E+02
   2.14234758E-02   -1.39650208E+00    2.06232330E+02
   2.16530837E-02   -1.34948304E+00    2.03332958E+02
   2.18851525E-02   -1.30263206E+00    2.00440874E+02
   2.21197085E-02   -1.25595652E+00    1.97556271E+02
   2.23567784E-02   -1.20946374E+00    1.94679336E+02
   2.25963891E-02   -1.16316097E+00    1.91810255E+02
   2.28385678E-02   -1.11705575E+00    1.88949227E+02
   2.30833421E-02   -1.07115579E+00    1.86096462E+02
   2.33307398E-02   -1.02546867E+00    1.83252162E+02
   2.35807890E-02   -9.80001923E-01    1.80416527E+02
   2.38335181E-02   -9.34763393E-01    1.77589775E+02
   2.40889559E-02   -8.89760995E-01    1.74772125E+02
   2.43471314E-02   -8.45002524E-01    1.71963794E+02
   2.46080738E-02   -8.00495784E-01    1.69164997E+02
   2.48718130E-02   -7.56248937E-01    1.66375969E+02
   2.51383788E-02   -7.12270136E-01    1.63596945E+02
   2.54078015E-02   -6.68567391E-01    1.60828153E+02
   2.56801118E-02   -6.25148648E-01    1.58069820E+02
   2.59553406E-02   -5.82022233E-01    1.55322190E+02
   2.62335192E-02   -5.39196534E-01    1.52585515E+02
   2.65146792E-02   -4.96679778E-01    1.49860036E+02
   2.67988525E-02   -4.54480092E-01    1.47145992E+02
   2.70860715E-02   -4.12605946E-01    1.44443641E+02
   2.73763688E-02   -3.71065878E-01    1.41753243E+02
   2.76697774E-02   -3.29868248E-01    1.39075053E+02
   2.79663306E-02   -2.89021319E-01    1.36409320E+02
   2.82660622E-02   -2.48533710E-01    1.33756313E+02
   2.85690061E-02   -2.08414028E-01    1.31116304E+02
   2.88751969E-02   -1.68670675E-01    1.28489552E+02
   2.91846693E-02   -1.29312051E-01    1.25876321E+02
   2.94974585E-02   -9.03468915E-02    1.23276891E+02
   2.98136000E-02   -5.17837961E-02    1.20691540E+02
   3.01331299E-02   -1.36311351E-02    1.18120533E+02
   3.04560843E-02    2.41025665E-02    1.15564146E+02
   3.07825000E-02    6.14085693E-02    1.13022669E+02
   3.11124140E-02    9.82783648E-02    1.10496379E+02
   3.14458640E-02    1.34703620E-01    1.07985551E+02
   3.17828878E-02    1.70675699E-01    1.05490473E+02
   3.21235236E-02    2.06186043E-01    1.03011435E+02
   3.24678102E-02    2.41226372E-01    1.00548714E+02
   3.28157868E-02    2.75788271E-01    9.81025962E+01
   3.31674928E-02    3.09863103E-01    9.56733807E+01
   3.35229682E-02    3.43442518E-01    9.32613562E+01
   3.38822535E-02    3.76518477E-01    9.08667997E+01
   3.42453895E-02    4.09082726E-01    8.84900007E+01
   3.46124174E-02    4.41126823E-01    8.61312600E+01
   3.49833789E-02    4.72642661E-01    8.37908665E+01
   3.53583163E-02    5.03622389E-01    8.14691001E+01
   3.57372721E-02    5.34057869E-01    7.91662572E+01
   3.61202893E-02    5.63941124E-01    7.68826296E+01
   3.65074117E-02    5.93264574E-01    7.46184952E+01
   3.68986830E-02    6.22020479E-01    7.23741418E+01
   3.72941478E-02    6.50200780E-01    7.01498752E+01
   3.76938510E-02    6.77797792E-01    6.79459877E+01
   3.80978381E-02    7.04804286E-01    6.57627552E+01
   3.85061549E-02    7.31213327E-01    6.36004445E+01
   3.89188480E-02    7.57017502E-01    6.14593469E+01
   3.93359640E-02    7.82209570E-01    5.93397502E+01
   3.97575506E-02    8.06782723E-01    5.72419270E+01
   4.01836556E-02    8.30730016E-01    5.51661599E+01
   4.06143274E-02    8.54044666E-01    5.31127286E+01
   4.10496149E-02    8.76720375E-01    5.10818958E+01
   4.14895677E-02    8.98750712E-01    4.90739341E+01
   4.19342357E-02    9.20129319E-01    4.70891174E+01
   4.23836694E-02    9.40850356E-01    4.51277016E+01
   4.28379200E-02    9.60907889E-01    4.31899511E+01
   4.32970391E-02    9.80296114E-01    4.12761290E+01
   4.37610789E-02    9.99009755E-01    3.93864809E+01
   4.42300920E-02    1.01704341E+00    3.75212621E+01
   4.47041318E-02    1.03439192E+00    3.56807222E+01
   4.51832522E-02    1.05105062E+00    3.38650950E+01
   4.56675075E-02    1.06701466E+00    3.20746266E+01
   4.61569530E-02    1.08227962E+00    3.03095503E+01
   4.66516441E-02    1.09684143E+00    2.85700887E+01
   4.71516371E-02    1.11069602E+00    2.68564711E+01
   4.76569888E-02    1.12383976E+00    2.51689113E+01
   4.81677567E-02    1.13626906E+00    2.35076281E+01
   4.86839987E-02    1.14798082E+00    2.18728250E+01
   4.92057737E-02    1.15897208E+00    2.02647041E+01
   4.97331408E-02    1.16924011E+00    1.86834635E+01
   5.02661600E-02    1.17878264E+00    1.71292884E+01
   5.08048919E-02    1.18759745E+00    1.56023657E+01
   5.13493976E-02    1.19568288E+00    1.41028655E+01
   5.18997392E-02    1.20303724E+00    1.26309653E+01
   5.24559791E-02    1.20965940E+00    1.11868234E+01
   5.30181806E-02    1.21554856E+00    9.77059106E+00
   5.35864075E-02    1.22070400E+00    8.38242208E+00
   5.41607244E-02    1.22512567E+00    7.02244731E+00
   5.47411966E-02    1.22881346E+00    5.69080667E+00
   5.53278901E-02    1.23176777E+00    4.38762370E+00
   5.59208715E-02    1.23398956E+00    3.11300621E+00
   5.65202082E-02    1.23547984E+00    1.86706457E+00
   5.71259684E-02    1.23624006E+00    6.49897217E-01
   5.77382209E-02    1.23627209E+00   -5.38408966E-01
   5.83570352E-02    1.23557805E+00   -1.69777149E+00
   5.89824818E-02    1.23416057E+00   -2.82812294E+00
   5.96146316E-02    1.23202252E+00   -3.92939980E+00
   6.02535565E-02    1.22916726E+00   -5.00155241E+00
   6.08993292E-02    1.22559849E+00   -6.04454027E+00
   6.15520230E-02    1.22132023E+00   -7.05832901E+00
   6.22117120E-02    1.21633698E+00   -8.04289854E+00
   6.28784714E-02    1.21065367E+00   -8.99824048E+00
   6.35523768E-02    1.20427539E+00   -9.92434712E+00
   6.42335049E-02    1.19720800E+00   -1.08212368E+01
   6.49219330E-02    1.18945747E+00   -1.16889253E+01
   6.56177394E-02    1.18103034E+00   -1.25274474E+01
   6.63210031E-02    1.17193339E+00   -1.33368417E+01
   6.70318042E-02    1.16217403E+00   -1.41171661E+01
   6.77502233E-02    1.15175988E+00   -1.48684817E+01
   6.84763421E-02    1.14069913E+00   -1.55908679E+01
   6.92102432E-02    1.12900025E+00   -1.62844096E+01
   6.99520099E-02    1.11667224E+00   -1.69492075E+01
   7.07017266E-02    1.10372449E+00   -1.75853731E+01
   7.14594784E-02    1.09016680E+00   -1.81930291E+01
   7.22253515E-02    1.07600911E+00   -1.87723000E+01
   7.29994329E-02    1.06126239E+00   -1.93233448E+01
   7.37818106E-02    1.04593744E+00   -1.98463127E+01
   7.45725735E-02    1.03004582E+00   -2.03413772E+01
   7.53718114E-02    1.01359942E+00   -2.08087212E+01
   7.61796153E-02    9.96610127E-01   -2.12485237E+01
   7.69960768E-02    9.79090974E-01   -2.16610042E+01
   7.78212889E-02    9.61054928E-01   -2.20463755E+01
   7.86553452E-02    9.42515345E-01   -2.24048627E+01
   7.94983407E-02    9.23486275E-01   -2.27367137E+01
   8.03503710E-02    9.03981594E-01   -2.30421669E+01
   8.12115329E-02    8.84016205E-01   -2.33214973E+01
   8.20819245E-02    8.63604996E-01   -2.35749762E+01
   8.29616446E-02    8.42763331E-01   -2.38028908E+01
   8.38507931E-02    8.21507012E-01   -2.40055426E+01
   8.47494712E-02    7.99851798E-01   -2.41832290E+01
   8.56577809E-02    7.77814574E-01   -2.43362890E+01
   8.65758256E-02    7.55411874E-01   -2.44650459E+01
   8.75037094E-02    7.32660410E-01   -2.45698281E+01
   8.84415379E-02    7.09578137E-01   -2.46510106E+01
   8.93894177E-02    6.86182698E-01   -2.47089550E+01
   9.03474564E-02    6.62491792E-01   -2.47440240E+01
   9.13157631E-02    6.38524291E-01   -2.47566250E+01
   9.22944476E-02    6.14298494E-01   -2.47471425E+01
   9.32836213E-02    5.89832729E-01   -2.47159613E+01
   9.42833965E-02    5.65146625E-01   -2.46635173E+01
   9.52938869E-02    5.40259977E-01   -2.45902532E+01
   9.63152073E-02    5.15191635E-01   -2.44965742E+01
   9.73474738E-02    4.89961480E-01   -2.43829276E+01
   9.83908037E-02    4.64590155E-01   -2.42497913E+01
   9.94453156E-02    4.39097256E-01   -2.40976027E+01
   1.00511129E-01    4.13503004E-01   -2.39268262E+01
   1.01588366E-01    3.87828578E-01   -2.37379656E+01
   1.02677148E-01    3.62094230E-01   -2.35314902E+01
   1.03777599E-01    3.36320481E-01   -2.33078825E+01
   1.04889844E-01    3.10528817E-01   -2.30676667E+01
   1.06014010E-01    2.84739887E-01   -2.28113362E+01
   1.07150225E-01    2.58974443E-01   -2.25393924E+01
   1.08298616E-01    2.33254150E-01   -2.22523778E+01
   1.09459316E-01    2.07599847E-01   -2.19508054E+01
   1.10632456E-01    1.82032434E-01   -2.16351955E+01
   1.11818168E-01    1.56573573E-01   -2.13061051E+01
   1.13016589E-01    1.31243999E-01   -2.09640580E+01
   1.14227854E-01    1.06064633E-01   -2.06095921E+01
   1.15452101E-01    8.10569116E-02   -2.02432733E+01
   1.16689469E-01    5.62413940E-02   -1.98656374E+01
   1.17940098E-01    3.16390987E-02   -1.94772477E+01
   1.19204131E-01    7.27111529E-03   -1.90786780E+01
   1.20481712E-01   -1.68429202E-02   -1.86704474E+01
   1.21772985E-01   -4.06829868E-02   -1.82531008E+01
   1.23078097E-01   -6.42282838E-02   -1.78272272E+01
   1.24397198E-01   -8.74583084E-02   -1.73934124E+01
   1.25730435E-01   -1.10353989E-01   -1.69521892E+01
   1.27077962E-01   -1.32895857E-01   -1.65041201E+01
   1.28439931E-01   -1.55064398E-01   -1.60497815E+01
   1.29816497E-01   -1.76841331E-01   -1.55897046E+01
   1.31207816E-01   -1.98208196E-01   -1.51244431E+01
   1.32614047E-01   -2.19146244E-01   -1.46545784E+01
   1.34035350E-01   -2.39637864E-01   -1.41806524E+01
   1.35471885E-01   -2.59665719E-01   -1.37032099E+01
   1.36923817E-01   -2.79212700E-01   -1.32228008E+01
   1.38391309E-01   -2.98262489E-01   -1.27399525E+01
   1.39874530E-01   -3.16798710E-01   -1.22552147E+01
   1.41373647E-01   -3.34805824E-01   -1.17691124E+01
   1.42888832E-01   -3.52268754E-01   -1.12821675E+01
   1.44420255E-01   -3.69172719E-01   -1.07949078E+01
   1.45968091E-01   -3.85503833E-01   -1.03078343E+01
   1.47532517E-01   -4.01248398E-01   -9.82146282E+00
   1.49113709E-01   -4.16393567E-01   -9.33628452E+00
   1.50711848E-01   -4.30926987E-01   -8.85278975E+00
   1.52327116E-01   -4.44836848E-01   -8.37146457E+00
   1.53959694E-01   -4.58112097E-01   -7.89277842E+00
   1.55609771E-01   -4.70742240E-01   -7.41719720E+00
   1.57277532E-01   -4.82717532E-01   -6.94517152E+00
   1.58963167E-01   -4.94028794E-01   -6.47715052E+00
   1.60666869E-01   -5.04667669E-01   -6.01356247E+00
   1.62388830E-01   -5.14626401E-01   -5.55483517E+00
   1.64129246E-01   -5.23898029E-01   -5.10137806E+00
   1.65888315E-01   -5.32476302E-01   -4.65359190E+00
   1.67666237E-01   -5.40355726E-01   -4.21186479E+00
   1.69463215E-01   -5.47531562E-01   -3.77657325E+00
   1.71279451E-01   -5.53999840E-01   -3.34808340E+00
   1.73115153E-01   -5.59757385E-01   -2.92674060E+00
   1.74970530E-01   -5.64801805E-01   -2.51288656E+00
   1.76845792E-01   -5.69131484E-01   -2.10684552E+00
   1.78741152E-01   -5.72745633E-01   -1.70892588E+00
   1.80656825E-01   -5.75644273E-01   -1.31942735E+00
   1.82593030E-01   -5.77828220E-01   -9.38630452E-01
   1.84549987E-01   -5.79299123E-01   -5.66804356E-01
   1.86527917E-01   -5.80059445E-01   -2.04202647E-01
   1.88527046E-01   -5.80112466E-01    1.48935731E-01
   1.90547601E-01   -5.79462286E-01    4.92386738E-01
   1.92589811E-01   -5.78113829E-01    8.25941075E-01
   1.94653909E-01   -5.76072831E-01    1.14940476E+00
   1.96740129E-01   -5.73345843E-01    1.46259889E+00
   1.98848708E-01   -5.69940225E-01    1.76535985E+00
   2.00979886E-01   -5.65864143E-01    2.05753929E+00
   2.03133905E-01   -5.61126549E-01    2.33900427E+00
   2.05311010E-01   -5.55737196E-01    2.60963705E+00
   2.07511449E-01   -5.49706602E-01    2.86933531E+00
   2.09735470E-01   -5.43046067E-01    3.11801191E+00
   2.11983328E-01   -5.35767638E-01    3.35559495E+00
   2.14255278E-01   -5.27884103E-01    3.58202769E+00
   2.16551577E-01   -5.19408978E-01    3.79726830E+00
   2.18872487E-01   -5.10356520E-01    4.00128993E+00
   2.21218272E-01   -5.00741627E-01    4.19408039E+00
   2.23589198E-01   -4.90579941E-01    4.37564210E+00
   2.25985534E-01   -4.79887740E-01    4.54599197E+00
   2.28407554E-01   -4.68681887E-01    4.70516071E+00
   2.30855531E-01   -4.56979977E-01    4.85319350E+00
   2.33329745E-01   -4.44800174E-01    4.99014920E+00
   2.35830477E-01   -4.32161073E-01    5.11609922E+00
   2.38358010E-01   -4.19082040E-01    5.23112944E+00
   2.40912633E-01   -4.05582843E-01    5.33533783E+00
   2.43494634E-01   -3.91683776E-01    5.42883516E+00
   2.46104309E-01   -3.77405634E-01    5.51174460E+00
   2.48741953E-01   -3.62769591E-01    5.58420068E+00
   2.51407866E-01   -3.47797335E-01    5.64635031E+00
   2.54102352E-01   -3.32510916E-01    5.69835139E+00
   2.56825715E-01   -3.16932634E-01    5.74037156E+00
   2.59578267E-01   -3.01085349E-01    5.77259118E+00
   2.62360319E-01   -2.84991956E-01    5.79519797E+00
   2.65172189E-01   -2.68675884E-01    5.80839217E+00
   2.68014194E-01   -2.52160547E-01    5.81238052E+00
   2.70886659E-01   -2.35469759E-01    5.80738074E+00
   2.73789910E-01   -2.18627416E-01    5.79361809E+00
   2.76724277E-01   -2.01657495E-01    5.77132503E+00
   2.79690094E-01   -1.84584313E-01    5.74074464E+00
   2.82687696E-01   -1.67431831E-01    5.70212160E+00
   2.85717426E-01   -1.50224402E-01    5.65571199E+00
   2.88779627E-01   -1.32986353E-01    5.60177763E+00
   2.91874647E-01   -1.15741720E-01    5.54058296E+00
   2.95002839E-01   -9.85148545E-02    5.47240277E+00
   2.98164557E-01   -8.13294274E-02    5.39750885E+00
   3.01360161E-01   -6.42097094E-02    5.31618784E+00
   3.04590015E-01   -4.71790232E-02    5.22871914E+00
   3.07854484E-01   -3.02611481E-02    5.13539560E+00
   3.11153941E-01   -1.34790835E-02    5.03650483E+00
   3.14488760E-01    3.14425280E-03    4.93234024E+00
   3.17859320E-01    1.95859734E-02    4.82320153E+00
   3.21266005E-01    3.58242893E-02    4.70937840E+00
   3.24709201E-01    5.18367899E-02    4.59117785E+00
   3.28189300E-01    6.76023293E-02    4.46889328E+00
   3.31706697E-01    8.31004089E-02    4.34281517E+00
   3.35261792E-01    9.83098940E-02    4.21325272E+00
   3.38854989E-01    1.13210913E-01    4.08050133E+00
   3.42486696E-01    1.27784124E-01    3.94485584E+00
   3.46157327E-01    1.42010827E-01    3.80660779E+00
   3.49867298E-01    1.55872705E-01    3.66605084E+00
   3.53617030E-01    1.69352222E-01    3.52347306E+00
   3.57406951E-01    1.82432440E-01    3.37916099E+00
   3.61237491E-01    1.95097203E-01    3.23339553E+00
   3.65109085E-01    2.07331006E-01    3.08645513E+00
   3.69022173E-01    2.19119032E-01    2.93861483E+00
   3.72977199E-01    2.30447368E-01    2.79014190E+00
   3.76974615E-01    2.41302780E-01    2.64130080E+00
   3.81014872E-01    2.51672885E-01    2.49234909E+00
   3.85098432E-01    2.61546080E-01    2.34353970E+00
   3.89225758E-01    2.70911620E-01    2.19511873E+00
   3.93397318E-01    2.79759620E-01    2.04732565E+00
   3.97613587E-01    2.88081052E-01    1.90039327E+00
   4.01875045E-01    2.95867762E-01    1.75454746E+00
   4.06182176E-01    3.03112489E-01    1.61000670E+00
   4.10535468E-01    3.09808863E-01    1.46698195E+00
   4.14935417E-01    3.15951422E-01    1.32567650E+00
   4.19382523E-01    3.21535607E-01    1.18628570E+00
   4.23877291E-01    3.26557776E-01    1.04899681E+00
   4.28420232E-01    3.31015199E-01    9.13988873E-01
   4.33011863E-01    3.34906062E-01    7.81432613E-01
   4.37652705E-01    3.38229470E-01    6.51490095E-01
   4.42343285E-01    3.40985434E-01    5.24315057E-01
   4.47084137E-01    3.43174877E-01    4.00052369E-01
   4.51875800E-01    3.44799625E-01    2.78838224E-01
   4.56718818E-01    3.45862398E-01    1.60799966E-01
   4.61613741E-01    3.46366805E-01    4.60560675E-02
   4.66561126E-01    3.46317327E-01   -6.52837953E-02
   4.71561534E-01    3.45719312E-01   -1.73118903E-01
   4.76615536E-01    3.44578957E-01   -2.77357474E-01
   4.81723704E-01    3.42903294E-01   -3.77916567E-01
   4.86886619E-01    3.40700169E-01   -4.74722177E-01
   4.92104868E-01    3.37978231E-01   -5.67709005E-01
   4.97379044E-01    3.34746907E-01   -6.56820618E-01
   5.02709747E-01    3.31016378E-01   -7.42009220E-01
   5.08097581E-01    3.26797563E-01   -8.23235630E-01
   5.13543161E-01    3.22102086E-01   -9.00469148E-01
   5.19047104E-01    3.16942257E-01   -9.73687439E-01
   5.24610036E-01    3.11331042E-01   -1.04287639E+00
   5.30232589E-01    3.05282033E-01   -1.10802994E+00
   5.35915402E-01    2.98809421E-01   -1.16914993E+00
   5.41659121E-01    2.91927967E-01   -1.22624591E+00
   5.47464399E-01    2.84652963E-01   -1.27933490E+00
   5.53331896E-01    2.77000208E-01   -1.32844121E+00
   5.59262278E-01    2.68985969E-01   -1.37359620E+00
   5.65256220E-01    2.60626950E-01   -1.41483802E+00
   5.71314402E-01    2.51940255E-01   -1.45221136E+00
   5.77437513E-01    2.42943354E-01   -1.48576717E+00
   5.83626249E-01    2.33654048E-01   -1.51556240E+00
   5.89881313E-01    2.24090432E-01   -1.54165971E+00
   5.96203417E-01    2.14270859E-01   -1.56412715E+00
   6.02593278E-01    2.04213904E-01   -1.58303788E+00
   6.09051623E-01    1.93938328E-01   -1.59846986E+00
   6.15579187E-01    1.83463040E-01   -1.61050553E+00
   6.22176709E-01    1.72807065E-01   -1.61923151E+00
   6.28844942E-01    1.61989494E-01   -1.62473822E+00
   6.35584641E-01    1.51029478E-01   -1.62711969E+00
   6.42396574E-01    1.39946167E-01   -1.62647316E+00
   6.49281515E-01    1.28758669E-01   -1.62289866E+00
   6.56240245E-01    1.17486056E-01   -1.61649899E+00
   6.63273556E-01    1.06147281E-01   -1.60737909E+00
   6.70382247E-01    9.47611810E-02   -1.59564593E+00
   6.77567127E-01    8.33464301E-02   -1.58140815E+00
   6.84829010E-01    7.19215107E-02   -1.56477579E+00
   6.92168724E-01    6.05046836E-02   -1.54585998E+00
   6.99587102E-01    4.91139585E-02   -1.52477265E+00
   7.07084987E-01    3.77670660E-02   -1.50162632E+00
   7.14663231E-01    2.64814302E-02   -1.47653378E+00
   7.22322695E-01    1.52741409E-02   -1.44960784E+00
   7.30064251E-01    4.16193515E-03   -1.42096117E+00
   7.37888777E-01   -6.83885357E-03   -1.39070582E+00
   7.45797163E-01   -1.77122384E-02   -1.35895364E+00
   7.53790308E-01   -2.84427773E-02   -1.32581468E+00
   7.61869121E-01   -3.90153360E-02   -1.29139901E+00
   7.70034518E-01   -4.94153566E-02   -1.25581457E+00
   7.78287429E-01   -5.96286844E-02   -1.21916853E+00
   7.86628792E-01   -6.96417383E-02   -1.18156581E+00
   7.95059553E-01   -7.94414026E-02   -1.14311000E+00
   8.03580672E-01   -8.90151305E-02   -1.10390248E+00
   8.12193117E-01   -9.83509160E-02   -1.06404252E+00
   8.20897866E-01   -1.07437297E-01   -1.02362736E+00
   8.29695910E-01   -1.16263381E-01   -9.82751897E-01
   8.38588247E-01   -1.24818884E-01   -9.41508263E-01
   8.47575888E-01   -1.33094071E-01   -8.99986456E-01
   8.56659856E-01   -1.41079838E-01   -8.58273414E-01
   8.65841181E-01   -1.48767652E-01   -8.16453669E-01
   8.75120908E-01   -1.56149610E-01   -7.74608661E-01
   8.84500092E-01   -1.63218401E-01   -7.32817127E-01
   8.93979798E-01   -1.69967336E-01   -6.91154757E-01
   9.03561103E-01   -1.76390335E-01   -6.49694270E-01
   9.13245096E-01   -1.82481933E-01   -6.08505322E-01
   9.23032879E-01   -1.88237274E-01   -5.67654499E-01
   9.32925563E-01   -1.93652113E-01   -5.27205270E-01
   9.42924273E-01   -1.98722810E-01   -4.87217979E-01
   9.53030145E-01   -2.03446328E-01   -4.47749826E-01
   9.63244327E-01   -2.07820223E-01   -4.08854865E-01
   9.73567981E-01   -2.11842643E-01   -3.70584009E-01
   9.84002279E-01   -2.15512315E-01   -3.32985036E-01
   9.94548408E-01   -2.18828541E-01   -2.96102611E-01
   1.00520757E+00   -2.21791185E-01   -2.59978307E-01
   1.01598096E+00   -2.24400665E-01   -2.24650636E-01
   1.02686983E+00   -2.26657943E-01   -1.90155094E-01
   1.03787539E+00   -2.28564508E-01   -1.56524189E-01
   1.04899891E+00   -2.30122369E-01   -1.23787511E-01
   1.06024165E+00   -2.31334039E-01   -9.19717668E-02
   1.07160488E+00   -2.32202522E-01   -6.11008512E-02
   1.08308990E+00   -2.32731298E-01   -3.11959113E-02
   1.09469800E+00   -2.32924308E-01   -2.27541007E-03
   1.10643052E+00   -2.32785941E-01    2.56448025E-02
   1.11828879E+00   -2.32321015E-01    5.25514075E-02
   1.13027414E+00   -2.31534761E-01    7.84335443E-02
   1.14238795E+00   -2.30432809E-01    1.03282732E-01
   1.15463160E+00   -2.29021170E-01    1.27092784E-01
   1.16700646E+00   -2.27306218E-01    1.49859727E-01
   1.17951395E+00   -2.25294674E-01    1.71581718E-01
   1.19215549E+00   -2.22993588E-01    1.92258958E-01
   1.20493252E+00   -2.20410323E-01    2.11893610E-01
   1.21784649E+00   -2.17552532E-01    2.30489710E-01
   1.23089886E+00   -2.14428150E-01    2.48053091E-01
   1.24409113E+00   -2.11045363E-01    2.64591290E-01
   1.25742478E+00   -2.07412603E-01    2.80113473E-01
   1.27090134E+00   -2.03538523E-01    2.94630348E-01
   1.28452233E+00   -1.99431978E-01    3.08154085E-01
   1.29828931E+00   -1.95102011E-01    3.20698237E-01
   1.31220384E+00   -1.90557833E-01    3.32277661E-01
   1.32626750E+00   -1.85808805E-01    3.42908436E-01
   1.34048188E+00   -1.80864422E-01    3.52607791E-01
   1.35484861E+00   -1.75734292E-01    3.61394024E-01
   1.36936932E+00   -1.70428123E-01    3.69286429E-01
   1.38404565E+00   -1.64955700E-01    3.76305222E-01
   1.39887928E+00   -1.59326873E-01    3.82471468E-01
   1.41387189E+00   -1.53551536E-01    3.87807006E-01
   1.42902518E+00   -1.47639613E-01    3.92334381E-01
   1.44434088E+00   -1.41601042E-01    3.96076776E-01
   1.45982073E+00   -1.35445751E-01    3.99057928E-01
   1.47546648E+00   -1.29183658E-01    4.01302091E-01
   1.49127992E+00   -1.22824635E-01    4.02833933E-01
   1.50726284E+00   -1.16378520E-01    4.03678527E-01
   1.52341706E+00   -1.09855050E-01    4.03861149E-01
   1.53974441E+00   -1.03263929E-01    4.03407456E-01
   1.55624676E+00   -9.66147360E-02    4.02343191E-01
   1.57292596E+00   -8.99169516E-02    4.00694251E-01
   1.58978393E+00   -8.31799350E-02    3.98486590E-01
   1.60682258E+00   -7.64129220E-02    3.95746207E-01
   1.62404384E+00   -6.96249669E-02    3.92498938E-01
   1.64144967E+00   -6.28250231E-02    3.88770708E-01
   1.65904205E+00   -5.60218377E-02    3.84587173E-01
   1.67682297E+00   -4.92239950E-02    3.79973850E-01
   1.69479446E+00   -4.24398766E-02    3.74955968E-01
   1.71295857E+00   -3.56776881E-02    3.69558557E-01
   1.73131735E+00   -2.89454154E-02    3.63806281E-01
   1.74987289E+00   -2.22508354E-02    3.57723466E-01
   1.76862731E+00   -1.56015031E-02    3.51334048E-01
   1.78758272E+00   -9.00474508E-03    3.44661543E-01
   1.80674129E+00   -2.46765296E-03    3.37729012E-01
   1.82610520E+00    4.00292098E-03    3.30559039E-01
   1.84567664E+00    1.04003735E-02    3.23173688E-01
   1.86545783E+00    1.67183420E-02    3.15594535E-01
   1.88545104E+00    2.29507288E-02    3.07842556E-01
   1.90565852E+00    2.90916858E-02    2.99938195E-01
   1.92608258E+00    3.51356313E-02    2.91901282E-01
   1.94672554E+00    4.10772432E-02    2.83751059E-01
   1.96758973E+00    4.69114658E-02    2.75506147E-01
   1.98867755E+00    5.26335088E-02    2.67184543E-01
   2.00999137E+00    5.82388495E-02    2.58803607E-01
   2.03153362E+00    6.37232324E-02    2.50380055E-01
   2.05330676E+00    6.90826693E-02    2.41929954E-01
   2.07531325E+00    7.43134390E-02    2.33468717E-01
   2.09755560E+00    7.94120856E-02    2.25011101E-01
   2.12003633E+00    8.43754179E-02    2.16571203E-01
   2.14275800E+00    8.92005062E-02    2.08162465E-01
   2.16572319E+00    9.38846810E-02    1.99797672E-01
   2.18893452E+00    9.84255304E-02    1.91488953E-01
   2.21239461E+00    1.02820895E-01    1.83247792E-01
   2.23610614E+00    1.07068867E-01    1.75085026E-01
   2.26007180E+00    1.11167786E-01    1.67010853E-01
   2.28429431E+00    1.15116230E-01    1.59034841E-01
   2.30877643E+00    1.18913018E-01    1.51165937E-01
   2.33352094E+00    1.22557200E-01    1.43412472E-01
   2.35853065E+00    1.26048055E-01    1.35782173E-01
   2.38380841E+00    1.29385082E-01    1.28282178E-01
   2.40935708E+00    1.32567997E-01    1.20919045E-01
   2.43517957E+00    1.35596726E-01    1.13698749E-01
   2.46127882E+00    1.38471398E-01    1.06626726E-01
   2.48765778E+00    1.41192341E-01    9.97078709E-02
   2.51431947E+00    1.43760072E-01    9.29465449E-02
   2.54126691E+00    1.46175293E-01    8.63465996E-02
   2.56850315E+00    1.48438881E-01    7.99113925E-02
   2.59603130E+00    1.50551886E-01    7.36438019E-02
   2.62385449E+00    1.52515517E-01    6.75462444E-02
   2.65197588E+00    1.54331141E-01    6.16206928E-02
   2.68039866E+00    1.56000270E-01    5.58686932E-02
   2.70912606E+00    1.57524560E-01    5.02913841E-02
   2.73816135E+00    1.58905799E-01    4.48895146E-02
   2.76750783E+00    1.60145898E-01    3.96634637E-02
   2.79716883E+00    1.61246892E-01    3.46132590E-02
   2.82714773E+00    1.62210923E-01    2.97385962E-02
   2.85744793E+00    1.63040240E-01    2.50388586E-02
   2.88807287E+00    1.63737187E-01    2.05131358E-02
   2.91902604E+00    1.64304202E-01    1.61602434E-02
   2.95031095E+00    1.64743804E-01    1.19787415E-02
   2.98193116E+00    1.65058590E-01    7.96695409E-03
   3.01389027E+00    1.65251229E-01    4.12298619E-03
   3.04619189E+00    1.65324452E-01    4.44742993E-04
   3.07883972E+00    1.65281054E-01   -3.07005373E-03
   3.11183745E+00    1.65123878E-01   -6.42384757E-03
   3.14518883E+00    1.64855817E-01   -9.61923331E-03
   3.17889766E+00    1.64479807E-01   -1.26589394E-02
   3.21296777E+00    1.63998820E-01   -1.55458141E-02
   3.24740303E+00    1.63415862E-01   -1.82828118E-02
   3.28220735E+00    1.62733965E-01   -2.08729790E-02
   3.31738469E+00    1.61956186E-01   -2.33194423E-02
   3.35293904E+00    1.61085601E-01   -2.56253963E-02
   3.38887446E+00    1.60125300E-01   -2.77940942E-02
   3.42519501E+00    1.59078386E-01   -2.98288357E-02
   3.46190483E+00    1.57947968E-01   -3.17329588E-02
   3.49900809E+00    1.56737161E-01   -3.35098315E-02
   3.53650901E+00    1.55449080E-01   -3.51628435E-02
   3.57441185E+00    1.54086837E-01   -3.66953985E-02
   3.61272092E+00    1.52653541E-01   -3.81109089E-02
   3.65144056E+00    1.51152290E-01   -3.94127886E-02
   3.69057519E+00    1.49586172E-01   -4.06044484E-02
   3.73012925E+00    1.47958262E-01   -4.16892904E-02
   3.77010723E+00    1.46271617E-01   -4.26707042E-02
   3.81051367E+00    1.44529276E-01   -4.35520623E-02
   3.85135318E+00    1.42734257E-01   -4.43367166E-02
   3.89263039E+00    1.40889554E-01   -4.50279949E-02
   3.93434999E+00    1.38998133E-01   -4.56291983E-02
   3.97651672E+00    1.37062935E-01   -4.61435979E-02
   4.01913538E+00    1.35086868E-01   -4.65744323E-02
   4.06221081E+00    1.33072810E-01   -4.69249057E-02
   4.10574791E+00    1.31023602E-01   -4.71981851E-02
   4.14975161E+00    1.28942051E-01   -4.73973991E-02
   4.19422693E+00    1.26830922E-01   -4.75256351E-02
   4.23917892E+00    1.24692944E-01   -4.75859384E-02
   4.28461268E+00    1.22530801E-01   -4.75813104E-02
   4.33053338E+00    1.20347134E-01   -4.75147068E-02
   4.37694625E+00    1.18144539E-01   -4.73890364E-02
   4.42385655E+00    1.15925564E-01   -4.72071599E-02
   4.47126961E+00    1.13692710E-01   -4.69718887E-02
   4.51919082E+00    1.11448426E-01   -4.66859833E-02
   4.56762564E+00    1.09195110E-01   -4.63521525E-02
   4.61657956E+00    1.06935107E-01   -4.59730526E-02
   4.66605815E+00    1.04670707E-01   -4.55512865E-02
   4.71606702E+00    1.02404146E-01   -4.50894024E-02
   4.76661188E+00    1.00137602E-01   -4.45898931E-02
   4.81769845E+00    9.78731946E-02   -4.40551956E-02
   4.86933255E+00    9.56129856E-02   -4.34876898E-02
   4.92152004E+00    9.33589762E-02   -4.28896984E-02
   4.97426685E+00    9.11131069E-02   -4.22634860E-02
   5.02757898E+00    8.88772562E-02   -4.16112588E-02
   5.08146249E+00    8.66532407E-02   -4.09351644E-02
   5.13592350E+00    8.44428134E-02   -4.02372905E-02
   5.19096820E+00    8.22476635E-02   -3.95196654E-02
   5.24660285E+00    8.00694163E-02   -3.87842578E-02
   5.30283376E+00    7.79096321E-02   -3.80329761E-02
   5.35966734E+00    7.57698061E-02   -3.72676687E-02
   5.41711004E+00    7.36513677E-02   -3.64901330E-02
   5.47516838E+00    7.15556815E-02   -3.57020774E-02
   5.53384896E+00    6.94840464E-02   -3.49051790E-02
   5.59315847E+00    6.74376944E-02   -3.41010448E-02
   5.65310362E+00    6.54177929E-02   -3.32912225E-02
   5.71369124E+00    6.34254429E-02   -3.24771997E-02
   5.77492822E+00    6.14616803E-02   -3.16604042E-02
   5.83682151E+00    5.95274759E-02   -3.08422061E-02
   5.89937815E+00    5.76237340E-02   -3.00239125E-02
   5.96260524E+00    5.57512971E-02   -2.92067777E-02
   6.02650997E+00    5.39109418E-02   -2.83919949E-02
   6.09109961E+00    5.21033820E-02   -2.75807004E-02
   6.15638149E+00    5.03292688E-02   -2.67739740E-02
   6.22236304E+00    4.85891911E-02   -2.59728390E-02
   6.28905175E+00    4.68836766E-02   -2.51782637E-02
   6.35645520E+00    4.52131931E-02   -2.43911612E-02
   6.42458105E+00    4.35781483E-02   -2.36123908E-02
   6.49343705E+00    4.19788922E-02   -2.28427586E-02
   6.56303102E+00    4.04157171E-02   -2.20830183E-02
   6.63337087E+00    3.88888592E-02   -2.13338721E-02
   6.70446459E+00    3.73985000E-02   -2.05959718E-02
   6.77632027E+00    3.59447670E-02   -1.98699194E-02
   6.84894606E+00    3.45277358E-02   -1.91562685E-02
   6.92235023E+00    3.31474307E-02   -1.84555252E-02
   6.99654111E+00    3.18038268E-02   -1.77681491E-02
   7.07152714E+00    3.04968511E-02   -1.70945544E-02
   7.14731684E+00    2.92263843E-02   -1.64351112E-02
   7.22391882E+00    2.79922623E-02   -1.57901467E-02
   7.30134179E+00    2.67942776E-02   -1.51599461E-02
   7.37959455E+00    2.56321817E-02   -1.45447542E-02
   7.45868599E+00    2.45056857E-02   -1.39447765E-02
   7.53862509E+00    2.34144633E-02   -1.33601804E-02
   7.61942095E+00    2.23581514E-02   -1.27910968E-02
   7.70108275E+00    2.13363530E-02   -1.22376212E-02
   7.78361977E+00    2.03486380E-02   -1.16998152E-02
   7.86704138E+00    1.93945460E-02   -1.11777076E-02
   7.95135707E+00    1.84735872E-02   -1.06712961E-02
   8.03657642E+00    1.75852451E-02   -1.01805488E-02
   8.12270912E+00    1.67289777E-02   -9.70540525E-03
   8.20976495E+00    1.59042199E-02   -9.24577801E-03
   8.29775381E+00    1.51103850E-02   -8.80155419E-03
   8.38668570E+00    1.43468666E-02   -8.37259678E-03
   8.47657073E+00    1.36130406E-02   -7.95874613E-03
   8.56741910E+00    1.29082668E-02   -7.55982132E-03
   8.65924115E+00    1.22318907E-02   -7.17562160E-03
   8.75204731E+00    1.15832455E-02   -6.80592784E-03
   8.84584813E+00    1.09616537E-02   -6.45050384E-03
   8.94065426E+00    1.03664285E-02   -6.10909778E-03
   9.03647649E+00    9.79687570E-03   -5.78144346E-03
   9.13332571E+00    9.25229645E-03   -5.46726211E-03
   9.23121291E+00    8.73198595E-03   -5.16626276E-03
   9.33014922E+00    8.23523788E-03   -4.87814443E-03
   9.43014590E+00    7.76134449E-03   -4.60259700E-03
   9.53121430E+00    7.30959824E-03   -4.33930244E-03
   9.63336590E+00    6.87929323E-03   -4.08793604E-03
   9.73661233E+00    6.46972642E-03   -3.84816753E-03
   9.84096531E+00    6.08019873E-03   -3.61966213E-03
   9.94643670E+00    5.71001726E-03   -3.40208204E-03
   1.00530385E+01    5.35849440E-03   -3.19508662E-03
   1.01607828E+01    5.02495077E-03   -2.99833416E-03
   1.02696819E+01    4.70871534E-03   -2.81148246E-03
   1.03797480E+01    4.40912657E-03   -2.63418980E-03
   1.04909939E+01    4.12553318E-03   -2.46611569E-03
   1.06034320E+01    3.85729502E-03   -2.30692179E-03
   1.07170752E+01    3.60378374E-03   -2.15627254E-03
   1.08319364E+01    3.36438353E-03   -2.01383590E-03
   1.09480286E+01    3.13849167E-03   -1.87928400E-03
   1.10653650E+01    2.92551909E-03   -1.75229372E-03
   1.11839590E+01    2.72489083E-03   -1.63254721E-03
   1.13038241E+01    2.53604648E-03   -1.51973244E-03
   1.14249738E+01    2.35844052E-03   -1.41354360E-03
   1.15474219E+01    2.19154261E-03   -1.31368153E-03
   1.16711824E+01    2.03483790E-03   -1.21985406E-03
   1.17962693E+01    1.88782707E-03   -1.13177633E-03
   1.19226968E+01    1.75002665E-03   -1.04917107E-03
   1.20504793E+01    1.62096905E-03   -9.71768853E-04
   1.21796314E+01    1.50020245E-03   -8.99308181E-04
   1.23101676E+01    1.38729103E-03   -8.31535771E-04
   1.24421029E+01    1.28181476E-03   -7.68206574E-04
   1.25754522E+01    1.18336937E-03   -7.09083897E-04
   1.27102307E+01    1.09156630E-03   -6.53939491E-04
   1.28464537E+01    1.00603236E-03   -6.02553449E-04
   1.29841367E+01    9.26409691E-04   -5.54714316E-04
   1.31232953E+01    8.52355507E-04   -5.10218998E-04
   1.32639453E+01    7.83541840E-04   -4.68872713E-04
   1.34061028E+01    7.19655059E-04   -4.30488781E-04
   1.35497838E+01    6.60396457E-04   -3.94889038E-04
   1.36950048E+01    6.05480327E-04   -3.61902762E-04
   1.38417822E+01    5.54635131E-04   -3.31367418E-04
   1.39901327E+01    5.07602446E-04   -3.03128082E-04
   1.41400731E+01    4.64136743E-04   -2.77037359E-04
   1.42916206E+01    4.24004992E-04   -2.52955181E-04
   1.44447923E+01    3.86986270E-04   -2.30748611E-04
   1.45996056E+01    3.52871421E-04   -2.10291669E-04
   1.47560781E+01    3.21462599E-04   -1.91465086E-04
   1.49142276E+01    2.92572905E-04   -1.74156109E-04
   1.50740721E+01    2.66025969E-04   -1.58258272E-04
   1.52356298E+01    2.41655550E-04   -1.43671169E-04
   1.53989190E+01    2.19305136E-04   -1.30300235E-04
   1.55639582E+01    1.98827542E-04   -1.18056509E-04
   1.57307663E+01    1.80084508E-04   -1.06856406E-04
   1.58993621E+01    1.62946309E-04   -9.66214939E-05
   1.60697649E+01    1.47291370E-04   -8.72782602E-05
   1.62419940E+01    1.33005885E-04   -7.87578943E-05
   1.64160689E+01    1.19983434E-04   -7.09960571E-05
   1.65920095E+01    1.08124631E-04   -6.39326744E-05
   1.67698358E+01    9.73367678E-05   -5.75117210E-05
   1.69495680E+01    8.75334445E-05   -5.16810001E-05
   1.71312264E+01    7.86342572E-05   -4.63919558E-05
   1.73148318E+01    7.05644570E-05   -4.15994666E-05
   1.75004050E+01    6.32546388E-05   -3.72616570E-05
   1.76879671E+01    5.66404330E-05   -3.33397108E-05
   1.78775394E+01    5.06622099E-05   -2.97976908E-05
   1.80691435E+01    4.52647970E-05   -2.66023671E-05
   1.82628011E+01    4.03972071E-05   -2.37230513E-05
   1.84585342E+01    3.60123764E-05   -2.11314367E-05
   1.86563651E+01    3.20669154E-05   -1.88014461E-05
   1.88563163E+01    2.85208705E-05   -1.67090860E-05
   1.90584105E+01    2.53374961E-05   -1.48323076E-05
   1.92626707E+01    2.24830390E-05   -1.31508749E-05
   1.94691200E+01    1.99265320E-05   -1.16462383E-05
   1.96777820E+01    1.76396003E-05   -1.03014164E-05
   1.98886803E+01    1.55962760E-05   -9.10088255E-06
   2.01018389E+01    1.37728243E-05   -8.03045884E-06
   2.03172821E+01    1.21475785E-05   -7.07721508E-06
   2.05350343E+01    1.07007851E-05   -6.22937443E-06
   2.07551203E+01    9.41445703E-06   -5.47622388E-06
   2.09775651E+01    8.27223990E-06   -4.80803262E-06
   2.12023940E+01    7.25927835E-06   -4.21597085E-06
   2.14296324E+01    6.36210144E-06   -3.69203988E-06
   2.16593064E+01    5.56850453E-06   -3.22900048E-06
   2.18914418E+01    4.86745075E-06   -2.82031299E-06
   2.21260652E+01    4.24896534E-06   -2.46007334E-06
   2.23632032E+01    3.70405863E-06   -2.14296617E-06
   2.26028828E+01    3.22462235E-06   -1.86420257E-06
   2.28451311E+01    2.80336359E-06   -1.61947931E-06
   2.30899758E+01    2.43373312E-06   -1.40493801E-06
   2.33374446E+01    2.10985414E-06   -1.21711414E-06
   2.35875656E+01    1.82646056E-06   -1.05292697E-06
   2.38403674E+01    1.57884632E-06   -9.09529209E-07
   2.40958786E+01    1.36282433E-06   -7.84472053E-07
   2.43541282E+01    1.17464015E-06   -6.75633721E-07
   2.46151457E+01    1.01094544E-06   -5.81038659E-07
   2.48789606E+01    8.68763736E-07   -4.98945877E-07
   2.51456030E+01    7.45452161E-07   -4.27808181E-07
   2.54151032E+01    6.38667717E-07   -3.66256242E-07
   2.56874917E+01    5.46336420E-07   -3.13079142E-07
   2.59627996E+01    4.66625132E-07   -2.67207809E-07
   2.62410582E+01    3.97916223E-07   -2.27699879E-07
   2.65222989E+01    3.38784378E-07   -1.93725920E-07
   2.68065540E+01    2.87975756E-07   -1.64557062E-07
   2.70938555E+01    2.44389092E-07   -1.39553801E-07
   2.73842362E+01    2.07058503E-07   -1.18155829E-07
   2.76777291E+01    1.75139069E-07   -9.98735117E-08
   2.79743676E+01    1.47891424E-07   -8.42788101E-08
   2.82741853E+01    1.24671049E-07   -7.09989695E-08
   2.85772163E+01    1.04916261E-07   -5.97094591E-08
   2.88834950E+01    8.81386679E-08   -5.01283674E-08
   2.91930564E+01    7.39143748E-08   -4.20112455E-08
   2.95059355E+01    6.18758975E-08   -3.51463738E-08
   2.98221678E+01    5.17054641E-08   -2.93508437E-08
   3.01417895E+01    4.31285778E-08   -2.44667995E-08
   3.04648367E+01    3.59086622E-08   -2.03583158E-08
   3.07913462E+01    2.98421588E-08   -1.69085415E-08
   3.11213551E+01    2.47542074E-08   -1.40171875E-08
   3.14549009E+01    2.04949909E-08   -1.15984027E-08
   3.17920215E+01    1.69362525E-08   -9.57875329E-09
   3.21327552E+01    1.39684742E-08   -7.89558747E-09
   3.24771408E+01    1.14982787E-08   -6.49553124E-09
   3.28252173E+01    9.44628968E-09   -5.33325105E-09
   3.31770244E+01    7.74504797E-09   -4.37025036E-09
   3.35326020E+01    6.33741541E-09   -3.57394869E-09
   3.38919906E+01    5.17507134E-09   -2.91681499E-09
   3.42552309E+01    4.21721909E-09   -2.37562315E-09
   3.46223642E+01    3.42952549E-09   -1.93084185E-09
   3.49934324E+01    2.78310294E-09   -1.56605000E-09
   3.53684775E+01    2.25372741E-09   -1.26748782E-09
   3.57475422E+01    1.82112952E-09   -1.02365039E-09
   3.61306696E+01    1.46837858E-09   -8.24934770E-10
   3.65179031E+01    1.18136134E-09   -6.63341824E-10
   3.69092869E+01    9.48341779E-10   -5.32224498E-10
   3.73048653E+01    7.59580930E-10   -4.26070680E-10
   3.77046834E+01    6.07015740E-10   -3.40319955E-10
   3.81087866E+01    4.83984619E-10   -2.71207135E-10
   3.85172208E+01    3.84999509E-10   -2.15632409E-10
   3.89300324E+01    3.05540286E-10   -1.71044369E-10
   3.93472684E+01    2.41912022E-10   -1.35358777E-10
   3.97689761E+01    1.91074114E-10   -1.06861573E-10
   4.01952035E+01    1.50558276E-10   -8.41622365E-11
   4.06259991E+01    1.18342922E-10   -6.61225958E-11
   4.10614117E+01    9.27920113E-11   -5.18221304E-11
   4.15014909E+01    7.25773437E-11   -4.05139797E-11
   4.19462867E+01    5.66219857E-11   -3.15929392E-11
   4.23958496E+01    4.40636192E-11   -2.45747077E-11
   4.28502308E+01    3.42018190E-11   -1.90661317E-11
   4.33094818E+01    2.64781656E-11   -1.47539545E-11
   4.37736549E+01    2.04447519E-11   -1.13870568E-11
   4.42428028E+01    1.57444442E-11   -8.76532576E-12
   4.47169788E+01    1.20921957E-11   -6.72912957E-12
   4.51962369E+01    9.26199690E-12   -5.15196921E-12
   4.56806314E+01    7.07476741E-12   -3.93366688E-12
   4.61702175E+01    5.38907665E-12   -2.99514890E-12
   4.66650508E+01    4.09354408E-12   -2.27417574E-12
   4.71651875E+01    3.10063016E-12   -1.72185593E-12
   4.76706844E+01    2.34184343E-12   -1.29995649E-12
   4.81815991E+01    1.76369323E-12   -9.78633334E-13
   4.86979895E+01    1.32431401E-12   -7.34540141E-13
   4.92199144E+01    9.91520832E-13   -5.49738231E-13
   4.97474330E+01    7.40124831E-13   -4.10194922E-13
   5.02806054E+01    5.50809473E-13   -3.05154423E-13
   5.08194921E+01    4.08663736E-13   -2.26317953E-13
   5.13641544E+01    3.02270642E-13   -1.67334397E-13
   5.19146541E+01    2.22874869E-13   -1.23335565E-13
   5.24710539E+01    1.63815584E-13   -9.06195836E-14
   5.30334169E+01    1.20027597E-13   -6.63726716E-14
   5.36018071E+01    8.76561498E-14   -4.84544218E-14
   5.41762891E+01    6.38159088E-14   -3.52634430E-14
   5.47569281E+01    4.63005788E-14   -2.55757393E-14
   5.53437902E+01    3.34821358E-14   -1.84885390E-14
   5.59369420E+01    2.41314116E-14   -1.33205278E-14
   5.65364510E+01    1.73342740E-14   -9.56522631E-15
   5.71423852E+01    1.24078593E-14   -6.84445277E-15
   5.77548137E+01    8.85086303E-15   -4.88069096E-15
   5.83738058E+01    6.29063847E-15   -3.46773112E-15
   5.89994321E+01    4.45701567E-15   -2.45613512E-15
   5.96317636E+01    3.14605453E-15   -1.73313634E-15
   6.02708721E+01    2.21061577E-15   -1.21741346E-15
   6.09168304E+01    1.54982833E-15   -8.53238668E-16
   6.15697117E+01    1.08203337E-15   -5.95512236E-16
   6.22295904E+01    7.52649383E-16   -4.14101495E-16
   6.28965414E+01    5.21026351E-16   -2.86574707E-16
   6.35706405E+01    3.59637730E-16   -1.97747088E-16
   6.42519642E+01    2.47488139E-16   -1.36040826E-16
   6.49405902E+01    1.69312272E-16   -9.30402423E-17
   6.56365965E+01    1.15658234E-16   -6.35377622E-17
   6.63400624E+01    7.79945875E-17   -4.28334149E-17
   6.70510677E+01    5.22822047E-17   -2.87032401E-17
   6.77696933E+01    3.54373767E-17   -1.94499993E-17
   6.84960208E+01    2.41862198E-17   -1.32717934E-17
   6.92301328E+01    1.62176913E-17   -8.89689956E-18
   6.99721127E+01    1.07545757E-17   -5.89814959E-18
   7.07220448E+01    7.09357246E-18   -3.88912637E-18
   7.14800144E+01    4.59599928E-18    0.00000000E+00
   7.22461075E+01    2.96336554E-18    0.00000000E+00
   7.30204114E+01    1.95744529E-18    0.00000000E+00
   7.38030139E+01    1.32420618E-18    0.00000000E+00
   7.45940041E+01    8.74337291E-19    0.00000000E+00
   7.53934717E+01    5.62390787E-19    0.00000000E+00
   7.62015077E+01    3.57303433E-19    0.00000000E+00
   7.70182039E+01    2.25820281E-19    0.00000000E+00
   7.78436531E+01    1.37280557E-19    0.00000000E+00
   7.86779492E+01    7.99203789E-20    0.00000000E+00
   7.95211868E+01    4.67860015E-20    0.00000000E+00
   8.03734620E+01    3.04327806E-20    0.00000000E+00
   8.12348714E+01    2.29032146E-20    0.00000000E+00
   8.21055132E+01    1.75299364E-20    0.00000000E+00
   8.29854860E+01    1.30517250E-20    0.00000000E+00
   8.38748901E+01    0.00000000E+00    0.00000000E+00
   8.47738264E+01    0.00000000E+00    0.00000000E+00
   8.56823972E+01    0.00000000E+00    0.00000000E+00
   8.66007056E+01    0.00000000E+00    0.00000000E+00
   8.75288561E+01    0.00000000E+00    0.00000000E+00
   8.84669542E+01    0.00000000E+00    0.00000000E+00
   8.94151063E+01    0.00000000E+00    0.00000000E+00
   9.03734204E+01    0.00000000E+00    0.00000000E+00
   9.13420053E+01    0.00000000E+00    0.00000000E+00
   9.23209711E+01    0.00000000E+00    0.00000000E+00
   9.33104290E+01    0.00000000E+00    0.00000000E+00
   9.43104916E+01    0.00000000E+00    0.00000000E+00
   9.53212723E+01    0.00000000E+00    0.00000000E+00
   9.63428863E+01    0.00000000E+00    0.00000000E+00
   9.73754494E+01    0.00000000E+00    0.00000000E+00
   9.84190791E+01    0.00000000E+00    0.00000000E+00
   9.94738941E+01    0.00000000E+00    0.00000000E+00
   1.00540014E+02    0.00000000E+00    0.00000000E+00
   1.01617560E+02    0.00000000E+00    0.00000000E+00
   1.02706655E+02    0.00000000E+00    0.00000000E+00
   1.03807423E+02    0.00000000E+00    0.00000000E+00
   1.04919988E+02    0.00000000E+00    0.00000000E+00
   1.06044477E+02    0.00000000E+00    0.00000000E+00
   1.07181017E+02    0.00000000E+00    0.00000000E+00
   1.08329739E+02    0.00000000E+00    0.00000000E+00
   1.09490772E+02    0.00000000E+00    0.00000000E+00
   1.10664249E+02    0.00000000E+00    0.00000000E+00
   1.11850303E+02    0.00000000E+00    0.00000000E+00
   1.13049068E+02    0.00000000E+00    0.00000000E+00
   1.14260681E+02    0.00000000E+00    0.00000000E+00
   1.15485280E+02    0.00000000E+00    0.00000000E+00
   1.16723003E+02    0.00000000E+00    0.00000000E+00
   1.17973992E+02    0.00000000E+00    0.00000000E+00
   1.19238388E+02    0.00000000E+00    0.00000000E+00
   1.20516336E+02    0.00000000E+00    0.00000000E+00
   1.21807980E+02    0.00000000E+00    0.00000000E+00
   1.23113468E+02    0.00000000E+00    0.00000000E+00
   1.24432947E+02    0.00000000E+00    0.00000000E+00
   1.25766567E+02    0.00000000E+00    0.00000000E+00
   1.27114481E+02    0.00000000E+00    0.00000000E+00
   1.28476842E+02    0.00000000E+00    0.00000000E+00
   1.29853803E+02    0.00000000E+00    0.00000000E+00
   1.31245523E+02    0.00000000E+00    0.00000000E+00
   1.32652158E+02    0.00000000E+00    0.00000000E+00
   1.34073869E+02    0.00000000E+00    0.00000000E+00
   1.35510817E+02    0.00000000E+00    0.00000000E+00
   1.36963166E+02    0.00000000E+00    0.00000000E+00
   1.38431080E+02    0.00000000E+00    0.00000000E+00
   1.39914727E+02    0.00000000E+00    0.00000000E+00
   1.41414275E+02    0.00000000E+00    0.00000000E+00
   1.42929895E+02    0.00000000E+00    0.00000000E+00
   1.44461758E+02    0.00000000E+00    0.00000000E+00
   1.46010040E+02    0.00000000E+00    0.00000000E+00
   1.47574915E+02    0.00000000E+00    0.00000000E+00
   1.49156562E+02    0.00000000E+00    0.00000000E+00
   1.50755160E+02    0.00000000E+00    0.00000000E+00
   1.52370891E+02    0.00000000E+00    0.00000000E+00
   1.54003939E+02    0.00000000E+00    0.00000000E+00
   1.55654490E+02    0.00000000E+00    0.00000000E+00
   1.57322730E+02    0.00000000E+00    0.00000000E+00
   1.59008850E+02    0.00000000E+00    0.00000000E+00
   1.60713041E+02    0.00000000E+00    0.00000000E+00
   1.62435497E+02    0.00000000E+00    0.00000000E+00
   1.64176413E+02    0.00000000E+00    0.00000000E+00
   1.65935988E+02    0.00000000E+00    0.00000000E+00
   1.67714421E+02    0.00000000E+00    0.00000000E+00
   1.69511915E+02    0.00000000E+00    0.00000000E+00
   1.71328673E+02    0.00000000E+00    0.00000000E+00
   1.73164903E+02    0.00000000E+00    0.00000000E+00
   1.75020813E+02    0.00000000E+00    0.00000000E+00
   1.76896613E+02    0.00000000E+00    0.00000000E+00
   1.78792518E+02    0.00000000E+00    0.00000000E+00
   1.80708742E+02    0.00000000E+00    0.00000000E+00
   1.82645504E+02    0.00000000E+00    0.00000000E+00
   1.84603022E+02    0.00000000E+00    0.00000000E+00
   1.86581521E+02    0.00000000E+00    0.00000000E+00
   1.88581225E+02    0.00000000E+00    0.00000000E+00
   1.90602360E+02    0.00000000E+00    0.00000000E+00
   1.92645157E+02    0.00000000E+00    0.00000000E+00
   1.94709848E+02    0.00000000E+00    0.00000000E+00
   1.96796668E+02    0.00000000E+00    0.00000000E+00
   1.98905853E+02    0.00000000E+00    0.00000000E+00
   2.01037644E+02    0.00000000E+00    0.00000000E+00
   2.03192282E+02    0.00000000E+00    0.00000000E+00
   2.05370012E+02    0.00000000E+00    0.00000000E+00
   2.07571083E+02    0.00000000E+00    0.00000000E+00
   2.09795744E+02    0.00000000E+00    0.00000000E+00
   2.12044248E+02    0.00000000E+00    0.00000000E+00
   2.14316850E+02    0.00000000E+00    0.00000000E+00
   2.16613810E+02    0.00000000E+00    0.00000000E+00
   2.18935387E+02    0.00000000E+00    0.00000000E+00
   2.21281846E+02    0.00000000E+00    0.00000000E+00
   2.23653453E+02    0.00000000E+00    0.00000000E+00
   2.26050478E+02    0.00000000E+00    0.00000000E+00
   2.28473193E+02    0.00000000E+00    0.00000000E+00
