# Peaks:     0.062905      0.248845      0.786954  
   7.07106763E-05    1.47955815E-01    1.46739334E+03
   7.14685241E-05    1.49058053E-01    1.46265445E+03
   7.22344941E-05    1.50171673E-01    1.45797169E+03
   7.30086735E-05    1.51296345E-01    1.45333943E+03
   7.37911502E-05    1.52431711E-01    1.44875195E+03
   7.45820132E-05    1.53577382E-01    1.44420343E+03
   7.53813523E-05    1.54732943E-01    1.43968789E+03
   7.61892585E-05    1.55897942E-01    1.43519924E+03
   7.70058234E-05    1.57071897E-01    1.43073127E+03
   7.78311399E-05    1.58254293E-01    1.42627763E+03
   7.86653018E-05    1.59444659E-01    1.42183271E+03
   7.95084039E-05    1.60643013E-01    1.41739611E+03
   8.03605421E-05    1.61849562E-01    1.41296938E+03
   8.12218131E-05    1.63064528E-01    1.40855415E+03
   8.20923148E-05    1.64288143E-01    1.40415207E+03
   8.29721463E-05    1.65520656E-01    1.39976487E+03
   8.38614074E-05    1.66762326E-01    1.39539432E+03
   8.47601992E-05    1.68013430E-01    1.39104226E+03
   8.56686239E-05    1.69274254E-01    1.38671052E+03
   8.65867847E-05    1.70544964E-01    1.38239977E+03
   8.75147860E-05    1.71825593E-01    1.37810940E+03
   8.84527333E-05    1.73116165E-01    1.37383873E+03
   8.94007330E-05    1.74416702E-01    1.36958710E+03
   9.03588931E-05    1.75727227E-01    1.36535384E+03
   9.13273222E-05    1.77047759E-01    1.36113827E+03
   9.23061307E-05    1.78378315E-01    1.35693970E+03
   9.32954295E-05    1.79718914E-01    1.35275749E+03
   9.42953313E-05    1.81069609E-01    1.34859131E+03
   9.53059496E-05    1.82430492E-01    1.34444119E+03
   9.63273993E-05    1.83801656E-01    1.34030716E+03
   9.73597965E-05    1.85183201E-01    1.33618928E+03
   9.84032585E-05    1.86575227E-01    1.33208762E+03
   9.94579038E-05    1.87977839E-01    1.32800228E+03
   1.00523852E-04    1.89391147E-01    1.32393335E+03
   1.01601225E-04    1.90815259E-01    1.31988094E+03
   1.02690145E-04    1.92250265E-01    1.31584497E+03
   1.03790736E-04    1.93696242E-01    1.31182530E+03
   1.04903122E-04    1.95153272E-01    1.30782178E+03
   1.06027430E-04    1.96621435E-01    1.30383430E+03
   1.07163788E-04    1.98100818E-01    1.29986274E+03
   1.08312325E-04    1.99591505E-01    1.29590699E+03
   1.09473172E-04    2.01093586E-01    1.29196695E+03
   1.10646460E-04    2.02607151E-01    1.28804254E+03
   1.11832323E-04    2.04132291E-01    1.28413368E+03
   1.13030895E-04    2.05669095E-01    1.28024027E+03
   1.14242314E-04    2.07217653E-01    1.27636223E+03
   1.15466716E-04    2.08778060E-01    1.27249951E+03
   1.16704240E-04    2.10350411E-01    1.26865203E+03
   1.17955028E-04    2.11934806E-01    1.26481977E+03
   1.19219221E-04    2.13531347E-01    1.26100268E+03
   1.20496963E-04    2.15140138E-01    1.25720075E+03
   1.21788400E-04    2.16761281E-01    1.25341394E+03
   1.23093677E-04    2.18394872E-01    1.24964215E+03
   1.24412944E-04    2.20041006E-01    1.24588531E+03
   1.25746351E-04    2.21699780E-01    1.24214333E+03
   1.27094048E-04    2.23371295E-01    1.23841615E+03
   1.28456189E-04    2.25055654E-01    1.23470372E+03
   1.29832930E-04    2.26752963E-01    1.23100599E+03
   1.31224425E-04    2.28463330E-01    1.22732293E+03
   1.32630834E-04    2.30186867E-01    1.22365451E+03
   1.34052317E-04    2.31923677E-01    1.22000066E+03
   1.35489034E-04    2.33673862E-01    1.21636131E+03
   1.36941149E-04    2.35437526E-01    1.21273638E+03
   1.38408828E-04    2.37214777E-01    1.20912581E+03
   1.39892236E-04    2.39005725E-01    1.20552955E+03
   1.41391543E-04    2.40810482E-01    1.20194756E+03
   1.42906919E-04    2.42629164E-01    1.19837981E+03
   1.44438536E-04    2.44461891E-01    1.19482629E+03
   1.45986569E-04    2.46308780E-01    1.19128697E+03
   1.47551192E-04    2.48169941E-01    1.18776177E+03
   1.49132585E-04    2.50045484E-01    1.18425061E+03
   1.50730926E-04    2.51935522E-01    1.18075343E+03
   1.52346398E-04    2.53840174E-01    1.17727019E+03
   1.53979183E-04    2.55759557E-01    1.17380082E+03
   1.55629469E-04    2.57693794E-01    1.17034532E+03
   1.57297441E-04    2.59643013E-01    1.16690365E+03
   1.58983290E-04    2.61607341E-01    1.16347581E+03
   1.60687207E-04    2.63586900E-01    1.16006174E+03
   1.62409386E-04    2.65581809E-01    1.15666137E+03
   1.64150022E-04    2.67592189E-01    1.15327463E+03
   1.65909314E-04    2.69618162E-01    1.14990147E+03
   1.67687461E-04    2.71659857E-01    1.14654184E+03
   1.69484666E-04    2.73717403E-01    1.14319571E+03
   1.71301133E-04    2.75790935E-01    1.13986306E+03
   1.73137067E-04    2.77880589E-01    1.13654387E+03
   1.74992679E-04    2.79986504E-01    1.13323813E+03
   1.76868178E-04    2.82108807E-01    1.12994577E+03
   1.78763777E-04    2.84247626E-01    1.12666672E+03
   1.80679694E-04    2.86403094E-01    1.12340092E+03
   1.82616144E-04    2.88575345E-01    1.12014833E+03
   1.84573348E-04    2.90764518E-01    1.11690890E+03
   1.86551529E-04    2.92970755E-01    1.11368261E+03
   1.88550911E-04    2.95194203E-01    1.11046944E+03
   1.90571721E-04    2.97435010E-01    1.10726940E+03
   1.92614190E-04    2.99693320E-01    1.10408243E+03
   1.94678549E-04    3.01969270E-01    1.10090847E+03
   1.96765033E-04    3.04263000E-01    1.09774745E+03
   1.98873879E-04    3.06574655E-01    1.09459933E+03
   2.01005327E-04    3.08904382E-01    1.09146406E+03
   2.03159619E-04    3.11252331E-01    1.08834160E+03
   2.05337000E-04    3.13618660E-01    1.08523194E+03
   2.07537717E-04    3.16003526E-01    1.08213508E+03
   2.09762020E-04    3.18407089E-01    1.07905100E+03
   2.12010162E-04    3.20829500E-01    1.07597963E+03
   2.14282399E-04    3.23270908E-01    1.07292091E+03
   2.16578989E-04    3.25731467E-01    1.06987478E+03
   2.18900193E-04    3.28211333E-01    1.06684120E+03
   2.21246275E-04    3.30710668E-01    1.06382013E+03
   2.23617501E-04    3.33229638E-01    1.06081155E+03
   2.26014141E-04    3.35768411E-01    1.05781544E+03
   2.28436467E-04    3.38327163E-01    1.05483181E+03
   2.30884754E-04    3.40906059E-01    1.05186060E+03
   2.33359281E-04    3.43505259E-01    1.04890176E+03
   2.35860329E-04    3.46124928E-01    1.04595522E+03
   2.38388183E-04    3.48765233E-01    1.04302092E+03
   2.40943128E-04    3.51426346E-01    1.04009884E+03
   2.43525457E-04    3.54108445E-01    1.03718894E+03
   2.46135462E-04    3.56811709E-01    1.03429121E+03
   2.48773440E-04    3.59536326E-01    1.03140563E+03
   2.51439691E-04    3.62282479E-01    1.02853220E+03
   2.54134517E-04    3.65050343E-01    1.02567085E+03
   2.56858226E-04    3.67840093E-01    1.02282150E+03
   2.59611126E-04    3.70651908E-01    1.01998412E+03
   2.62393530E-04    3.73485973E-01    1.01715865E+03
   2.65205755E-04    3.76342475E-01    1.01434506E+03
   2.68048121E-04    3.79221609E-01    1.01154333E+03
   2.70920950E-04    3.82123572E-01    1.00875344E+03
   2.73824568E-04    3.85048567E-01    1.00597540E+03
   2.76759306E-04    3.87996785E-01    1.00320915E+03
   2.79725498E-04    3.90968413E-01    1.00045463E+03
   2.82723480E-04    3.93963645E-01    9.97711775E+02
   2.85753593E-04    3.96982677E-01    9.94980535E+02
   2.88816182E-04    4.00025709E-01    9.92260874E+02
   2.91911594E-04    4.03092950E-01    9.89552765E+02
   2.95040182E-04    4.06184610E-01    9.86856193E+02
   2.98202300E-04    4.09300907E-01    9.84171152E+02
   3.01398309E-04    4.12442054E-01    9.81497616E+02
   3.04628571E-04    4.15608253E-01    9.78835515E+02
   3.07893454E-04    4.18799710E-01    9.76184785E+02
   3.11193328E-04    4.22016636E-01    9.73545372E+02
   3.14528570E-04    4.25259245E-01    9.70917234E+02
   3.17899557E-04    4.28527760E-01    9.68300339E+02
   3.21306672E-04    4.31822405E-01    9.65694665E+02
   3.24750304E-04    4.35143415E-01    9.63100203E+02
   3.28230843E-04    4.38491022E-01    9.60516942E+02
   3.31748686E-04    4.41865449E-01    9.57944822E+02
   3.35304231E-04    4.45266914E-01    9.55383774E+02
   3.38897883E-04    4.48695645E-01    9.52833738E+02
   3.42530050E-04    4.52151872E-01    9.50294667E+02
   3.46201145E-04    4.55635831E-01    9.47766524E+02
   3.49911585E-04    4.59147764E-01    9.45249281E+02
   3.53661793E-04    4.62687920E-01    9.42742926E+02
   3.57452194E-04    4.66256553E-01    9.40247451E+02
   3.61283218E-04    4.69853906E-01    9.37762813E+02
   3.65155302E-04    4.73480217E-01    9.35288939E+02
   3.69068885E-04    4.77135727E-01    9.32825764E+02
   3.73024413E-04    4.80820684E-01    9.30373236E+02
   3.77022334E-04    4.84535340E-01    9.27931312E+02
   3.81063103E-04    4.88279955E-01    9.25499961E+02
   3.85147180E-04    4.92054796E-01    9.23079163E+02
   3.89275028E-04    4.95860135E-01    9.20668911E+02
   3.93447116E-04    4.99696239E-01    9.18269176E+02
   3.97663919E-04    5.03563367E-01    9.15879886E+02
   4.01925916E-04    5.07461775E-01    9.13500972E+02
   4.06233592E-04    5.11391731E-01    9.11132375E+02
   4.10587435E-04    5.15353506E-01    9.08774049E+02
   4.14987941E-04    5.19347377E-01    9.06425957E+02
   4.19435610E-04    5.23373630E-01    9.04088075E+02
   4.23930947E-04    5.27432556E-01    9.01760389E+02
   4.28474464E-04    5.31524449E-01    8.99442886E+02
   4.33066676E-04    5.35649589E-01    8.97135496E+02
   4.37708105E-04    5.39808252E-01    8.94838146E+02
   4.42399279E-04    5.44000724E-01    8.92550771E+02
   4.47140731E-04    5.48227296E-01    8.90273317E+02
   4.51933000E-04    5.52488264E-01    8.88005742E+02
   4.56776631E-04    5.56783934E-01    8.85748015E+02
   4.61672174E-04    5.61114618E-01    8.83500117E+02
   4.66620185E-04    5.65480636E-01    8.81262040E+02
   4.71621227E-04    5.69882294E-01    8.79033737E+02
   4.76675868E-04    5.74319893E-01    8.76815127E+02
   4.81784682E-04    5.78793736E-01    8.74606137E+02
   4.86948251E-04    5.83304135E-01    8.72406707E+02
   4.92167161E-04    5.87851408E-01    8.70216787E+02
   4.97442005E-04    5.92435881E-01    8.68036338E+02
   5.02773382E-04    5.97057888E-01    8.65865335E+02
   5.08161899E-04    6.01717770E-01    8.63703764E+02
   5.13608168E-04    6.06415864E-01    8.61551591E+02
   5.19112807E-04    6.11152495E-01    8.59408737E+02
   5.24676443E-04    6.15927992E-01    8.57275130E+02
   5.30299708E-04    6.20742689E-01    8.55150709E+02
   5.35983241E-04    6.25596931E-01    8.53035422E+02
   5.41727687E-04    6.30491069E-01    8.50929234E+02
   5.47533700E-04    6.35425463E-01    8.48832117E+02
   5.53401940E-04    6.40400481E-01    8.46744057E+02
   5.59333072E-04    6.45416480E-01    8.44665006E+02
   5.65327773E-04    6.50473805E-01    8.42594872E+02
   5.71386721E-04    6.55572809E-01    8.40533575E+02
   5.77510608E-04    6.60713850E-01    8.38481044E+02
   5.83700127E-04    6.65897295E-01    8.36437219E+02
   5.89955983E-04    6.71123518E-01    8.34402054E+02
   5.96278887E-04    6.76392904E-01    8.32375515E+02
   6.02669557E-04    6.81705846E-01    8.30357579E+02
   6.09128720E-04    6.87062744E-01    8.28348237E+02
   6.15657109E-04    6.92463988E-01    8.26347439E+02
   6.22255467E-04    6.97909953E-01    8.24355094E+02
   6.28924544E-04    7.03401022E-01    8.22371118E+02
   6.35665096E-04    7.08937587E-01    8.20395440E+02
   6.42477892E-04    7.14520046E-01    8.18428001E+02
   6.49363704E-04    7.20148807E-01    8.16468755E+02
   6.56323315E-04    7.25824288E-01    8.14517668E+02
   6.63357516E-04    7.31546916E-01    8.12574720E+02
   6.70467107E-04    7.37317112E-01    8.10639866E+02
   6.77652896E-04    7.43135282E-01    8.08713015E+02
   6.84915699E-04    7.49001836E-01    8.06794080E+02
   6.92256342E-04    7.54917195E-01    8.04882986E+02
   6.99675659E-04    7.60881788E-01    8.02979671E+02
   7.07174493E-04    7.66896052E-01    8.01084086E+02
   7.14753696E-04    7.72960436E-01    7.99196196E+02
   7.22414130E-04    7.79075397E-01    7.97315978E+02
   7.30156666E-04    7.85241392E-01    7.95443394E+02
   7.37982182E-04    7.91458856E-01    7.93578350E+02
   7.45891570E-04    7.97728229E-01    7.91720751E+02
   7.53885727E-04    8.04049962E-01    7.89870516E+02
   7.61965562E-04    8.10424513E-01    7.88027579E+02
   7.70131993E-04    8.16852351E-01    7.86191884E+02
   7.78385949E-04    8.23333954E-01    7.84363389E+02
   7.86728367E-04    8.29869812E-01    7.82542069E+02
   7.95160196E-04    8.36460417E-01    7.80727891E+02
   8.03682393E-04    8.43106239E-01    7.78920761E+02
   8.12295928E-04    8.49807749E-01    7.77120580E+02
   8.21001780E-04    8.56565429E-01    7.75327261E+02
   8.29800937E-04    8.63379769E-01    7.73540731E+02
   8.38694399E-04    8.70251270E-01    7.71760931E+02
   8.47683179E-04    8.77180445E-01    7.69987813E+02
   8.56768296E-04    8.84167815E-01    7.68221349E+02
   8.65950784E-04    8.91213911E-01    7.66461509E+02
   8.75231685E-04    8.98319239E-01    7.64708204E+02
   8.84612056E-04    9.05484301E-01    7.62961325E+02
   8.94092962E-04    9.12709611E-01    7.61220777E+02
   9.03675480E-04    9.19995692E-01    7.59486476E+02
   9.13360699E-04    9.27343076E-01    7.57758353E+02
   9.23149721E-04    9.34752308E-01    7.56036354E+02
   9.33043657E-04    9.42223944E-01    7.54320441E+02
   9.43043633E-04    9.49758550E-01    7.52610587E+02
   9.53150784E-04    9.57356681E-01    7.50906726E+02
   9.63366259E-04    9.65018876E-01    7.49208749E+02
   9.73691220E-04    9.72745682E-01    7.47516554E+02
   9.84126839E-04    9.80537659E-01    7.45830055E+02
   9.94674303E-04    9.88395375E-01    7.44149180E+02
   1.00533481E-03    9.96319412E-01    7.42473871E+02
   1.01610957E-03    1.00431036E+00    7.40804087E+02
   1.02699981E-03    1.01236883E+00    7.39139793E+02
   1.03800677E-03    1.02049539E+00    7.37480893E+02
   1.04913170E-03    1.02869061E+00    7.35827271E+02
   1.06037586E-03    1.03695509E+00    7.34178828E+02
   1.07174053E-03    1.04528943E+00    7.32535476E+02
   1.08322700E-03    1.05369422E+00    7.30897142E+02
   1.09483658E-03    1.06217009E+00    7.29263771E+02
   1.10657058E-03    1.07071768E+00    7.27635322E+02
   1.11843035E-03    1.07933762E+00    7.26011765E+02
   1.13041722E-03    1.08803054E+00    7.24393003E+02
   1.14253256E-03    1.09679704E+00    7.22778914E+02
   1.15477775E-03    1.10563774E+00    7.21169388E+02
   1.16715418E-03    1.11455329E+00    7.19564330E+02
   1.17966326E-03    1.12354431E+00    7.17963660E+02
   1.19230640E-03    1.13261148E+00    7.16367316E+02
   1.20508505E-03    1.14175546E+00    7.14775251E+02
   1.21800065E-03    1.15097694E+00    7.13187433E+02
   1.23105468E-03    1.16027657E+00    7.11603785E+02
   1.24424861E-03    1.16965501E+00    7.10024177E+02
   1.25758395E-03    1.17911292E+00    7.08448491E+02
   1.27106222E-03    1.18865096E+00    7.06876626E+02
   1.28468493E-03    1.19826982E+00    7.05308492E+02
   1.29845366E-03    1.20797019E+00    7.03744021E+02
   1.31236994E-03    1.21775278E+00    7.02183158E+02
   1.32643538E-03    1.22761831E+00    7.00625869E+02
   1.34065157E-03    1.23756749E+00    6.99072098E+02
   1.35502011E-03    1.24760102E+00    6.97521715E+02
   1.36954266E-03    1.25771958E+00    6.95974589E+02
   1.38422085E-03    1.26792389E+00    6.94430605E+02
   1.39905636E-03    1.27821466E+00    6.92889662E+02
   1.41405086E-03    1.28859261E+00    6.91351679E+02
   1.42920607E-03    1.29905849E+00    6.89816589E+02
   1.44452371E-03    1.30961305E+00    6.88284345E+02
   1.46000552E-03    1.32025707E+00    6.86754916E+02
   1.47565325E-03    1.33099128E+00    6.85228207E+02
   1.49146869E-03    1.34181642E+00    6.83704080E+02
   1.50745364E-03    1.35273322E+00    6.82182409E+02
   1.52360990E-03    1.36374244E+00    6.80663084E+02
   1.53993932E-03    1.37484484E+00    6.79146012E+02
   1.55644375E-03    1.38604120E+00    6.77631118E+02
   1.57312507E-03    1.39733231E+00    6.76118346E+02
   1.58998518E-03    1.40871898E+00    6.74607658E+02
   1.60702598E-03    1.42020199E+00    6.73098979E+02
   1.62424942E-03    1.43178211E+00    6.71592165E+02
   1.64165745E-03    1.44346012E+00    6.70087077E+02
   1.65925205E-03    1.45523679E+00    6.68583594E+02
   1.67703523E-03    1.46711293E+00    6.67081612E+02
   1.69500900E-03    1.47908935E+00    6.65581046E+02
   1.71317540E-03    1.49116687E+00    6.64081827E+02
   1.73153651E-03    1.50334633E+00    6.62583908E+02
   1.75009440E-03    1.51562858E+00    6.61087259E+02
   1.76885119E-03    1.52801444E+00    6.59591794E+02
   1.78780900E-03    1.54050473E+00    6.58097354E+02
   1.80697000E-03    1.55310024E+00    6.56603792E+02
   1.82633635E-03    1.56580181E+00    6.55110976E+02
   1.84591027E-03    1.57861025E+00    6.53618793E+02
   1.86569397E-03    1.59152643E+00    6.52127148E+02
   1.88568971E-03    1.60455119E+00    6.50635962E+02
   1.90589975E-03    1.61768541E+00    6.49145181E+02
   1.92632639E-03    1.63092997E+00    6.47654767E+02
   1.94697196E-03    1.64428577E+00    6.46164668E+02
   1.96783880E-03    1.65775364E+00    6.44674738E+02
   1.98892928E-03    1.67133444E+00    6.43184828E+02
   2.01024580E-03    1.68502900E+00    6.41694805E+02
   2.03179078E-03    1.69883822E+00    6.40204555E+02
   2.05356668E-03    1.71276296E+00    6.38713982E+02
   2.07557595E-03    1.72680412E+00    6.37223010E+02
   2.09782112E-03    1.74096260E+00    6.35731582E+02
   2.12030469E-03    1.75523934E+00    6.34239660E+02
   2.14302924E-03    1.76963522E+00    6.32747133E+02
   2.16599734E-03    1.78415109E+00    6.31253837E+02
   2.18921160E-03    1.79878785E+00    6.29759627E+02
   2.21267467E-03    1.81354638E+00    6.28264370E+02
   2.23638920E-03    1.82842758E+00    6.26767957E+02
   2.26035789E-03    1.84343235E+00    6.25270293E+02
   2.28458347E-03    1.85856163E+00    6.23771308E+02
   2.30906869E-03    1.87381635E+00    6.22270951E+02
   2.33381633E-03    1.88919747E+00    6.20769193E+02
   2.35882921E-03    1.90470592E+00    6.19265960E+02
   2.38411016E-03    1.92034258E+00    6.17761083E+02
   2.40966207E-03    1.93610834E+00    6.16254394E+02
   2.43548783E-03    1.95200411E+00    6.14745745E+02
   2.46159038E-03    1.96803080E+00    6.13235004E+02
   2.48797268E-03    1.98418932E+00    6.11722060E+02
   2.51463775E-03    2.00048062E+00    6.10206819E+02
   2.54158859E-03    2.01690563E+00    6.08689211E+02
   2.56882828E-03    2.03346532E+00    6.07169185E+02
   2.59635992E-03    2.05016065E+00    6.05646716E+02
   2.62418663E-03    2.06699259E+00    6.04121748E+02
   2.65231158E-03    2.08396204E+00    6.02594117E+02
   2.68073796E-03    2.10106990E+00    6.01063648E+02
   2.70946899E-03    2.11831707E+00    5.99530188E+02
   2.73850796E-03    2.13570447E+00    5.97993598E+02
   2.76785815E-03    2.15323304E+00    5.96453761E+02
   2.79752291E-03    2.17090371E+00    5.94910579E+02
   2.82750560E-03    2.18871742E+00    5.93363974E+02
   2.85780964E-03    2.20667513E+00    5.91813891E+02
   2.88843846E-03    2.22477783E+00    5.90260298E+02
   2.91939555E-03    2.24302646E+00    5.88703144E+02
   2.95068442E-03    2.26142192E+00    5.87142269E+02
   2.98230863E-03    2.27996512E+00    5.85577501E+02
   3.01427178E-03    2.29865696E+00    5.84008687E+02
   3.04657750E-03    2.31749834E+00    5.82435692E+02
   3.07922945E-03    2.33649019E+00    5.80858399E+02
   3.11223136E-03    2.35563342E+00    5.79276713E+02
   3.14558696E-03    2.37492897E+00    5.77690560E+02
   3.17930006E-03    2.39437780E+00    5.76099887E+02
   3.21337448E-03    2.41398084E+00    5.74504663E+02
   3.24781410E-03    2.43373901E+00    5.72904790E+02
   3.28262283E-03    2.45365319E+00    5.71300098E+02
   3.31780462E-03    2.47372424E+00    5.69690429E+02
   3.35336347E-03    2.49395305E+00    5.68075643E+02
   3.38930344E-03    2.51434050E+00    5.66455617E+02
   3.42562859E-03    2.53488748E+00    5.64830250E+02
   3.46234305E-03    2.55559488E+00    5.63199463E+02
   3.49945101E-03    2.57646361E+00    5.61563196E+02
   3.53695668E-03    2.59749457E+00    5.59921413E+02
   3.57486432E-03    2.61868865E+00    5.58274017E+02
   3.61317823E-03    2.64004665E+00    5.56620843E+02
   3.65190278E-03    2.66156942E+00    5.54961738E+02
   3.69104236E-03    2.68325777E+00    5.53296567E+02
   3.73060142E-03    2.70511254E+00    5.51625215E+02
   3.77058447E-03    2.72713456E+00    5.49947585E+02
   3.81099603E-03    2.74932468E+00    5.48263605E+02
   3.85184070E-03    2.77168372E+00    5.46573221E+02
   3.89312314E-03    2.79421254E+00    5.44876385E+02
   3.93484802E-03    2.81691191E+00    5.43172958E+02
   3.97702009E-03    2.83978257E+00    5.41462786E+02
   4.01964414E-03    2.86282529E+00    5.39745732E+02
   4.06272503E-03    2.88604082E+00    5.38021676E+02
   4.10626763E-03    2.90942991E+00    5.36290520E+02
   4.15027691E-03    2.93299333E+00    5.34552188E+02
   4.19475785E-03    2.95673182E+00    5.32806621E+02
   4.23971553E-03    2.98064613E+00    5.31053759E+02
   4.28515505E-03    3.00473694E+00    5.29293461E+02
   4.33108156E-03    3.02900492E+00    5.27525588E+02
   4.37750030E-03    3.05345074E+00    5.25750022E+02
   4.42441654E-03    3.07807505E+00    5.23966660E+02
   4.47183560E-03    3.10287852E+00    5.22175421E+02
   4.51976288E-03    3.12786180E+00    5.20376247E+02
   4.56820383E-03    3.15302554E+00    5.18569089E+02
   4.61716395E-03    3.17837033E+00    5.16753823E+02
   4.66664880E-03    3.20389672E+00    5.14930296E+02
   4.71666401E-03    3.22960523E+00    5.13098368E+02
   4.76721526E-03    3.25549642E+00    5.11257922E+02
   4.81830830E-03    3.28157080E+00    5.09408856E+02
   4.86994893E-03    3.30782890E+00    5.07551091E+02
   4.92214302E-03    3.33427122E+00    5.05684567E+02
   4.97489652E-03    3.36089828E+00    5.03809248E+02
   5.02821540E-03    3.38771055E+00    5.01925087E+02
   5.08210573E-03    3.41470843E+00    5.00031949E+02
   5.13657363E-03    3.44189230E+00    4.98129695E+02
   5.19162530E-03    3.46926252E+00    4.96218200E+02
   5.24726699E-03    3.49681943E+00    4.94297361E+02
   5.30350502E-03    3.52456337E+00    4.92367090E+02
   5.36034579E-03    3.55249467E+00    4.90427323E+02
   5.41779576E-03    3.58061364E+00    4.88478015E+02
   5.47586145E-03    3.60892056E+00    4.86519114E+02
   5.53454947E-03    3.63741562E+00    4.84550491E+02
   5.59386647E-03    3.66609901E+00    4.82572016E+02
   5.65381922E-03    3.69497087E+00    4.80583578E+02
   5.71441451E-03    3.72403133E+00    4.78585082E+02
   5.77565924E-03    3.75328052E+00    4.76576454E+02
   5.83756036E-03    3.78271854E+00    4.74557637E+02
   5.90012492E-03    3.81234547E+00    4.72528599E+02
   5.96336001E-03    3.84216135E+00    4.70489280E+02
   6.02727283E-03    3.87216612E+00    4.68439557E+02
   6.09187065E-03    3.90235971E+00    4.66379316E+02
   6.15716079E-03    3.93274201E+00    4.64308458E+02
   6.22315069E-03    3.96331290E+00    4.62226904E+02
   6.28984785E-03    3.99407224E+00    4.60134593E+02
   6.35725983E-03    4.02501984E+00    4.58031486E+02
   6.42539431E-03    4.05615551E+00    4.55917539E+02
   6.49425902E-03    4.08747893E+00    4.53792648E+02
   6.56386180E-03    4.11898977E+00    4.51656713E+02
   6.63421055E-03    4.15068766E+00    4.49509648E+02
   6.70531327E-03    4.18257219E+00    4.47351389E+02
   6.77717804E-03    4.21464295E+00    4.45181887E+02
   6.84981303E-03    4.24689946E+00    4.43001114E+02
   6.92322649E-03    4.27934122E+00    4.40809015E+02
   6.99742676E-03    4.31196759E+00    4.38605482E+02
   7.07242229E-03    4.34477792E+00    4.36390424E+02
   7.14822158E-03    4.37777153E+00    4.34163763E+02
   7.22483326E-03    4.41094767E+00    4.31925440E+02
   7.30226603E-03    4.44430560E+00    4.29675414E+02
   7.38052869E-03    4.47784451E+00    4.27413663E+02
   7.45963014E-03    4.51156356E+00    4.25140178E+02
   7.53957937E-03    4.54546179E+00    4.22854887E+02
   7.62038546E-03    4.57953818E+00    4.20557700E+02
   7.70205759E-03    4.61379165E+00    4.18248541E+02
   7.78460505E-03    4.64822110E+00    4.15927351E+02
   7.86803723E-03    4.68282534E+00    4.13594088E+02
   7.95236359E-03    4.71760320E+00    4.11248731E+02
   8.03759373E-03    4.75255341E+00    4.08891274E+02
   8.12373733E-03    4.78767465E+00    4.06521691E+02
   8.21080418E-03    4.82296547E+00    4.04139907E+02
   8.29880418E-03    4.85842436E+00    4.01745860E+02
   8.38774733E-03    4.89404977E+00    3.99339504E+02
   8.47764373E-03    4.92984010E+00    3.96920807E+02
   8.56850360E-03    4.96579369E+00    3.94489760E+02
   8.66033728E-03    5.00190883E+00    3.92046367E+02
   8.75315518E-03    5.03818371E+00    3.89590606E+02
   8.84696788E-03    5.07461640E+00    3.87122421E+02
   8.94178601E-03    5.11120492E+00    3.84641770E+02
   9.03762037E-03    5.14794722E+00    3.82148623E+02
   9.13448185E-03    5.18484119E+00    3.79642973E+02
   9.23238144E-03    5.22188467E+00    3.77124824E+02
   9.33133028E-03    5.25907543E+00    3.74594201E+02
   9.43133961E-03    5.29641111E+00    3.72051088E+02
   9.53242080E-03    5.33388924E+00    3.69495445E+02
   9.63458534E-03    5.37150727E+00    3.66927243E+02
   9.73784484E-03    5.40926259E+00    3.64346470E+02
   9.84221102E-03    5.44715252E+00    3.61753132E+02
   9.94769577E-03    5.48517431E+00    3.59147249E+02
   1.00543110E-02    5.52332515E+00    3.56528860E+02
   1.01620690E-02    5.56160211E+00    3.53897993E+02
   1.02709818E-02    5.60000210E+00    3.51254632E+02
   1.03810620E-02    5.63852196E+00    3.48598767E+02
   1.04923219E-02    5.67715843E+00    3.45930403E+02
   1.06047742E-02    5.71590819E+00    3.43249561E+02
   1.07184318E-02    5.75476784E+00    3.40556279E+02
   1.08333075E-02    5.79373390E+00    3.37850610E+02
   1.09494144E-02    5.83280276E+00    3.35132593E+02
   1.10667657E-02    5.87197066E+00    3.32402237E+02
   1.11853747E-02    5.91123375E+00    3.29659563E+02
   1.13052550E-02    5.95058808E+00    3.26904606E+02
   1.14264200E-02    5.99002963E+00    3.24137418E+02
   1.15488836E-02    6.02955431E+00    3.21358066E+02
   1.16726598E-02    6.06915789E+00    3.18566624E+02
   1.17977625E-02    6.10883599E+00    3.15763124E+02
   1.19242061E-02    6.14858406E+00    3.12947601E+02
   1.20520048E-02    6.18839749E+00    3.10120100E+02
   1.21811731E-02    6.22827156E+00    3.07280681E+02
   1.23117259E-02    6.26820148E+00    3.04429423E+02
   1.24436779E-02    6.30818236E+00    3.01566419E+02
   1.25770441E-02    6.34820919E+00    2.98691769E+02
   1.27118396E-02    6.38827678E+00    2.95805547E+02
   1.28480799E-02    6.42837979E+00    2.92907820E+02
   1.29857803E-02    6.46851279E+00    2.89998671E+02
   1.31249565E-02    6.50867025E+00    2.87078198E+02
   1.32656243E-02    6.54884653E+00    2.84146510E+02
   1.34077998E-02    6.58903582E+00    2.81203706E+02
   1.35514990E-02    6.62923214E+00    2.78249870E+02
   1.36967384E-02    6.66942941E+00    2.75285104E+02
   1.38435344E-02    6.70962143E+00    2.72309523E+02
   1.39919036E-02    6.74980193E+00    2.69323255E+02
   1.41418631E-02    6.78996450E+00    2.66326446E+02
   1.42934297E-02    6.83010257E+00    2.63319225E+02
   1.44466207E-02    6.87020935E+00    2.60301708E+02
   1.46014536E-02    6.91027794E+00    2.57274022E+02
   1.47579460E-02    6.95030133E+00    2.54236306E+02
   1.49161155E-02    6.99027241E+00    2.51188716E+02
   1.50759803E-02    7.03018396E+00    2.48131417E+02
   1.52375584E-02    7.07002852E+00    2.45064560E+02
   1.54008682E-02    7.10979847E+00    2.41988292E+02
   1.55659284E-02    7.14948609E+00    2.38902778E+02
   1.57327575E-02    7.18908354E+00    2.35808194E+02
   1.59013747E-02    7.22858288E+00    2.32704730E+02
   1.60717991E-02    7.26797596E+00    2.29592568E+02
   1.62440499E-02    7.30725442E+00    2.26471881E+02
   1.64181469E-02    7.34640974E+00    2.23342852E+02
   1.65941098E-02    7.38543334E+00    2.20205677E+02
   1.67719586E-02    7.42431652E+00    2.17060568E+02
   1.69517135E-02    7.46305047E+00    2.13907748E+02
   1.71333950E-02    7.50162612E+00    2.10747431E+02
   1.73170236E-02    7.54003420E+00    2.07579822E+02
   1.75026203E-02    7.57826530E+00    2.04405138E+02
   1.76902061E-02    7.61630992E+00    2.01223608E+02
   1.78798024E-02    7.65415843E+00    1.98035475E+02
   1.80714308E-02    7.69180113E+00    1.94840993E+02
   1.82651129E-02    7.72922802E+00    1.91640408E+02
   1.84608708E-02    7.76642889E+00    1.88433960E+02
   1.86587268E-02    7.80339342E+00    1.85221904E+02
   1.88587033E-02    7.84011118E+00    1.82004503E+02
   1.90608230E-02    7.87657166E+00    1.78782036E+02
   1.92651090E-02    7.91276420E+00    1.75554788E+02
   1.94715845E-02    7.94867783E+00    1.72323032E+02
   1.96802729E-02    7.98430145E+00    1.69087053E+02
   1.98911979E-02    8.01962388E+00    1.65847144E+02
   2.01043835E-02    8.05463382E+00    1.62603611E+02
   2.03198540E-02    8.08931979E+00    1.59356761E+02
   2.05376337E-02    8.12367004E+00    1.56106900E+02
   2.07577476E-02    8.15767274E+00    1.52854342E+02
   2.09802205E-02    8.19131597E+00    1.49599415E+02
   2.12050778E-02    8.22458771E+00    1.46342456E+02
   2.14323451E-02    8.25747568E+00    1.43083798E+02
   2.16620481E-02    8.28996740E+00    1.39823779E+02
   2.18942129E-02    8.32205031E+00    1.36562746E+02
   2.21288661E-02    8.35371182E+00    1.33301058E+02
   2.23660341E-02    8.38493913E+00    1.30039079E+02
   2.26057440E-02    8.41571916E+00    1.26777170E+02
   2.28480230E-02    8.44603876E+00    1.23515701E+02
   2.30928986E-02    8.47588472E+00    1.20255054E+02
   2.33403987E-02    8.50524375E+00    1.16995617E+02
   2.35905515E-02    8.53410229E+00    1.13737779E+02
   2.38433852E-02    8.56244668E+00    1.10481936E+02
   2.40989288E-02    8.59026317E+00    1.07228492E+02
   2.43572111E-02    8.61753779E+00    1.03977855E+02
   2.46182616E-02    8.64425653E+00    1.00730439E+02
   2.48821099E-02    8.67040532E+00    9.74866666E+01
   2.51487861E-02    8.69596986E+00    9.42469643E+01
   2.54183203E-02    8.72093575E+00    9.10117636E+01
   2.56907434E-02    8.74528855E+00    8.77815036E+01
   2.59660861E-02    8.76901369E+00    8.45566284E+01
   2.62443799E-02    8.79209639E+00    8.13375870E+01
   2.65256563E-02    8.81452193E+00    7.81248350E+01
   2.68099473E-02    8.83627546E+00    7.49188339E+01
   2.70972852E-02    8.85734191E+00    7.17200493E+01
   2.73877027E-02    8.87770625E+00    6.85289532E+01
   2.76812327E-02    8.89735340E+00    6.53460230E+01
   2.79779087E-02    8.91626806E+00    6.21717408E+01
   2.82777643E-02    8.93443498E+00    5.90065941E+01
   2.85808337E-02    8.95183887E+00    5.58510755E+01
   2.88871512E-02    8.96846417E+00    5.27056830E+01
   2.91967518E-02    8.98429541E+00    4.95709189E+01
   2.95096705E-02    8.99931720E+00    4.64472899E+01
   2.98259429E-02    9.01351393E+00    4.33353081E+01
   3.01456050E-02    9.02686990E+00    4.02354906E+01
   3.04686931E-02    9.03936954E+00    3.71483574E+01
   3.07952439E-02    9.05099727E+00    3.40744331E+01
   3.11252946E-02    9.06173727E+00    3.10142483E+01
   3.14588826E-02    9.07157384E+00    2.79683363E+01
   3.17960459E-02    9.08049142E+00    2.49372326E+01
   3.21368227E-02    9.08847424E+00    2.19214790E+01
   3.24812519E-02    9.09550665E+00    1.89216194E+01
   3.28293725E-02    9.10157296E+00    1.59382019E+01
   3.31812241E-02    9.10665752E+00    1.29717776E+01
   3.35368467E-02    9.11074478E+00    1.00228999E+01
   3.38962808E-02    9.11381915E+00    7.09212604E+00
   3.42595671E-02    9.11586515E+00    4.18001540E+00
   3.46267469E-02    9.11686732E+00    1.28713017E+00
   3.49978620E-02    9.11681031E+00   -1.58596552E+00
   3.53729546E-02    9.11567880E+00   -4.43870498E+00
   3.57520673E-02    9.11345763E+00   -7.27052030E+00
   3.61352432E-02    9.11013165E+00   -1.00808409E+01
   3.65225257E-02    9.10568593E+00   -1.28690960E+01
   3.69139590E-02    9.10010554E+00   -1.56347122E+01
   3.73095876E-02    9.09337578E+00   -1.83771166E+01
   3.77094563E-02    9.08548203E+00   -2.10957338E+01
   3.81136106E-02    9.07640986E+00   -2.37899897E+01
   3.85220965E-02    9.06614496E+00   -2.64593081E+01
   3.89349604E-02    9.05467325E+00   -2.91031145E+01
   3.93522491E-02    9.04198078E+00   -3.17208331E+01
   3.97740103E-02    9.02805386E+00   -3.43118898E+01
   4.02002916E-02    9.01287892E+00   -3.68757095E+01
   4.06311417E-02    8.99644274E+00   -3.94117209E+01
   4.10666094E-02    8.97873218E+00   -4.19193506E+01
   4.15067444E-02    8.95973451E+00   -4.43980302E+01
   4.19515965E-02    8.93943711E+00   -4.68471901E+01
   4.24012163E-02    8.91782777E+00   -4.92662656E+01
   4.28556550E-02    8.89489441E+00   -5.16546909E+01
   4.33149641E-02    8.87062545E+00   -5.40119077E+01
   4.37791960E-02    8.84500941E+00   -5.63373556E+01
   4.42484033E-02    8.81803534E+00   -5.86304831E+01
   4.47226393E-02    8.78969242E+00   -6.08907360E+01
   4.52019580E-02    8.75997039E+00   -6.31175700E+01
   4.56864139E-02    8.72885923E+00   -6.53104422E+01
   4.61760620E-02    8.69634927E+00   -6.74688128E+01
   4.66709579E-02    8.66243145E+00   -6.95921525E+01
   4.71711579E-02    8.62709686E+00   -7.16799312E+01
   4.76767188E-02    8.59033732E+00   -7.37316324E+01
   4.81876981E-02    8.55214468E+00   -7.57467334E+01
   4.87041539E-02    8.51251143E+00   -7.77247240E+01
   4.92261449E-02    8.47143092E+00   -7.96651120E+01
   4.97537303E-02    8.42889640E+00   -8.15673946E+01
   5.02869702E-02    8.38490181E+00   -8.34310826E+01
   5.08259251E-02    8.33944195E+00   -8.52557045E+01
   5.13706563E-02    8.29251162E+00   -8.70407814E+01
   5.19212257E-02    8.24410653E+00   -8.87858544E+01
   5.24776959E-02    8.19422304E+00   -9.04904755E+01
   5.30401301E-02    8.14285744E+00   -9.21541870E+01
   5.36085923E-02    8.09000717E+00   -9.37765572E+01
   5.41831470E-02    8.03567060E+00   -9.53571761E+01
   5.47638595E-02    7.97984595E+00   -9.68956193E+01
   5.53507959E-02    7.92253243E+00   -9.83914846E+01
   5.59440228E-02    7.86373040E+00   -9.98443965E+01
   5.65436076E-02    7.80343990E+00   -1.01253961E+02
   5.71496186E-02    7.74166183E+00   -1.02619802E+02
   5.77621245E-02    7.67839861E+00   -1.03941581E+02
   5.83811951E-02    7.61365324E+00   -1.05218970E+02
   5.90069005E-02    7.54742848E+00   -1.06451622E+02
   5.96393121E-02    7.47972849E+00   -1.07639226E+02
   6.02785015E-02    7.41055868E+00   -1.08781500E+02
   6.09245415E-02    7.33992421E+00   -1.09878147E+02
   6.15775055E-02    7.26783136E+00   -1.10928893E+02
   6.22374677E-02    7.19428795E+00   -1.11933504E+02
   6.29045031E-02    7.11930172E+00   -1.12891735E+02
   6.35786875E-02    7.04288121E+00   -1.13803354E+02
   6.42600976E-02    6.96503666E+00   -1.14668177E+02
   6.49488107E-02    6.88577847E+00   -1.15486011E+02
   6.56449051E-02    6.80511769E+00   -1.16256677E+02
   6.63484600E-02    6.72306717E+00   -1.16980042E+02
   6.70595553E-02    6.63963984E+00   -1.17655968E+02
   6.77782719E-02    6.55484928E+00   -1.18284325E+02
   6.85046913E-02    6.46871097E+00   -1.18865035E+02
   6.92388962E-02    6.38124086E+00   -1.19398025E+02
   6.99809701E-02    6.29245529E+00   -1.19883226E+02
   7.07309971E-02    6.20237241E+00   -1.20320617E+02
   7.14890626E-02    6.11101060E+00   -1.20710172E+02
   7.22552528E-02    6.01838931E+00   -1.21051892E+02
   7.30296547E-02    5.92452955E+00   -1.21345819E+02
   7.38123563E-02    5.82945229E+00   -1.21591984E+02
   7.46034465E-02    5.73318025E+00   -1.21790462E+02
   7.54030154E-02    5.63573689E+00   -1.21941345E+02
   7.62111537E-02    5.53714624E+00   -1.22044734E+02
   7.70279532E-02    5.43743412E+00   -1.22100779E+02
   7.78535069E-02    5.33662643E+00   -1.22109620E+02
   7.86879086E-02    5.23475063E+00   -1.22071443E+02
   7.95312530E-02    5.13183505E+00   -1.21986450E+02
   8.03836360E-02    5.02790865E+00   -1.21854855E+02
   8.12451545E-02    4.92300202E+00   -1.21676919E+02
   8.21159065E-02    4.81714589E+00   -1.21452895E+02
   8.29959907E-02    4.71037274E+00   -1.21183086E+02
   8.38855074E-02    4.60271546E+00   -1.20867803E+02
   8.47845575E-02    4.49420822E+00   -1.20507386E+02
   8.56932433E-02    4.38488604E+00   -1.20102199E+02
   8.66116680E-02    4.27478447E+00   -1.19652613E+02
   8.75399360E-02    4.16394099E+00   -1.19159055E+02
   8.84781527E-02    4.05239294E+00   -1.18621943E+02
   8.94264249E-02    3.94017925E+00   -1.18041737E+02
   9.03848603E-02    3.82733962E+00   -1.17418917E+02
   9.13535678E-02    3.71391412E+00   -1.16753969E+02
   9.23326575E-02    3.59994474E+00   -1.16047437E+02
   9.33222407E-02    3.48547331E+00   -1.15299851E+02
   9.43224298E-02    3.37054308E+00   -1.14511787E+02
   9.53333386E-02    3.25519815E+00   -1.13683841E+02
   9.63550818E-02    3.13948279E+00   -1.12816609E+02
   9.73877757E-02    3.02344333E+00   -1.11910756E+02
   9.84315375E-02    2.90712560E+00   -1.10966922E+02
   9.94864859E-02    2.79057604E+00   -1.09985764E+02
   1.00552741E-01    2.67384347E+00   -1.08968018E+02
   1.01630424E-01    2.55697642E+00   -1.07914407E+02
   1.02719656E-01    2.44002314E+00   -1.06825641E+02
   1.03820563E-01    2.32303415E+00   -1.05702506E+02
   1.04933269E-01    2.20606029E+00   -1.04545799E+02
   1.06057900E-01    2.08915168E+00   -1.03356288E+02
   1.07194585E-01    1.97236049E+00   -1.02134816E+02
   1.08343452E-01    1.85573934E+00   -1.00882239E+02
   1.09504632E-01    1.73933997E+00   -9.95993824E+01
   1.10678258E-01    1.62321604E+00   -9.82871418E+01
   1.11864461E-01    1.50742155E+00   -9.69464283E+01
   1.13063378E-01    1.39200966E+00   -9.55781221E+01
   1.14275145E-01    1.27703531E+00   -9.41831743E+01
   1.15499898E-01    1.16255335E+00   -9.27625354E+01
   1.16737778E-01    1.04861794E+00   -9.13171342E+01
   1.17988926E-01    9.35285022E-01   -8.98479739E+01
   1.19253482E-01    8.22610337E-01   -8.83560546E+01
   1.20531591E-01    7.10648317E-01   -8.68423335E+01
   1.21823399E-01    5.99454980E-01   -8.53078383E+01
   1.23129052E-01    4.89087144E-01   -8.37536371E+01
   1.24448698E-01    3.79599690E-01   -8.21807311E+01
   1.25782488E-01    2.71048329E-01   -8.05901668E+01
   1.27130572E-01    1.63490004E-01   -7.89830536E+01
   1.28493105E-01    5.69795375E-02   -7.73604263E+01
   1.29870241E-01   -4.84288105E-02   -7.57233122E+01
   1.31262136E-01   -1.52679434E-01   -7.40728122E+01
   1.32668950E-01   -2.55715544E-01   -7.24100963E+01
   1.34090840E-01   -3.57482655E-01   -7.07362517E+01
   1.35527971E-01   -4.57928287E-01   -6.90522986E+01
   1.36980503E-01   -5.56999062E-01   -6.73593208E+01
   1.38448603E-01   -6.54640603E-01   -6.56584735E+01
   1.39932438E-01   -7.50798704E-01   -6.39509296E+01
   1.41432176E-01   -8.45421940E-01   -6.22377603E+01
   1.42947988E-01   -9.38458915E-01   -6.05200680E+01
   1.44480045E-01   -1.02985830E+00   -5.87989846E+01
   1.46028522E-01   -1.11957063E+00   -5.70755801E+01
   1.47593596E-01   -1.20754660E+00   -5.53509575E+01
   1.49175443E-01   -1.29373684E+00   -5.36262657E+01
   1.50774243E-01   -1.37809392E+00   -5.19025896E+01
   1.52390179E-01   -1.46057141E+00   -5.01810119E+01
   1.54023434E-01   -1.54112345E+00   -4.84626325E+01
   1.55674193E-01   -1.61970569E+00   -4.67485172E+01
   1.57342645E-01   -1.69627442E+00   -4.50397531E+01
   1.59028978E-01   -1.77078758E+00   -4.33373876E+01
   1.60733385E-01   -1.84320401E+00   -4.16424829E+01
   1.62456059E-01   -1.91348397E+00   -3.99560757E+01
   1.64197195E-01   -1.98158910E+00   -3.82791897E+01
   1.65956993E-01   -2.04748228E+00   -3.66128485E+01
   1.67735651E-01   -2.11112796E+00   -3.49580489E+01
   1.69533372E-01   -2.17249203E+00   -3.33157763E+01
   1.71350361E-01   -2.23154194E+00   -3.16869974E+01
   1.73186823E-01   -2.28824667E+00   -3.00726716E+01
   1.75042968E-01   -2.34257687E+00   -2.84737255E+01
   1.76919006E-01   -2.39450486E+00   -2.68910826E+01
   1.78815150E-01   -2.44400467E+00   -2.53256387E+01
   1.80731617E-01   -2.49105208E+00   -2.37782675E+01
   1.82668624E-01   -2.53562467E+00   -2.22498211E+01
   1.84626390E-01   -2.57770188E+00   -2.07411403E+01
   1.86605140E-01   -2.61726507E+00   -1.92530347E+01
   1.88605096E-01   -2.65429736E+00   -1.77862875E+01
   1.90626487E-01   -2.68878390E+00   -1.63416595E+01
   1.92669543E-01   -2.72071191E+00   -1.49198961E+01
   1.94734496E-01   -2.75007055E+00   -1.35217075E+01
   1.96821579E-01   -2.77685089E+00   -1.21477769E+01
   1.98931031E-01   -2.80104624E+00   -1.07987655E+01
   2.01063092E-01   -2.82265189E+00   -9.47530546E+00
   2.03218003E-01   -2.84166535E+00   -8.17800092E+00
   2.05396009E-01   -2.85808604E+00   -6.90742555E+00
   2.07597359E-01   -2.87191572E+00   -5.66412613E+00
   2.09822301E-01   -2.88315827E+00   -4.44861991E+00
   2.12071090E-01   -2.89181964E+00   -3.26139241E+00
   2.14343980E-01   -2.89790804E+00   -2.10289990E+00
   2.16641230E-01   -2.90143382E+00   -9.73567336E-01
   2.18963101E-01   -2.90240953E+00    1.26211215E-01
   2.21309856E-01   -2.90084987E+00    1.19607336E+00
   2.23681764E-01   -2.89677176E+00    2.23568828E+00
   2.26079092E-01   -2.89019427E+00    3.24475713E+00
   2.28502114E-01   -2.88113863E+00    4.22301310E+00
   2.30951105E-01   -2.86962824E+00    5.17022161E+00
   2.33426344E-01   -2.85568862E+00    6.08618030E+00
   2.35928111E-01   -2.83934743E+00    6.97071913E+00
   2.38456690E-01   -2.82063442E+00    7.82370028E+00
   2.41012370E-01   -2.79958142E+00    8.64501816E+00
   2.43595441E-01   -2.77622230E+00    9.43459919E+00
   2.46206196E-01   -2.75059299E+00    1.01924018E+01
   2.48844932E-01   -2.72273136E+00    1.09184158E+01
   2.51511949E-01   -2.69267727E+00    1.16126629E+01
   2.54207550E-01   -2.66047251E+00    1.22751954E+01
   2.56932041E-01   -2.62616069E+00    1.29060966E+01
   2.59685733E-01   -2.58978737E+00    1.35054805E+01
   2.62468937E-01   -2.55139974E+00    1.40734899E+01
   2.65281970E-01   -2.51104689E+00    1.46102982E+01
   2.68125152E-01   -2.46877949E+00    1.51161070E+01
   2.70998807E-01   -2.42464992E+00    1.55911463E+01
   2.73903260E-01   -2.37871211E+00    1.60356739E+01
   2.76838841E-01   -2.33102155E+00    1.64499747E+01
   2.79805885E-01   -2.28163515E+00    1.68343596E+01
   2.82804729E-01   -2.23061123E+00    1.71891652E+01
   2.85835713E-01   -2.17800950E+00    1.75147534E+01
   2.88899182E-01   -2.12389094E+00    1.78115099E+01
   2.91995483E-01   -2.06831773E+00    1.80798442E+01
   2.95124970E-01   -2.01135309E+00    1.83201868E+01
   2.98287997E-01   -1.95306147E+00    1.85329916E+01
   3.01484924E-01   -1.89350828E+00    1.87187328E+01
   3.04716115E-01   -1.83275985E+00    1.88779049E+01
   3.07981936E-01   -1.77088315E+00    1.90110185E+01
   3.11282759E-01   -1.70794634E+00    1.91186073E+01
   3.14618959E-01   -1.64401802E+00    1.92012193E+01
   3.17990914E-01   -1.57916719E+00    1.92594163E+01
   3.21399009E-01   -1.51346426E+00    1.92937854E+01
   3.24843631E-01   -1.44697871E+00    1.93049118E+01
   3.28325170E-01   -1.37978110E+00    1.92934025E+01
   3.31844023E-01   -1.31194317E+00    1.92598873E+01
   3.35400590E-01   -1.24353595E+00    1.92049972E+01
   3.38995275E-01   -1.17463009E+00    1.91293668E+01
   3.42628486E-01   -1.10529709E+00    1.90336508E+01
   3.46300636E-01   -1.03560874E+00    1.89185161E+01
   3.50012143E-01   -9.65635598E-01    1.87846242E+01
   3.53763428E-01   -8.95449302E-01    1.86326590E+01
   3.57554918E-01   -8.25119813E-01    1.84632930E+01
   3.61387043E-01   -7.54718292E-01    1.82772241E+01
   3.65260240E-01   -6.84313811E-01    1.80751326E+01
   3.69174948E-01   -6.13976520E-01    1.78577238E+01
   3.73131612E-01   -5.43774500E-01    1.76256857E+01
   3.77130682E-01   -4.73776893E-01    1.73797318E+01
   3.81172613E-01   -4.04049476E-01    1.71205407E+01
   3.85257863E-01   -3.34659362E-01    1.68488213E+01
   3.89386897E-01   -2.65673159E-01    1.65652872E+01
   3.93560185E-01   -1.97153349E-01    1.62706062E+01
   3.97778200E-01   -1.29164504E-01    1.59654891E+01
   4.02041422E-01   -6.17696545E-02    1.56506374E+01
   4.06350335E-01    4.97197792E-03    1.53267107E+01
   4.10705430E-01    7.09993236E-02    1.49944110E+01
   4.15107200E-01    1.36253838E-01    1.46544160E+01
   4.19556147E-01    2.00680152E-01    1.43073708E+01
   4.24052776E-01    2.64221500E-01    1.39539586E+01
   4.28597598E-01    3.26824214E-01    1.35948297E+01
   4.33191130E-01    3.88436372E-01    1.32306244E+01
   4.37833893E-01    4.49007344E-01    1.28619796E+01
   4.42526415E-01    5.08488324E-01    1.24895209E+01
   4.47269230E-01    5.66832541E-01    1.21138584E+01
   4.52062877E-01    6.23994773E-01    1.17355965E+01
   4.56907899E-01    6.79931795E-01    1.13553247E+01
   4.61804849E-01    7.34602565E-01    1.09736159E+01
   4.66754282E-01    7.87967522E-01    1.05910385E+01
   4.71756761E-01    8.39989579E-01    1.02081383E+01
   4.76812855E-01    8.90633497E-01    9.82545039E+00
   4.81923137E-01    9.39866222E-01    9.44349286E+00
   4.87088190E-01    9.87656749E-01    9.06276935E+00
   4.92308599E-01    1.03397624E+00    8.68376692E+00
   4.97584959E-01    1.07879799E+00    8.30695635E+00
   5.02917869E-01    1.12209748E+00    7.93279175E+00
   5.08307934E-01    1.16385242E+00    7.56170898E+00
   5.13755768E-01    1.20404263E+00    7.19412839E+00
   5.19261989E-01    1.24265020E+00    6.83045140E+00
   5.24827224E-01    1.27965937E+00    6.47106221E+00
   5.30452105E-01    1.31505661E+00    6.11632708E+00
   5.36137271E-01    1.34883059E+00    5.76659427E+00
   5.41883368E-01    1.38097213E+00    5.42219429E+00
   5.47691050E-01    1.41147427E+00    5.08343947E+00
   5.53560976E-01    1.44033217E+00    4.75062428E+00
   5.59493813E-01    1.46754316E+00    4.42402528E+00
   5.65490236E-01    1.49310668E+00    4.10390123E+00
   5.71550926E-01    1.51702429E+00    3.79049319E+00
   5.77676572E-01    1.53929958E+00    3.48402459E+00
   5.83867870E-01    1.55993824E+00    3.18470146E+00
   5.90125524E-01    1.57894792E+00    2.89271251E+00
   5.96450245E-01    1.59633828E+00    2.60822935E+00
   6.02842752E-01    1.61212092E+00    2.33140662E+00
   6.09303771E-01    1.62630932E+00    2.06238227E+00
   6.15834036E-01    1.63891883E+00    1.80127768E+00
   6.22434291E-01    1.64996660E+00    1.54819793E+00
   6.29105284E-01    1.65947155E+00    1.30323205E+00
   6.35847773E-01    1.66745430E+00    1.06645323E+00
   6.42662526E-01    1.67393714E+00    8.37919117E-01
   6.49550317E-01    1.67894393E+00    6.17672089E-01
   6.56511929E-01    1.68250008E+00    4.05739560E-01
   6.63548151E-01    1.68463250E+00    2.02134300E-01
   6.70659786E-01    1.68536946E+00    6.85476696E-03
   6.77847640E-01    1.68474061E+00   -1.80114521E-01
   6.85112530E-01    1.68277687E+00   -3.58802618E-01
   6.92455282E-01    1.67951035E+00   -5.29251747E-01
   6.99876731E-01    1.67497430E+00   -6.91516875E-01
   7.07377720E-01    1.66920303E+00   -8.45665276E-01
   7.14959101E-01    1.66223182E+00   -9.91776079E-01
   7.22621737E-01    1.65409687E+00   -1.12993979E+00
   7.30366497E-01    1.64483519E+00   -1.26025776E+00
   7.38194263E-01    1.63448457E+00   -1.38284178E+00
   7.46105923E-01    1.62308339E+00   -1.49781333E+00
   7.54102378E-01    1.61067072E+00   -1.60530331E+00
   7.62184535E-01    1.59728608E+00   -1.70545138E+00
   7.70353313E-01    1.58296945E+00   -1.79840531E+00
   7.78609641E-01    1.56776113E+00   -1.88432049E+00
   7.86954456E-01    1.55170173E+00   -1.96335939E+00
   7.95388708E-01    1.53483204E+00   -2.03569090E+00
   8.03913355E-01    1.51719297E+00   -2.10148980E+00
   8.12529365E-01    1.49882546E+00   -2.16093612E+00
   8.21237718E-01    1.47977046E+00   -2.21421469E+00
   8.30039404E-01    1.46006879E+00   -2.26151441E+00
   8.38935423E-01    1.43976113E+00   -2.30302779E+00
   8.47926785E-01    1.41888787E+00   -2.33895025E+00
   8.57014513E-01    1.39748915E+00   -2.36947980E+00
   8.66199640E-01    1.37560471E+00   -2.39481630E+00
   8.75483209E-01    1.35327388E+00   -2.41516101E+00
   8.84866275E-01    1.33053549E+00   -2.43071604E+00
   8.94349905E-01    1.30742783E+00   -2.44168392E+00
   9.03935177E-01    1.28398861E+00   -2.44826710E+00
   9.13623180E-01    1.26025484E+00   -2.45066736E+00
   9.23415015E-01    1.23626290E+00   -2.44908566E+00
   9.33311795E-01    1.21204839E+00   -2.44372144E+00
   9.43314644E-01    1.18764615E+00   -2.43477230E+00
   9.53424700E-01    1.16309018E+00   -2.42243377E+00
   9.63643111E-01    1.13841362E+00   -2.40689868E+00
   9.73971038E-01    1.11364876E+00   -2.38835712E+00
   9.84409657E-01    1.08882693E+00   -2.36699595E+00
   9.94960152E-01    1.06397853E+00   -2.34299855E+00
   1.00562372E+00    1.03913299E+00   -2.31654455E+00
   1.01640158E+00    1.01431875E+00   -2.28780967E+00
   1.02729495E+00    9.89563252E-01   -2.25696537E+00
   1.03830507E+00    9.64892897E-01   -2.22417879E+00
   1.04943320E+00    9.40333053E-01   -2.18961244E+00
   1.06068059E+00    9.15908052E-01   -2.15342416E+00
   1.07204852E+00    8.91641187E-01   -2.11576713E+00
   1.08353830E+00    8.67554613E-01   -2.07678889E+00
   1.09515121E+00    8.43669555E-01   -2.03663298E+00
   1.10688859E+00    8.20006066E-01   -1.99543691E+00
   1.11875176E+00    7.96583202E-01   -1.95333355E+00
   1.13074208E+00    7.73418942E-01   -1.91045030E+00
   1.14286090E+00    7.50530226E-01   -1.86690943E+00
   1.15510961E+00    7.27932951E-01   -1.82282791E+00
   1.16748960E+00    7.05641988E-01   -1.77831750E+00
   1.18000227E+00    6.83671193E-01   -1.73348472E+00
   1.19264905E+00    6.62033418E-01   -1.68843095E+00
   1.20543136E+00    6.40740529E-01   -1.64325238E+00
   1.21835068E+00    6.19803423E-01   -1.59804026E+00
   1.23140846E+00    5.99232035E-01   -1.55288050E+00
   1.24460618E+00    5.79035383E-01   -1.50785446E+00
   1.25794536E+00    5.59221559E-01   -1.46303842E+00
   1.27142749E+00    5.39797773E-01   -1.41850401E+00
   1.28505413E+00    5.20770358E-01   -1.37431813E+00
   1.29882680E+00    5.02144808E-01   -1.33054319E+00
   1.31274709E+00    4.83925792E-01   -1.28723710E+00
   1.32681657E+00    4.66117185E-01   -1.24445354E+00
   1.34103684E+00    4.48722088E-01   -1.20224189E+00
   1.35540952E+00    4.31742860E-01   -1.16064754E+00
   1.36993624E+00    4.15181140E-01   -1.11971188E+00
   1.38461865E+00    3.99037876E-01   -1.07947258E+00
   1.39945842E+00    3.83313349E-01   -1.03996341E+00
   1.41445723E+00    3.68007205E-01   -1.00121489E+00
   1.42961680E+00    3.53118479E-01   -9.63253926E-01
   1.44493884E+00    3.38645623E-01   -9.26104216E-01
   1.46042509E+00    3.24586535E-01   -8.89786300E-01
   1.47607733E+00    3.10938587E-01   -8.54317737E-01
   1.49189731E+00    2.97698648E-01   -8.19713214E-01
   1.50788685E+00    2.84863118E-01   -7.85984677E-01
   1.52404776E+00    2.72427950E-01   -7.53141490E-01
   1.54038187E+00    2.60388679E-01   -7.21190543E-01
   1.55689104E+00    2.48740450E-01   -6.90136396E-01
   1.57357716E+00    2.37478031E-01   -6.59981411E-01
   1.59044210E+00    2.26595884E-01   -6.30725851E-01
   1.60748780E+00    2.16088112E-01   -6.02368057E-01
   1.62471619E+00    2.05948559E-01   -5.74904520E-01
   1.64212923E+00    1.96170794E-01   -5.48330024E-01
   1.65972889E+00    1.86748149E-01   -5.22637760E-01
   1.67751718E+00    1.77673737E-01   -4.97819439E-01
   1.69549611E+00    1.68940478E-01   -4.73865402E-01
   1.71366774E+00    1.60541118E-01   -4.50764728E-01
   1.73203412E+00    1.52468253E-01   -4.28505338E-01
   1.75059734E+00    1.44714354E-01   -4.07074102E-01
   1.76935952E+00    1.37271774E-01   -3.86456924E-01
   1.78832278E+00    1.30132782E-01   -3.66638848E-01
   1.80748928E+00    1.23289574E-01   -3.47604145E-01
   1.82686120E+00    1.16734294E-01   -3.29336399E-01
   1.84644075E+00    1.10459047E-01   -3.11818589E-01
   1.86623013E+00    1.04455923E-01   -2.95033177E-01
   1.88623162E+00    9.87170049E-02   -2.78962170E-01
   1.90644746E+00    9.32343905E-02   -2.63587215E-01
   1.92687998E+00    8.80001994E-02   -2.48889642E-01
   1.94753148E+00    8.30065927E-02   -2.34850549E-01
   1.96840432E+00    7.82457849E-02   -2.21450860E-01
   1.98950086E+00    7.37100519E-02   -2.08671377E-01
   2.01082350E+00    6.93917459E-02   -1.96492841E-01
   2.03237468E+00    6.52833079E-02   -1.84895990E-01
   2.05415683E+00    6.13772590E-02   -1.73861563E-01
   2.07617243E+00    5.76662702E-02   -1.63370492E-01
   2.09842399E+00    5.41430612E-02   -1.53403677E-01
   2.12091403E+00    5.08005195E-02   -1.43942299E-01
   2.14364510E+00    4.76316429E-02   -1.34967694E-01
   2.16661980E+00    4.46295678E-02   -1.26461444E-01
   2.18984074E+00    4.17875691E-02   -1.18405390E-01
   2.21331054E+00    3.90990688E-02   -1.10781671E-01
   2.23703189E+00    3.65576358E-02   -1.03572732E-01
   2.26100747E+00    3.41569948E-02   -9.67613637E-02
   2.28524001E+00    3.18910274E-02   -9.03307145E-02
   2.30973227E+00    2.97537730E-02   -8.42643027E-02
   2.33448702E+00    2.77394358E-02   -7.85460443E-02
   2.35950709E+00    2.58423819E-02   -7.31602533E-02
   2.38479531E+00    2.40571434E-02   -6.80916608E-02
   2.41035455E+00    2.23784191E-02   -6.33254226E-02
   2.43618774E+00    2.08010740E-02   -5.88471251E-02
   2.46229779E+00    1.93201385E-02   -5.46427872E-02
   2.48868768E+00    1.79308122E-02   -5.06988769E-02
   2.51536040E+00    1.66284571E-02   -4.70022962E-02
   2.54231899E+00    1.54086014E-02   -4.35403953E-02
   2.56956651E+00    1.42669370E-02   -4.03009703E-02
   2.59710606E+00    1.31993156E-02   -3.72722540E-02
   2.62494077E+00    1.22017497E-02   -3.44429226E-02
   2.65307380E+00    1.12704089E-02   -3.18020867E-02
   2.68150834E+00    1.04016169E-02   -2.93392862E-02
   2.71024764E+00    9.59185122E-03   -2.70444903E-02
   2.73929495E+00    8.83773742E-03   -2.49080838E-02
   2.76865358E+00    8.13604693E-03   -2.29208618E-02
   2.79832686E+00    7.48369592E-03   -2.10740277E-02
   2.82831817E+00    6.87773892E-03   -1.93591764E-02
   2.85863091E+00    6.31536747E-03   -1.77682915E-02
   2.88926854E+00    5.79390523E-03   -1.62937321E-02
   2.92023452E+00    5.31080594E-03   -1.49282273E-02
   2.95153238E+00    4.86364734E-03   -1.36648598E-02
   2.98316568E+00    4.45012976E-03   -1.24970625E-02
   3.01513802E+00    4.06807057E-03   -1.14186026E-02
   3.04745302E+00    3.71540123E-03   -1.04235736E-02
   3.08011436E+00    3.39016258E-03   -9.50638229E-03
   3.11312575E+00    3.09050258E-03   -8.66174217E-03
   3.14649094E+00    2.81466990E-03   -7.88465554E-03
   3.18021373E+00    2.56101201E-03   -7.17040792E-03
   3.21429794E+00    2.32797118E-03   -6.51455672E-03
   3.24874745E+00    2.11407903E-03   -5.91291564E-03
   3.28356618E+00    1.91795566E-03   -5.36155225E-03
   3.31875809E+00    1.73829820E-03   -4.85675514E-03
   3.35432716E+00    1.57389848E-03   -4.39508438E-03
   3.39027745E+00    1.42360502E-03   -3.97326278E-03
   3.42661304E+00    1.28634847E-03   -3.58824862E-03
   3.46333806E+00    1.16112726E-03   -3.23719449E-03
   3.50045668E+00    1.04700501E-03   -2.91743975E-03
   3.53797313E+00    9.43106658E-04   -2.62649939E-03
   3.57589166E+00    8.48616292E-04   -2.36205780E-03
   3.61421658E+00    7.62774224E-04   -2.12196022E-03
   3.65295226E+00    6.84872689E-04   -1.90420046E-03
   3.69210309E+00    6.14253641E-04   -1.70691442E-03
   3.73167352E+00    5.50308711E-04   -1.52837990E-03
   3.77166805E+00    4.92469509E-04   -1.36698890E-03
   3.81209123E+00    4.40212527E-04   -1.22126143E-03
   3.85294764E+00    3.93052363E-04   -1.08982618E-03
   3.89424194E+00    3.50540662E-04   -9.71417377E-04
   3.93597881E+00    3.12263515E-04   -8.64867323E-04
   3.97816300E+00    2.77839399E-04   -7.69100460E-04
   4.02079931E+00    2.46917003E-04   -6.83127116E-04
   4.06389257E+00    2.19173152E-04   -6.06037540E-04
   4.10744769E+00    1.94311112E-04   -5.36997030E-04
   4.15146961E+00    1.72058551E-04   -4.75240094E-04
   4.19596334E+00    1.52166187E-04   -4.20066542E-04
   4.24093394E+00    1.34405615E-04   -3.70835311E-04
   4.28638651E+00    1.18568322E-04   -3.26961598E-04
   4.33232623E+00    1.04463827E-04   -2.87911580E-04
   4.37875831E+00    9.19187339E-05   -2.53199673E-04
   4.42568802E+00    8.07749481E-05   -2.22383480E-04
   4.47312071E+00    7.08888887E-05   -1.95061518E-04
   4.52106177E+00    6.21301865E-05   -1.70869520E-04
   4.56951664E+00    5.43806011E-05   -1.49477356E-04
   4.61849082E+00    4.75331051E-05   -1.30586428E-04
   4.66798990E+00    4.14909369E-05   -1.13926980E-04
   4.71801948E+00    3.61666621E-05   -9.92554386E-05
   4.76858526E+00    3.14815559E-05   -8.63526585E-05
   4.81969298E+00    2.73646608E-05   -7.50212612E-05
   4.87134845E+00    2.37521617E-05   -6.50838664E-05
   4.92355755E+00    2.05868192E-05   -5.63814891E-05
   4.97632620E+00    1.78172856E-05   -4.87716128E-05
   5.02966040E+00    1.53976245E-05   -4.21268321E-05
   5.08356622E+00    1.32867678E-05   -3.63333275E-05
   5.13804977E+00    1.14480353E-05   -3.12895119E-05
   5.19311726E+00    9.84876940E-06   -2.69050043E-05
   5.24877494E+00    8.45990366E-06   -2.30994196E-05
   5.30502914E+00    7.25561563E-06   -1.98013941E-05
   5.36188624E+00    6.21300453E-06   -1.69476828E-05
   5.41935272E+00    5.31178217E-06   -1.44822949E-05
   5.47743510E+00    4.53401128E-06   -1.23557615E-05
   5.53613998E+00    3.86386337E-06   -1.05244595E-05
   5.59547403E+00    3.28738022E-06   -8.94994622E-06
   5.65544401E+00    2.79228640E-06   -7.59843641E-06
   5.71605671E+00    2.36779462E-06   -6.44026025E-06
   5.77731904E+00    2.00444722E-06   -5.44942229E-06
   5.83923796E+00    1.69396151E-06   -4.60317149E-06
   5.90182049E+00    1.42910462E-06   -3.88165344E-06
   5.96507376E+00    1.20355806E-06   -3.26753476E-06
   6.02900495E+00    1.01182523E-06   -2.74574652E-06
   6.09362132E+00    8.49122998E-07   -2.30318391E-06
   6.15893023E+00    7.11303174E-07   -1.92848893E-06
   6.22493910E+00    5.94770186E-07   -1.61182276E-06
   6.29165542E+00    4.96416333E-07   -1.34468681E-06
   6.35908677E+00    4.13558153E-07   -1.11974708E-06
   6.42724083E+00    3.43884299E-07   -9.30690430E-07
   6.49612534E+00    2.85406880E-07   -7.72090396E-07
   6.56574812E+00    2.36420574E-07   -6.39294626E-07
   6.63611709E+00    1.95463080E-07   -5.28316089E-07
   6.70724024E+00    1.61285122E-07   -4.35750555E-07
   6.77912566E+00    1.32820680E-07   -3.58694824E-07
   6.85178153E+00    1.09161378E-07   -2.94676428E-07
   6.92521608E+00    8.95355256E-08   -2.41596114E-07
   6.99943768E+00    7.32884543E-08   -1.97673964E-07
   7.07445475E+00    5.98659827E-08   -1.61404095E-07
   7.15027583E+00    4.87999895E-08   -1.31515168E-07
   7.22690952E+00    3.96958008E-08   -1.06935894E-07
   7.30436455E+00    3.22214468E-08   -8.67656705E-08
   7.38264970E+00    2.60982625E-08   -7.02489044E-08
   7.46177388E+00    2.10928039E-08   -5.67529517E-08
   7.54174609E+00    1.70099596E-08   -4.57493248E-08
   7.62257540E+00    1.36870044E-08   -3.67974871E-08
   7.70427100E+00    1.09885279E-08   -2.95310361E-08
   7.78684219E+00    8.80210021E-09   -2.36459055E-08
   7.87029834E+00    7.03458328E-09   -1.88903293E-08
   7.95464893E+00    5.60899628E-09   -1.50563204E-08
   8.03990357E+00    4.46185959E-09   -1.19724533E-08
   8.12607192E+00    3.54094951E-09   -9.49776786E-09
   8.21316380E+00    2.80340473E-09   -7.51663005E-09
   8.30118909E+00    2.21413033E-09   -5.93440384E-09
   8.39015779E+00    1.74446139E-09   -4.67382875E-09
   8.48008003E+00    1.37103562E-09   -3.67196601E-09
   8.57096601E+00    1.07486799E-09   -2.87769321E-09
   8.66282608E+00    8.40559984E-10   -2.24956459E-09
   8.75567066E+00    6.55657404E-10   -1.75407460E-09
   8.84951031E+00    5.10113854E-10   -1.36420758E-09
   8.94435570E+00    3.95848430E-10   -1.05824309E-09
   9.04021760E+00    3.06371967E-10   -8.18746805E-10
   9.13710690E+00    2.36494171E-10   -6.31780250E-10
   9.23503463E+00    1.82065114E-10   -4.86203688E-10
   9.33401191E+00    1.39783507E-10   -3.73159279E-10
   9.43404998E+00    1.07027250E-10   -2.85614572E-10
   9.53516022E+00    8.17203659E-11   -2.18004198E-10
   9.63735412E+00    6.22232123E-11   -1.65934398E-10
   9.74064329E+00    4.72437638E-11   -1.25944379E-10
   9.84503947E+00    3.57685225E-11   -9.53205409E-11
   9.95055453E+00    2.70025322E-11   -7.19352992E-11
   1.00572004E+01    2.03251825E-11   -5.41283645E-11
   1.01649894E+01    1.52542218E-11   -4.06101215E-11
   1.02739335E+01    1.14143104E-11   -3.03772555E-11
   1.03840453E+01    8.51540988E-12   -2.26547829E-11
   1.04953372E+01    6.33325495E-12   -1.68437039E-11
   1.06078218E+01    4.69601138E-12   -1.24852423E-11
   1.07215121E+01    3.47121574E-12   -9.22587329E-12
   1.08364208E+01    2.55777545E-12   -6.79590271E-12
   1.09525611E+01    1.87881061E-12   -4.99030991E-12
   1.10699461E+01    1.37557565E-12   -3.65249384E-12
   1.11885892E+01    1.00388348E-12   -2.66470835E-12
   1.13085039E+01    7.30212551E-13   -1.93766121E-12
   1.14297037E+01    5.29467651E-13   -1.40453073E-12
   1.15522025E+01    3.82583057E-13   -1.01456862E-12
   1.16760143E+01    2.75467610E-13   -7.30282131E-13
   1.18011530E+01    1.97744693E-13   -5.24072005E-13
   1.19276328E+01    1.41429360E-13   -3.74707244E-13
   1.20554682E+01    1.00766108E-13   -2.66890870E-13
   1.21846738E+01    7.15958703E-14   -1.89572796E-13
   1.23152641E+01    5.06593511E-14   -1.34096169E-13
   1.24472540E+01    3.57213085E-14   -9.45265683E-14
   1.25806585E+01    2.50804740E-14   -6.63486033E-14
   1.27154928E+01    1.75744682E-14   -4.64784367E-14
   1.28517721E+01    1.22509000E-14   -3.23898531E-14
   1.29895121E+01    8.51382599E-15   -2.25029386E-14
   1.31287283E+01    5.88577308E-15   -1.55521376E-14
   1.32694366E+01    4.06434239E-15   -1.07362882E-14
   1.34116529E+01    2.78500637E-15   -7.35466724E-15
   1.35553935E+01    1.90429694E-15   -5.02743611E-15
   1.37006745E+01    1.30154163E-15   -3.43520321E-15
   1.38475127E+01    8.77189001E-16   -2.31450676E-15
   1.39959246E+01    5.88859254E-16   -1.55326534E-15
   1.41459271E+01    3.99566982E-16   -1.05368928E-15
   1.42975373E+01    2.70954171E-16   -7.14361019E-16
   1.44507724E+01    1.80709049E-16   -4.76305515E-16
   1.46056498E+01    1.19809137E-16   -3.15698634E-16
   1.47621871E+01    7.90318146E-17   -2.08189558E-16
   1.49204021E+01    5.11794061E-17   -1.34775329E-16
   1.50803128E+01    3.31334137E-17   -8.72257287E-17
   1.52419373E+01    2.20050906E-17   -5.79176547E-17
   1.54052941E+01    1.47675498E-17   -3.88635274E-17
   1.55704017E+01    9.63121803E-18   -2.53419906E-17
   1.57372788E+01    6.15120332E-18   -1.61813267E-17
   1.59059444E+01    3.91581047E-18   -1.02976345E-17
   1.60764178E+01    2.48524721E-18   -6.53303866E-18
   1.62487181E+01    1.51213631E-18   -3.97293875E-18
   1.64228652E+01    8.88166749E-19    0.00000000E+00
   1.65988786E+01    5.31250279E-19    0.00000000E+00
   1.67767785E+01    3.53528045E-19    0.00000000E+00
   1.69565851E+01    2.61637907E-19    0.00000000E+00
   1.71383188E+01    1.92258086E-19    0.00000000E+00
   1.73220002E+01    1.37393575E-19    0.00000000E+00
   1.75076502E+01    9.39939172E-20    0.00000000E+00
   1.76952899E+01    5.87919987E-20    0.00000000E+00
   1.78849407E+01    2.82940226E-20    0.00000000E+00
   1.80766241E+01    0.00000000E+00    0.00000000E+00
   1.82703619E+01    0.00000000E+00    0.00000000E+00
   1.84661761E+01    0.00000000E+00    0.00000000E+00
   1.86640889E+01    0.00000000E+00    0.00000000E+00
   1.88641229E+01    0.00000000E+00    0.00000000E+00
   1.90663007E+01    0.00000000E+00    0.00000000E+00
   1.92706454E+01    0.00000000E+00    0.00000000E+00
   1.94771802E+01    0.00000000E+00    0.00000000E+00
   1.96859286E+01    0.00000000E+00    0.00000000E+00
   1.98969142E+01    0.00000000E+00    0.00000000E+00
   2.01101611E+01    0.00000000E+00    0.00000000E+00
   2.03256935E+01    0.00000000E+00    0.00000000E+00
   2.05435358E+01    0.00000000E+00    0.00000000E+00
   2.07637129E+01    0.00000000E+00    0.00000000E+00
   2.09862498E+01    0.00000000E+00    0.00000000E+00
   2.12111717E+01    0.00000000E+00    0.00000000E+00
   2.14385043E+01    0.00000000E+00    0.00000000E+00
   2.16682733E+01    0.00000000E+00    0.00000000E+00
   2.19005049E+01    0.00000000E+00    0.00000000E+00
   2.21352254E+01    0.00000000E+00    0.00000000E+00
   2.23724616E+01    0.00000000E+00    0.00000000E+00
   2.26122404E+01    0.00000000E+00    0.00000000E+00
   2.28545890E+01    0.00000000E+00    0.00000000E+00
   2.30995350E+01    0.00000000E+00    0.00000000E+00
   2.33471063E+01    0.00000000E+00    0.00000000E+00
   2.35973309E+01    0.00000000E+00    0.00000000E+00
   2.38502373E+01    0.00000000E+00    0.00000000E+00
   2.41058543E+01    0.00000000E+00    0.00000000E+00
   2.43642108E+01    0.00000000E+00    0.00000000E+00
   2.46253364E+01    0.00000000E+00    0.00000000E+00
   2.48892605E+01    0.00000000E+00    0.00000000E+00
   2.51560133E+01    0.00000000E+00    0.00000000E+00
   2.54256250E+01    0.00000000E+00    0.00000000E+00
   2.56981264E+01    0.00000000E+00    0.00000000E+00
   2.59735482E+01    0.00000000E+00    0.00000000E+00
   2.62519220E+01    0.00000000E+00    0.00000000E+00
   2.65332792E+01    0.00000000E+00    0.00000000E+00
   2.68176519E+01    0.00000000E+00    0.00000000E+00
   2.71050724E+01    0.00000000E+00    0.00000000E+00
   2.73955733E+01    0.00000000E+00    0.00000000E+00
   2.76891877E+01    0.00000000E+00    0.00000000E+00
   2.79859490E+01    0.00000000E+00    0.00000000E+00
   2.82858908E+01    0.00000000E+00    0.00000000E+00
   2.85890472E+01    0.00000000E+00    0.00000000E+00
   2.88954528E+01    0.00000000E+00    0.00000000E+00
   2.92051423E+01    0.00000000E+00    0.00000000E+00
   2.95181509E+01    0.00000000E+00    0.00000000E+00
   2.98345142E+01    0.00000000E+00    0.00000000E+00
   3.01542682E+01    0.00000000E+00    0.00000000E+00
   3.04774492E+01    0.00000000E+00    0.00000000E+00
   3.08040938E+01    0.00000000E+00    0.00000000E+00
   3.11342394E+01    0.00000000E+00    0.00000000E+00
   3.14679232E+01    0.00000000E+00    0.00000000E+00
   3.18051834E+01    0.00000000E+00    0.00000000E+00
   3.21460582E+01    0.00000000E+00    0.00000000E+00
   3.24905863E+01    0.00000000E+00    0.00000000E+00
   3.28388070E+01    0.00000000E+00    0.00000000E+00
   3.31907597E+01    0.00000000E+00    0.00000000E+00
   3.35464845E+01    0.00000000E+00    0.00000000E+00
   3.39060218E+01    0.00000000E+00    0.00000000E+00
   3.42694125E+01    0.00000000E+00    0.00000000E+00
   3.46366979E+01    0.00000000E+00    0.00000000E+00
   3.50079197E+01    0.00000000E+00    0.00000000E+00
   3.53831201E+01    0.00000000E+00    0.00000000E+00
   3.57623417E+01    0.00000000E+00    0.00000000E+00
   3.61456277E+01    0.00000000E+00    0.00000000E+00
   3.65330215E+01    0.00000000E+00    0.00000000E+00
   3.69245673E+01    0.00000000E+00    0.00000000E+00
   3.73203096E+01    0.00000000E+00    0.00000000E+00
   3.77202932E+01    0.00000000E+00    0.00000000E+00
   3.81245637E+01    0.00000000E+00    0.00000000E+00
   3.85331669E+01    0.00000000E+00    0.00000000E+00
   3.89461495E+01    0.00000000E+00    0.00000000E+00
   3.93635582E+01    0.00000000E+00    0.00000000E+00
   3.97854405E+01    0.00000000E+00    0.00000000E+00
   4.02118443E+01    0.00000000E+00    0.00000000E+00
   4.06428182E+01    0.00000000E+00    0.00000000E+00
   4.10784111E+01    0.00000000E+00    0.00000000E+00
   4.15186725E+01    0.00000000E+00    0.00000000E+00
   4.19636525E+01    0.00000000E+00    0.00000000E+00
   4.24134015E+01    0.00000000E+00    0.00000000E+00
   4.28679708E+01    0.00000000E+00    0.00000000E+00
   4.33274119E+01    0.00000000E+00    0.00000000E+00
   4.37917772E+01    0.00000000E+00    0.00000000E+00
   4.42611193E+01    0.00000000E+00    0.00000000E+00
   4.47354917E+01    0.00000000E+00    0.00000000E+00
   4.52149481E+01    0.00000000E+00    0.00000000E+00
   4.56995432E+01    0.00000000E+00    0.00000000E+00
   4.61893320E+01    0.00000000E+00    0.00000000E+00
   4.66843701E+01    0.00000000E+00    0.00000000E+00
   4.71847139E+01    0.00000000E+00    0.00000000E+00
   4.76904201E+01    0.00000000E+00    0.00000000E+00
   4.82015463E+01    0.00000000E+00    0.00000000E+00
   4.87181505E+01    0.00000000E+00    0.00000000E+00
   4.92402914E+01    0.00000000E+00    0.00000000E+00
   4.97680285E+01    0.00000000E+00    0.00000000E+00
   5.03014216E+01    0.00000000E+00    0.00000000E+00
   5.08405314E+01    0.00000000E+00    0.00000000E+00
   5.13854192E+01    0.00000000E+00    0.00000000E+00
   5.19361468E+01    0.00000000E+00    0.00000000E+00
   5.24927769E+01    0.00000000E+00    0.00000000E+00
   5.30553728E+01    0.00000000E+00    0.00000000E+00
   5.36239983E+01    0.00000000E+00    0.00000000E+00
   5.41987181E+01    0.00000000E+00    0.00000000E+00
   5.47795975E+01    0.00000000E+00    0.00000000E+00
   5.53667025E+01    0.00000000E+00    0.00000000E+00
   5.59600999E+01    0.00000000E+00    0.00000000E+00
   5.65598571E+01    0.00000000E+00    0.00000000E+00
   5.71660422E+01    0.00000000E+00    0.00000000E+00
   5.77787242E+01    0.00000000E+00    0.00000000E+00
   5.83979726E+01    0.00000000E+00    0.00000000E+00
   5.90238579E+01    0.00000000E+00    0.00000000E+00
   5.96564511E+01    0.00000000E+00    0.00000000E+00
   6.02958243E+01    0.00000000E+00    0.00000000E+00
   6.09420500E+01    0.00000000E+00    0.00000000E+00
   6.15952016E+01    0.00000000E+00    0.00000000E+00
   6.22553535E+01    0.00000000E+00    0.00000000E+00
   6.29225806E+01    0.00000000E+00    0.00000000E+00
   6.35969587E+01    0.00000000E+00    0.00000000E+00
   6.42785646E+01    0.00000000E+00    0.00000000E+00
   6.49674756E+01    0.00000000E+00    0.00000000E+00
   6.56637701E+01    0.00000000E+00    0.00000000E+00
   6.63675272E+01    0.00000000E+00    0.00000000E+00
   6.70788269E+01    0.00000000E+00    0.00000000E+00
   6.77977500E+01    0.00000000E+00    0.00000000E+00
   6.85243782E+01    0.00000000E+00    0.00000000E+00
   6.92587941E+01    0.00000000E+00    0.00000000E+00
   7.00010811E+01    0.00000000E+00    0.00000000E+00
   7.07513237E+01    0.00000000E+00    0.00000000E+00
   7.15096071E+01    0.00000000E+00    0.00000000E+00
   7.22760175E+01    0.00000000E+00    0.00000000E+00
   7.30506419E+01    0.00000000E+00    0.00000000E+00
   7.38335684E+01    0.00000000E+00    0.00000000E+00
   7.46248860E+01    0.00000000E+00    0.00000000E+00
   7.54246846E+01    0.00000000E+00    0.00000000E+00
   7.62330552E+01    0.00000000E+00    0.00000000E+00
   7.70500895E+01    0.00000000E+00    0.00000000E+00
   7.78758804E+01    0.00000000E+00    0.00000000E+00
   7.87105218E+01    0.00000000E+00    0.00000000E+00
   7.95541086E+01    0.00000000E+00    0.00000000E+00
   8.04067366E+01    0.00000000E+00    0.00000000E+00
   8.12685027E+01    0.00000000E+00    0.00000000E+00
   8.21395049E+01    0.00000000E+00    0.00000000E+00
   8.30198421E+01    0.00000000E+00    0.00000000E+00
   8.39096143E+01    0.00000000E+00    0.00000000E+00
   8.48089228E+01    0.00000000E+00    0.00000000E+00
   8.57178697E+01    0.00000000E+00    0.00000000E+00
   8.66365584E+01    0.00000000E+00    0.00000000E+00
   8.75650931E+01    0.00000000E+00    0.00000000E+00
   8.85035795E+01    0.00000000E+00    0.00000000E+00
   8.94521242E+01    0.00000000E+00    0.00000000E+00
   9.04108350E+01    0.00000000E+00    0.00000000E+00
   9.13798209E+01    0.00000000E+00    0.00000000E+00
   9.23591920E+01    0.00000000E+00    0.00000000E+00
   9.33490596E+01    0.00000000E+00    0.00000000E+00
   9.43495361E+01    0.00000000E+00    0.00000000E+00
   9.53607354E+01    0.00000000E+00    0.00000000E+00
   9.63827722E+01    0.00000000E+00    0.00000000E+00
   9.74157629E+01    0.00000000E+00    0.00000000E+00
   9.84598247E+01    0.00000000E+00    0.00000000E+00
   9.95150763E+01    0.00000000E+00    0.00000000E+00
   1.00581638E+02    0.00000000E+00    0.00000000E+00
   1.01659630E+02    0.00000000E+00    0.00000000E+00
   1.02749176E+02    0.00000000E+00    0.00000000E+00
   1.03850399E+02    0.00000000E+00    0.00000000E+00
   1.04963424E+02    0.00000000E+00    0.00000000E+00
   1.06088379E+02    0.00000000E+00    0.00000000E+00
   1.07225390E+02    0.00000000E+00    0.00000000E+00
   1.08374588E+02    0.00000000E+00    0.00000000E+00
   1.09536102E+02    0.00000000E+00    0.00000000E+00
   1.10710064E+02    0.00000000E+00    0.00000000E+00
   1.11896609E+02    0.00000000E+00    0.00000000E+00
   1.13095870E+02    0.00000000E+00    0.00000000E+00
   1.14307985E+02    0.00000000E+00    0.00000000E+00
   1.15533091E+02    0.00000000E+00    0.00000000E+00
   1.16771326E+02    0.00000000E+00    0.00000000E+00
   1.18022833E+02    0.00000000E+00    0.00000000E+00
   1.19287753E+02    0.00000000E+00    0.00000000E+00
   1.20566230E+02    0.00000000E+00    0.00000000E+00
   1.21858409E+02    0.00000000E+00    0.00000000E+00
   1.23164437E+02    0.00000000E+00    0.00000000E+00
   1.24484462E+02    0.00000000E+00    0.00000000E+00
   1.25818635E+02    0.00000000E+00    0.00000000E+00
   1.27167107E+02    0.00000000E+00    0.00000000E+00
   1.28530031E+02    0.00000000E+00    0.00000000E+00
   1.29907563E+02    0.00000000E+00    0.00000000E+00
   1.31299858E+02    0.00000000E+00    0.00000000E+00
   1.32707076E+02    0.00000000E+00    0.00000000E+00
   1.34129375E+02    0.00000000E+00    0.00000000E+00
   1.35566918E+02    0.00000000E+00    0.00000000E+00
   1.37019869E+02    0.00000000E+00    0.00000000E+00
   1.38488391E+02    0.00000000E+00    0.00000000E+00
   1.39972652E+02    0.00000000E+00    0.00000000E+00
   1.41472821E+02    0.00000000E+00    0.00000000E+00
   1.42989068E+02    0.00000000E+00    0.00000000E+00
   1.44521566E+02    0.00000000E+00    0.00000000E+00
   1.46070488E+02    0.00000000E+00    0.00000000E+00
   1.47636011E+02    0.00000000E+00    0.00000000E+00
   1.49218312E+02    0.00000000E+00    0.00000000E+00
   1.50817573E+02    0.00000000E+00    0.00000000E+00
   1.52433973E+02    0.00000000E+00    0.00000000E+00
   1.54067697E+02    0.00000000E+00    0.00000000E+00
   1.55718931E+02    0.00000000E+00    0.00000000E+00
   1.57387862E+02    0.00000000E+00    0.00000000E+00
   1.59074680E+02    0.00000000E+00    0.00000000E+00
   1.60779576E+02    0.00000000E+00    0.00000000E+00
   1.62502745E+02    0.00000000E+00    0.00000000E+00
   1.64244382E+02    0.00000000E+00    0.00000000E+00
   1.66004685E+02    0.00000000E+00    0.00000000E+00
   1.67783855E+02    0.00000000E+00    0.00000000E+00
   1.69582093E+02    0.00000000E+00    0.00000000E+00
   1.71399603E+02    0.00000000E+00    0.00000000E+00
   1.73236593E+02    0.00000000E+00    0.00000000E+00
   1.75093271E+02    0.00000000E+00    0.00000000E+00
   1.76969849E+02    0.00000000E+00    0.00000000E+00
   1.78866538E+02    0.00000000E+00    0.00000000E+00
   1.80783556E+02    0.00000000E+00    0.00000000E+00
   1.82721119E+02    0.00000000E+00    0.00000000E+00
   1.84679448E+02    0.00000000E+00    0.00000000E+00
   1.86658766E+02    0.00000000E+00    0.00000000E+00
   1.88659297E+02    0.00000000E+00    0.00000000E+00
   1.90681270E+02    0.00000000E+00    0.00000000E+00
   1.92724912E+02    0.00000000E+00    0.00000000E+00
   1.94790458E+02    0.00000000E+00    0.00000000E+00
   1.96878142E+02    0.00000000E+00    0.00000000E+00
   1.98988200E+02    0.00000000E+00    0.00000000E+00
   2.01120873E+02    0.00000000E+00    0.00000000E+00
   2.03276403E+02    0.00000000E+00    0.00000000E+00
   2.05455036E+02    0.00000000E+00    0.00000000E+00
   2.07657018E+02    0.00000000E+00    0.00000000E+00
   2.09882600E+02    0.00000000E+00    0.00000000E+00
   2.12132034E+02    0.00000000E+00    0.00000000E+00
