# Peaks:     0.172298  
   5.19615229E-05    7.87703480E-02    1.10977378E+03
   5.27430786E-05    7.96305619E-02    1.10541579E+03
   5.35363897E-05    8.05031779E-02    1.10113468E+03
   5.43416331E-05    8.13878083E-02    1.09691914E+03
   5.51589881E-05    8.22840162E-02    1.09275752E+03
   5.59886371E-05    8.31913131E-02    1.08863782E+03
   5.68307648E-05    8.41091547E-02    1.08454768E+03
   5.76855590E-05    8.50369381E-02    1.08047431E+03
   5.85532102E-05    8.59741811E-02    1.07640766E+03
   5.94339117E-05    8.69210262E-02    1.07234858E+03
   6.03278600E-05    8.78777789E-02    1.06830052E+03
   6.12352542E-05    8.88447678E-02    1.06426711E+03
   6.21562965E-05    8.98223459E-02    1.06025212E+03
   6.30911922E-05    9.08108928E-02    1.05625951E+03
   6.40401498E-05    9.18107925E-02    1.05229304E+03
   6.50033807E-05    9.28222321E-02    1.04835330E+03
   6.59810996E-05    9.38452828E-02    1.04443906E+03
   6.69735244E-05    9.48800122E-02    1.04054909E+03
   6.79808763E-05    9.59264863E-02    1.03668212E+03
   6.90033799E-05    9.69847685E-02    1.03283692E+03
   7.00412630E-05    9.80549234E-02    1.02901227E+03
   7.10947569E-05    9.91370652E-02    1.02520770E+03
   7.21640964E-05    1.00231349E-01    1.02142337E+03
   7.32495200E-05    1.01337938E-01    1.01765946E+03
   7.43512695E-05    1.02457001E-01    1.01391620E+03
   7.54695904E-05    1.03588714E-01    1.01019387E+03
   7.66047320E-05    1.04733261E-01    1.00649279E+03
   7.77569474E-05    1.05890805E-01    1.00281299E+03
   7.89264933E-05    1.07061492E-01    9.99154272E+02
   8.01136304E-05    1.08245469E-01    9.95516426E+02
   8.13186232E-05    1.09442889E-01    9.91899286E+02
   8.25417405E-05    1.10653910E-01    9.88302711E+02
   8.37832546E-05    1.11878692E-01    9.84726591E+02
   8.50434425E-05    1.13117399E-01    9.81170818E+02
   8.63225849E-05    1.14370194E-01    9.77635286E+02
   8.76209670E-05    1.15637246E-01    9.74119916E+02
   8.89388780E-05    1.16918728E-01    9.70624664E+02
   9.02766119E-05    1.18214820E-01    9.67149518E+02
   9.16344666E-05    1.19525708E-01    9.63694500E+02
   9.30127449E-05    1.20851573E-01    9.60259577E+02
   9.44117540E-05    1.22192592E-01    9.56844622E+02
   9.58318056E-05    1.23548944E-01    9.53449533E+02
   9.72732163E-05    1.24920813E-01    9.50074235E+02
   9.87363073E-05    1.26308391E-01    9.46718688E+02
   1.00221405E-04    1.27711875E-01    9.43382884E+02
   1.01728840E-04    1.29131462E-01    9.40066784E+02
   1.03258948E-04    1.30567341E-01    9.36770276E+02
   1.04812070E-04    1.32019707E-01    9.33493266E+02
   1.06388554E-04    1.33488763E-01    9.30235695E+02
   1.07988749E-04    1.34974714E-01    9.26997534E+02
   1.09613013E-04    1.36477777E-01    9.23778788E+02
   1.11261707E-04    1.37998164E-01    9.20579436E+02
   1.12935200E-04    1.39536082E-01    9.17399369E+02
   1.14633863E-04    1.41091743E-01    9.14238493E+02
   1.16358077E-04    1.42665364E-01    9.11096747E+02
   1.18108224E-04    1.44257169E-01    9.07974100E+02
   1.19884695E-04    1.45867389E-01    9.04870557E+02
   1.21687887E-04    1.47496258E-01    9.01786102E+02
   1.23518200E-04    1.49144001E-01    8.98720632E+02
   1.25376043E-04    1.50810845E-01    8.95674054E+02
   1.27261830E-04    1.52497026E-01    8.92646309E+02
   1.29175981E-04    1.54202789E-01    8.89637368E+02
   1.31118923E-04    1.55928384E-01    8.86647237E+02
   1.33091089E-04    1.57674064E-01    8.83675905E+02
   1.35092918E-04    1.59440074E-01    8.80723271E+02
   1.37124857E-04    1.61226661E-01    8.77789243E+02
   1.39187358E-04    1.63034081E-01    8.74873763E+02
   1.41280882E-04    1.64862599E-01    8.71976801E+02
   1.43405894E-04    1.66712488E-01    8.69098366E+02
   1.45562869E-04    1.68584021E-01    8.66238446E+02
   1.47752287E-04    1.70477465E-01    8.63396941E+02
   1.49974636E-04    1.72393088E-01    8.60573759E+02
   1.52230412E-04    1.74331170E-01    8.57768843E+02
   1.54520116E-04    1.76291998E-01    8.54982165E+02
   1.56844261E-04    1.78275868E-01    8.52213734E+02
   1.59203363E-04    1.80283077E-01    8.49463536E+02
   1.61597948E-04    1.82313914E-01    8.46731470E+02
   1.64028550E-04    1.84368674E-01    8.44017444E+02
   1.66495711E-04    1.86447658E-01    8.41321402E+02
   1.68999981E-04    1.88551180E-01    8.38643316E+02
   1.71541918E-04    1.90679562E-01    8.35983197E+02
   1.74122088E-04    1.92833127E-01    8.33341025E+02
   1.76741066E-04    1.95012187E-01    8.30716696E+02
   1.79399437E-04    1.97217065E-01    8.28110120E+02
   1.82097792E-04    1.99448089E-01    8.25521239E+02
   1.84836734E-04    2.01705601E-01    8.22950030E+02
   1.87616872E-04    2.03989951E-01    8.20396501E+02
   1.90438826E-04    2.06301488E-01    8.17860626E+02
   1.93303225E-04    2.08640555E-01    8.15342295E+02
   1.96210708E-04    2.11007501E-01    8.12841420E+02
   1.99161922E-04    2.13402686E-01    8.10357943E+02
   2.02157526E-04    2.15826481E-01    8.07891843E+02
   2.05198187E-04    2.18279269E-01    8.05443130E+02
   2.08284582E-04    2.20761427E-01    8.03011762E+02
   2.11417401E-04    2.23273329E-01    8.00597627E+02
   2.14597340E-04    2.25815356E-01    7.98200637E+02
   2.17825108E-04    2.28387900E-01    7.95820737E+02
   2.21101426E-04    2.30991368E-01    7.93457906E+02
   2.24427023E-04    2.33626174E-01    7.91112155E+02
   2.27802640E-04    2.36292730E-01    7.88783424E+02
   2.31229030E-04    2.38991441E-01    7.86471595E+02
   2.34706957E-04    2.41722725E-01    7.84176585E+02
   2.38237195E-04    2.44487011E-01    7.81898340E+02
   2.41820532E-04    2.47284740E-01    7.79636844E+02
   2.45457766E-04    2.50116367E-01    7.77392102E+02
   2.49149708E-04    2.52982335E-01    7.75164030E+02
   2.52897180E-04    2.55883087E-01    7.72952511E+02
   2.56701019E-04    2.58819080E-01    7.70757463E+02
   2.60562071E-04    2.61790783E-01    7.68578838E+02
   2.64481197E-04    2.64798681E-01    7.66416623E+02
   2.68459271E-04    2.67843265E-01    7.64270813E+02
   2.72497180E-04    2.70925015E-01    7.62141299E+02
   2.76595823E-04    2.74044417E-01    7.60027966E+02
   2.80756113E-04    2.77201970E-01    7.57930733E+02
   2.84978979E-04    2.80398188E-01    7.55849554E+02
   2.89265361E-04    2.83633600E-01    7.53784423E+02
   2.93616215E-04    2.86908739E-01    7.51735317E+02
   2.98032510E-04    2.90224128E-01    7.49702110E+02
   3.02515231E-04    2.93580297E-01    7.47684688E+02
   3.07065377E-04    2.96977793E-01    7.45682970E+02
   3.11683962E-04    3.00417178E-01    7.43696915E+02
   3.16372015E-04    3.03899029E-01    7.41726518E+02
   3.21130581E-04    3.07423925E-01    7.39771731E+02
   3.25960721E-04    3.10992434E-01    7.37832416E+02
   3.30863512E-04    3.14605138E-01    7.35908460E+02
   3.35840045E-04    3.18262635E-01    7.33999785E+02
   3.40891431E-04    3.21965539E-01    7.32106355E+02
   3.46018795E-04    3.25714481E-01    7.30228164E+02
   3.51223280E-04    3.29510088E-01    7.28365131E+02
   3.56506046E-04    3.33352979E-01    7.26517111E+02
   3.61868270E-04    3.37243790E-01    7.24683992E+02
   3.67311148E-04    3.41183178E-01    7.22865701E+02
   3.72835892E-04    3.45171814E-01    7.21062206E+02
   3.78443734E-04    3.49210387E-01    7.19273497E+02
   3.84135924E-04    3.53299572E-01    7.17499455E+02
   3.89913730E-04    3.57440049E-01    7.15739933E+02
   3.95778441E-04    3.61632515E-01    7.13994823E+02
   4.01731363E-04    3.65877686E-01    7.12264056E+02
   4.07773823E-04    3.70176299E-01    7.10547606E+02
   4.13907169E-04    3.74529101E-01    7.08845444E+02
   4.20132766E-04    3.78936825E-01    7.07157421E+02
   4.26452002E-04    3.83400214E-01    7.05483390E+02
   4.32866287E-04    3.87920032E-01    7.03823248E+02
   4.39377049E-04    3.92497064E-01    7.02176929E+02
   4.45985740E-04    3.97132114E-01    7.00544414E+02
   4.52693832E-04    4.01825992E-01    6.98925643E+02
   4.59502821E-04    4.06579495E-01    6.97320447E+02
   4.66414225E-04    4.11393437E-01    6.95728680E+02
   4.73429583E-04    4.16268654E-01    6.94150240E+02
   4.80550459E-04    4.21206003E-01    6.92585069E+02
   4.87778441E-04    4.26206364E-01    6.91033150E+02
   4.95115140E-04    4.31270613E-01    6.89494382E+02
   5.02562190E-04    4.36399618E-01    6.87968587E+02
   5.10121251E-04    4.41594272E-01    6.86455622E+02
   5.17794009E-04    4.46855489E-01    6.84955390E+02
   5.25582173E-04    4.52184206E-01    6.83467842E+02
   5.33487479E-04    4.57581382E-01    6.81992953E+02
   5.41511689E-04    4.63047961E-01    6.80530574E+02
   5.49656592E-04    4.68584896E-01    6.79080525E+02
   5.57924002E-04    4.74193160E-01    6.77642666E+02
   5.66315763E-04    4.79873754E-01    6.76216909E+02
   5.74833745E-04    4.85627703E-01    6.74803213E+02
   5.83479847E-04    4.91456047E-01    6.73401532E+02
   5.92255994E-04    4.97359810E-01    6.72011682E+02
   6.01164145E-04    5.03340033E-01    6.70633483E+02
   6.10206283E-04    5.09397781E-01    6.69266803E+02
   6.19384424E-04    5.15534146E-01    6.67911555E+02
   6.28700614E-04    5.21750247E-01    6.66567708E+02
   6.38156929E-04    5.28047210E-01    6.65235180E+02
   6.47755478E-04    5.34426149E-01    6.63913765E+02
   6.57498398E-04    5.40888201E-01    6.62603286E+02
   6.67387862E-04    5.47434527E-01    6.61303614E+02
   6.77426074E-04    5.54066322E-01    6.60014674E+02
   6.87615272E-04    5.60784805E-01    6.58736437E+02
   6.97957725E-04    5.67591192E-01    6.57468776E+02
   7.08455740E-04    5.74486696E-01    6.56211472E+02
   7.19111656E-04    5.81472557E-01    6.54964350E+02
   7.29927848E-04    5.88550045E-01    6.53727288E+02
   7.40906727E-04    5.95720459E-01    6.52500216E+02
   7.52050740E-04    6.02985127E-01    6.51283105E+02
   7.63362370E-04    6.10345364E-01    6.50075786E+02
   7.74844140E-04    6.17802492E-01    6.48878038E+02
   7.86498607E-04    6.25357862E-01    6.47689686E+02
   7.98328369E-04    6.33012858E-01    6.46510612E+02
   8.10336063E-04    6.40768894E-01    6.45340753E+02
   8.22524366E-04    6.48627412E-01    6.44180070E+02
   8.34895994E-04    6.56589836E-01    6.43028358E+02
   8.47453703E-04    6.64657604E-01    6.41885393E+02
   8.60200294E-04    6.72832188E-01    6.40751005E+02
   8.73138607E-04    6.81115093E-01    6.39625078E+02
   8.86271526E-04    6.89507858E-01    6.38507556E+02
   8.99601977E-04    6.98012045E-01    6.37398382E+02
   9.13132933E-04    7.06629196E-01    6.36297327E+02
   9.26867408E-04    7.15360877E-01    6.35204166E+02
   9.40808464E-04    7.24208687E-01    6.34118729E+02
   9.54959208E-04    7.33174263E-01    6.33040907E+02
   9.69322795E-04    7.42259277E-01    6.31970651E+02
   9.83902424E-04    7.51465416E-01    6.30907879E+02
   9.98701347E-04    7.60794354E-01    6.29852345E+02
   1.01372286E-03    7.70247790E-01    6.28803818E+02
   1.02897031E-03    7.79827462E-01    6.27762130E+02
   1.04444710E-03    7.89535142E-01    6.26727170E+02
   1.06015668E-03    7.99372645E-01    6.25698894E+02
   1.07610255E-03    8.09341799E-01    6.24677214E+02
   1.09228826E-03    8.19444417E-01    6.23661870E+02
   1.10871742E-03    8.29682342E-01    6.22652629E+02
   1.12539369E-03    8.40057455E-01    6.21649313E+02
   1.14232079E-03    8.50571677E-01    6.20651812E+02
   1.15950249E-03    8.61226970E-01    6.19660078E+02
   1.17694262E-03    8.72025315E-01    6.18674026E+02
   1.19464507E-03    8.82968673E-01    6.17693388E+02
   1.21261378E-03    8.94059040E-01    6.16717919E+02
   1.23085276E-03    9.05298450E-01    6.15747434E+02
   1.24936607E-03    9.16688979E-01    6.14781812E+02
   1.26815785E-03    9.28232745E-01    6.13820999E+02
   1.28723227E-03    9.39931893E-01    6.12864930E+02
   1.30659359E-03    9.51788549E-01    6.11913341E+02
   1.32624613E-03    9.63804866E-01    6.10965975E+02
   1.34619426E-03    9.75983042E-01    6.10022634E+02
   1.36644243E-03    9.88325315E-01    6.09083187E+02
   1.38699515E-03    1.00083397E+00    6.08147570E+02
   1.40785701E-03    1.01351133E+00    6.07215741E+02
   1.42903265E-03    1.02635968E+00    6.06287449E+02
   1.45052680E-03    1.03938136E+00    6.05362412E+02
   1.47234424E-03    1.05257872E+00    6.04440407E+02
   1.49448984E-03    1.06595417E+00    6.03521275E+02
   1.51696853E-03    1.07951017E+00    6.02604926E+02
   1.53978533E-03    1.09324923E+00    6.01691338E+02
   1.56294531E-03    1.10717383E+00    6.00780377E+02
   1.58645364E-03    1.12128650E+00    5.99871738E+02
   1.61031557E-03    1.13558975E+00    5.98965158E+02
   1.63453640E-03    1.15008617E+00    5.98060436E+02
   1.65912154E-03    1.16477840E+00    5.97157436E+02
   1.68407646E-03    1.17966911E+00    5.96256098E+02
   1.70940674E-03    1.19476103E+00    5.95356392E+02
   1.73511800E-03    1.21005685E+00    5.94458081E+02
   1.76121599E-03    1.22555929E+00    5.93560860E+02
   1.78770653E-03    1.24127113E+00    5.92664488E+02
   1.81459550E-03    1.25719516E+00    5.91768785E+02
   1.84188892E-03    1.27333426E+00    5.90873642E+02
   1.86959286E-03    1.28969135E+00    5.89979021E+02
   1.89771349E-03    1.30626937E+00    5.89084904E+02
   1.92625709E-03    1.32307124E+00    5.88191007E+02
   1.95523001E-03    1.34009992E+00    5.87296993E+02
   1.98463872E-03    1.35735839E+00    5.86402581E+02
   2.01448976E-03    1.37484968E+00    5.85507552E+02
   2.04478980E-03    1.39257690E+00    5.84611753E+02
   2.07554558E-03    1.41054319E+00    5.83715102E+02
   2.10676395E-03    1.42875173E+00    5.82817594E+02
   2.13845189E-03    1.44720576E+00    5.81919221E+02
   2.17061644E-03    1.46590848E+00    5.81019688E+02
   2.20326479E-03    1.48486310E+00    5.80118661E+02
   2.23640420E-03    1.50407291E+00    5.79215863E+02
   2.27004206E-03    1.52354121E+00    5.78311077E+02
   2.30418587E-03    1.54327137E+00    5.77404155E+02
   2.33884323E-03    1.56326684E+00    5.76495018E+02
   2.37402188E-03    1.58353107E+00    5.75583658E+02
   2.40972966E-03    1.60406757E+00    5.74669944E+02
   2.44597451E-03    1.62487980E+00    5.73753542E+02
   2.48276453E-03    1.64597127E+00    5.72834156E+02
   2.52010791E-03    1.66734555E+00    5.71911547E+02
   2.55801297E-03    1.68900626E+00    5.70985542E+02
   2.59648816E-03    1.71095707E+00    5.70056038E+02
   2.63554206E-03    1.73320171E+00    5.69123000E+02
   2.67518338E-03    1.75574391E+00    5.68186322E+02
   2.71542093E-03    1.77858741E+00    5.67245691E+02
   2.75626371E-03    1.80173598E+00    5.66300820E+02
   2.79772080E-03    1.82519343E+00    5.65351482E+02
   2.83980145E-03    1.84896364E+00    5.64397513E+02
   2.88251504E-03    1.87305054E+00    5.63438819E+02
   2.92587108E-03    1.89745811E+00    5.62475350E+02
   2.96987924E-03    1.92219030E+00    5.61506878E+02
   3.01454934E-03    1.94725109E+00    5.60533099E+02
   3.05989131E-03    1.97264453E+00    5.59553763E+02
   3.10591528E-03    1.99837468E+00    5.58568680E+02
   3.15263150E-03    2.02444567E+00    5.57577726E+02
   3.20005038E-03    2.05086170E+00    5.56580842E+02
   3.24818249E-03    2.07762696E+00    5.55577867E+02
   3.29703855E-03    2.10474564E+00    5.54568496E+02
   3.34662946E-03    2.13222196E+00    5.53552467E+02
   3.39696627E-03    2.16006022E+00    5.52529575E+02
   3.44806020E-03    2.18826475E+00    5.51499678E+02
   3.49992264E-03    2.21683993E+00    5.50462699E+02
   3.55256514E-03    2.24579016E+00    5.49418501E+02
   3.60599944E-03    2.27511983E+00    5.48366785E+02
   3.66023744E-03    2.30483338E+00    5.47307287E+02
   3.71529124E-03    2.33493528E+00    5.46239796E+02
   3.77117311E-03    2.36543006E+00    5.45164165E+02
   3.82789551E-03    2.39632229E+00    5.44080306E+02
   3.88547106E-03    2.42761655E+00    5.42988075E+02
   3.94391261E-03    2.45931743E+00    5.41887179E+02
   4.00323319E-03    2.49142953E+00    5.40777357E+02
   4.06344601E-03    2.52395751E+00    5.39658402E+02
   4.12456449E-03    2.55690606E+00    5.38530167E+02
   4.18660226E-03    2.59027994E+00    5.37392563E+02
   4.24957314E-03    2.62408389E+00    5.36245418E+02
   4.31349116E-03    2.65832264E+00    5.35088438E+02
   4.37837059E-03    2.69300096E+00    5.33921367E+02
   4.44422586E-03    2.72812366E+00    5.32744003E+02
   4.51107167E-03    2.76369559E+00    5.31556200E+02
   4.57892291E-03    2.79972164E+00    5.30357868E+02
   4.64779471E-03    2.83620668E+00    5.29148814E+02
   4.71770241E-03    2.87315558E+00    5.27928749E+02
   4.78866159E-03    2.91057324E+00    5.26697425E+02
   4.86068807E-03    2.94846457E+00    5.25454647E+02
   4.93379791E-03    2.98683455E+00    5.24200274E+02
   5.00800740E-03    3.02568817E+00    5.22934206E+02
   5.08333307E-03    3.06503039E+00    5.21656216E+02
   5.15979172E-03    3.10486616E+00    5.20366018E+02
   5.23740039E-03    3.14520046E+00    5.19063373E+02
   5.31617637E-03    3.18603831E+00    5.17748094E+02
   5.39613723E-03    3.22738472E+00    5.16420047E+02
   5.47730078E-03    3.26924475E+00    5.15079120E+02
   5.55968512E-03    3.31162339E+00    5.13725065E+02
   5.64330861E-03    3.35452565E+00    5.12357611E+02
   5.72818988E-03    3.39795653E+00    5.10976532E+02
   5.81434785E-03    3.44192107E+00    5.09581652E+02
   5.90180173E-03    3.48642430E+00    5.08172848E+02
   5.99057100E-03    3.53147124E+00    5.06749964E+02
   6.08067546E-03    3.57706689E+00    5.05312725E+02
   6.17213519E-03    3.62321619E+00    5.03860879E+02
   6.26497056E-03    3.66992415E+00    5.02394218E+02
   6.35920228E-03    3.71719572E+00    5.00912585E+02
   6.45485134E-03    3.76503590E+00    4.99415862E+02
   6.55193906E-03    3.81344961E+00    4.97903852E+02
   6.65048708E-03    3.86244173E+00    4.96376281E+02
   6.75051737E-03    3.91201713E+00    4.94832913E+02
   6.85205222E-03    3.96218066E+00    4.93273558E+02
   6.95511425E-03    4.01293717E+00    4.91698070E+02
   7.05972645E-03    4.06429147E+00    4.90106320E+02
   7.16591213E-03    4.11624830E+00    4.88498063E+02
   7.27369495E-03    4.16881236E+00    4.86873052E+02
   7.38309894E-03    4.22198830E+00    4.85231077E+02
   7.49414847E-03    4.27578078E+00    4.83571973E+02
   7.60686831E-03    4.33019438E+00    4.81895617E+02
   7.72128357E-03    4.38523364E+00    4.80201811E+02
   7.83741976E-03    4.44090300E+00    4.78490297E+02
   7.95530276E-03    4.49720684E+00    4.76760852E+02
   8.07495884E-03    4.55414951E+00    4.75013292E+02
   8.19641468E-03    4.61173531E+00    4.73247479E+02
   8.31969733E-03    4.66996846E+00    4.71463284E+02
   8.44483429E-03    4.72885307E+00    4.69660476E+02
   8.57185344E-03    4.78839316E+00    4.67838821E+02
   8.70078309E-03    4.84859268E+00    4.65998122E+02
   8.83165197E-03    4.90945552E+00    4.64138222E+02
   8.96448926E-03    4.97098548E+00    4.62259003E+02
   9.09932457E-03    5.03318623E+00    4.60360282E+02
   9.23618793E-03    5.09606132E+00    4.58441821E+02
   9.37510987E-03    5.15961418E+00    4.56503410E+02
   9.51612134E-03    5.22384816E+00    4.54544878E+02
   9.65925376E-03    5.28876651E+00    4.52566091E+02
   9.80453905E-03    5.35437238E+00    4.50566945E+02
   9.95200958E-03    5.42066871E+00    4.48547244E+02
   1.01016982E-02    5.48765830E+00    4.46506769E+02
   1.02536383E-02    5.55534384E+00    4.44445335E+02
   1.04078638E-02    5.62372787E+00    4.42362792E+02
   1.05644090E-02    5.69281281E+00    4.40259026E+02
   1.07233087E-02    5.76260091E+00    4.38133914E+02
   1.08845985E-02    5.83309420E+00    4.35987256E+02
   1.10483143E-02    5.90429453E+00    4.33818868E+02
   1.12144925E-02    5.97620360E+00    4.31628600E+02
   1.13831702E-02    6.04882297E+00    4.29416338E+02
   1.15543850E-02    6.12215398E+00    4.27181994E+02
   1.17281750E-02    6.19619774E+00    4.24925405E+02
   1.19045791E-02    6.27095512E+00    4.22646389E+02
   1.20836364E-02    6.34642679E+00    4.20344796E+02
   1.22653869E-02    6.42261324E+00    4.18020508E+02
   1.24498712E-02    6.49951472E+00    4.15673442E+02
   1.26371303E-02    6.57713128E+00    4.13303526E+02
   1.28272060E-02    6.65546264E+00    4.10910612E+02
   1.30201406E-02    6.73450824E+00    4.08494553E+02
   1.32159771E-02    6.81426730E+00    4.06055232E+02
   1.34147593E-02    6.89473879E+00    4.03592561E+02
   1.36165313E-02    6.97592144E+00    4.01106492E+02
   1.38213382E-02    7.05781362E+00    3.98596947E+02
   1.40292256E-02    7.14041338E+00    3.96063801E+02
   1.42402398E-02    7.22371844E+00    3.93506946E+02
   1.44544279E-02    7.30772627E+00    3.90926310E+02
   1.46718376E-02    7.39243402E+00    3.88321847E+02
   1.48925174E-02    7.47783853E+00    3.85693545E+02
   1.51165165E-02    7.56393623E+00    3.83041336E+02
   1.53438847E-02    7.65072314E+00    3.80365133E+02
   1.55746728E-02    7.73819494E+00    3.77664876E+02
   1.58089322E-02    7.82634700E+00    3.74940533E+02
   1.60467151E-02    7.91517430E+00    3.72192105E+02
   1.62880745E-02    8.00467146E+00    3.69419610E+02
   1.65330642E-02    8.09483258E+00    3.66623011E+02
   1.67817388E-02    8.18565132E+00    3.63802270E+02
   1.70341537E-02    8.27712097E+00    3.60957377E+02
   1.72903652E-02    8.36923439E+00    3.58088352E+02
   1.75504304E-02    8.46198407E+00    3.55195246E+02
   1.78144072E-02    8.55536198E+00    3.52278109E+02
   1.80823545E-02    8.64935954E+00    3.49336948E+02
   1.83543321E-02    8.74396765E+00    3.46371783E+02
   1.86304005E-02    8.83917680E+00    3.43382664E+02
   1.89106212E-02    8.93497702E+00    3.40369670E+02
   1.91950567E-02    9.03135786E+00    3.37332909E+02
   1.94837705E-02    9.12830824E+00    3.34272459E+02
   1.97768268E-02    9.22581647E+00    3.31188389E+02
   2.00742910E-02    9.32387034E+00    3.28080790E+02
   2.03762293E-02    9.42245717E+00    3.24949786E+02
   2.06827091E-02    9.52156375E+00    3.21795527E+02
   2.09937987E-02    9.62117624E+00    3.18618162E+02
   2.13095674E-02    9.72128002E+00    3.15417812E+02
   2.16300856E-02    9.82185992E+00    3.12194621E+02
   2.19554248E-02    9.92290024E+00    3.08948760E+02
   2.22856573E-02    1.00243847E+01    3.05680430E+02
   2.26208570E-02    1.01262964E+01    3.02389852E+02
   2.29610983E-02    1.02286177E+01    2.99077225E+02
   2.33064573E-02    1.03313302E+01    2.95742750E+02
   2.36570108E-02    1.04344147E+01    2.92386657E+02
   2.40128370E-02    1.05378517E+01    2.89009204E+02
   2.43740152E-02    1.06416209E+01    2.85610671E+02
   2.47406259E-02    1.07457012E+01    2.82191326E+02
   2.51127508E-02    1.08500706E+01    2.78751443E+02
   2.54904729E-02    1.09547066E+01    2.75291322E+02
   2.58738763E-02    1.10595860E+01    2.71811291E+02
   2.62630465E-02    1.11646849E+01    2.68311696E+02
   2.66580702E-02    1.12699783E+01    2.64792874E+02
   2.70590355E-02    1.13754406E+01    2.61255181E+02
   2.74660317E-02    1.14810456E+01    2.57699000E+02
   2.78791496E-02    1.15867662E+01    2.54124730E+02
   2.82984812E-02    1.16925744E+01    2.50532773E+02
   2.87241199E-02    1.17984414E+01    2.46923551E+02
   2.91561608E-02    1.19043378E+01    2.43297512E+02
   2.95946999E-02    1.20102332E+01    2.39655115E+02
   3.00398352E-02    1.21160965E+01    2.35996827E+02
   3.04916658E-02    1.22218956E+01    2.32323139E+02
   3.09502924E-02    1.23275978E+01    2.28634564E+02
   3.14158172E-02    1.24331694E+01    2.24931624E+02
   3.18883439E-02    1.25385758E+01    2.21214857E+02
   3.23679780E-02    1.26437817E+01    2.17484825E+02
   3.28548263E-02    1.27487510E+01    2.13742102E+02
   3.33489973E-02    1.28534465E+01    2.09987281E+02
   3.38506011E-02    1.29578305E+01    2.06220976E+02
   3.43597496E-02    1.30618641E+01    2.02443811E+02
   3.48765562E-02    1.31655077E+01    1.98656434E+02
   3.54011361E-02    1.32687209E+01    1.94859510E+02
   3.59336062E-02    1.33714624E+01    1.91053719E+02
   3.64740853E-02    1.34736900E+01    1.87239762E+02
   3.70226937E-02    1.35753609E+01    1.83418357E+02
   3.75795538E-02    1.36764310E+01    1.79590238E+02
   3.81447896E-02    1.37768558E+01    1.75756159E+02
   3.87185272E-02    1.38765899E+01    1.71916893E+02
   3.93008944E-02    1.39755868E+01    1.68073227E+02
   3.98920210E-02    1.40737996E+01    1.64225969E+02
   4.04920387E-02    1.41711802E+01    1.60375943E+02
   4.11010814E-02    1.42676802E+01    1.56523993E+02
   4.17192847E-02    1.43632499E+01    1.52670977E+02
   4.23467864E-02    1.44578393E+01    1.48817773E+02
   4.29837264E-02    1.45513972E+01    1.44965275E+02
   4.36302466E-02    1.46438722E+01    1.41114395E+02
   4.42864912E-02    1.47352117E+01    1.37266061E+02
   4.49526064E-02    1.48253628E+01    1.33421216E+02
   4.56287406E-02    1.49142716E+01    1.29580824E+02
   4.63150447E-02    1.50018839E+01    1.25745859E+02
   4.70116714E-02    1.50881445E+01    1.21917316E+02
   4.77187762E-02    1.51729981E+01    1.18096201E+02
   4.84365165E-02    1.52563883E+01    1.14283539E+02
   4.91650524E-02    1.53382585E+01    1.10480365E+02
   4.99045463E-02    1.54185516E+01    1.06687732E+02
   5.06551629E-02    1.54972098E+01    1.02906705E+02
   5.14170696E-02    1.55741751E+01    9.91383633E+01
   5.21904361E-02    1.56493891E+01    9.53837965E+01
   5.29754349E-02    1.57227928E+01    9.16441072E+01
   5.37722409E-02    1.57943271E+01    8.79204112E+01
   5.45810317E-02    1.58639324E+01    8.42138351E+01
   5.54019876E-02    1.59315492E+01    8.05255111E+01
   5.62352915E-02    1.59971176E+01    7.68565858E+01
   5.70811291E-02    1.60605774E+01    7.32082130E+01
   5.79396891E-02    1.61218689E+01    6.95815519E+01
   5.88111626E-02    1.61809316E+01    6.59777719E+01
   5.96957441E-02    1.62377051E+01    6.23980554E+01
   6.05936306E-02    1.62921298E+01    5.88435729E+01
   6.15050222E-02    1.63441455E+01    5.53155129E+01
   6.24301221E-02    1.63936926E+01    5.18150629E+01
   6.33691365E-02    1.64407114E+01    4.83434139E+01
   6.43222747E-02    1.64851426E+01    4.49017623E+01
   6.52897490E-02    1.65269274E+01    4.14912954E+01
   6.62717752E-02    1.65660075E+01    3.81132067E+01
   6.72685721E-02    1.66023248E+01    3.47686888E+01
   6.82803618E-02    1.66358218E+01    3.14589326E+01
   6.93073700E-02    1.66664419E+01    2.81851160E+01
   7.03498253E-02    1.66941292E+01    2.49484204E+01
   7.14079604E-02    1.67188281E+01    2.17500203E+01
   7.24820108E-02    1.67404845E+01    1.85910785E+01
   7.35722162E-02    1.67590448E+01    1.54727521E+01
   7.46788193E-02    1.67744566E+01    1.23961895E+01
   7.58020669E-02    1.67866686E+01    9.36252223E+00
   7.69422094E-02    1.67956303E+01    6.37287852E+00
   7.80995008E-02    1.68012931E+01    3.42836279E+00
   7.92741990E-02    1.68036093E+01    5.30070289E-01
   8.04665659E-02    1.68025326E+01   -2.32091969E+00
   8.16768673E-02    1.67980185E+01   -5.12354857E+00
   8.29053729E-02    1.67900237E+01   -7.87677431E+00
   8.41523565E-02    1.67785068E+01   -1.05795765E+01
   8.54180961E-02    1.67634282E+01   -1.32309539E+01
   8.67028736E-02    1.67447500E+01   -1.58299310E+01
   8.80069756E-02    1.67224363E+01   -1.83755539E+01
   8.93306927E-02    1.66964532E+01   -2.08668956E+01
   9.06743198E-02    1.66667689E+01   -2.33030547E+01
   9.20381565E-02    1.66333539E+01   -2.56831583E+01
   9.34225067E-02    1.65961807E+01   -2.80063612E+01
   9.48276790E-02    1.65552245E+01   -3.02718523E+01
   9.62539866E-02    1.65104628E+01   -3.24788476E+01
   9.77017473E-02    1.64618753E+01   -3.46265966E+01
   9.91712839E-02    1.64094450E+01   -3.67143868E+01
   1.00662924E-01    1.63531571E+01   -3.87415385E+01
   1.02177000E-01    1.62929998E+01   -4.07074093E+01
   1.03713849E-01    1.62289640E+01   -4.26113945E+01
   1.05273813E-01    1.61610437E+01   -4.44529308E+01
   1.06857242E-01    1.60892356E+01   -4.62314901E+01
   1.08464487E-01    1.60135400E+01   -4.79465919E+01
   1.10095906E-01    1.59339602E+01   -4.95977994E+01
   1.11751864E-01    1.58505021E+01   -5.11847095E+01
   1.13432729E-01    1.57631759E+01   -5.27069787E+01
   1.15138876E-01    1.56719946E+01   -5.41643042E+01
   1.16870685E-01    1.55769744E+01   -5.55564226E+01
   1.18628542E-01    1.54781357E+01   -5.68831384E+01
   1.20412840E-01    1.53755014E+01   -5.81442822E+01
   1.22223975E-01    1.52690990E+01   -5.93397572E+01
   1.24062352E-01    1.51589596E+01   -6.04695170E+01
   1.25928379E-01    1.50451166E+01   -6.15335440E+01
   1.27822474E-01    1.49276074E+01   -6.25318792E+01
   1.29745058E-01    1.48064753E+01   -6.34646619E+01
   1.31696559E-01    1.46817649E+01   -6.43320369E+01
   1.33677413E-01    1.45535253E+01   -6.51342212E+01
   1.35688061E-01    1.44218094E+01   -6.58714917E+01
   1.37728952E-01    1.42866737E+01   -6.65441717E+01
   1.39800540E-01    1.41481788E+01   -6.71526558E+01
   1.41903286E-01    1.40063885E+01   -6.76973845E+01
   1.44037660E-01    1.38613706E+01   -6.81788561E+01
   1.46204137E-01    1.37131967E+01   -6.85976325E+01
   1.48403200E-01    1.35619417E+01   -6.89543275E+01
   1.50635340E-01    1.34076843E+01   -6.92496089E+01
   1.52901053E-01    1.32505067E+01   -6.94842083E+01
   1.55200845E-01    1.30904947E+01   -6.96589087E+01
   1.57535228E-01    1.29277374E+01   -6.97745475E+01
   1.59904723E-01    1.27623273E+01   -6.98320168E+01
   1.62309857E-01    1.25943602E+01   -6.98322644E+01
   1.64751168E-01    1.24239353E+01   -6.97762903E+01
   1.67229198E-01    1.22511542E+01   -6.96651402E+01
   1.69744500E-01    1.20761225E+01   -6.94999179E+01
   1.72297635E-01    1.18989478E+01   -6.92817691E+01
   1.74889172E-01    1.17197411E+01   -6.90118913E+01
   1.77519688E-01    1.15386157E+01   -6.86915249E+01
   1.80189770E-01    1.13556875E+01   -6.83219551E+01
   1.82900013E-01    1.11710749E+01   -6.79045070E+01
   1.85651020E-01    1.09848983E+01   -6.74405483E+01
   1.88443406E-01    1.07972805E+01   -6.69314830E+01
   1.91277792E-01    1.06083459E+01   -6.63787519E+01
   1.94154810E-01    1.04182213E+01   -6.57838345E+01
   1.97075102E-01    1.02270338E+01   -6.51482196E+01
   2.00039318E-01    1.00349136E+01   -6.44734590E+01
   2.03048118E-01    9.84199092E+00   -6.37611041E+01
   2.06102175E-01    9.64839750E+00   -6.30127395E+01
   2.09202167E-01    9.45426610E+00   -6.22299751E+01
   2.12348787E-01    9.25972994E+00   -6.14144347E+01
   2.15542735E-01    9.06492282E+00   -6.05677596E+01
   2.18784723E-01    8.86997900E+00   -5.96916089E+01
   2.22075474E-01    8.67503240E+00   -5.87876424E+01
   2.25415722E-01    8.48021726E+00   -5.78575378E+01
   2.28806211E-01    8.28566769E+00   -5.69029831E+01
   2.32247695E-01    8.09151638E+00   -5.59256477E+01
   2.35740944E-01    7.89789654E+00   -5.49272306E+01
   2.39286734E-01    7.70493981E+00   -5.39094144E+01
   2.42885857E-01    7.51277634E+00   -5.28738660E+01
   2.46539115E-01    7.32153537E+00   -5.18222578E+01
   2.50247321E-01    7.13134502E+00   -5.07562612E+01
   2.54011303E-01    6.94233084E+00   -4.96775156E+01
   2.57831899E-01    6.75461701E+00   -4.85876605E+01
   2.61709961E-01    6.56832523E+00   -4.74883094E+01
   2.65646352E-01    6.38357501E+00   -4.63810603E+01
   2.69641952E-01    6.20048325E+00   -4.52674887E+01
   2.73697649E-01    6.01916407E+00   -4.41491443E+01
   2.77814348E-01    5.83972917E+00   -4.30275671E+01
   2.81992967E-01    5.66228578E+00   -4.19042237E+01
   2.86234436E-01    5.48693920E+00   -4.07805982E+01
   2.90539702E-01    5.31379097E+00   -3.96581282E+01
   2.94909723E-01    5.14293825E+00   -3.85381931E+01
   2.99345474E-01    4.97447549E+00   -3.74221767E+01
   3.03847943E-01    4.80849236E+00   -3.63113928E+01
   3.08418134E-01    4.64507470E+00   -3.52071255E+01
   3.13057066E-01    4.48430413E+00   -3.41106184E+01
   3.17765772E-01    4.32625786E+00   -3.30230705E+01
   3.22545302E-01    4.17100857E+00   -3.19456334E+01
   3.27396721E-01    4.01862444E+00   -3.08794188E+01
   3.32321110E-01    3.86916885E+00   -2.98254854E+01
   3.37319568E-01    3.72270045E+00   -2.87848454E+01
   3.42393207E-01    3.57927298E+00   -2.77584606E+01
   3.47543159E-01    3.43893527E+00   -2.67472419E+01
   3.52770572E-01    3.30173117E+00   -2.57520483E+01
   3.58076611E-01    3.16769949E+00   -2.47736852E+01
   3.63462458E-01    3.03687401E+00   -2.38129064E+01
   3.68929314E-01    2.90928346E+00   -2.28703987E+01
   3.74478397E-01    2.78495147E+00   -2.19468297E+01
   3.80110944E-01    2.66389661E+00   -2.10427728E+01
   3.85828211E-01    2.54613245E+00   -2.01587652E+01
   3.91631471E-01    2.43166764E+00   -1.92952849E+01
   3.97522018E-01    2.32050592E+00   -1.84527554E+01
   4.03501165E-01    2.21264606E+00   -1.76315470E+01
   4.09570245E-01    2.10808220E+00   -1.68319748E+01
   4.15730611E-01    2.00680370E+00   -1.60543011E+01
   4.21983634E-01    1.90879552E+00   -1.52987359E+01
   4.28330710E-01    1.81403802E+00   -1.45654375E+01
   4.34773252E-01    1.72250739E+00   -1.38545145E+01
   4.41312697E-01    1.63417554E+00   -1.31660265E+01
   4.47950502E-01    1.54901042E+00   -1.24999857E+01
   4.54688146E-01    1.46697625E+00   -1.18563593E+01
   4.61527132E-01    1.38803324E+00   -1.12350692E+01
   4.68468983E-01    1.31213833E+00   -1.06359960E+01
   4.75515247E-01    1.23924523E+00   -1.00589805E+01
   4.82667494E-01    1.16930405E+00   -9.50382321E+00
   4.89927319E-01    1.10226244E+00   -8.97029043E+00
   4.97296339E-01    1.03806513E+00   -8.45811335E+00
   5.04776196E-01    9.76653972E-01   -7.96698935E+00
   5.12368558E-01    9.17968881E-01   -7.49658769E+00
   5.20075118E-01    8.61947385E-01   -7.04654836E+00
   5.27897592E-01    8.08525063E-01   -6.61648527E+00
   5.35837725E-01    7.57635868E-01   -6.20598918E+00
   5.43897285E-01    7.09212067E-01   -5.81462811E+00
   5.52078069E-01    6.63184621E-01   -5.44195048E+00
   5.60381902E-01    6.19483387E-01   -5.08748720E+00
   5.68810632E-01    5.78037257E-01   -4.75075327E+00
   5.77366139E-01    5.38774418E-01   -4.43125018E+00
   5.86050331E-01    5.01622449E-01   -4.12846723E+00
   5.94865141E-01    4.66508749E-01   -3.84188509E+00
   6.03812535E-01    4.33360361E-01   -3.57097514E+00
   6.12894508E-01    4.02104467E-01   -3.31520350E+00
   6.22113083E-01    3.72668420E-01   -3.07403185E+00
   6.31470315E-01    3.44979959E-01   -2.84691942E+00
   6.40968290E-01    3.18967357E-01   -2.63332457E+00
   6.50609124E-01    2.94559587E-01   -2.43270649E+00
   6.60394966E-01    2.71686469E-01   -2.24452673E+00
   6.70327998E-01    2.50278783E-01   -2.06825040E+00
   6.80410433E-01    2.30268511E-01   -1.90334848E+00
   6.90644518E-01    2.11588764E-01   -1.74929759E+00
   7.01032534E-01    1.94174077E-01   -1.60558255E+00
   7.11576797E-01    1.77960424E-01   -1.47169696E+00
   7.22279657E-01    1.62885329E-01   -1.34714423E+00
   7.33143500E-01    1.48888043E-01   -1.23143937E+00
   7.44170745E-01    1.35909401E-01   -1.12410807E+00
   7.55363852E-01    1.23892098E-01   -1.02468918E+00
   7.66725315E-01    1.12780655E-01   -9.32734662E-01
   7.78257667E-01    1.02521467E-01   -8.47810191E-01
   7.89963477E-01    9.30629202E-02   -7.69496299E-01
   8.01845355E-01    8.43552699E-02   -6.97387623E-01
   8.13905948E-01    7.63507809E-02   -6.31094166E-01
   8.26147946E-01    6.90037003E-02   -5.70241256E-01
   8.38574076E-01    6.22702638E-02   -5.14469748E-01
   8.51187108E-01    5.61086889E-02   -4.63436095E-01
   8.63989853E-01    5.04791698E-02   -4.16812433E-01
   8.76985165E-01    4.53438317E-02   -3.74286311E-01
   8.90175939E-01    4.06667747E-02   -3.35561151E-01
   9.03565117E-01    3.64139375E-02   -3.00355213E-01
   9.17155683E-01    3.25531503E-02   -2.68402108E-01
   9.30950664E-01    2.90540503E-02   -2.39450167E-01
   9.44953137E-01    2.58880558E-02   -2.13262286E-01
   9.59166221E-01    2.30282731E-02   -1.89615207E-01
   9.73593085E-01    2.04495538E-02   -1.68300039E-01
   9.88236945E-01    1.81282635E-02   -1.49120373E-01
   1.00310106E+00    1.60423691E-02   -1.31893038E-01
   1.01818875E+00    1.41713693E-02   -1.16447554E-01
   1.03350338E+00    1.24960926E-02   -1.02624472E-01
   1.04904835E+00    1.09988359E-02   -9.02765419E-02
   1.06482714E+00    9.66313225E-03   -7.92667954E-02
   1.08084325E+00    8.47378207E-03   -6.94688181E-02
   1.09710026E+00    7.41675279E-03   -6.07659183E-02
   1.11360180E+00    6.47912493E-03   -5.30506847E-02
   1.13035154E+00    5.64902617E-03   -4.62244408E-02
   1.14735321E+00    4.91557261E-03   -4.01967569E-02
   1.16461060E+00    4.26879902E-03   -3.48848698E-02
   1.18212756E+00    3.69962483E-03   -3.02133984E-02
   1.19990800E+00    3.19975638E-03   -2.61135288E-02
   1.21795587E+00    2.76166792E-03   -2.25228532E-02
   1.23627520E+00    2.37852948E-03   -1.93847677E-02
   1.25487008E+00    2.04416084E-03   -1.66480853E-02
   1.27374464E+00    1.75299250E-03   -1.42667086E-02
   1.29290309E+00    1.49999077E-03   -1.21990037E-02
   1.31234971E+00    1.28064280E-03   -1.04076724E-02
   1.33208882E+00    1.09089826E-03   -8.85926450E-03
   1.35212483E+00    9.27134852E-04   -7.52388814E-03
   1.37246220E+00    7.86127486E-04   -6.37495110E-03
   1.39310547E+00    6.64993857E-04   -5.38870682E-03
   1.41405924E+00    5.61181228E-04   -4.54414204E-03
   1.43532817E+00    4.72427121E-04   -3.82264880E-03
   1.45691700E+00    3.96731897E-04   -3.20779532E-03
   1.47883056E+00    3.32335179E-04   -2.68512884E-03
   1.50107372E+00    2.77687134E-04   -2.24193660E-03
   1.52365144E+00    2.31430098E-04   -1.86709232E-03
   1.54656875E+00    1.92377445E-04   -1.55088037E-03
   1.56983077E+00    1.59492824E-04   -1.28482334E-03
   1.59344267E+00    1.31875563E-04   -1.06156061E-03
   1.61740971E+00    1.08744734E-04   -8.74716127E-04
   1.64173725E+00    8.94241342E-05   -7.18774109E-04
   1.66643069E+00    7.33308997E-05   -5.88984634E-04
   1.69149556E+00    5.99636210E-05   -4.81265461E-04
   1.71693742E+00    4.88921923E-05   -3.92118194E-04
   1.74276196E+00    3.97488087E-05   -3.18554036E-04
   1.76897492E+00    3.22198320E-05   -2.58026771E-04
   1.79558215E+00    2.60386348E-05   -2.08373894E-04
   1.82258959E+00    2.09792280E-05   -1.67764245E-04
   1.85000325E+00    1.68507337E-05   -1.34652632E-04
   1.87782923E+00    1.34922322E-05   -1.07737616E-04
   1.90607375E+00    1.07688976E-05   -8.59298206E-05
   1.93474309E+00    8.56753391E-06   -6.83154918E-05
   1.96384365E+00    6.79387319E-06   -5.41343859E-05
   1.99338192E+00    5.36951459E-06   -4.27548122E-05
   2.02336447E+00    4.22951795E-06   -3.36540213E-05
   2.05379799E+00    3.32016238E-06   -2.63999723E-05
   2.08468926E+00    2.59728352E-06   -2.06378089E-05
   2.11604517E+00    2.02466455E-06   -1.60767972E-05
   2.14787270E+00    1.57265472E-06   -1.24791276E-05
   2.18017896E+00    1.21713086E-06   -9.65149786E-06
   2.21297113E+00    9.38522095E-07   -7.43722398E-06
   2.24625653E+00    7.20994335E-07   -5.70965008E-06
   2.28004258E+00    5.51787493E-07   -4.36679846E-06
   2.31433681E+00    4.20669537E-07   -3.32696664E-06
   2.34914686E+00    3.19461486E-07   -2.52490179E-06
   2.38448049E+00    2.41642484E-07   -1.90862392E-06
   2.42034557E+00    1.82048123E-07   -1.43700060E-06
   2.45675010E+00    1.36592424E-07   -1.07751567E-06
   2.49370220E+00    1.02063594E-07   -8.04630892E-07
   2.53121009E+00    7.59433036E-08   -5.98338311E-07
   2.56928214E+00    5.62677240E-08   -4.43048052E-07
   2.60792683E+00    4.15095936E-08   -3.26645572E-07
   2.64715278E+00    3.04882339E-08   -2.39772887E-07
   2.68696873E+00    2.22938214E-08   -1.75224393E-07
   2.72738355E+00    1.62281194E-08   -1.27474451E-07
   2.76840625E+00    1.17588363E-08   -9.23138741E-08
   2.81004598E+00    8.48074715E-09   -6.65406633E-08
   2.85231202E+00    6.08771660E-09   -4.77375988E-08
   2.89521377E+00    4.34900060E-09   -3.40840714E-08
   2.93876082E+00    3.09180918E-09   -2.42177221E-08
   2.98296286E+00    2.18719420E-09   -1.71225832E-08
   3.02782974E+00    1.53953096E-09   -1.20457671E-08
   3.07337147E+00    1.07813746E-09   -8.43115287E-09
   3.11959820E+00    7.51140777E-10   -5.87088701E-09
   3.16652022E+00    5.20582901E-10   -4.06672258E-09
   3.21414800E+00    3.58876955E-10   -2.80204554E-09
   3.26249215E+00    2.46069974E-10   -1.92028608E-09
   3.31156345E+00    1.67798944E-10   -1.30881093E-09
   3.36137283E+00    1.13790999E-10   -8.87112486E-10
   3.41193139E+00    7.67306186E-11   -5.97895413E-10
   3.46325041E+00    5.14446428E-11   -4.00668386E-10
   3.51534133E+00    3.42920907E-11   -2.66950034E-10
   3.56821574E+00    2.27232888E-11   -1.76807579E-10
   3.62188544E+00    1.49676531E-11   -1.16407168E-10
   3.67636239E+00    9.79926551E-12   -7.61760531E-11
   3.73165873E+00    6.37620204E-12   -4.95437162E-11
   3.78778678E+00    4.12273736E-12   -3.20196226E-11
   3.84475906E+00    2.64893676E-12   -2.05640581E-11
   3.90258826E+00    1.69098485E-12   -1.31215790E-11
   3.96128727E+00    1.07237124E-12   -8.31769806E-12
   4.02086918E+00    6.75642606E-13   -5.23828752E-12
   4.08134726E+00    4.22781378E-13   -3.27645921E-12
   4.14273500E+00    2.62708455E-13   -2.03508126E-12
   4.20504607E+00    1.62141706E-13   -1.25552116E-12
   4.26829436E+00    9.93022512E-14   -7.68619388E-13
   4.33249398E+00    6.04759368E-14   -4.67910263E-13
   4.39765922E+00    3.65183934E-14   -2.82435802E-13
   4.46380462E+00    2.18743209E-14   -1.69111087E-13
   4.53094492E+00    1.30349916E-14   -1.00735731E-13
   4.59909507E+00    7.67200267E-15   -5.92669280E-14
   4.66827028E+00    4.51245226E-15   -3.48464830E-14
   4.73848595E+00    2.59766508E-15   -2.00520506E-14
   4.80975774E+00    1.49792270E-15   -1.15585685E-14
   4.88210153E+00    8.70891643E-16   -6.71809221E-15
   4.95553345E+00    4.92685517E-16   -3.79923927E-15
   5.03006986E+00    2.76410034E-16   -2.13068465E-15
   5.10572737E+00    1.50578959E-16   -1.16023527E-15
   5.18252286E+00    8.32270735E-17   -6.41053891E-16
   5.26047343E+00    4.75862754E-17   -3.66469264E-16
   5.33959645E+00    2.59265021E-17   -1.99615530E-16
   5.41990958E+00    1.37854628E-17   -1.06098119E-16
   5.50143069E+00    7.25987688E-18   -5.58458303E-17
   5.58417797E+00    3.53106659E-18   -2.71421972E-17
   5.66816985E+00    1.71437723E-18   -1.31688172E-17
   5.75342506E+00    1.01798887E-18   -7.82208265E-18
   5.83996259E+00    6.66380663E-19   -5.12423263E-18
   5.92780174E+00    4.13826170E-19   -3.18255663E-18
   6.01696209E+00    2.31560984E-19    0.00000000E+00
   6.10746350E+00    8.84938647E-20    0.00000000E+00
   6.19932614E+00    0.00000000E+00    0.00000000E+00
   6.29257050E+00    0.00000000E+00    0.00000000E+00
   6.38721734E+00    0.00000000E+00    0.00000000E+00
   6.48328778E+00    0.00000000E+00    0.00000000E+00
   6.58080321E+00    0.00000000E+00    0.00000000E+00
   6.67978538E+00    0.00000000E+00    0.00000000E+00
   6.78025635E+00    0.00000000E+00    0.00000000E+00
   6.88223850E+00    0.00000000E+00    0.00000000E+00
   6.98575457E+00    0.00000000E+00    0.00000000E+00
   7.09082763E+00    0.00000000E+00    0.00000000E+00
   7.19748111E+00    0.00000000E+00    0.00000000E+00
   7.30573876E+00    0.00000000E+00    0.00000000E+00
   7.41562471E+00    0.00000000E+00    0.00000000E+00
   7.52716347E+00    0.00000000E+00    0.00000000E+00
   7.64037989E+00    0.00000000E+00    0.00000000E+00
   7.75529920E+00    0.00000000E+00    0.00000000E+00
   7.87194702E+00    0.00000000E+00    0.00000000E+00
   7.99034935E+00    0.00000000E+00    0.00000000E+00
   8.11053257E+00    0.00000000E+00    0.00000000E+00
   8.23252347E+00    0.00000000E+00    0.00000000E+00
   8.35634924E+00    0.00000000E+00    0.00000000E+00
   8.48203748E+00    0.00000000E+00    0.00000000E+00
   8.60961620E+00    0.00000000E+00    0.00000000E+00
   8.73911384E+00    0.00000000E+00    0.00000000E+00
   8.87055926E+00    0.00000000E+00    0.00000000E+00
   9.00398176E+00    0.00000000E+00    0.00000000E+00
   9.13941107E+00    0.00000000E+00    0.00000000E+00
   9.27687738E+00    0.00000000E+00    0.00000000E+00
   9.41641133E+00    0.00000000E+00    0.00000000E+00
   9.55804401E+00    0.00000000E+00    0.00000000E+00
   9.70180700E+00    0.00000000E+00    0.00000000E+00
   9.84773233E+00    0.00000000E+00    0.00000000E+00
   9.99585254E+00    0.00000000E+00    0.00000000E+00
   1.01462006E+01    0.00000000E+00    0.00000000E+00
   1.02988101E+01    0.00000000E+00    0.00000000E+00
   1.04537150E+01    0.00000000E+00    0.00000000E+00
   1.06109498E+01    0.00000000E+00    0.00000000E+00
   1.07705496E+01    0.00000000E+00    0.00000000E+00
   1.09325499E+01    0.00000000E+00    0.00000000E+00
   1.10969869E+01    0.00000000E+00    0.00000000E+00
   1.12638972E+01    0.00000000E+00    0.00000000E+00
   1.14333180E+01    0.00000000E+00    0.00000000E+00
   1.16052871E+01    0.00000000E+00    0.00000000E+00
   1.17798428E+01    0.00000000E+00    0.00000000E+00
   1.19570239E+01    0.00000000E+00    0.00000000E+00
   1.21368701E+01    0.00000000E+00    0.00000000E+00
   1.23194213E+01    0.00000000E+00    0.00000000E+00
   1.25047183E+01    0.00000000E+00    0.00000000E+00
   1.26928024E+01    0.00000000E+00    0.00000000E+00
   1.28837154E+01    0.00000000E+00    0.00000000E+00
   1.30775000E+01    0.00000000E+00    0.00000000E+00
   1.32741993E+01    0.00000000E+00    0.00000000E+00
   1.34738571E+01    0.00000000E+00    0.00000000E+00
   1.36765180E+01    0.00000000E+00    0.00000000E+00
   1.38822272E+01    0.00000000E+00    0.00000000E+00
   1.40910304E+01    0.00000000E+00    0.00000000E+00
   1.43029743E+01    0.00000000E+00    0.00000000E+00
   1.45181060E+01    0.00000000E+00    0.00000000E+00
   1.47364735E+01    0.00000000E+00    0.00000000E+00
   1.49581255E+01    0.00000000E+00    0.00000000E+00
   1.51831113E+01    0.00000000E+00    0.00000000E+00
   1.54114812E+01    0.00000000E+00    0.00000000E+00
   1.56432860E+01    0.00000000E+00    0.00000000E+00
   1.58785774E+01    0.00000000E+00    0.00000000E+00
   1.61174079E+01    0.00000000E+00    0.00000000E+00
   1.63598306E+01    0.00000000E+00    0.00000000E+00
   1.66058995E+01    0.00000000E+00    0.00000000E+00
   1.68556697E+01    0.00000000E+00    0.00000000E+00
   1.71091966E+01    0.00000000E+00    0.00000000E+00
   1.73665368E+01    0.00000000E+00    0.00000000E+00
   1.76277477E+01    0.00000000E+00    0.00000000E+00
   1.78928875E+01    0.00000000E+00    0.00000000E+00
   1.81620152E+01    0.00000000E+00    0.00000000E+00
   1.84351909E+01    0.00000000E+00    0.00000000E+00
   1.87124755E+01    0.00000000E+00    0.00000000E+00
   1.89939307E+01    0.00000000E+00    0.00000000E+00
   1.92796193E+01    0.00000000E+00    0.00000000E+00
   1.95696050E+01    0.00000000E+00    0.00000000E+00
   1.98639523E+01    0.00000000E+00    0.00000000E+00
   2.01627270E+01    0.00000000E+00    0.00000000E+00
   2.04659955E+01    0.00000000E+00    0.00000000E+00
   2.07738255E+01    0.00000000E+00    0.00000000E+00
   2.10862856E+01    0.00000000E+00    0.00000000E+00
   2.14034454E+01    0.00000000E+00    0.00000000E+00
   2.17253756E+01    0.00000000E+00    0.00000000E+00
   2.20521480E+01    0.00000000E+00    0.00000000E+00
   2.23838354E+01    0.00000000E+00    0.00000000E+00
   2.27205117E+01    0.00000000E+00    0.00000000E+00
   2.30622520E+01    0.00000000E+00    0.00000000E+00
   2.34091324E+01    0.00000000E+00    0.00000000E+00
   2.37612303E+01    0.00000000E+00    0.00000000E+00
   2.41186240E+01    0.00000000E+00    0.00000000E+00
   2.44813934E+01    0.00000000E+00    0.00000000E+00
   2.48496192E+01    0.00000000E+00    0.00000000E+00
   2.52233835E+01    0.00000000E+00    0.00000000E+00
   2.56027696E+01    0.00000000E+00    0.00000000E+00
   2.59878620E+01    0.00000000E+00    0.00000000E+00
   2.63787467E+01    0.00000000E+00    0.00000000E+00
   2.67755106E+01    0.00000000E+00    0.00000000E+00
   2.71782423E+01    0.00000000E+00    0.00000000E+00
   2.75870316E+01    0.00000000E+00    0.00000000E+00
   2.80019694E+01    0.00000000E+00    0.00000000E+00
   2.84231483E+01    0.00000000E+00    0.00000000E+00
   2.88506622E+01    0.00000000E+00    0.00000000E+00
   2.92846064E+01    0.00000000E+00    0.00000000E+00
   2.97250775E+01    0.00000000E+00    0.00000000E+00
   3.01721738E+01    0.00000000E+00    0.00000000E+00
   3.06259949E+01    0.00000000E+00    0.00000000E+00
   3.10866419E+01    0.00000000E+00    0.00000000E+00
   3.15542176E+01    0.00000000E+00    0.00000000E+00
   3.20288260E+01    0.00000000E+00    0.00000000E+00
   3.25105731E+01    0.00000000E+00    0.00000000E+00
   3.29995662E+01    0.00000000E+00    0.00000000E+00
   3.34959142E+01    0.00000000E+00    0.00000000E+00
   3.39997278E+01    0.00000000E+00    0.00000000E+00
   3.45111193E+01    0.00000000E+00    0.00000000E+00
   3.50302027E+01    0.00000000E+00    0.00000000E+00
   3.55570936E+01    0.00000000E+00    0.00000000E+00
   3.60919095E+01    0.00000000E+00    0.00000000E+00
   3.66347696E+01    0.00000000E+00    0.00000000E+00
   3.71857949E+01    0.00000000E+00    0.00000000E+00
   3.77451082E+01    0.00000000E+00    0.00000000E+00
   3.83128341E+01    0.00000000E+00    0.00000000E+00
   3.88890992E+01    0.00000000E+00    0.00000000E+00
   3.94740320E+01    0.00000000E+00    0.00000000E+00
   4.00677628E+01    0.00000000E+00    0.00000000E+00
   4.06704238E+01    0.00000000E+00    0.00000000E+00
   4.12821496E+01    0.00000000E+00    0.00000000E+00
   4.19030763E+01    0.00000000E+00    0.00000000E+00
   4.25333425E+01    0.00000000E+00    0.00000000E+00
   4.31730885E+01    0.00000000E+00    0.00000000E+00
   4.38224569E+01    0.00000000E+00    0.00000000E+00
   4.44815926E+01    0.00000000E+00    0.00000000E+00
   4.51506423E+01    0.00000000E+00    0.00000000E+00
   4.58297552E+01    0.00000000E+00    0.00000000E+00
   4.65190827E+01    0.00000000E+00    0.00000000E+00
   4.72187784E+01    0.00000000E+00    0.00000000E+00
   4.79289983E+01    0.00000000E+00    0.00000000E+00
   4.86499006E+01    0.00000000E+00    0.00000000E+00
   4.93816460E+01    0.00000000E+00    0.00000000E+00
   5.01243976E+01    0.00000000E+00    0.00000000E+00
   5.08783211E+01    0.00000000E+00    0.00000000E+00
   5.16435843E+01    0.00000000E+00    0.00000000E+00
   5.24203578E+01    0.00000000E+00    0.00000000E+00
   5.32088149E+01    0.00000000E+00    0.00000000E+00
   5.40091312E+01    0.00000000E+00    0.00000000E+00
   5.48214850E+01    0.00000000E+00    0.00000000E+00
   5.56460576E+01    0.00000000E+00    0.00000000E+00
   5.64830325E+01    0.00000000E+00    0.00000000E+00
   5.73325965E+01    0.00000000E+00    0.00000000E+00
   5.81949387E+01    0.00000000E+00    0.00000000E+00
   5.90702515E+01    0.00000000E+00    0.00000000E+00
   5.99587300E+01    0.00000000E+00    0.00000000E+00
   6.08605720E+01    0.00000000E+00    0.00000000E+00
   6.17759787E+01    0.00000000E+00    0.00000000E+00
   6.27051541E+01    0.00000000E+00    0.00000000E+00
   6.36483053E+01    0.00000000E+00    0.00000000E+00
   6.46056424E+01    0.00000000E+00    0.00000000E+00
   6.55773789E+01    0.00000000E+00    0.00000000E+00
   6.65637314E+01    0.00000000E+00    0.00000000E+00
   6.75649196E+01    0.00000000E+00    0.00000000E+00
   6.85811667E+01    0.00000000E+00    0.00000000E+00
   6.96126992E+01    0.00000000E+00    0.00000000E+00
   7.06597471E+01    0.00000000E+00    0.00000000E+00
   7.17225437E+01    0.00000000E+00    0.00000000E+00
   7.28013258E+01    0.00000000E+00    0.00000000E+00
   7.38963340E+01    0.00000000E+00    0.00000000E+00
   7.50078122E+01    0.00000000E+00    0.00000000E+00
   7.61360082E+01    0.00000000E+00    0.00000000E+00
   7.72811735E+01    0.00000000E+00    0.00000000E+00
   7.84435632E+01    0.00000000E+00    0.00000000E+00
   7.96234365E+01    0.00000000E+00    0.00000000E+00
   8.08210564E+01    0.00000000E+00    0.00000000E+00
   8.20366896E+01    0.00000000E+00    0.00000000E+00
   8.32706073E+01    0.00000000E+00    0.00000000E+00
   8.45230844E+01    0.00000000E+00    0.00000000E+00
   8.57944001E+01    0.00000000E+00    0.00000000E+00
   8.70848377E+01    0.00000000E+00    0.00000000E+00
   8.83946848E+01    0.00000000E+00    0.00000000E+00
   8.97242334E+01    0.00000000E+00    0.00000000E+00
   9.10737798E+01    0.00000000E+00    0.00000000E+00
   9.24436248E+01    0.00000000E+00    0.00000000E+00
   9.38340737E+01    0.00000000E+00    0.00000000E+00
   9.52454364E+01    0.00000000E+00    0.00000000E+00
   9.66780275E+01    0.00000000E+00    0.00000000E+00
   9.81321662E+01    0.00000000E+00    0.00000000E+00
   9.96081767E+01    0.00000000E+00    0.00000000E+00
   1.01106388E+02    0.00000000E+00    0.00000000E+00
   1.02627134E+02    0.00000000E+00    0.00000000E+00
   1.04170753E+02    0.00000000E+00    0.00000000E+00
   1.05737591E+02    0.00000000E+00    0.00000000E+00
   1.07327995E+02    0.00000000E+00    0.00000000E+00
   1.08942320E+02    0.00000000E+00    0.00000000E+00
   1.10580927E+02    0.00000000E+00    0.00000000E+00
   1.12244180E+02    0.00000000E+00    0.00000000E+00
   1.13932449E+02    0.00000000E+00    0.00000000E+00
   1.15646113E+02    0.00000000E+00    0.00000000E+00
   1.17385551E+02    0.00000000E+00    0.00000000E+00
   1.19151153E+02    0.00000000E+00    0.00000000E+00
   1.20943311E+02    0.00000000E+00    0.00000000E+00
   1.22762425E+02    0.00000000E+00    0.00000000E+00
   1.24608900E+02    0.00000000E+00    0.00000000E+00
   1.26483149E+02    0.00000000E+00    0.00000000E+00
   1.28385588E+02    0.00000000E+00    0.00000000E+00
   1.30316641E+02    0.00000000E+00    0.00000000E+00
   1.32276740E+02    0.00000000E+00    0.00000000E+00
   1.34266321E+02    0.00000000E+00    0.00000000E+00
   1.36285827E+02    0.00000000E+00    0.00000000E+00
   1.38335708E+02    0.00000000E+00    0.00000000E+00
   1.40416422E+02    0.00000000E+00    0.00000000E+00
   1.42528432E+02    0.00000000E+00    0.00000000E+00
   1.44672209E+02    0.00000000E+00    0.00000000E+00
   1.46848230E+02    0.00000000E+00    0.00000000E+00
   1.49056981E+02    0.00000000E+00    0.00000000E+00
   1.51298955E+02    0.00000000E+00    0.00000000E+00
   1.53574649E+02    0.00000000E+00    0.00000000E+00
   1.55884573E+02    0.00000000E+00    0.00000000E+00
