# Peaks:     0.040144  
   4.99999987E-05    2.74181112E+02   -9.42208239E+04
   5.07520511E-05    2.74111831E+02   -9.30230971E+04
   5.15154150E-05    2.74041685E+02   -9.18423779E+04
   5.22902608E-05    2.73970851E+02   -9.06774212E+04
   5.30767611E-05    2.73899523E+02   -8.95269511E+04
   5.38750911E-05    2.73827913E+02   -8.83896600E+04
   5.46854289E-05    2.73756251E+02   -8.72642124E+04
   5.55079550E-05    2.73684681E+02   -8.61498173E+04
   5.63428527E-05    2.73613170E+02   -8.50467261E+04
   5.71903082E-05    2.73541655E+02   -8.39553223E+04
   5.80505103E-05    2.73470068E+02   -8.28760146E+04
   5.89236508E-05    2.73398335E+02   -8.18092372E+04
   5.98099242E-05    2.73326388E+02   -8.07553388E+04
   6.07095280E-05    2.73254232E+02   -7.97142423E+04
   6.16226629E-05    2.73181889E+02   -7.86857667E+04
   6.25495323E-05    2.73109384E+02   -7.76697352E+04
   6.34903427E-05    2.73036740E+02   -7.66659762E+04
   6.44453039E-05    2.72963977E+02   -7.56743476E+04
   6.54146288E-05    2.72891095E+02   -7.46947864E+04
   6.63985333E-05    2.72818089E+02   -7.37272511E+04
   6.73972367E-05    2.72744952E+02   -7.27717094E+04
   6.84109617E-05    2.72671676E+02   -7.18281381E+04
   6.94399342E-05    2.72598255E+02   -7.08964967E+04
   7.04843835E-05    2.72524690E+02   -6.99766871E+04
   7.15445424E-05    2.72450985E+02   -6.90686081E+04
   7.26206472E-05    2.72377141E+02   -6.81721646E+04
   7.37129378E-05    2.72303159E+02   -6.72872683E+04
   7.48216575E-05    2.72229040E+02   -6.64138297E+04
   7.59470536E-05    2.72154784E+02   -6.55517460E+04
   7.70893768E-05    2.72080392E+02   -6.47009169E+04
   7.82488817E-05    2.72005862E+02   -6.38612484E+04
   7.94258268E-05    2.71931193E+02   -6.30326520E+04
   8.06204744E-05    2.71856382E+02   -6.22150384E+04
   8.18330907E-05    2.71781429E+02   -6.14082978E+04
   8.30639461E-05    2.71706337E+02   -6.06123198E+04
   8.43133148E-05    2.71631103E+02   -5.98269988E+04
   8.55814753E-05    2.71555727E+02   -5.90522345E+04
   8.68687103E-05    2.71480206E+02   -5.82879287E+04
   8.81753066E-05    2.71404541E+02   -5.75339706E+04
   8.95015555E-05    2.71328732E+02   -5.67902467E+04
   9.08477526E-05    2.71252778E+02   -5.60566478E+04
   9.22141979E-05    2.71176678E+02   -5.53330690E+04
   9.36011960E-05    2.71100428E+02   -5.46194096E+04
   9.50090560E-05    2.71024028E+02   -5.39155609E+04
   9.64380916E-05    2.70947478E+02   -5.32214081E+04
   9.78886215E-05    2.70870779E+02   -5.25368397E+04
   9.93609688E-05    2.70793927E+02   -5.18617481E+04
   1.00855462E-04    2.70716920E+02   -5.11960295E+04
   1.02372434E-04    2.70639757E+02   -5.05395791E+04
   1.03912222E-04    2.70562436E+02   -4.98922839E+04
   1.05475171E-04    2.70484958E+02   -4.92540327E+04
   1.07061628E-04    2.70407321E+02   -4.86247174E+04
   1.08671947E-04    2.70329523E+02   -4.80042332E+04
   1.10306486E-04    2.70251560E+02   -4.73924781E+04
   1.11965612E-04    2.70173431E+02   -4.67893446E+04
   1.13649692E-04    2.70095137E+02   -4.61947231E+04
   1.15359102E-04    2.70016675E+02   -4.56085066E+04
   1.17094224E-04    2.69938044E+02   -4.50305912E+04
   1.18855443E-04    2.69859240E+02   -4.44608760E+04
   1.20643153E-04    2.69780260E+02   -4.38992601E+04
   1.22457753E-04    2.69701104E+02   -4.33456380E+04
   1.24299646E-04    2.69621770E+02   -4.27999053E+04
   1.26169242E-04    2.69542258E+02   -4.22619603E+04
   1.28066960E-04    2.69462565E+02   -4.17317035E+04
   1.29993221E-04    2.69382684E+02   -4.12090383E+04
   1.31948455E-04    2.69302616E+02   -4.06938663E+04
   1.33933098E-04    2.69222358E+02   -4.01860867E+04
   1.35947592E-04    2.69141909E+02   -3.96856010E+04
   1.37992386E-04    2.69061269E+02   -3.91923125E+04
   1.40067936E-04    2.68980432E+02   -3.87061272E+04
   1.42174705E-04    2.68899394E+02   -3.82269526E+04
   1.44313161E-04    2.68818153E+02   -3.77546946E+04
   1.46483782E-04    2.68736708E+02   -3.72892584E+04
   1.48687051E-04    2.68655058E+02   -3.68305510E+04
   1.50923460E-04    2.68573199E+02   -3.63784814E+04
   1.53193507E-04    2.68491129E+02   -3.59329608E+04
   1.55497698E-04    2.68408840E+02   -3.54939017E+04
   1.57836546E-04    2.68326331E+02   -3.50612151E+04
   1.60210573E-04    2.68243602E+02   -3.46348123E+04
   1.62620308E-04    2.68160651E+02   -3.42146061E+04
   1.65066287E-04    2.68077473E+02   -3.38005113E+04
   1.67549057E-04    2.67994066E+02   -3.33924442E+04
   1.70069170E-04    2.67910421E+02   -3.29903225E+04
   1.72627189E-04    2.67826538E+02   -3.25940632E+04
   1.75223682E-04    2.67742416E+02   -3.22035834E+04
   1.77859230E-04    2.67658052E+02   -3.18188019E+04
   1.80534419E-04    2.67573442E+02   -3.14396387E+04
   1.83249845E-04    2.67488582E+02   -3.10660157E+04
   1.86006115E-04    2.67403465E+02   -3.06978559E+04
   1.88803842E-04    2.67318089E+02   -3.03350822E+04
   1.91643649E-04    2.67232451E+02   -2.99776175E+04
   1.94526170E-04    2.67146550E+02   -2.96253863E+04
   1.97452047E-04    2.67060382E+02   -2.92783141E+04
   2.00421933E-04    2.66973941E+02   -2.89363280E+04
   2.03436489E-04    2.66887222E+02   -2.85993562E+04
   2.06496386E-04    2.66800219E+02   -2.82673276E+04
   2.09602308E-04    2.66712931E+02   -2.79401707E+04
   2.12754946E-04    2.66625356E+02   -2.76178153E+04
   2.15955003E-04    2.66537489E+02   -2.73001925E+04
   2.19203193E-04    2.66449327E+02   -2.69872344E+04
   2.22500238E-04    2.66360861E+02   -2.66788743E+04
   2.25846875E-04    2.66272086E+02   -2.63750464E+04
   2.29243848E-04    2.66182999E+02   -2.60756849E+04
   2.32691916E-04    2.66093597E+02   -2.57807250E+04
   2.36191846E-04    2.66003878E+02   -2.54901026E+04
   2.39744418E-04    2.65913836E+02   -2.52037549E+04
   2.43350425E-04    2.65823465E+02   -2.49216202E+04
   2.47010670E-04    2.65732757E+02   -2.46436375E+04
   2.50725970E-04    2.65641708E+02   -2.43697465E+04
   2.54497151E-04    2.65550314E+02   -2.40998873E+04
   2.58325054E-04    2.65458572E+02   -2.38340008E+04
   2.62210533E-04    2.65366479E+02   -2.35720289E+04
   2.66154454E-04    2.65274027E+02   -2.33139145E+04
   2.70157696E-04    2.65181209E+02   -2.30596013E+04
   2.74221151E-04    2.65088018E+02   -2.28090338E+04
   2.78345724E-04    2.64994449E+02   -2.25621570E+04
   2.82532335E-04    2.64900499E+02   -2.23189165E+04
   2.86781917E-04    2.64806165E+02   -2.20792587E+04
   2.91095417E-04    2.64711440E+02   -2.18431309E+04
   2.95473797E-04    2.64616318E+02   -2.16104811E+04
   2.99918032E-04    2.64520789E+02   -2.13812583E+04
   3.04429113E-04    2.64424846E+02   -2.11554119E+04
   3.09008046E-04    2.64328485E+02   -2.09328920E+04
   3.13655850E-04    2.64231703E+02   -2.07136493E+04
   3.18373563E-04    2.64134495E+02   -2.04976352E+04
   3.23162234E-04    2.64036853E+02   -2.02848019E+04
   3.28022933E-04    2.63938771E+02   -2.00751024E+04
   3.32956741E-04    2.63840237E+02   -1.98684901E+04
   3.37964759E-04    2.63741245E+02   -1.96649193E+04
   3.43048103E-04    2.63641790E+02   -1.94643447E+04
   3.48207905E-04    2.63541868E+02   -1.92667218E+04
   3.53445317E-04    2.63441474E+02   -1.90720066E+04
   3.58761504E-04    2.63340599E+02   -1.88801557E+04
   3.64157653E-04    2.63239235E+02   -1.86911264E+04
   3.69634965E-04    2.63137371E+02   -1.85048767E+04
   3.75194662E-04    2.63034999E+02   -1.83213652E+04
   3.80837982E-04    2.62932115E+02   -1.81405508E+04
   3.86566184E-04    2.62828713E+02   -1.79623932E+04
   3.92380544E-04    2.62724787E+02   -1.77868527E+04
   3.98282359E-04    2.62620328E+02   -1.76138900E+04
   4.04272942E-04    2.62515327E+02   -1.74434666E+04
   4.10353631E-04    2.62409774E+02   -1.72755443E+04
   4.16525779E-04    2.62303657E+02   -1.71100855E+04
   4.22790762E-04    2.62196972E+02   -1.69470534E+04
   4.29149978E-04    2.62089712E+02   -1.67864113E+04
   4.35604843E-04    2.61981872E+02   -1.66281235E+04
   4.42156796E-04    2.61873441E+02   -1.64721544E+04
   4.48807297E-04    2.61764411E+02   -1.63184692E+04
   4.55557829E-04    2.61654769E+02   -1.61670332E+04
   4.62409895E-04    2.61544503E+02   -1.60178126E+04
   4.69365024E-04    2.61433607E+02   -1.58707740E+04
   4.76424765E-04    2.61322074E+02   -1.57258844E+04
   4.83590693E-04    2.61209896E+02   -1.55831113E+04
   4.90864403E-04    2.61097065E+02   -1.54424229E+04
   4.98247517E-04    2.60983570E+02   -1.53037874E+04
   5.05741682E-04    2.60869400E+02   -1.51671737E+04
   5.13348566E-04    2.60754539E+02   -1.50325511E+04
   5.21069866E-04    2.60638979E+02   -1.48998893E+04
   5.28907302E-04    2.60522713E+02   -1.47691587E+04
   5.36862622E-04    2.60405732E+02   -1.46403300E+04
   5.44937597E-04    2.60288027E+02   -1.45133742E+04
   5.53134029E-04    2.60169588E+02   -1.43882630E+04
   5.61453744E-04    2.60050402E+02   -1.42649680E+04
   5.69898596E-04    2.59930455E+02   -1.41434615E+04
   5.78470468E-04    2.59809732E+02   -1.40237161E+04
   5.87171269E-04    2.59688226E+02   -1.39057051E+04
   5.96002940E-04    2.59565928E+02   -1.37894020E+04
   6.04967448E-04    2.59442827E+02   -1.36747808E+04
   6.14066792E-04    2.59318914E+02   -1.35618156E+04
   6.23302999E-04    2.59194176E+02   -1.34504811E+04
   6.32678129E-04    2.59068597E+02   -1.33407523E+04
   6.42194270E-04    2.58942162E+02   -1.32326043E+04
   6.51853544E-04    2.58814859E+02   -1.31260127E+04
   6.61658104E-04    2.58686676E+02   -1.30209539E+04
   6.71610134E-04    2.58557606E+02   -1.29174043E+04
   6.81711854E-04    2.58427636E+02   -1.28153406E+04
   6.91965514E-04    2.58296753E+02   -1.27147400E+04
   7.02373399E-04    2.58164943E+02   -1.26155798E+04
   7.12937831E-04    2.58032189E+02   -1.25178376E+04
   7.23661162E-04    2.57898475E+02   -1.24214914E+04
   7.34545783E-04    2.57763787E+02   -1.23265196E+04
   7.45594121E-04    2.57628114E+02   -1.22329009E+04
   7.56808637E-04    2.57491445E+02   -1.21406145E+04
   7.68191831E-04    2.57353767E+02   -1.20496397E+04
   7.79746241E-04    2.57215064E+02   -1.19599561E+04
   7.91474440E-04    2.57075322E+02   -1.18715434E+04
   8.03379044E-04    2.56934521E+02   -1.17843818E+04
   8.15462706E-04    2.56792643E+02   -1.16984516E+04
   8.27728119E-04    2.56649674E+02   -1.16137336E+04
   8.40178016E-04    2.56505602E+02   -1.15302089E+04
   8.52815173E-04    2.56360413E+02   -1.14478588E+04
   8.65642406E-04    2.56214092E+02   -1.13666650E+04
   8.78662574E-04    2.56066624E+02   -1.12866093E+04
   8.91878579E-04    2.55917990E+02   -1.12076737E+04
   9.05293367E-04    2.55768169E+02   -1.11298404E+04
   9.18909927E-04    2.55617143E+02   -1.10530918E+04
   9.32731294E-04    2.55464895E+02   -1.09774109E+04
   9.46760549E-04    2.55311411E+02   -1.09027808E+04
   9.61000819E-04    2.55156676E+02   -1.08291850E+04
   9.75455277E-04    2.55000673E+02   -1.07566070E+04
   9.90127146E-04    2.54843385E+02   -1.06850307E+04
   1.00501969E-03    2.54684792E+02   -1.06144399E+04
   1.02013624E-03    2.54524871E+02   -1.05448188E+04
   1.03548016E-03    2.54363600E+02   -1.04761517E+04
   1.05105487E-03    2.54200962E+02   -1.04084234E+04
   1.06686383E-03    2.54036941E+02   -1.03416189E+04
   1.08291058E-03    2.53871520E+02   -1.02757233E+04
   1.09919869E-03    2.53704680E+02   -1.02107221E+04
   1.11573179E-03    2.53536401E+02   -1.01466008E+04
   1.13251356E-03    2.53366662E+02   -1.00833450E+04
   1.14954775E-03    2.53195439E+02   -1.00209406E+04
   1.16683815E-03    2.53022708E+02   -9.95937352E+03
   1.18438862E-03    2.52848447E+02   -9.89863013E+03
   1.20220306E-03    2.52672639E+02   -9.83869706E+03
   1.22028546E-03    2.52495265E+02   -9.77956110E+03
   1.23863983E-03    2.52316305E+02   -9.72120917E+03
   1.25727027E-03    2.52135737E+02   -9.66362835E+03
   1.27618093E-03    2.51953537E+02   -9.60680582E+03
   1.29537603E-03    2.51769679E+02   -9.55072891E+03
   1.31485984E-03    2.51584137E+02   -9.49538505E+03
   1.33463671E-03    2.51396886E+02   -9.44076198E+03
   1.35471104E-03    2.51207907E+02   -9.38684776E+03
   1.37508731E-03    2.51017178E+02   -9.33363057E+03
   1.39577006E-03    2.50824678E+02   -9.28109872E+03
   1.41676391E-03    2.50630381E+02   -9.22924065E+03
   1.43807352E-03    2.50434263E+02   -9.17804489E+03
   1.45970365E-03    2.50236296E+02   -9.12750007E+03
   1.48165912E-03    2.50036450E+02   -9.07759494E+03
   1.50394483E-03    2.49834698E+02   -9.02831844E+03
   1.52656573E-03    2.49631016E+02   -8.97965985E+03
   1.54952688E-03    2.49425382E+02   -8.93160860E+03
   1.57283338E-03    2.49217771E+02   -8.88415422E+03
   1.59649044E-03    2.49008156E+02   -8.83728632E+03
   1.62050333E-03    2.48796510E+02   -8.79099465E+03
   1.64487740E-03    2.48582804E+02   -8.74526899E+03
   1.66961808E-03    2.48367005E+02   -8.70009923E+03
   1.69473088E-03    2.48149083E+02   -8.65547539E+03
   1.72022141E-03    2.47929009E+02   -8.61138780E+03
   1.74609534E-03    2.47706759E+02   -8.56782697E+03
   1.77235844E-03    2.47482305E+02   -8.52478349E+03
   1.79901657E-03    2.47255620E+02   -8.48224805E+03
   1.82607566E-03    2.47026673E+02   -8.44021141E+03
   1.85354175E-03    2.46795433E+02   -8.39866439E+03
   1.88142096E-03    2.46561865E+02   -8.35759790E+03
   1.90971950E-03    2.46325935E+02   -8.31700290E+03
   1.93844368E-03    2.46087610E+02   -8.27687060E+03
   1.96759990E-03    2.45846862E+02   -8.23719248E+03
   1.99719466E-03    2.45603663E+02   -8.19796005E+03
   2.02723456E-03    2.45357981E+02   -8.15916493E+03
   2.05772629E-03    2.45109784E+02   -8.12079879E+03
   2.08867665E-03    2.44859038E+02   -8.08285336E+03
   2.12009253E-03    2.44605706E+02   -8.04532042E+03
   2.15198094E-03    2.44349751E+02   -8.00819181E+03
   2.18434899E-03    2.44091136E+02   -7.97145950E+03
   2.21720388E-03    2.43829828E+02   -7.93511574E+03
   2.25055295E-03    2.43565796E+02   -7.89915288E+03
   2.28440362E-03    2.43299006E+02   -7.86356336E+03
   2.31876344E-03    2.43029424E+02   -7.82833963E+03
   2.35364007E-03    2.42757013E+02   -7.79347421E+03
   2.38904128E-03    2.42481735E+02   -7.75895967E+03
   2.42497497E-03    2.42203548E+02   -7.72478861E+03
   2.46144913E-03    2.41922412E+02   -7.69095368E+03
   2.49847190E-03    2.41638289E+02   -7.65744778E+03
   2.53605153E-03    2.41351145E+02   -7.62426400E+03
   2.57419640E-03    2.41060943E+02   -7.59139546E+03
   2.61291501E-03    2.40767647E+02   -7.55883532E+03
   2.65221599E-03    2.40471217E+02   -7.52657679E+03
   2.69210809E-03    2.40171612E+02   -7.49461311E+03
   2.73260022E-03    2.39868789E+02   -7.46293756E+03
   2.77370139E-03    2.39562704E+02   -7.43154343E+03
   2.81542076E-03    2.39253313E+02   -7.40042415E+03
   2.85776763E-03    2.38940578E+02   -7.36957340E+03
   2.90075145E-03    2.38624460E+02   -7.33898493E+03
   2.94438179E-03    2.38304919E+02   -7.30865250E+03
   2.98866837E-03    2.37981914E+02   -7.27856993E+03
   3.03362107E-03    2.37655400E+02   -7.24873105E+03
   3.07924991E-03    2.37325334E+02   -7.21912973E+03
   3.12556505E-03    2.36991666E+02   -7.18975983E+03
   3.17257682E-03    2.36654349E+02   -7.16061529E+03
   3.22029570E-03    2.36313340E+02   -7.13169023E+03
   3.26873232E-03    2.35968597E+02   -7.10297895E+03
   3.31789748E-03    2.35620076E+02   -7.07447575E+03
   3.36780213E-03    2.35267735E+02   -7.04617498E+03
   3.41845740E-03    2.34911527E+02   -7.01807098E+03
   3.46987457E-03    2.34551404E+02   -6.99015813E+03
   3.52206512E-03    2.34187316E+02   -6.96243080E+03
   3.57504067E-03    2.33819212E+02   -6.93488340E+03
   3.62881302E-03    2.33447042E+02   -6.90751044E+03
   3.68339417E-03    2.33070761E+02   -6.88030665E+03
   3.73879627E-03    2.32690324E+02   -6.85326680E+03
   3.79503168E-03    2.32305683E+02   -6.82638569E+03
   3.85211293E-03    2.31916791E+02   -6.79965813E+03
   3.91005274E-03    2.31523598E+02   -6.77307895E+03
   3.96886403E-03    2.31126051E+02   -6.74664297E+03
   4.02855990E-03    2.30724097E+02   -6.72034503E+03
   4.08915366E-03    2.30317680E+02   -6.69418000E+03
   4.15065881E-03    2.29906751E+02   -6.66814293E+03
   4.21308906E-03    2.29491263E+02   -6.64222902E+03
   4.27645833E-03    2.29071165E+02   -6.61643347E+03
   4.34078074E-03    2.28646408E+02   -6.59075150E+03
   4.40607063E-03    2.28216939E+02   -6.56517833E+03
   4.47234254E-03    2.27782705E+02   -6.53970918E+03
   4.53961126E-03    2.27343650E+02   -6.51433929E+03
   4.60789176E-03    2.26899715E+02   -6.48906389E+03
   4.67719928E-03    2.26450846E+02   -6.46387828E+03
   4.74754925E-03    2.25996992E+02   -6.43877800E+03
   4.81895736E-03    2.25538101E+02   -6.41375863E+03
   4.89143953E-03    2.25074122E+02   -6.38881573E+03
   4.96501190E-03    2.24605000E+02   -6.36394489E+03
   5.03969087E-03    2.24130681E+02   -6.33914170E+03
   5.11549310E-03    2.23651107E+02   -6.31440174E+03
   5.19243547E-03    2.23166220E+02   -6.28972058E+03
   5.27053514E-03    2.22675958E+02   -6.26509382E+03
   5.34980950E-03    2.22180268E+02   -6.24051724E+03
   5.43027624E-03    2.21679097E+02   -6.21598674E+03
   5.51195328E-03    2.21172392E+02   -6.19149822E+03
   5.59485883E-03    2.20660098E+02   -6.16704760E+03
   5.67901136E-03    2.20142158E+02   -6.14263079E+03
   5.76442963E-03    2.19618516E+02   -6.11824371E+03
   5.85113269E-03    2.19089111E+02   -6.09388226E+03
   5.93913985E-03    2.18553883E+02   -6.06954235E+03
   6.02847073E-03    2.18012771E+02   -6.04521994E+03
   6.11914524E-03    2.17465722E+02   -6.02091122E+03
   6.21118359E-03    2.16912683E+02   -5.99661240E+03
   6.30460630E-03    2.16353597E+02   -5.97231973E+03
   6.39943418E-03    2.15788410E+02   -5.94802941E+03
   6.49568837E-03    2.15217064E+02   -5.92373769E+03
   6.59339032E-03    2.14639500E+02   -5.89944079E+03
   6.69256181E-03    2.14055657E+02   -5.87513492E+03
   6.79322495E-03    2.13465474E+02   -5.85081631E+03
   6.89540216E-03    2.12868895E+02   -5.82648134E+03
   6.99911623E-03    2.12265866E+02   -5.80212653E+03
   7.10439026E-03    2.11656334E+02   -5.77774844E+03
   7.21124773E-03    2.11040244E+02   -5.75334359E+03
   7.31971245E-03    2.10417540E+02   -5.72890853E+03
   7.42980858E-03    2.09788165E+02   -5.70443980E+03
   7.54156068E-03    2.09152061E+02   -5.67993395E+03
   7.65499365E-03    2.08509169E+02   -5.65538748E+03
   7.77013277E-03    2.07859428E+02   -5.63079701E+03
   7.88700370E-03    2.07202788E+02   -5.60615931E+03
   8.00563249E-03    2.06539198E+02   -5.58147124E+03
   8.12604558E-03    2.05868605E+02   -5.55672968E+03
   8.24826982E-03    2.05190956E+02   -5.53193148E+03
   8.37233243E-03    2.04506200E+02   -5.50707353E+03
   8.49826107E-03    2.03814281E+02   -5.48215269E+03
   8.62608382E-03    2.03115143E+02   -5.45716584E+03
   8.75582915E-03    2.02408731E+02   -5.43210986E+03
   8.88752598E-03    2.01694992E+02   -5.40698175E+03
   9.02120368E-03    2.00973880E+02   -5.38177873E+03
   9.15689203E-03    2.00245348E+02   -5.35649800E+03
   9.29462127E-03    1.99509350E+02   -5.33113678E+03
   9.43442210E-03    1.98765836E+02   -5.30569232E+03
   9.57632569E-03    1.98014760E+02   -5.28016185E+03
   9.72036365E-03    1.97256073E+02   -5.25454262E+03
   9.86656809E-03    1.96489723E+02   -5.22883188E+03
   1.00149716E-02    1.95715662E+02   -5.20302691E+03
   1.01656073E-02    1.94933849E+02   -5.17712524E+03
   1.03185086E-02    1.94144244E+02   -5.15112446E+03
   1.04737098E-02    1.93346808E+02   -5.12502220E+03
   1.06312454E-02    1.92541502E+02   -5.09881611E+03
   1.07911504E-02    1.91728287E+02   -5.07250384E+03
   1.09534606E-02    1.90907123E+02   -5.04608307E+03
   1.11182121E-02    1.90077970E+02   -5.01955147E+03
   1.12854417E-02    1.89240786E+02   -4.99290675E+03
   1.14551866E-02    1.88395537E+02   -4.96614672E+03
   1.16274846E-02    1.87542192E+02   -4.93926941E+03
   1.18023741E-02    1.86680723E+02   -4.91227291E+03
   1.19798942E-02    1.85811104E+02   -4.88515533E+03
   1.21600843E-02    1.84933307E+02   -4.85791483E+03
   1.23429847E-02    1.84047305E+02   -4.83054954E+03
   1.25286361E-02    1.83153071E+02   -4.80305768E+03
   1.27170799E-02    1.82250577E+02   -4.77543743E+03
   1.29083581E-02    1.81339798E+02   -4.74768703E+03
   1.31025133E-02    1.80420715E+02   -4.71980494E+03
   1.32995888E-02    1.79493314E+02   -4.69178978E+03
   1.34996286E-02    1.78557584E+02   -4.66364022E+03
   1.37026771E-02    1.77613513E+02   -4.63535495E+03
   1.39087797E-02    1.76661091E+02   -4.60693271E+03
   1.41179823E-02    1.75700308E+02   -4.57837228E+03
   1.43303316E-02    1.74731155E+02   -4.54967246E+03
   1.45458748E-02    1.73753623E+02   -4.52083208E+03
   1.47646600E-02    1.72767704E+02   -4.49185005E+03
   1.49867359E-02    1.71773404E+02   -4.46272556E+03
   1.52121521E-02    1.70770730E+02   -4.43345792E+03
   1.54409588E-02    1.69759691E+02   -4.40404649E+03
   1.56732070E-02    1.68740297E+02   -4.37449066E+03
   1.59089484E-02    1.67712559E+02   -4.34478990E+03
   1.61482356E-02    1.66676491E+02   -4.31494369E+03
   1.63911220E-02    1.65632107E+02   -4.28495158E+03
   1.66376616E-02    1.64579419E+02   -4.25481315E+03
   1.68879095E-02    1.63518451E+02   -4.22452815E+03
   1.71419213E-02    1.62449233E+02   -4.19409662E+03
   1.73997538E-02    1.61371800E+02   -4.16351869E+03
   1.76614643E-02    1.60286187E+02   -4.13279452E+03
   1.79271112E-02    1.59192432E+02   -4.10192435E+03
   1.81967537E-02    1.58090575E+02   -4.07090848E+03
   1.84704519E-02    1.56980655E+02   -4.03974725E+03
   1.87482669E-02    1.55862717E+02   -4.00844106E+03
   1.90302604E-02    1.54736802E+02   -3.97699037E+03
   1.93164955E-02    1.53602967E+02   -3.94539592E+03
   1.96070358E-02    1.52461276E+02   -3.91365870E+03
   1.99019461E-02    1.51311795E+02   -3.88177980E+03
   2.02012922E-02    1.50154596E+02   -3.84976037E+03
   2.05051408E-02    1.48989748E+02   -3.81760163E+03
   2.08135596E-02    1.47817326E+02   -3.78530486E+03
   2.11266173E-02    1.46637407E+02   -3.75287143E+03
   2.14443838E-02    1.45450067E+02   -3.72030273E+03
   2.17669298E-02    1.44255387E+02   -3.68760025E+03
   2.20943272E-02    1.43053459E+02   -3.65476579E+03
   2.24266490E-02    1.41844384E+02   -3.62180138E+03
   2.27639693E-02    1.40628266E+02   -3.58870914E+03
   2.31063632E-02    1.39405212E+02   -3.55549127E+03
   2.34539071E-02    1.38175330E+02   -3.52215004E+03
   2.38066784E-02    1.36938733E+02   -3.48868777E+03
   2.41647557E-02    1.35695534E+02   -3.45510688E+03
   2.45282190E-02    1.34445859E+02   -3.42141010E+03
   2.48971491E-02    1.33189843E+02   -3.38760036E+03
   2.52716282E-02    1.31927620E+02   -3.35368065E+03
   2.56517400E-02    1.30659331E+02   -3.31965406E+03
   2.60375690E-02    1.29385116E+02   -3.28552369E+03
   2.64292013E-02    1.28105117E+02   -3.25129277E+03
   2.68267242E-02    1.26819489E+02   -3.21696475E+03
   2.72302262E-02    1.25528394E+02   -3.18254336E+03
   2.76397973E-02    1.24232000E+02   -3.14803239E+03
   2.80555288E-02    1.22930472E+02   -3.11343570E+03
   2.84775133E-02    1.21623983E+02   -3.07875719E+03
   2.89058449E-02    1.20312705E+02   -3.04400088E+03
   2.93406191E-02    1.18996828E+02   -3.00917117E+03
   2.97819327E-02    1.17676548E+02   -2.97427267E+03
   3.02298842E-02    1.16352064E+02   -2.93931004E+03
   3.06845733E-02    1.15023578E+02   -2.90428801E+03
   3.11461014E-02    1.13691293E+02   -2.86921132E+03
   3.16145713E-02    1.12355410E+02   -2.83408475E+03
   3.20900876E-02    1.11016140E+02   -2.79891322E+03
   3.25727561E-02    1.09673707E+02   -2.76370208E+03
   3.30626844E-02    1.08328343E+02   -2.72845684E+03
   3.35599818E-02    1.06980281E+02   -2.69318305E+03
   3.40647591E-02    1.05629756E+02   -2.65788624E+03
   3.45771287E-02    1.04277004E+02   -2.62257209E+03
   3.50972049E-02    1.02922275E+02   -2.58724654E+03
   3.56251036E-02    1.01565820E+02   -2.55191561E+03
   3.61609425E-02    1.00207893E+02   -2.51658534E+03
   3.67048409E-02    9.88487561E+01   -2.48126202E+03
   3.72569202E-02    9.74886761E+01   -2.44595203E+03
   3.78173032E-02    9.61279193E+01   -2.41066176E+03
   3.83861151E-02    9.47667614E+01   -2.37539781E+03
   3.89634824E-02    9.34054829E+01   -2.34016691E+03
   3.95495340E-02    9.20443636E+01   -2.30497578E+03
   4.01444004E-02    9.06836921E+01   -2.26983133E+03
   4.07482142E-02    8.93237610E+01   -2.23474060E+03
   4.13611100E-02    8.79648621E+01   -2.19971058E+03
   4.19832244E-02    8.66072962E+01   -2.16474849E+03
   4.26146960E-02    8.52513665E+01   -2.12986162E+03
   4.32556657E-02    8.38973755E+01   -2.09505721E+03
   4.39062762E-02    8.25456356E+01   -2.06034277E+03
   4.45666725E-02    8.11964577E+01   -2.02572575E+03
   4.52370019E-02    7.98501555E+01   -1.99121367E+03
   4.59174138E-02    7.85070495E+01   -1.95681422E+03
   4.66080598E-02    7.71674567E+01   -1.92253498E+03
   4.73090938E-02    7.58317023E+01   -1.88838375E+03
   4.80206721E-02    7.45001111E+01   -1.85436831E+03
   4.87429532E-02    7.31730065E+01   -1.82049636E+03
   4.94760983E-02    7.18507205E+01   -1.78677588E+03
   5.02202706E-02    7.05335803E+01   -1.75321465E+03
   5.09756360E-02    6.92219164E+01   -1.71982057E+03
   5.17423630E-02    6.79160628E+01   -1.68660160E+03
   5.25206223E-02    6.66163478E+01   -1.65356557E+03
   5.33105874E-02    6.53231076E+01   -1.62072047E+03
   5.41124345E-02    6.40366723E+01   -1.58807416E+03
   5.49263421E-02    6.27573748E+01   -1.55563454E+03
   5.57524918E-02    6.14855481E+01   -1.52340952E+03
   5.65910676E-02    6.02215206E+01   -1.49140687E+03
   5.74422565E-02    5.89656248E+01   -1.45963448E+03
   5.83062482E-02    5.77181840E+01   -1.42809996E+03
   5.91832352E-02    5.64795307E+01   -1.39681119E+03
   6.00734130E-02    5.52499904E+01   -1.36577584E+03
   6.09769801E-02    5.40298768E+01   -1.33500129E+03
   6.18941377E-02    5.28195154E+01   -1.30449519E+03
   6.28250903E-02    5.16192213E+01   -1.27426494E+03
   6.37700454E-02    5.04293018E+01   -1.24431772E+03
   6.47292137E-02    4.92500750E+01   -1.21466100E+03
   6.57028088E-02    4.80818413E+01   -1.18530179E+03
   6.66910478E-02    4.69248877E+01   -1.15624672E+03
   6.76941510E-02    4.57795244E+01   -1.12750305E+03
   6.87123419E-02    4.46460518E+01   -1.09907779E+03
   6.97458475E-02    4.35247442E+01   -1.07097725E+03
   7.07948980E-02    4.24158641E+01   -1.04320743E+03
   7.18597274E-02    4.13196972E+01   -1.01577497E+03
   7.29405729E-02    4.02365112E+01   -9.88685994E+02
   7.40376755E-02    3.91665551E+01   -9.61946180E+02
   7.51512796E-02    3.81100897E+01   -9.35561507E+02
   7.62816336E-02    3.70673542E+01   -9.09537389E+02
   7.74289892E-02    3.60385751E+01   -8.83878915E+02
   7.85936022E-02    3.50239963E+01   -8.58591642E+02
   7.97757323E-02    3.40238351E+01   -8.33680430E+02
   8.09756428E-02    3.30382848E+01   -8.09149524E+02
   8.21936013E-02    3.20675550E+01   -7.85003600E+02
   8.34298791E-02    3.11118327E+01   -7.61246759E+02
   8.46847518E-02    3.01713008E+01   -7.37882994E+02
   8.59584991E-02    2.92461329E+01   -7.14916076E+02
   8.72514049E-02    2.83364786E+01   -6.92349153E+02
   8.85637574E-02    2.74424981E+01   -6.70185663E+02
   8.98958490E-02    2.65643231E+01   -6.48428314E+02
   9.12479767E-02    2.57020812E+01   -6.27079714E+02
   9.26204418E-02    2.48558817E+01   -6.06142015E+02
   9.40135502E-02    2.40258333E+01   -5.85617364E+02
   9.54276124E-02    2.32120432E+01   -5.65507872E+02
   9.68629436E-02    2.24145733E+01   -5.45814504E+02
   9.83198637E-02    2.16334876E+01   -5.26538283E+02
   9.97986973E-02    2.08688594E+01   -5.07680490E+02
   1.01299774E-01    2.01207169E+01   -4.89241255E+02
   1.02823429E-01    1.93890930E+01   -4.71220842E+02
   1.04370001E-01    1.86740209E+01   -4.53619535E+02
   1.05939835E-01    1.79754889E+01   -4.36436486E+02
   1.07533281E-01    1.72934968E+01   -4.19671151E+02
   1.09150694E-01    1.66280253E+01   -4.03322509E+02
   1.10792435E-01    1.59790357E+01   -3.87389068E+02
   1.12458869E-01    1.53465028E+01   -3.71869685E+02
   1.14150368E-01    1.47303537E+01   -3.56762018E+02
   1.15867309E-01    1.41305173E+01   -3.42063794E+02
   1.17610075E-01    1.35469287E+01   -3.27772908E+02
   1.19379053E-01    1.29794769E+01   -3.13886098E+02
   1.21174639E-01    1.24280655E+01   -3.00400491E+02
   1.22997233E-01    1.18925752E+01   -2.87312656E+02
   1.24847240E-01    1.13728773E+01   -2.74618930E+02
   1.26725073E-01    1.08688204E+01   -2.62315104E+02
   1.28631151E-01    1.03802691E+01   -2.50397384E+02
   1.30565898E-01    9.90707326E+00   -2.38861628E+02
   1.32529746E-01    9.44903165E+00   -2.27702415E+02
   1.34523132E-01    9.00597161E+00   -2.16915066E+02
   1.36546501E-01    8.57770394E+00   -2.06494508E+02
   1.38600303E-01    8.16401810E+00   -1.96435143E+02
   1.40684997E-01    7.76471627E+00   -1.86731717E+02
   1.42801046E-01    7.37956030E+00   -1.77377977E+02
   1.44948923E-01    7.00833636E+00   -1.68368302E+02
   1.47129107E-01    6.65080196E+00   -1.59696370E+02
   1.49342083E-01    6.30670679E+00   -1.51355680E+02
   1.51588344E-01    5.97581186E+00   -1.43340035E+02
   1.53868391E-01    5.65784298E+00   -1.35642374E+02
   1.56182733E-01    5.35255066E+00   -1.28256274E+02
   1.58531885E-01    5.05965292E+00   -1.21174514E+02
   1.60916370E-01    4.77888145E+00   -1.14390235E+02
   1.63336721E-01    4.50995440E+00   -1.07896258E+02
   1.65793476E-01    4.25258473E+00   -1.01685288E+02
   1.68287184E-01    4.00648682E+00   -9.57500858E+01
   1.70818399E-01    3.77136776E+00   -9.00832454E+01
   1.73387687E-01    3.54693646E+00   -8.46774222E+01
   1.75995619E-01    3.33289346E+00   -7.95250794E+01
   1.78642777E-01    3.12893626E+00   -7.46186202E+01
   1.81329752E-01    2.93477735E+00   -6.99508332E+01
   1.84057141E-01    2.75011568E+00   -6.55141871E+01
   1.86825553E-01    2.57464181E+00   -6.13009557E+01
   1.89635605E-01    2.40806195E+00   -5.73038145E+01
   1.92487923E-01    2.25007818E+00   -5.35153494E+01
   1.95383143E-01    2.10039329E+00   -4.99281765E+01
   1.98321910E-01    1.95871112E+00   -4.65349500E+01
   2.01304879E-01    1.82473813E+00   -4.33284006E+01
   2.04332715E-01    1.69818608E+00   -4.03014010E+01
   2.07406093E-01    1.57876489E+00   -3.74467894E+01
   2.10525698E-01    1.46619363E+00   -3.47576392E+01
   2.13692225E-01    1.36018749E+00   -3.22269396E+01
   2.16906380E-01    1.26047982E+00   -2.98481339E+01
   2.20168879E-01    1.16678986E+00   -2.76143299E+01
   2.23480449E-01    1.07885987E+00   -2.55192070E+01
   2.26841829E-01    9.96423020E-01   -2.35562319E+01
   2.30253768E-01    9.19227707E-01   -2.17192511E+01
   2.33717025E-01    8.47020157E-01   -2.00020665E+01
   2.37232374E-01    7.79565840E-01   -1.83989562E+01
   2.40800597E-01    7.16617926E-01   -1.69039064E+01
   2.44422490E-01    6.57953186E-01   -1.55114843E+01
   2.48098860E-01    6.03341838E-01   -1.42161047E+01
   2.51830527E-01    5.52572124E-01   -1.30126263E+01
   2.55618322E-01    5.05428772E-01   -1.18958285E+01
   2.59463089E-01    4.61713070E-01   -1.08608980E+01
   2.63365685E-01    4.21224805E-01   -9.90299030E+00
   2.67326981E-01    3.83778084E-01   -9.01761283E+00
   2.71347859E-01    3.49186547E-01   -8.20026643E+00
   2.75429215E-01    3.17282167E-01   -7.44689915E+00
   2.79571958E-01    2.87891070E-01   -6.75332245E+00
   2.83777013E-01    2.60856276E-01   -6.11575886E+00
   2.88045317E-01    2.36022095E-01   -5.53046608E+00
   2.92377820E-01    2.13243649E-01   -4.99396531E+00
   2.96775488E-01    1.92380271E-01   -4.50288243E+00
   3.01239302E-01    1.73299745E-01   -4.05404926E+00
   3.05770257E-01    1.55875433E-01   -3.64443459E+00
   3.10369361E-01    1.39988315E-01   -3.27119228E+00
   3.15037642E-01    1.25524452E-01   -2.93160062E+00
   3.19776137E-01    1.12377849E-01   -2.62313013E+00
   3.24585905E-01    1.00446402E-01   -2.34334662E+00
   3.29468017E-01    8.96365696E-02   -2.09002227E+00
   3.34423561E-01    7.98574782E-02   -1.86099487E+00
   3.39453641E-01    7.10269369E-02   -1.65431079E+00
   3.44559380E-01    6.30651521E-02   -1.46807507E+00
   3.49741913E-01    5.58997599E-02   -1.30057097E+00
   3.55002398E-01    4.94619058E-02   -1.15016642E+00
   3.60342006E-01    4.36877784E-02   -1.01535036E+00
   3.65761927E-01    3.85186339E-02   -8.94733021E-01
   3.71263369E-01    3.38988758E-02   -7.87000228E-01
   3.76847559E-01    2.97781357E-02   -6.90962540E-01
   3.82515740E-01    2.61092501E-02   -6.05507124E-01
   3.88269177E-01    2.28487152E-02   -5.29608427E-01
   3.94109152E-01    1.99567234E-02   -4.62328853E-01
   4.00036967E-01    1.73965844E-02   -4.02804963E-01
   4.06053941E-01    1.51347841E-02   -3.50248736E-01
   4.12161418E-01    1.31403928E-02   -3.03933516E-01
   4.18360757E-01    1.13854871E-02   -2.63203847E-01
   4.24653341E-01    9.84450212E-03   -2.27460102E-01
   4.31040571E-01    8.49410629E-03   -1.96155491E-01
   4.37523873E-01    7.31325982E-03   -1.68797333E-01
   4.44104690E-01    6.28295309E-03   -1.44940838E-01
   4.50784489E-01    5.38588252E-03   -1.24181449E-01
   4.57564760E-01    4.60662315E-03   -1.06158821E-01
   4.64447013E-01    3.93116071E-03   -9.05458081E-02
   4.71432782E-01    3.34702324E-03   -7.70514989E-02
   4.78523625E-01    2.84304677E-03   -6.54156880E-02
   4.85721121E-01    2.40924661E-03   -5.54058304E-02
   4.93026875E-01    2.03673426E-03   -4.68150682E-02
   5.00442516E-01    1.71761906E-03   -3.94599035E-02
   5.07969695E-01    1.44492086E-03   -3.31781330E-02
   5.15610091E-01    1.21247047E-03   -2.78265040E-02
   5.23365406E-01    1.01482774E-03   -2.32787848E-02
   5.31237370E-01    8.47210057E-04   -1.94240816E-02
   5.39227736E-01    7.05424766E-04   -1.61652507E-02
   5.47338286E-01    5.85806459E-04   -1.34174254E-02
   5.55570827E-01    4.85159285E-04   -1.11066637E-02
   5.63927193E-01    4.00704327E-04   -9.16871555E-03
   5.72409249E-01    3.30031850E-04   -7.54790577E-03
   5.81018883E-01    2.71057988E-04   -6.19612153E-03
   5.89758015E-01    2.21985779E-04   -5.07190277E-03
   5.98628593E-01    1.81270206E-04   -4.13962672E-03
   6.07632594E-01    1.47586792E-04   -3.36877622E-03
   6.16772024E-01    1.19803505E-04   -2.73328567E-03
   6.26048921E-01    9.69557137E-05   -2.21095874E-03
   6.35465352E-01    7.82239426E-05   -1.78295155E-03
   6.45023417E-01    6.29141866E-05   -1.43331583E-03
   6.54725244E-01    5.04405683E-05   -1.14859679E-03
   6.64572997E-01    4.03100779E-05   -9.17479572E-04
   6.74568871E-01    3.21091833E-05   -7.30479401E-04
   6.84715093E-01    2.54921387E-05   -5.79671208E-04
   6.95013924E-01    2.01708384E-05   -4.58455228E-04
   7.05467661E-01    1.59060002E-05   -3.61353487E-04
   7.16078634E-01    1.24995607E-05   -2.83834412E-04
   7.26849206E-01    9.78817190E-06   -2.22162950E-04
   7.37781779E-01    7.63767782E-06   -1.73273382E-04
   7.48878789E-01    5.93812455E-06   -1.34654536E-04
   7.60142710E-01    4.59988763E-06   -1.04260741E-04
   7.71576052E-01    3.54999469E-06   -8.04273717E-05
   7.83181364E-01    2.72939401E-06   -6.18081402E-05
   7.94961231E-01    2.09044512E-06   -4.73175406E-05
   8.06918280E-01    1.59486036E-06   -3.60836697E-05
   8.19055176E-01    1.21197722E-06   -2.74086622E-05
   8.31374623E-01    9.17335155E-07   -2.07361188E-05
   8.43879368E-01    6.91502575E-07   -1.56242785E-05
   8.56572197E-01    5.19120719E-07   -1.17241664E-05
   8.69455940E-01    3.88086946E-07   -8.76094247E-06
   8.82533467E-01    2.88898593E-07   -6.51892726E-06
   8.95807694E-01    2.14134927E-07   -4.82978565E-06
   9.09281580E-01    1.58028345E-07   -3.56275343E-06
   9.22958127E-01    1.16106117E-07   -2.61647793E-06
   9.36840383E-01    8.49215739E-08   -1.91289879E-06
   9.50931443E-01    6.18304120E-08   -1.39215929E-06
   9.65234448E-01    4.48092864E-08   -1.00848270E-06
   9.79752584E-01    3.23218521E-08   -7.27128533E-07
   9.94489089E-01    2.32032003E-08   -5.21768938E-07
   1.00944725E+00    1.65767717E-08   -3.72603212E-07
   1.02463039E+00    1.17845817E-08   -2.64775641E-07
   1.04004190E+00    8.33617813E-09   -1.87218617E-07
   1.05568522E+00    5.86701227E-09   -1.31709828E-07
   1.07156383E+00    4.10810832E-09   -9.21856325E-08
   1.08768127E+00    2.86154004E-09   -6.41863014E-08
   1.10404114E+00    1.98271382E-09   -4.44554255E-08
   1.12064707E+00    1.36645363E-09   -3.06254826E-08
   1.13750278E+00    9.36613420E-10   -2.09832523E-08
   1.15461201E+00    6.38452969E-10   -1.42977220E-08
   1.17197859E+00    4.32767306E-10   -9.68766247E-09
   1.18960637E+00    2.91686515E-10   -6.52692640E-09
   1.20749930E+00    1.95465983E-10   -4.37212477E-09
   1.22566135E+00    1.30215699E-10   -2.91148680E-09
   1.24409658E+00    8.62368636E-11   -1.92741774E-09
   1.26280909E+00    5.67671607E-11   -1.26827289E-09
   1.28180306E+00    3.71391966E-11   -8.29434123E-10
   1.30108272E+00    2.41470515E-11   -5.39074268E-10
   1.32065237E+00    1.56000618E-11   -3.48134520E-10
   1.34051636E+00    1.00151890E-11   -2.23417755E-10
   1.36067913E+00    6.38785660E-12   -1.42446796E-10
   1.38114517E+00    4.04701986E-12   -9.02138079E-11
   1.40191904E+00    2.54745651E-12   -5.67657346E-11
   1.42300537E+00    1.59223553E-12   -3.54674145E-11
   1.44440886E+00    9.88806827E-13   -2.20180263E-11
   1.46613428E+00    6.09589079E-13   -1.35690574E-11
   1.48818648E+00    3.72817233E-13   -8.29572272E-12
   1.51057036E+00    2.26760482E-13   -5.04400167E-12
   1.53329092E+00    1.36826736E-13   -3.04248569E-12
   1.55635322E+00    8.18310687E-14   -1.81896799E-12
   1.57976240E+00    4.86600523E-14   -1.08126711E-12
   1.60352368E+00    2.86404486E-14   -6.36195953E-13
   1.62764236E+00    1.67865696E-14   -3.72761783E-13
   1.65212380E+00    9.63201300E-15   -2.13810961E-13
   1.67697347E+00    5.60101362E-15   -1.24292841E-13
   1.70219691E+00    3.23128942E-15   -7.16852482E-14
   1.72779973E+00    1.82316463E-15   -4.04329260E-14
   1.75378765E+00    1.01694201E-15   -2.25451815E-14
   1.78016645E+00    5.52768896E-16   -1.22498960E-14
   1.80694202E+00    3.10643821E-16   -6.88234751E-15
   1.83412032E+00    1.75895307E-16   -3.89634398E-15
   1.86170741E+00    9.47310918E-17   -2.09788159E-15
   1.88970944E+00    5.04893968E-17   -1.11769100E-15
   1.91813265E+00    2.61256914E-17   -5.78043614E-16
   1.94698337E+00    1.25318627E-17   -2.77073773E-16
   1.97626804E+00    6.34321714E-18   -1.40182705E-16
   2.00599318E+00    3.99025146E-18   -8.82298561E-17
   2.03616541E+00    2.56595305E-18   -5.67685330E-17
   2.06679147E+00    1.55400083E-18   -3.43710553E-17
   2.09787818E+00    8.23836321E-19   -1.81668646E-17
   2.12943246E+00    0.00000000E+00    0.00000000E+00
   2.16146136E+00    0.00000000E+00    0.00000000E+00
   2.19397200E+00    0.00000000E+00    0.00000000E+00
   2.22697164E+00    0.00000000E+00    0.00000000E+00
   2.26046762E+00    0.00000000E+00    0.00000000E+00
   2.29446742E+00    0.00000000E+00    0.00000000E+00
   2.32897861E+00    0.00000000E+00    0.00000000E+00
   2.36400889E+00    0.00000000E+00    0.00000000E+00
   2.39956606E+00    0.00000000E+00    0.00000000E+00
   2.43565804E+00    0.00000000E+00    0.00000000E+00
   2.47229289E+00    0.00000000E+00    0.00000000E+00
   2.50947876E+00    0.00000000E+00    0.00000000E+00
   2.54722395E+00    0.00000000E+00    0.00000000E+00
   2.58553686E+00    0.00000000E+00    0.00000000E+00
   2.62442605E+00    0.00000000E+00    0.00000000E+00
   2.66390016E+00    0.00000000E+00    0.00000000E+00
   2.70396801E+00    0.00000000E+00    0.00000000E+00
   2.74463852E+00    0.00000000E+00    0.00000000E+00
   2.78592075E+00    0.00000000E+00    0.00000000E+00
   2.82782392E+00    0.00000000E+00    0.00000000E+00
   2.87035735E+00    0.00000000E+00    0.00000000E+00
   2.91353053E+00    0.00000000E+00    0.00000000E+00
   2.95735308E+00    0.00000000E+00    0.00000000E+00
   3.00183476E+00    0.00000000E+00    0.00000000E+00
   3.04698550E+00    0.00000000E+00    0.00000000E+00
   3.09281535E+00    0.00000000E+00    0.00000000E+00
   3.13933453E+00    0.00000000E+00    0.00000000E+00
   3.18655341E+00    0.00000000E+00    0.00000000E+00
   3.23448251E+00    0.00000000E+00    0.00000000E+00
   3.28313251E+00    0.00000000E+00    0.00000000E+00
   3.33251426E+00    0.00000000E+00    0.00000000E+00
   3.38263877E+00    0.00000000E+00    0.00000000E+00
   3.43351720E+00    0.00000000E+00    0.00000000E+00
   3.48516089E+00    0.00000000E+00    0.00000000E+00
   3.53758136E+00    0.00000000E+00    0.00000000E+00
   3.59079028E+00    0.00000000E+00    0.00000000E+00
   3.64479953E+00    0.00000000E+00    0.00000000E+00
   3.69962113E+00    0.00000000E+00    0.00000000E+00
   3.75526730E+00    0.00000000E+00    0.00000000E+00
   3.81175046E+00    0.00000000E+00    0.00000000E+00
   3.86908317E+00    0.00000000E+00    0.00000000E+00
   3.92727823E+00    0.00000000E+00    0.00000000E+00
   3.98634861E+00    0.00000000E+00    0.00000000E+00
   4.04630747E+00    0.00000000E+00    0.00000000E+00
   4.10716817E+00    0.00000000E+00    0.00000000E+00
   4.16894428E+00    0.00000000E+00    0.00000000E+00
   4.23164956E+00    0.00000000E+00    0.00000000E+00
   4.29529800E+00    0.00000000E+00    0.00000000E+00
   4.35990378E+00    0.00000000E+00    0.00000000E+00
   4.42548130E+00    0.00000000E+00    0.00000000E+00
   4.49204517E+00    0.00000000E+00    0.00000000E+00
   4.55961023E+00    0.00000000E+00    0.00000000E+00
   4.62819154E+00    0.00000000E+00    0.00000000E+00
   4.69780439E+00    0.00000000E+00    0.00000000E+00
   4.76846428E+00    0.00000000E+00    0.00000000E+00
   4.84018698E+00    0.00000000E+00    0.00000000E+00
   4.91298846E+00    0.00000000E+00    0.00000000E+00
   4.98688495E+00    0.00000000E+00    0.00000000E+00
   5.06189292E+00    0.00000000E+00    0.00000000E+00
   5.13802908E+00    0.00000000E+00    0.00000000E+00
   5.21531042E+00    0.00000000E+00    0.00000000E+00
   5.29375415E+00    0.00000000E+00    0.00000000E+00
   5.37337775E+00    0.00000000E+00    0.00000000E+00
   5.45419898E+00    0.00000000E+00    0.00000000E+00
   5.53623584E+00    0.00000000E+00    0.00000000E+00
   5.61950662E+00    0.00000000E+00    0.00000000E+00
   5.70402989E+00    0.00000000E+00    0.00000000E+00
   5.78982447E+00    0.00000000E+00    0.00000000E+00
   5.87690949E+00    0.00000000E+00    0.00000000E+00
   5.96530436E+00    0.00000000E+00    0.00000000E+00
   6.05502878E+00    0.00000000E+00    0.00000000E+00
   6.14610275E+00    0.00000000E+00    0.00000000E+00
   6.23854657E+00    0.00000000E+00    0.00000000E+00
   6.33238084E+00    0.00000000E+00    0.00000000E+00
   6.42762648E+00    0.00000000E+00    0.00000000E+00
   6.52430471E+00    0.00000000E+00    0.00000000E+00
   6.62243709E+00    0.00000000E+00    0.00000000E+00
   6.72204547E+00    0.00000000E+00    0.00000000E+00
   6.82315207E+00    0.00000000E+00    0.00000000E+00
   6.92577942E+00    0.00000000E+00    0.00000000E+00
   7.02995040E+00    0.00000000E+00    0.00000000E+00
   7.13568821E+00    0.00000000E+00    0.00000000E+00
   7.24301643E+00    0.00000000E+00    0.00000000E+00
   7.35195898E+00    0.00000000E+00    0.00000000E+00
   7.46254014E+00    0.00000000E+00    0.00000000E+00
   7.57478455E+00    0.00000000E+00    0.00000000E+00
   7.68871724E+00    0.00000000E+00    0.00000000E+00
   7.80436360E+00    0.00000000E+00    0.00000000E+00
   7.92174940E+00    0.00000000E+00    0.00000000E+00
   8.04090080E+00    0.00000000E+00    0.00000000E+00
   8.16184437E+00    0.00000000E+00    0.00000000E+00
   8.28460705E+00    0.00000000E+00    0.00000000E+00
   8.40921621E+00    0.00000000E+00    0.00000000E+00
   8.53569963E+00    0.00000000E+00    0.00000000E+00
   8.66408549E+00    0.00000000E+00    0.00000000E+00
   8.79440240E+00    0.00000000E+00    0.00000000E+00
   8.92667942E+00    0.00000000E+00    0.00000000E+00
   9.06094603E+00    0.00000000E+00    0.00000000E+00
   9.19723214E+00    0.00000000E+00    0.00000000E+00
   9.33556814E+00    0.00000000E+00    0.00000000E+00
   9.47598486E+00    0.00000000E+00    0.00000000E+00
   9.61851359E+00    0.00000000E+00    0.00000000E+00
   9.76318610E+00    0.00000000E+00    0.00000000E+00
   9.91003464E+00    0.00000000E+00    0.00000000E+00
   1.00590919E+01    0.00000000E+00    0.00000000E+00
   1.02103912E+01    0.00000000E+00    0.00000000E+00
   1.03639662E+01    0.00000000E+00    0.00000000E+00
   1.05198511E+01    0.00000000E+00    0.00000000E+00
   1.06780807E+01    0.00000000E+00    0.00000000E+00
   1.08386902E+01    0.00000000E+00    0.00000000E+00
   1.10017154E+01    0.00000000E+00    0.00000000E+00
   1.11671927E+01    0.00000000E+00    0.00000000E+00
   1.13351590E+01    0.00000000E+00    0.00000000E+00
   1.15056517E+01    0.00000000E+00    0.00000000E+00
   1.16787087E+01    0.00000000E+00    0.00000000E+00
   1.18543687E+01    0.00000000E+00    0.00000000E+00
   1.20326708E+01    0.00000000E+00    0.00000000E+00
   1.22136548E+01    0.00000000E+00    0.00000000E+00
   1.23973609E+01    0.00000000E+00    0.00000000E+00
   1.25838302E+01    0.00000000E+00    0.00000000E+00
   1.27731042E+01    0.00000000E+00    0.00000000E+00
   1.29652251E+01    0.00000000E+00    0.00000000E+00
   1.31602356E+01    0.00000000E+00    0.00000000E+00
   1.33581793E+01    0.00000000E+00    0.00000000E+00
   1.35591003E+01    0.00000000E+00    0.00000000E+00
   1.37630434E+01    0.00000000E+00    0.00000000E+00
   1.39700540E+01    0.00000000E+00    0.00000000E+00
   1.41801782E+01    0.00000000E+00    0.00000000E+00
   1.43934630E+01    0.00000000E+00    0.00000000E+00
   1.46099557E+01    0.00000000E+00    0.00000000E+00
   1.48297047E+01    0.00000000E+00    0.00000000E+00
   1.50527590E+01    0.00000000E+00    0.00000000E+00
   1.52791683E+01    0.00000000E+00    0.00000000E+00
   1.55089830E+01    0.00000000E+00    0.00000000E+00
   1.57422543E+01    0.00000000E+00    0.00000000E+00
   1.59790343E+01    0.00000000E+00    0.00000000E+00
   1.62193757E+01    0.00000000E+00    0.00000000E+00
   1.64633321E+01    0.00000000E+00    0.00000000E+00
   1.67109578E+01    0.00000000E+00    0.00000000E+00
   1.69623081E+01    0.00000000E+00    0.00000000E+00
   1.72174390E+01    0.00000000E+00    0.00000000E+00
   1.74764073E+01    0.00000000E+00    0.00000000E+00
   1.77392708E+01    0.00000000E+00    0.00000000E+00
   1.80060880E+01    0.00000000E+00    0.00000000E+00
   1.82769184E+01    0.00000000E+00    0.00000000E+00
   1.85518224E+01    0.00000000E+00    0.00000000E+00
   1.88308612E+01    0.00000000E+00    0.00000000E+00
   1.91140971E+01    0.00000000E+00    0.00000000E+00
   1.94015931E+01    0.00000000E+00    0.00000000E+00
   1.96934134E+01    0.00000000E+00    0.00000000E+00
   1.99896229E+01    0.00000000E+00    0.00000000E+00
   2.02902878E+01    0.00000000E+00    0.00000000E+00
   2.05954749E+01    0.00000000E+00    0.00000000E+00
   2.09052524E+01    0.00000000E+00    0.00000000E+00
   2.12196893E+01    0.00000000E+00    0.00000000E+00
   2.15388557E+01    0.00000000E+00    0.00000000E+00
   2.18628226E+01    0.00000000E+00    0.00000000E+00
   2.21916623E+01    0.00000000E+00    0.00000000E+00
   2.25254482E+01    0.00000000E+00    0.00000000E+00
   2.28642545E+01    0.00000000E+00    0.00000000E+00
   2.32081568E+01    0.00000000E+00    0.00000000E+00
   2.35572318E+01    0.00000000E+00    0.00000000E+00
   2.39115572E+01    0.00000000E+00    0.00000000E+00
   2.42712121E+01    0.00000000E+00    0.00000000E+00
   2.46362765E+01    0.00000000E+00    0.00000000E+00
   2.50068319E+01    0.00000000E+00    0.00000000E+00
   2.53829608E+01    0.00000000E+00    0.00000000E+00
   2.57647471E+01    0.00000000E+00    0.00000000E+00
   2.61522759E+01    0.00000000E+00    0.00000000E+00
   2.65456335E+01    0.00000000E+00    0.00000000E+00
   2.69449076E+01    0.00000000E+00    0.00000000E+00
   2.73501872E+01    0.00000000E+00    0.00000000E+00
   2.77615627E+01    0.00000000E+00    0.00000000E+00
   2.81791256E+01    0.00000000E+00    0.00000000E+00
   2.86029692E+01    0.00000000E+00    0.00000000E+00
   2.90331878E+01    0.00000000E+00    0.00000000E+00
   2.94698773E+01    0.00000000E+00    0.00000000E+00
   2.99131351E+01    0.00000000E+00    0.00000000E+00
   3.03630600E+01    0.00000000E+00    0.00000000E+00
   3.08197522E+01    0.00000000E+00    0.00000000E+00
   3.12833136E+01    0.00000000E+00    0.00000000E+00
   3.17538473E+01    0.00000000E+00    0.00000000E+00
   3.22314584E+01    0.00000000E+00    0.00000000E+00
   3.27162533E+01    0.00000000E+00    0.00000000E+00
   3.32083400E+01    0.00000000E+00    0.00000000E+00
   3.37078282E+01    0.00000000E+00    0.00000000E+00
   3.42148292E+01    0.00000000E+00    0.00000000E+00
   3.47294561E+01    0.00000000E+00    0.00000000E+00
   3.52518235E+01    0.00000000E+00    0.00000000E+00
   3.57820478E+01    0.00000000E+00    0.00000000E+00
   3.63202473E+01    0.00000000E+00    0.00000000E+00
   3.68665418E+01    0.00000000E+00    0.00000000E+00
   3.74210532E+01    0.00000000E+00    0.00000000E+00
   3.79839050E+01    0.00000000E+00    0.00000000E+00
   3.85552227E+01    0.00000000E+00    0.00000000E+00
   3.91351336E+01    0.00000000E+00    0.00000000E+00
   3.97237670E+01    0.00000000E+00    0.00000000E+00
   4.03212540E+01    0.00000000E+00    0.00000000E+00
   4.09277279E+01    0.00000000E+00    0.00000000E+00
   4.15433238E+01    0.00000000E+00    0.00000000E+00
   4.21681788E+01    0.00000000E+00    0.00000000E+00
   4.28024324E+01    0.00000000E+00    0.00000000E+00
   4.34462258E+01    0.00000000E+00    0.00000000E+00
   4.40997025E+01    0.00000000E+00    0.00000000E+00
   4.47630082E+01    0.00000000E+00    0.00000000E+00
   4.54362907E+01    0.00000000E+00    0.00000000E+00
   4.61197001E+01    0.00000000E+00    0.00000000E+00
   4.68133886E+01    0.00000000E+00    0.00000000E+00
   4.75175110E+01    0.00000000E+00    0.00000000E+00
   4.82322241E+01    0.00000000E+00    0.00000000E+00
   4.89576873E+01    0.00000000E+00    0.00000000E+00
   4.96940621E+01    0.00000000E+00    0.00000000E+00
   5.04415128E+01    0.00000000E+00    0.00000000E+00
   5.12002060E+01    0.00000000E+00    0.00000000E+00
   5.19703107E+01    0.00000000E+00    0.00000000E+00
   5.27519986E+01    0.00000000E+00    0.00000000E+00
   5.35454439E+01    0.00000000E+00    0.00000000E+00
   5.43508234E+01    0.00000000E+00    0.00000000E+00
   5.51683167E+01    0.00000000E+00    0.00000000E+00
   5.59981059E+01    0.00000000E+00    0.00000000E+00
   5.68403760E+01    0.00000000E+00    0.00000000E+00
   5.76953148E+01    0.00000000E+00    0.00000000E+00
   5.85631127E+01    0.00000000E+00    0.00000000E+00
   5.94439633E+01    0.00000000E+00    0.00000000E+00
   6.03380627E+01    0.00000000E+00    0.00000000E+00
   6.12456103E+01    0.00000000E+00    0.00000000E+00
   6.21668084E+01    0.00000000E+00    0.00000000E+00
   6.31018623E+01    0.00000000E+00    0.00000000E+00
   6.40509804E+01    0.00000000E+00    0.00000000E+00
   6.50143742E+01    0.00000000E+00    0.00000000E+00
   6.59922584E+01    0.00000000E+00    0.00000000E+00
   6.69848511E+01    0.00000000E+00    0.00000000E+00
   6.79923733E+01    0.00000000E+00    0.00000000E+00
   6.90150498E+01    0.00000000E+00    0.00000000E+00
   7.00531084E+01    0.00000000E+00    0.00000000E+00
   7.11067805E+01    0.00000000E+00    0.00000000E+00
   7.21763009E+01    0.00000000E+00    0.00000000E+00
   7.32619080E+01    0.00000000E+00    0.00000000E+00
   7.43638438E+01    0.00000000E+00    0.00000000E+00
   7.54823539E+01    0.00000000E+00    0.00000000E+00
   7.66176875E+01    0.00000000E+00    0.00000000E+00
   7.77700977E+01    0.00000000E+00    0.00000000E+00
   7.89398414E+01    0.00000000E+00    0.00000000E+00
   8.01271793E+01    0.00000000E+00    0.00000000E+00
   8.13323759E+01    0.00000000E+00    0.00000000E+00
   8.25557000E+01    0.00000000E+00    0.00000000E+00
   8.37974242E+01    0.00000000E+00    0.00000000E+00
   8.50578251E+01    0.00000000E+00    0.00000000E+00
   8.63371839E+01    0.00000000E+00    0.00000000E+00
   8.76357855E+01    0.00000000E+00    0.00000000E+00
   8.89539195E+01    0.00000000E+00    0.00000000E+00
   9.02918795E+01    0.00000000E+00    0.00000000E+00
   9.16499639E+01    0.00000000E+00    0.00000000E+00
   9.30284753E+01    0.00000000E+00    0.00000000E+00
   9.44277210E+01    0.00000000E+00    0.00000000E+00
   9.58480128E+01    0.00000000E+00    0.00000000E+00
   9.72896672E+01    0.00000000E+00    0.00000000E+00
   9.87530056E+01    0.00000000E+00    0.00000000E+00
   1.00238354E+02    0.00000000E+00    0.00000000E+00
   1.01746044E+02    0.00000000E+00    0.00000000E+00
   1.03276411E+02    0.00000000E+00    0.00000000E+00
   1.04829796E+02    0.00000000E+00    0.00000000E+00
   1.06406546E+02    0.00000000E+00    0.00000000E+00
   1.08007012E+02    0.00000000E+00    0.00000000E+00
   1.09631551E+02    0.00000000E+00    0.00000000E+00
   1.11280524E+02    0.00000000E+00    0.00000000E+00
   1.12954299E+02    0.00000000E+00    0.00000000E+00
   1.14653250E+02    0.00000000E+00    0.00000000E+00
   1.16377755E+02    0.00000000E+00    0.00000000E+00
   1.18128199E+02    0.00000000E+00    0.00000000E+00
   1.19904970E+02    0.00000000E+00    0.00000000E+00
   1.21708467E+02    0.00000000E+00    0.00000000E+00
   1.23539089E+02    0.00000000E+00    0.00000000E+00
   1.25397247E+02    0.00000000E+00    0.00000000E+00
   1.27283352E+02    0.00000000E+00    0.00000000E+00
   1.29197827E+02    0.00000000E+00    0.00000000E+00
   1.31141098E+02    0.00000000E+00    0.00000000E+00
   1.33113597E+02    0.00000000E+00    0.00000000E+00
   1.35115765E+02    0.00000000E+00    0.00000000E+00
   1.37148048E+02    0.00000000E+00    0.00000000E+00
   1.39210898E+02    0.00000000E+00    0.00000000E+00
   1.41304776E+02    0.00000000E+00    0.00000000E+00
   1.43430147E+02    0.00000000E+00    0.00000000E+00
   1.45587487E+02    0.00000000E+00    0.00000000E+00
   1.47777275E+02    0.00000000E+00    0.00000000E+00
   1.50000000E+02    0.00000000E+00    0.00000000E+00
