# Peaks:     0.144949      0.654725      3.382639  
   4.99999987E-05    4.08331159E-03    5.99543023E+01
   5.07520511E-05    4.12804385E-03    5.97216523E+01
   5.15154150E-05    4.17342047E-03    5.94931390E+01
   5.22902608E-05    4.21942063E-03    5.92681305E+01
   5.30767611E-05    4.26602095E-03    5.90459754E+01
   5.38750911E-05    4.31319527E-03    5.88260024E+01
   5.46854289E-05    4.36091449E-03    5.86075187E+01
   5.55079550E-05    4.40914646E-03    5.83898115E+01
   5.63428527E-05    4.45787143E-03    5.81724254E+01
   5.71903082E-05    4.50710071E-03    5.79554766E+01
   5.80505103E-05    4.55685062E-03    5.77391601E+01
   5.89236508E-05    4.60713868E-03    5.75236799E+01
   5.98099242E-05    4.65798376E-03    5.73092489E+01
   6.07095280E-05    4.70940608E-03    5.70960898E+01
   6.16226629E-05    4.76142342E-03    5.68843712E+01
   6.25495323E-05    4.81404192E-03    5.66740656E+01
   6.34903427E-05    4.86726523E-03    5.64651058E+01
   6.44453039E-05    4.92109691E-03    5.62574240E+01
   6.54146288E-05    4.97554041E-03    5.60509521E+01
   6.63985333E-05    5.03059906E-03    5.58456215E+01
   6.73972367E-05    5.08627701E-03    5.56413784E+01
   6.84109617E-05    5.14258162E-03    5.54382197E+01
   6.94399342E-05    5.19952118E-03    5.52361546E+01
   7.04843835E-05    5.25710432E-03    5.50351948E+01
   7.15445424E-05    5.31534002E-03    5.48353545E+01
   7.26206472E-05    5.37423763E-03    5.46366501E+01
   7.37129378E-05    5.43380644E-03    5.44390947E+01
   7.48216575E-05    5.49405428E-03    5.42426808E+01
   7.59470536E-05    5.55498879E-03    5.40473971E+01
   7.70893768E-05    5.61661784E-03    5.38532340E+01
   7.82488817E-05    5.67894952E-03    5.36601833E+01
   7.94258268E-05    5.74199217E-03    5.34682385E+01
   8.06204744E-05    5.80575433E-03    5.32773943E+01
   8.18330907E-05    5.87024449E-03    5.30876447E+01
   8.30639461E-05    5.93547130E-03    5.28989850E+01
   8.43133148E-05    6.00144372E-03    5.27114120E+01
   8.55814753E-05    6.06817096E-03    5.25249243E+01
   8.68687103E-05    6.13566257E-03    5.23395225E+01
   8.81753066E-05    6.20392829E-03    5.21552075E+01
   8.95015555E-05    6.27297735E-03    5.19719742E+01
   9.08477526E-05    6.34281901E-03    5.17898161E+01
   9.22141979E-05    6.41346279E-03    5.16087288E+01
   9.36011960E-05    6.48491854E-03    5.14287093E+01
   9.50090560E-05    6.55719641E-03    5.12497566E+01
   9.64380916E-05    6.63030679E-03    5.10718705E+01
   9.78886215E-05    6.70425972E-03    5.08950461E+01
   9.93609688E-05    6.77906525E-03    5.07192778E+01
   1.00855462E-04    6.85473375E-03    5.05445617E+01
   1.02372434E-04    6.93127590E-03    5.03708955E+01
   1.03912222E-04    7.00870275E-03    5.01982789E+01
   1.05475171E-04    7.08702563E-03    5.00267125E+01
   1.07061628E-04    7.16625544E-03    4.98561920E+01
   1.08671947E-04    7.24640309E-03    4.96867118E+01
   1.10306486E-04    7.32747979E-03    4.95182678E+01
   1.11965612E-04    7.40949713E-03    4.93508579E+01
   1.13649692E-04    7.49246703E-03    4.91844814E+01
   1.15359102E-04    7.57640178E-03    4.90191391E+01
   1.17094224E-04    7.66131324E-03    4.88548272E+01
   1.18855443E-04    7.74721325E-03    4.86915400E+01
   1.20643153E-04    7.83411400E-03    4.85292736E+01
   1.22457753E-04    7.92202805E-03    4.83680260E+01
   1.24299646E-04    8.01096836E-03    4.82077966E+01
   1.26169242E-04    8.10094824E-03    4.80485864E+01
   1.28066960E-04    8.19198060E-03    4.78903915E+01
   1.29993221E-04    8.28407831E-03    4.77332065E+01
   1.31948455E-04    8.37725461E-03    4.75770275E+01
   1.33933098E-04    8.47152315E-03    4.74218525E+01
   1.35947592E-04    8.56689802E-03    4.72676811E+01
   1.37992386E-04    8.66339366E-03    4.71145142E+01
   1.40067936E-04    8.76102408E-03    4.69623478E+01
   1.42174705E-04    8.85980330E-03    4.68111765E+01
   1.44313161E-04    8.95974572E-03    4.66609965E+01
   1.46483782E-04    9.06086619E-03    4.65118059E+01
   1.48687051E-04    9.16318005E-03    4.63636044E+01
   1.50923460E-04    9.26670298E-03    4.62163928E+01
   1.53193507E-04    9.37145018E-03    4.60701669E+01
   1.55497698E-04    9.47743692E-03    4.59249212E+01
   1.57836546E-04    9.58467890E-03    4.57806522E+01
   1.60210573E-04    9.69319230E-03    4.56373578E+01
   1.62620308E-04    9.80299380E-03    4.54950380E+01
   1.65066287E-04    9.91410045E-03    4.53536933E+01
   1.67549057E-04    1.00265288E-02    4.52133191E+01
   1.70069170E-04    1.01402953E-02    4.50739101E+01
   1.72627189E-04    1.02554174E-02    4.49354626E+01
   1.75223682E-04    1.03719124E-02    4.47979748E+01
   1.77859230E-04    1.04897988E-02    4.46614467E+01
   1.80534419E-04    1.06090948E-02    4.45258785E+01
   1.83249845E-04    1.07298186E-02    4.43912650E+01
   1.86006115E-04    1.08519882E-02    4.42576011E+01
   1.88803842E-04    1.09756223E-02    4.41248831E+01
   1.91643649E-04    1.11007402E-02    4.39931093E+01
   1.94526170E-04    1.12273618E-02    4.38622798E+01
   1.97452047E-04    1.13555070E-02    4.37323943E+01
   2.00421933E-04    1.14851955E-02    4.36034471E+01
   2.03436489E-04    1.16164470E-02    4.34754330E+01
   2.06496386E-04    1.17492819E-02    4.33483485E+01
   2.09602308E-04    1.18837214E-02    4.32221919E+01
   2.12754946E-04    1.20197870E-02    4.30969637E+01
   2.15955003E-04    1.21575005E-02    4.29726625E+01
   2.19203193E-04    1.22968831E-02    4.28492822E+01
   2.22500238E-04    1.24379566E-02    4.27268176E+01
   2.25846875E-04    1.25807433E-02    4.26052654E+01
   2.29243848E-04    1.27252660E-02    4.24846240E+01
   2.32691916E-04    1.28715486E-02    4.23648940E+01
   2.36191846E-04    1.30196145E-02    4.22460729E+01
   2.39744418E-04    1.31694869E-02    4.21281542E+01
   2.43350425E-04    1.33211896E-02    4.20111327E+01
   2.47010670E-04    1.34747469E-02    4.18950052E+01
   2.50725970E-04    1.36301840E-02    4.17797704E+01
   2.54497151E-04    1.37875266E-02    4.16654286E+01
   2.58325054E-04    1.39468004E-02    4.15519764E+01
   2.62210533E-04    1.41080307E-02    4.14394068E+01
   2.66154454E-04    1.42712433E-02    4.13277148E+01
   2.70157696E-04    1.44364649E-02    4.12168971E+01
   2.74221151E-04    1.46037232E-02    4.11069525E+01
   2.78345724E-04    1.47730462E-02    4.09978813E+01
   2.82532335E-04    1.49444615E-02    4.08896786E+01
   2.86781917E-04    1.51179969E-02    4.07823374E+01
   2.91095417E-04    1.52936809E-02    4.06758526E+01
   2.95473797E-04    1.54715425E-02    4.05702213E+01
   2.99918032E-04    1.56516120E-02    4.04654424E+01
   3.04429113E-04    1.58339199E-02    4.03615155E+01
   3.09008046E-04    1.60184962E-02    4.02584342E+01
   3.13655850E-04    1.62053712E-02    4.01561915E+01
   3.18373563E-04    1.63945762E-02    4.00547825E+01
   3.23162234E-04    1.65861430E-02    3.99542045E+01
   3.28022933E-04    1.67801047E-02    3.98544568E+01
   3.32956741E-04    1.69764944E-02    3.97555377E+01
   3.37964759E-04    1.71753448E-02    3.96574394E+01
   3.43048103E-04    1.73766891E-02    3.95601553E+01
   3.48207905E-04    1.75805614E-02    3.94636806E+01
   3.53445317E-04    1.77869968E-02    3.93680128E+01
   3.58761504E-04    1.79960313E-02    3.92731516E+01
   3.64157653E-04    1.82077009E-02    3.91790931E+01
   3.69634965E-04    1.84220412E-02    3.90858292E+01
   3.75194662E-04    1.86390884E-02    3.89933530E+01
   3.80837982E-04    1.88588801E-02    3.89016601E+01
   3.86566184E-04    1.90814546E-02    3.88107483E+01
   3.92380544E-04    1.93068513E-02    3.87206171E+01
   3.98282359E-04    1.95351091E-02    3.86312606E+01
   4.04272942E-04    1.97662669E-02    3.85426704E+01
   4.10353631E-04    2.00003646E-02    3.84548399E+01
   4.16525779E-04    2.02374432E-02    3.83677649E+01
   4.22790762E-04    2.04775446E-02    3.82814438E+01
   4.29149978E-04    2.07207119E-02    3.81958752E+01
   4.35604843E-04    2.09669869E-02    3.81110509E+01
   4.42156796E-04    2.12164125E-02    3.80269623E+01
   4.48807297E-04    2.14690321E-02    3.79436033E+01
   4.55557829E-04    2.17248909E-02    3.78609700E+01
   4.62409895E-04    2.19840347E-02    3.77790612E+01
   4.69365024E-04    2.22465100E-02    3.76978740E+01
   4.76424765E-04    2.25123627E-02    3.76173989E+01
   4.83590693E-04    2.27816394E-02    3.75376275E+01
   4.90864403E-04    2.30543880E-02    3.74585538E+01
   4.98247517E-04    2.33306575E-02    3.73801743E+01
   5.05741682E-04    2.36104984E-02    3.73024880E+01
   5.13348566E-04    2.38939608E-02    3.72254895E+01
   5.21069866E-04    2.41810947E-02    3.71491687E+01
   5.28907302E-04    2.44719512E-02    3.70735174E+01
   5.36862622E-04    2.47665827E-02    3.69985299E+01
   5.44937597E-04    2.50650429E-02    3.69242033E+01
   5.53134029E-04    2.53673868E-02    3.68505364E+01
   5.61453744E-04    2.56736686E-02    3.67775213E+01
   5.69898596E-04    2.59839430E-02    3.67051475E+01
   5.78470468E-04    2.62982659E-02    3.66334069E+01
   5.87171269E-04    2.66166944E-02    3.65622943E+01
   5.96002940E-04    2.69392874E-02    3.64918070E+01
   6.04967448E-04    2.72661045E-02    3.64219432E+01
   6.14066792E-04    2.75972048E-02    3.63526928E+01
   6.23302999E-04    2.79326478E-02    3.62840457E+01
   6.32678129E-04    2.82724947E-02    3.62159941E+01
   6.42194270E-04    2.86168081E-02    3.61485330E+01
   6.51853544E-04    2.89656522E-02    3.60816607E+01
   6.61658104E-04    2.93190915E-02    3.60153728E+01
   6.71610134E-04    2.96771900E-02    3.59496577E+01
   6.81711854E-04    3.00400131E-02    3.58845054E+01
   6.91965514E-04    3.04076274E-02    3.58199085E+01
   7.02373399E-04    3.07801014E-02    3.57558627E+01
   7.12937831E-04    3.11575049E-02    3.56923666E+01
   7.23661162E-04    3.15399080E-02    3.56294137E+01
   7.34545783E-04    3.19273803E-02    3.55669917E+01
   7.45594121E-04    3.23199930E-02    3.55050906E+01
   7.56808637E-04    3.27178191E-02    3.54437034E+01
   7.68191831E-04    3.31209329E-02    3.53828261E+01
   7.79746241E-04    3.35294106E-02    3.53224574E+01
   7.91474440E-04    3.39433280E-02    3.52625885E+01
   8.03379044E-04    3.43627609E-02    3.52032067E+01
   8.15462706E-04    3.47877871E-02    3.51443022E+01
   8.27728119E-04    3.52184857E-02    3.50858680E+01
   8.40178016E-04    3.56549380E-02    3.50279004E+01
   8.52815173E-04    3.60972266E-02    3.49703979E+01
   8.65642406E-04    3.65454337E-02    3.49133502E+01
   8.78662574E-04    3.69996420E-02    3.48567446E+01
   8.91878579E-04    3.74599359E-02    3.48005713E+01
   9.05293367E-04    3.79264018E-02    3.47448237E+01
   9.18909927E-04    3.83991280E-02    3.46894986E+01
   9.32731294E-04    3.88782041E-02    3.46345933E+01
   9.46760549E-04    3.93637190E-02    3.45800958E+01
   9.61000819E-04    3.98557626E-02    3.45259933E+01
   9.75455277E-04    4.03544269E-02    3.44722761E+01
   9.90127146E-04    4.08598056E-02    3.44189379E+01
   1.00501969E-03    4.13719948E-02    3.43659760E+01
   1.02013624E-03    4.18910916E-02    3.43133873E+01
   1.03548016E-03    4.24171923E-02    3.42611587E+01
   1.05105487E-03    4.29503946E-02    3.42092772E+01
   1.06686383E-03    4.34907983E-02    3.41577328E+01
   1.08291058E-03    4.40385052E-02    3.41065193E+01
   1.09919869E-03    4.45936192E-02    3.40556338E+01
   1.11573179E-03    4.51562458E-02    3.40050735E+01
   1.13251356E-03    4.57264893E-02    3.39548249E+01
   1.14954775E-03    4.63044558E-02    3.39048744E+01
   1.16683815E-03    4.68902532E-02    3.38552116E+01
   1.18438862E-03    4.74839917E-02    3.38058296E+01
   1.20220306E-03    4.80857838E-02    3.37567251E+01
   1.22028546E-03    4.86957438E-02    3.37078963E+01
   1.23863983E-03    4.93139850E-02    3.36593304E+01
   1.25727027E-03    4.99406222E-02    3.36110131E+01
   1.27618093E-03    5.05757720E-02    3.35629333E+01
   1.29537603E-03    5.12195536E-02    3.35150834E+01
   1.31485984E-03    5.18720885E-02    3.34674595E+01
   1.33463671E-03    5.25335002E-02    3.34200602E+01
   1.35471104E-03    5.32039119E-02    3.33728742E+01
   1.37508731E-03    5.38834473E-02    3.33258864E+01
   1.39577006E-03    5.45722325E-02    3.32790846E+01
   1.41676391E-03    5.52703960E-02    3.32324603E+01
   1.43807352E-03    5.59780688E-02    3.31860086E+01
   1.45970365E-03    5.66953842E-02    3.31397284E+01
   1.48165912E-03    5.74224762E-02    3.30936126E+01
   1.50394483E-03    5.81594782E-02    3.30476448E+01
   1.52656573E-03    5.89065261E-02    3.30018114E+01
   1.54952688E-03    5.96637580E-02    3.29561022E+01
   1.57283338E-03    6.04313148E-02    3.29105104E+01
   1.59649044E-03    6.12093400E-02    3.28650335E+01
   1.62050333E-03    6.19979790E-02    3.28196706E+01
   1.64487740E-03    6.27973766E-02    3.27744084E+01
   1.66961808E-03    6.36076786E-02    3.27292303E+01
   1.69473088E-03    6.44290332E-02    3.26841230E+01
   1.72022141E-03    6.52615913E-02    3.26390766E+01
   1.74609534E-03    6.61055063E-02    3.25940849E+01
   1.77235844E-03    6.69609344E-02    3.25491458E+01
   1.79901657E-03    6.78280344E-02    3.25042591E+01
   1.82607566E-03    6.87069638E-02    3.24594114E+01
   1.85354175E-03    6.95978811E-02    3.24145859E+01
   1.88142096E-03    7.05009478E-02    3.23697687E+01
   1.90971950E-03    7.14163276E-02    3.23249492E+01
   1.93844368E-03    7.23441872E-02    3.22801207E+01
   1.96759990E-03    7.32846962E-02    3.22352806E+01
   1.99719466E-03    7.42380268E-02    3.21904290E+01
   2.02723456E-03    7.52043507E-02    3.21455552E+01
   2.05772629E-03    7.61838399E-02    3.21006411E+01
   2.08867665E-03    7.71766691E-02    3.20556717E+01
   2.12009253E-03    7.81830158E-02    3.20106351E+01
   2.15198094E-03    7.92030602E-02    3.19655232E+01
   2.18434899E-03    8.02369855E-02    3.19203317E+01
   2.21720388E-03    8.12849780E-02    3.18750603E+01
   2.25055295E-03    8.23472248E-02    3.18297046E+01
   2.28440362E-03    8.34239126E-02    3.17842475E+01
   2.31876344E-03    8.45152300E-02    3.17386730E+01
   2.35364007E-03    8.56213685E-02    3.16929681E+01
   2.38904128E-03    8.67425227E-02    3.16471236E+01
   2.42497497E-03    8.78788899E-02    3.16011338E+01
   2.46144913E-03    8.90306705E-02    3.15549970E+01
   2.49847190E-03    9.01980665E-02    3.15087085E+01
   2.53605153E-03    9.13812792E-02    3.14622521E+01
   2.57419640E-03    9.25805120E-02    3.14156123E+01
   2.61291501E-03    9.37959715E-02    3.13687769E+01
   2.65221599E-03    9.50278671E-02    3.13217374E+01
   2.69210809E-03    9.62764112E-02    3.12744887E+01
   2.73260022E-03    9.75418191E-02    3.12270290E+01
   2.77370139E-03    9.88243062E-02    3.11793479E+01
   2.81542076E-03    1.00124089E-01    3.11314289E+01
   2.85776763E-03    1.01441386E-01    3.10832585E+01
   2.90075145E-03    1.02776419E-01    3.10348261E+01
   2.94438179E-03    1.04129413E-01    3.09861250E+01
   2.98866837E-03    1.05500595E-01    3.09371519E+01
   3.03362107E-03    1.06890196E-01    3.08879006E+01
   3.07924991E-03    1.08298444E-01    3.08383552E+01
   3.12556505E-03    1.09725571E-01    3.07885015E+01
   3.17257682E-03    1.11171811E-01    3.07383281E+01
   3.22029570E-03    1.12637401E-01    3.06878272E+01
   3.26873232E-03    1.14122582E-01    3.06369946E+01
   3.31789748E-03    1.15627595E-01    3.05858247E+01
   3.36780213E-03    1.17152684E-01    3.05343021E+01
   3.41845740E-03    1.18698091E-01    3.04824125E+01
   3.46987457E-03    1.20264064E-01    3.04301445E+01
   3.52206512E-03    1.21850853E-01    3.03774901E+01
   3.57504067E-03    1.23458710E-01    3.03244447E+01
   3.62881302E-03    1.25087889E-01    3.02710020E+01
   3.68339417E-03    1.26738644E-01    3.02171466E+01
   3.73879627E-03    1.28411232E-01    3.01628643E+01
   3.79503168E-03    1.30105911E-01    3.01081435E+01
   3.85211293E-03    1.31822944E-01    3.00529762E+01
   3.91005274E-03    1.33562594E-01    2.99973574E+01
   3.96886403E-03    1.35325127E-01    2.99412805E+01
   4.02855990E-03    1.37110809E-01    2.98847302E+01
   4.08915366E-03    1.38919907E-01    2.98276922E+01
   4.15065881E-03    1.40752691E-01    2.97701552E+01
   4.21308906E-03    1.42609434E-01    2.97121108E+01
   4.27645833E-03    1.44490411E-01    2.96535541E+01
   4.34078074E-03    1.46395899E-01    2.95944771E+01
   4.40607063E-03    1.48326171E-01    2.95348644E+01
   4.47234254E-03    1.50281508E-01    2.94747020E+01
   4.53961126E-03    1.52262187E-01    2.94139787E+01
   4.60789176E-03    1.54268493E-01    2.93526862E+01
   4.67719928E-03    1.56300708E-01    2.92908193E+01
   4.74754925E-03    1.58359119E-01    2.92283691E+01
   4.81895736E-03    1.60444009E-01    2.91653200E+01
   4.89143953E-03    1.62555665E-01    2.91016583E+01
   4.96501190E-03    1.64694374E-01    2.90373730E+01
   5.03969087E-03    1.66860428E-01    2.89724558E+01
   5.11549310E-03    1.69054118E-01    2.89069013E+01
   5.19243547E-03    1.71275735E-01    2.88406989E+01
   5.27053514E-03    1.73525572E-01    2.87738333E+01
   5.34980950E-03    1.75803919E-01    2.87062912E+01
   5.43027624E-03    1.78111072E-01    2.86380621E+01
   5.51195328E-03    1.80447326E-01    2.85691381E+01
   5.59485883E-03    1.82812978E-01    2.84995131E+01
   5.67901136E-03    1.85208323E-01    2.84291745E+01
   5.76442963E-03    1.87633657E-01    2.83581072E+01
   5.85113269E-03    1.90089275E-01    2.82862985E+01
   5.93913985E-03    1.92575475E-01    2.82137381E+01
   6.02847073E-03    1.95092554E-01    2.81404186E+01
   6.11914524E-03    1.97640812E-01    2.80663331E+01
   6.21118359E-03    2.00220544E-01    2.79914677E+01
   6.30460630E-03    2.02832046E-01    2.79158080E+01
   6.39943418E-03    2.05475614E-01    2.78393417E+01
   6.49568837E-03    2.08151543E-01    2.77620591E+01
   6.59339032E-03    2.10860132E-01    2.76839529E+01
   6.69256181E-03    2.13601675E-01    2.76050143E+01
   6.79322495E-03    2.16376464E-01    2.75252288E+01
   6.89540216E-03    2.19184792E-01    2.74445825E+01
   6.99911623E-03    2.22026950E-01    2.73630640E+01
   7.10439026E-03    2.24903228E-01    2.72806642E+01
   7.21124773E-03    2.27813918E-01    2.71973761E+01
   7.31971245E-03    2.30759305E-01    2.71131887E+01
   7.42980858E-03    2.33739675E-01    2.70280871E+01
   7.54156068E-03    2.36755310E-01    2.69420585E+01
   7.65499365E-03    2.39806490E-01    2.68550920E+01
   7.77013277E-03    2.42893496E-01    2.67671789E+01
   7.88700370E-03    2.46016605E-01    2.66783123E+01
   8.00563249E-03    2.49176089E-01    2.65884794E+01
   8.12604558E-03    2.52372219E-01    2.64976660E+01
   8.24826982E-03    2.55605261E-01    2.64058598E+01
   8.37233243E-03    2.58875478E-01    2.63130508E+01
   8.49826107E-03    2.62183133E-01    2.62192308E+01
   8.62608382E-03    2.65528482E-01    2.61243917E+01
   8.75582915E-03    2.68911777E-01    2.60285198E+01
   8.88752598E-03    2.72333264E-01    2.59316019E+01
   9.02120368E-03    2.75793187E-01    2.58336267E+01
   9.15689203E-03    2.79291783E-01    2.57345848E+01
   9.29462127E-03    2.82829289E-01    2.56344689E+01
   9.43442210E-03    2.86405931E-01    2.55332690E+01
   9.57632569E-03    2.90021931E-01    2.54309714E+01
   9.72036365E-03    2.93677503E-01    2.53275639E+01
   9.86656809E-03    2.97372857E-01    2.52230362E+01
   1.00149716E-02    3.01108197E-01    2.51173798E+01
   1.01656073E-02    3.04883722E-01    2.50105879E+01
   1.03185086E-02    3.08699619E-01    2.49026490E+01
   1.04737098E-02    3.12556067E-01    2.47935504E+01
   1.06312454E-02    3.16453240E-01    2.46832806E+01
   1.07911504E-02    3.20391302E-01    2.45718301E+01
   1.09534606E-02    3.24370411E-01    2.44591914E+01
   1.11182121E-02    3.28390717E-01    2.43453575E+01
   1.12854417E-02    3.32452355E-01    2.42303173E+01
   1.14551866E-02    3.36555452E-01    2.41140589E+01
   1.16274846E-02    3.40700126E-01    2.39965722E+01
   1.18023741E-02    3.44886485E-01    2.38778487E+01
   1.19798942E-02    3.49114625E-01    2.37578817E+01
   1.21600843E-02    3.53384633E-01    2.36366637E+01
   1.23429847E-02    3.57696579E-01    2.35141836E+01
   1.25286361E-02    3.62050524E-01    2.33904314E+01
   1.27170799E-02    3.66446514E-01    2.32653984E+01
   1.29083581E-02    3.70884585E-01    2.31390778E+01
   1.31025133E-02    3.75364761E-01    2.30114643E+01
   1.32995888E-02    3.79887045E-01    2.28825491E+01
   1.34996286E-02    3.84451429E-01    2.27523222E+01
   1.37026771E-02    3.89057888E-01    2.26207752E+01
   1.39087797E-02    3.93706382E-01    2.24879010E+01
   1.41179823E-02    3.98396858E-01    2.23536946E+01
   1.43303316E-02    4.03129245E-01    2.22181514E+01
   1.45458748E-02    4.07903453E-01    2.20812636E+01
   1.47646600E-02    4.12719371E-01    2.19430230E+01
   1.49867359E-02    4.17576873E-01    2.18034228E+01
   1.52121521E-02    4.22475813E-01    2.16624581E+01
   1.54409588E-02    4.27416030E-01    2.15201252E+01
   1.56732070E-02    4.32397339E-01    2.13764201E+01
   1.59089484E-02    4.37419532E-01    2.12313359E+01
   1.61482356E-02    4.42482380E-01    2.10848669E+01
   1.63911220E-02    4.47585631E-01    2.09370086E+01
   1.66376616E-02    4.52729016E-01    2.07877582E+01
   1.68879095E-02    4.57912241E-01    2.06371143E+01
   1.71419213E-02    4.63134987E-01    2.04850735E+01
   1.73997538E-02    4.68396904E-01    2.03316310E+01
   1.76614643E-02    4.73697622E-01    2.01767835E+01
   1.79271112E-02    4.79036744E-01    2.00205291E+01
   1.81967537E-02    4.84413850E-01    1.98628673E+01
   1.84704519E-02    4.89828492E-01    1.97037988E+01
   1.87482669E-02    4.95280191E-01    1.95433219E+01
   1.90302604E-02    5.00768433E-01    1.93814348E+01
   1.93164955E-02    5.06292681E-01    1.92181369E+01
   1.96070358E-02    5.11852369E-01    1.90534291E+01
   1.99019461E-02    5.17446900E-01    1.88873139E+01
   2.02012922E-02    5.23075647E-01    1.87197939E+01
   2.05051408E-02    5.28737941E-01    1.85508697E+01
   2.08135596E-02    5.34433082E-01    1.83805428E+01
   2.11266173E-02    5.40160339E-01    1.82088158E+01
   2.14443838E-02    5.45918947E-01    1.80356933E+01
   2.17669298E-02    5.51708110E-01    1.78611807E+01
   2.20943272E-02    5.57526989E-01    1.76852827E+01
   2.24266490E-02    5.63374703E-01    1.75080035E+01
   2.27639693E-02    5.69250337E-01    1.73293486E+01
   2.31063632E-02    5.75152940E-01    1.71493249E+01
   2.34539071E-02    5.81081527E-01    1.69679406E+01
   2.38066784E-02    5.87035064E-01    1.67852037E+01
   2.41647557E-02    5.93012470E-01    1.66011215E+01
   2.45282190E-02    5.99012625E-01    1.64157022E+01
   2.48971491E-02    6.05034371E-01    1.62289559E+01
   2.52716282E-02    6.11076511E-01    1.60408938E+01
   2.56517400E-02    6.17137808E-01    1.58515283E+01
   2.60375690E-02    6.23216963E-01    1.56608709E+01
   2.64292013E-02    6.29312632E-01    1.54689333E+01
   2.68267242E-02    6.35423426E-01    1.52757285E+01
   2.72302262E-02    6.41547919E-01    1.50812710E+01
   2.76397973E-02    6.47684637E-01    1.48855767E+01
   2.80555288E-02    6.53832052E-01    1.46886612E+01
   2.84775133E-02    6.59988576E-01    1.44905406E+01
   2.89058449E-02    6.66152580E-01    1.42912320E+01
   2.93406191E-02    6.72322391E-01    1.40907542E+01
   2.97819327E-02    6.78496277E-01    1.38891263E+01
   3.02298842E-02    6.84672448E-01    1.36863678E+01
   3.06845733E-02    6.90849064E-01    1.34824994E+01
   3.11461014E-02    6.97024243E-01    1.32775433E+01
   3.16145713E-02    7.03196041E-01    1.30715222E+01
   3.20900876E-02    7.09362449E-01    1.28644590E+01
   3.25727561E-02    7.15521413E-01    1.26563784E+01
   3.30626844E-02    7.21670830E-01    1.24473059E+01
   3.35599818E-02    7.27808529E-01    1.22372679E+01
   3.40647591E-02    7.33932280E-01    1.20262913E+01
   3.45771287E-02    7.40039805E-01    1.18144046E+01
   3.50972049E-02    7.46128772E-01    1.16016371E+01
   3.56251036E-02    7.52196774E-01    1.13880189E+01
   3.61609425E-02    7.58241353E-01    1.11735811E+01
   3.67048409E-02    7.64260006E-01    1.09583563E+01
   3.72569202E-02    7.70250154E-01    1.07423775E+01
   3.78173032E-02    7.76209164E-01    1.05256790E+01
   3.83861151E-02    7.82134350E-01    1.03082962E+01
   3.89634824E-02    7.88022953E-01    1.00902653E+01
   3.95495340E-02    7.93872172E-01    9.87162392E+00
   4.01444004E-02    7.99679133E-01    9.65241039E+00
   4.07482142E-02    8.05440909E-01    9.43266425E+00
   4.13611100E-02    8.11154516E-01    9.21242609E+00
   4.19832244E-02    8.16816901E-01    8.99173754E+00
   4.26146960E-02    8.22424968E-01    8.77064132E+00
   4.32556657E-02    8.27975550E-01    8.54918120E+00
   4.39062762E-02    8.33465427E-01    8.32740205E+00
   4.45666725E-02    8.38891326E-01    8.10534975E+00
   4.52370019E-02    8.44249903E-01    7.88307136E+00
   4.59174138E-02    8.49537779E-01    7.66061485E+00
   4.66080598E-02    8.54751503E-01    7.43802938E+00
   4.73090938E-02    8.59887574E-01    7.21536513E+00
   4.80206721E-02    8.64942447E-01    6.99267326E+00
   4.87429532E-02    8.69912502E-01    6.77000615E+00
   4.94760983E-02    8.74794095E-01    6.54741699E+00
   5.02202706E-02    8.79583512E-01    6.32496017E+00
   5.09756360E-02    8.84277000E-01    6.10269099E+00
   5.17423630E-02    8.88870757E-01    5.88066576E+00
   5.25206223E-02    8.93360919E-01    5.65894200E+00
   5.33105874E-02    8.97743607E-01    5.43757780E+00
   5.41124345E-02    9.02014880E-01    5.21663249E+00
   5.49263421E-02    9.06170761E-01    4.99616624E+00
   5.57524918E-02    9.10207230E-01    4.77624018E+00
   5.65910676E-02    9.14120237E-01    4.55691627E+00
   5.74422565E-02    9.17905695E-01    4.33825737E+00
   5.83062482E-02    9.21559475E-01    4.12032726E+00
   5.91832352E-02    9.25077439E-01    3.90319034E+00
   6.00734130E-02    9.28455405E-01    3.68691191E+00
   6.09769801E-02    9.31689169E-01    3.47155808E+00
   6.18941377E-02    9.34774510E-01    3.25719557E+00
   6.28250903E-02    9.37707185E-01    3.04389183E+00
   6.37700454E-02    9.40482938E-01    2.83171490E+00
   6.47292137E-02    9.43097495E-01    2.62073353E+00
   6.57028088E-02    9.45546580E-01    2.41101691E+00
   6.66910478E-02    9.47825906E-01    2.20263482E+00
   6.76941510E-02    9.49931185E-01    1.99565755E+00
   6.87123419E-02    9.51858134E-01    1.79015569E+00
   6.97458475E-02    9.53602497E-01    1.58619990E+00
   7.07948980E-02    9.55159979E-01    1.38386196E+00
   7.18597274E-02    9.56526287E-01    1.18321412E+00
   7.29405729E-02    9.57697232E-01    9.84327405E-01
   7.40376755E-02    9.58668609E-01    7.87273678E-01
   7.51512796E-02    9.59436210E-01    5.92125384E-01
   7.62816336E-02    9.59995885E-01    3.98954587E-01
   7.74289892E-02    9.60343513E-01    2.07833442E-01
   7.85936022E-02    9.60475020E-01    1.88339812E-02
   7.97757323E-02    9.60386375E-01   -1.67971894E-01
   8.09756428E-02    9.60073604E-01   -3.52512522E-01
   8.21936013E-02    9.59532782E-01   -5.34716397E-01
   8.34298791E-02    9.58760056E-01   -7.14512484E-01
   8.46847518E-02    9.57751641E-01   -8.91830154E-01
   8.59584991E-02    9.56503817E-01   -1.06659912E+00
   8.72514049E-02    9.55012953E-01   -1.23874973E+00
   8.85637574E-02    9.53275512E-01   -1.40821311E+00
   8.98958490E-02    9.51288015E-01   -1.57492049E+00
   9.12479767E-02    9.49047129E-01   -1.73880463E+00
   9.26204418E-02    9.46549596E-01   -1.89979864E+00
   9.40135502E-02    9.43792265E-01   -2.05783643E+00
   9.54276124E-02    9.40772125E-01   -2.21285330E+00
   9.68629436E-02    9.37486263E-01   -2.36478506E+00
   9.83198637E-02    9.33931922E-01   -2.51356916E+00
   9.97986973E-02    9.30106465E-01   -2.65914388E+00
   1.01299774E-01    9.26007400E-01   -2.80144878E+00
   1.02823429E-01    9.21632400E-01   -2.94042503E+00
   1.04370001E-01    9.16979265E-01   -3.07601466E+00
   1.05939835E-01    9.12045998E-01   -3.20816182E+00
   1.07533281E-01    9.06830745E-01   -3.33681178E+00
   1.09150694E-01    9.01331835E-01   -3.46191155E+00
   1.10792435E-01    8.95547804E-01   -3.58341018E+00
   1.12458869E-01    8.89477331E-01   -3.70125771E+00
   1.14150368E-01    8.83119356E-01   -3.81540715E+00
   1.15867309E-01    8.76472969E-01   -3.92581249E+00
   1.17610075E-01    8.69537509E-01   -4.03243039E+00
   1.19379053E-01    8.62312521E-01   -4.13521947E+00
   1.21174639E-01    8.54797759E-01   -4.23414021E+00
   1.22997233E-01    8.46993243E-01   -4.32915601E+00
   1.24847240E-01    8.38899224E-01   -4.42023253E+00
   1.26725073E-01    8.30516146E-01   -4.50733697E+00
   1.28631151E-01    8.21844775E-01   -4.59044030E+00
   1.30565898E-01    8.12886091E-01   -4.66951543E+00
   1.32529746E-01    8.03641382E-01   -4.74453872E+00
   1.34523132E-01    7.94112103E-01   -4.81548757E+00
   1.36546501E-01    7.84300100E-01   -4.88234429E+00
   1.38600303E-01    7.74207427E-01   -4.94509291E+00
   1.40684997E-01    7.63836447E-01   -5.00372088E+00
   1.42801046E-01    7.53189796E-01   -5.05821855E+00
   1.44948923E-01    7.42270397E-01   -5.10857923E+00
   1.47129107E-01    7.31081501E-01   -5.15480004E+00
   1.49342083E-01    7.19626606E-01   -5.19688046E+00
   1.51588344E-01    7.07909566E-01   -5.23482415E+00
   1.53868391E-01    6.95934487E-01   -5.26863727E+00
   1.56182733E-01    6.83705828E-01   -5.29833011E+00
   1.58531885E-01    6.71228310E-01   -5.32391555E+00
   1.60916370E-01    6.58507013E-01   -5.34541083E+00
   1.63336721E-01    6.45547284E-01   -5.36283580E+00
   1.65793476E-01    6.32354809E-01   -5.37621432E+00
   1.68287184E-01    6.18935582E-01   -5.38557365E+00
   1.70818399E-01    6.05295894E-01   -5.39094428E+00
   1.73387687E-01    5.91442313E-01   -5.39235964E+00
   1.75995619E-01    5.77381826E-01   -5.38985849E+00
   1.78642777E-01    5.63121660E-01   -5.38348190E+00
   1.81329752E-01    5.48669269E-01   -5.37327304E+00
   1.84057141E-01    5.34032533E-01   -5.35928065E+00
   1.86825553E-01    5.19219581E-01   -5.34155594E+00
   1.89635605E-01    5.04238817E-01   -5.32015313E+00
   1.92487923E-01    4.89098979E-01   -5.29513049E+00
   1.95383143E-01    4.73809029E-01   -5.26654846E+00
   1.98321910E-01    4.58378282E-01   -5.23447189E+00
   2.01304879E-01    4.42816249E-01   -5.19896743E+00
   2.04332715E-01    4.27132774E-01   -5.16010593E+00
   2.07406093E-01    4.11337912E-01   -5.11796031E+00
   2.10525698E-01    3.95441992E-01   -5.07260679E+00
   2.13692225E-01    3.79455595E-01   -5.02412454E+00
   2.16906380E-01    3.63389497E-01   -4.97259476E+00
   2.20168879E-01    3.47254719E-01   -4.91810158E+00
   2.23480449E-01    3.31062535E-01   -4.86073235E+00
   2.26841829E-01    3.14824347E-01   -4.80057549E+00
   2.30253768E-01    2.98551825E-01   -4.73772309E+00
   2.33717025E-01    2.82256749E-01   -4.67226814E+00
   2.37232374E-01    2.65951133E-01   -4.60430690E+00
   2.40800597E-01    2.49647098E-01   -4.53393681E+00
   2.44422490E-01    2.33356928E-01   -4.46125742E+00
   2.48098860E-01    2.17093040E-01   -4.38637025E+00
   2.51830527E-01    2.00867949E-01   -4.30937804E+00
   2.55618322E-01    1.84694259E-01   -4.23038497E+00
   2.59463089E-01    1.68584722E-01   -4.14949773E+00
   2.63365685E-01    1.52552053E-01   -4.06682235E+00
   2.67326981E-01    1.36609151E-01   -3.98246850E+00
   2.71347859E-01    1.20768769E-01   -3.89654343E+00
   2.75429215E-01    1.05043920E-01   -3.80915999E+00
   2.79571958E-01    8.94473257E-02   -3.72042604E+00
   2.83777013E-01    7.39919599E-02   -3.63045551E+00
   2.88045317E-01    5.86905785E-02   -3.53935915E+00
   2.92377820E-01    4.35560232E-02   -3.44725109E+00
   2.96775488E-01    2.86009219E-02   -3.35424261E+00
   3.01239302E-01    1.38377286E-02   -3.26044349E+00
   3.05770257E-01   -7.20850530E-04   -3.16597140E+00
   3.10369361E-01   -1.50625718E-02   -3.07093644E+00
   3.15037642E-01   -2.91753298E-02   -2.97544898E+00
   3.19776137E-01   -4.30469410E-02   -2.87962469E+00
   3.24585905E-01   -5.66657556E-02   -2.78357025E+00
   3.29468017E-01   -7.00201860E-02   -2.68739560E+00
   3.34423561E-01   -8.30987522E-02   -2.59121291E+00
   3.39453641E-01   -9.58904438E-02   -2.49512758E+00
   3.44559380E-01   -1.08384417E-01   -2.39924693E+00
   3.49741913E-01   -1.20570174E-01   -2.30367528E+00
   3.55002398E-01   -1.32437504E-01   -2.20851613E+00
   3.60342006E-01   -1.43976551E-01   -2.11387079E+00
   3.65761927E-01   -1.55177807E-01   -2.01983875E+00
   3.71263369E-01   -1.66032146E-01   -1.92651712E+00
   3.76847559E-01   -1.76530829E-01   -1.83400090E+00
   3.82515740E-01   -1.86665533E-01   -1.74238243E+00
   3.88269177E-01   -1.96428358E-01   -1.65175140E+00
   3.94109152E-01   -2.05811846E-01   -1.56219485E+00
   4.00036967E-01   -2.14808999E-01   -1.47379688E+00
   4.06053941E-01   -2.23413288E-01   -1.38663837E+00
   4.12161418E-01   -2.31618671E-01   -1.30079725E+00
   4.18360757E-01   -2.39419600E-01   -1.21634808E+00
   4.24653341E-01   -2.46811040E-01   -1.13336207E+00
   4.31040571E-01   -2.53788469E-01   -1.05190701E+00
   4.37523873E-01   -2.60347899E-01   -9.72047217E-01
   4.44104690E-01   -2.66485877E-01   -8.93843432E-01
   4.50784489E-01   -2.72199496E-01   -8.17352826E-01
   4.57564760E-01   -2.77486403E-01   -7.42628949E-01
   4.64447013E-01   -2.82344800E-01   -6.69721714E-01
   4.71432782E-01   -2.86773457E-01   -5.98677381E-01
   4.78523625E-01   -2.90771710E-01   -5.29538550E-01
   4.85721121E-01   -2.94339468E-01   -4.62344157E-01
   4.93026875E-01   -2.97477211E-01   -3.97129465E-01
   5.00442516E-01   -3.00186000E-01   -3.33926077E-01
   5.07969695E-01   -3.02467463E-01   -2.72761932E-01
   5.15610091E-01   -3.04323813E-01   -2.13661305E-01
   5.23365406E-01   -3.05757830E-01   -1.56644817E-01
   5.31237370E-01   -3.06772867E-01   -1.01729432E-01
   5.39227736E-01   -3.07372835E-01   -4.89284795E-02
   5.47338286E-01   -3.07562214E-01    1.74835767E-03
   5.55570827E-01   -3.07346030E-01    5.02950098E-02
   5.63927193E-01   -3.06729852E-01    9.67090127E-02
   5.72409249E-01   -3.05719785E-01    1.40991483E-01
   5.81018883E-01   -3.04322453E-01    1.83147080E-01
   5.89758015E-01   -3.02544988E-01    2.23183972E-01
   5.98628593E-01   -3.00395017E-01    2.61113794E-01
   6.07632594E-01   -2.97880641E-01    2.96951577E-01
   6.16772024E-01   -2.95010426E-01    3.30715692E-01
   6.26048921E-01   -2.91793372E-01    3.62427762E-01
   6.35465352E-01   -2.88238906E-01    3.92112591E-01
   6.45023417E-01   -2.84356848E-01    4.19798027E-01
   6.54725244E-01   -2.80157402E-01    4.45514907E-01
   6.64572997E-01   -2.75651116E-01    4.69296877E-01
   6.74568871E-01   -2.70848874E-01    4.91180310E-01
   6.84715093E-01   -2.65761860E-01    5.11204134E-01
   6.95013924E-01   -2.60401530E-01    5.29409680E-01
   7.05467661E-01   -2.54779599E-01    5.45840569E-01
   7.16078634E-01   -2.48907998E-01    5.60542495E-01
   7.26849206E-01   -2.42798852E-01    5.73563061E-01
   7.37781779E-01   -2.36464460E-01    5.84951661E-01
   7.48878789E-01   -2.29917254E-01    5.94759229E-01
   7.60142710E-01   -2.23169781E-01    6.03038093E-01
   7.71576052E-01   -2.16234670E-01    6.09841785E-01
   7.83181364E-01   -2.09124605E-01    6.15224861E-01
   7.94961231E-01   -2.01852301E-01    6.19242717E-01
   8.06918280E-01   -1.94430474E-01    6.21951398E-01
   8.19055176E-01   -1.86871819E-01    6.23407434E-01
   8.31374623E-01   -1.79188979E-01    6.23667655E-01
   8.43879368E-01   -1.71394524E-01    6.22789021E-01
   8.56572197E-01   -1.63500930E-01    6.20828476E-01
   8.69455940E-01   -1.55520564E-01    6.17842854E-01
   8.82533467E-01   -1.47465586E-01    6.13888226E-01
   8.95807694E-01   -1.39348102E-01    6.09020862E-01
   9.09281580E-01   -1.31179958E-01    6.03295932E-01
   9.22958127E-01   -1.22972818E-01    5.96767968E-01
   9.36840383E-01   -1.14738136E-01    5.89490689E-01
   9.50931443E-01   -1.06487121E-01    5.81516770E-01
   9.65234448E-01   -9.82307388E-02    5.72897865E-01
   9.79752584E-01   -8.99796852E-02    5.63684407E-01
   9.94489089E-01   -8.17443902E-02    5.53925655E-01
   1.00944725E+00   -7.35350012E-02    5.43669592E-01
   1.02463039E+00   -6.53613209E-02    5.32962492E-01
   1.04004190E+00   -5.72329174E-02    5.21849706E-01
   1.05568522E+00   -4.91589876E-02    5.10374716E-01
   1.07156383E+00   -4.11484277E-02    4.98579642E-01
   1.08768127E+00   -3.32097989E-02    4.86505017E-01
   1.10404114E+00   -2.53513289E-02    4.74189810E-01
   1.12064707E+00   -1.75809085E-02    4.61671416E-01
   1.13750278E+00   -9.90608079E-03    4.48985593E-01
   1.15461201E+00   -2.33404958E-03    4.36166539E-01
   1.17197859E+00    5.12832584E-03    4.23246872E-01
   1.18960637E+00    1.24745417E-02    4.10257551E-01
   1.20749930E+00    1.96984189E-02    3.97228160E-01
   1.22566135E+00    2.67941776E-02    3.84186232E-01
   1.24409658E+00    3.37563095E-02    3.71158452E-01
   1.26280909E+00    4.05797075E-02    3.58169443E-01
   1.28180306E+00    4.72595810E-02    3.45242541E-01
   1.30108272E+00    5.37914777E-02    3.32399654E-01
   1.32065237E+00    6.01712815E-02    3.19661204E-01
   1.34051636E+00    6.63952066E-02    3.07046210E-01
   1.36067913E+00    7.24597904E-02    2.94572342E-01
   1.38114517E+00    7.83618900E-02    2.82255930E-01
   1.40191904E+00    8.40986750E-02    2.70112025E-01
   1.42300537E+00    8.96676227E-02    2.58154412E-01
   1.44440886E+00    9.50665107E-02    2.46395665E-01
   1.46613428E+00    1.00293410E-01    2.34847182E-01
   1.48818648E+00    1.05346678E-01    2.23519223E-01
   1.51057036E+00    1.10224949E-01    2.12420946E-01
   1.53329092E+00    1.14927129E-01    2.01560457E-01
   1.55635322E+00    1.19452386E-01    1.90944846E-01
   1.57976240E+00    1.23800138E-01    1.80580229E-01
   1.60352368E+00    1.27970050E-01    1.70471790E-01
   1.62764236E+00    1.31962021E-01    1.60623825E-01
   1.65212380E+00    1.35776175E-01    1.51039782E-01
   1.67697347E+00    1.39412854E-01    1.41722307E-01
   1.70219691E+00    1.42872604E-01    1.32673286E-01
   1.72779973E+00    1.46156170E-01    1.23893887E-01
   1.75378765E+00    1.49264485E-01    1.15384607E-01
   1.78016645E+00    1.52198658E-01    1.07145311E-01
   1.80694202E+00    1.54959968E-01    9.91752803E-02
   1.83412032E+00    1.57549854E-01    9.14732491E-02
   1.86170741E+00    1.59969904E-01    8.40374518E-02
   1.88970944E+00    1.62221848E-01    7.68656625E-02
   1.91813265E+00    1.64307548E-01    6.99552357E-02
   1.94698337E+00    1.66228992E-01    6.33031453E-02
   1.97626804E+00    1.67988284E-01    5.69060234E-02
   2.00599318E+00    1.69587636E-01    5.07601960E-02
   2.03616541E+00    1.71029361E-01    4.48617185E-02
   2.06679147E+00    1.72315869E-01    3.92064085E-02
   2.09787818E+00    1.73449654E-01    3.37898768E-02
   2.12943246E+00    1.74433294E-01    2.86075572E-02
   2.16146136E+00    1.75269442E-01    2.36547322E-02
   2.19397200E+00    1.75960821E-01    1.89265605E-02
   2.22697164E+00    1.76510219E-01    1.44180961E-02
   2.26046762E+00    1.76920484E-01    1.01243138E-02
   2.29446742E+00    1.77194519E-01    6.04012507E-03
   2.32897861E+00    1.77335277E-01    2.16039626E-03
   2.36400889E+00    1.77345758E-01   -1.52003601E-03
   2.39956606E+00    1.77229006E-01   -5.00635117E-03
   2.43565804E+00    1.76988104E-01   -8.30373239E-03
   2.47229289E+00    1.76626170E-01   -1.14173558E-02
   2.50947876E+00    1.76146353E-01   -1.43523809E-02
   2.54722395E+00    1.75551835E-01   -1.71139420E-02
   2.58553686E+00    1.74845820E-01   -1.97071409E-02
   2.62442605E+00    1.74031539E-01   -2.21370404E-02
   2.66390016E+00    1.73112240E-01   -2.44086578E-02
   2.70396801E+00    1.72091190E-01   -2.65269613E-02
   2.74463852E+00    1.70971672E-01   -2.84968641E-02
   2.78592075E+00    1.69756981E-01   -3.03232216E-02
   2.82782392E+00    1.68450420E-01   -3.20108265E-02
   2.87035735E+00    1.67055301E-01   -3.35644064E-02
   2.91353053E+00    1.65574941E-01   -3.49886226E-02
   2.95735308E+00    1.64012660E-01   -3.62880647E-02
   3.00183476E+00    1.62371777E-01   -3.74672508E-02
   3.04698550E+00    1.60655609E-01   -3.85306241E-02
   3.09281535E+00    1.58867472E-01   -3.94825528E-02
   3.13933453E+00    1.57010670E-01   -4.03273268E-02
   3.18655341E+00    1.55088505E-01   -4.10691583E-02
   3.23448251E+00    1.53104262E-01   -4.17121791E-02
   3.28313251E+00    1.51061219E-01   -4.22604410E-02
   3.33251426E+00    1.48962635E-01   -4.27179139E-02
   3.38263877E+00    1.46811756E-01   -4.30884874E-02
   3.43351720E+00    1.44611805E-01   -4.33759685E-02
   3.48516089E+00    1.42365989E-01   -4.35840815E-02
   3.53758136E+00    1.40077490E-01   -4.37164689E-02
   3.59079028E+00    1.37749465E-01   -4.37766910E-02
   3.64479953E+00    1.35385047E-01   -4.37682266E-02
   3.69962113E+00    1.32987338E-01   -4.36944734E-02
   3.75526730E+00    1.30559414E-01   -4.35587482E-02
   3.81175046E+00    1.28104315E-01   -4.33642884E-02
   3.86908317E+00    1.25625050E-01   -4.31142518E-02
   3.92727823E+00    1.23124591E-01   -4.28117181E-02
   3.98634861E+00    1.20605874E-01   -4.24596906E-02
   4.04630747E+00    1.18071793E-01   -4.20610959E-02
   4.10716817E+00    1.15525204E-01   -4.16187867E-02
   4.16894428E+00    1.12968917E-01   -4.11355414E-02
   4.23164956E+00    1.10405699E-01   -4.06140660E-02
   4.29529800E+00    1.07838267E-01   -4.00569953E-02
   4.35990378E+00    1.05269292E-01   -3.94668940E-02
   4.42548130E+00    1.02701392E-01   -3.88462577E-02
   4.49204517E+00    1.00137130E-01   -3.81975144E-02
   4.55961023E+00    9.75790171E-02   -3.75230250E-02
   4.62819154E+00    9.50295037E-02   -3.68250849E-02
   4.69780439E+00    9.24909817E-02   -3.61059245E-02
   4.76846428E+00    8.99657808E-02   -3.53677102E-02
   4.84018698E+00    8.74561670E-02   -3.46125452E-02
   4.91298846E+00    8.49643392E-02   -3.38424693E-02
   4.98688495E+00    8.24924285E-02   -3.30594612E-02
   5.06189292E+00    8.00424956E-02   -3.22654375E-02
   5.13802908E+00    7.76165282E-02   -3.14622533E-02
   5.21531042E+00    7.52164396E-02   -3.06517028E-02
   5.29375415E+00    7.28440663E-02   -2.98355188E-02
   5.37337775E+00    7.05011667E-02   -2.90153735E-02
   5.45419898E+00    6.81894183E-02   -2.81928781E-02
   5.53623584E+00    6.59104170E-02   -2.73695825E-02
   5.61950662E+00    6.36656751E-02   -2.65469754E-02
   5.70402989E+00    6.14566195E-02   -2.57264841E-02
   5.78982447E+00    5.92845909E-02   -2.49094739E-02
   5.87690949E+00    5.71508425E-02   -2.40972482E-02
   5.96530436E+00    5.50565388E-02   -2.32910481E-02
   6.05502878E+00    5.30027550E-02   -2.24920521E-02
   6.14610275E+00    5.09904764E-02   -2.17013758E-02
   6.23854657E+00    4.90205976E-02   -2.09200716E-02
   6.33238084E+00    4.70939231E-02   -2.01491291E-02
   6.42762648E+00    4.52111665E-02   -1.93894737E-02
   6.52430471E+00    4.33729512E-02   -1.86419697E-02
   6.62243709E+00    4.15798063E-02   -1.79074616E-02
   6.72204547E+00    3.98321811E-02   -1.71865928E-02
   6.82315207E+00    3.81304320E-02   -1.64800844E-02
   6.92577942E+00    3.64748286E-02   -1.57885488E-02
   7.02995040E+00    3.48655551E-02   -1.51125364E-02
   7.13568821E+00    3.33027120E-02   -1.44525366E-02
   7.24301643E+00    3.17863176E-02   -1.38089796E-02
   7.35195898E+00    3.03163107E-02   -1.31822363E-02
   7.46254014E+00    2.88925528E-02   -1.25726203E-02
   7.57478455E+00    2.75148300E-02   -1.19803889E-02
   7.68871724E+00    2.61828567E-02   -1.14057449E-02
   7.80436360E+00    2.48962776E-02   -1.08488379E-02
   7.92174940E+00    2.36546713E-02   -1.03097665E-02
   8.04090080E+00    2.24575532E-02   -9.78857999E-03
   8.16184437E+00    2.13043787E-02   -9.28528047E-03
   8.28460705E+00    2.01945469E-02   -8.79982492E-03
   8.40921621E+00    1.91274041E-02   -8.33212761E-03
   8.53569963E+00    1.81022470E-02   -7.88206219E-03
   8.66408549E+00    1.71183264E-02   -7.44946432E-03
   8.79440240E+00    1.61748511E-02   -7.03413390E-03
   8.92667942E+00    1.52709915E-02   -6.63583778E-03
   9.06094603E+00    1.44058829E-02   -6.25431214E-03
   9.19723214E+00    1.35786296E-02   -5.88926501E-03
   9.33556814E+00    1.27883086E-02   -5.54037881E-03
   9.47598486E+00    1.20339720E-02   -5.20731265E-03
   9.61851359E+00    1.13146522E-02   -4.88970509E-03
   9.76318610E+00    1.06293639E-02   -4.58717636E-03
   9.91003464E+00    9.97710836E-03   -4.29933076E-03
   1.00590919E+01    9.35687616E-03   -4.02575902E-03
   1.02103912E+01    8.76765027E-03   -3.76604036E-03
   1.03639662E+01    8.20840916E-03   -3.51974470E-03
   1.05198511E+01    7.67812993E-03   -3.28643482E-03
   1.06780807E+01    7.17579057E-03   -3.06566813E-03
   1.08386902E+01    6.70037286E-03   -2.85699861E-03
   1.10017154E+01    6.25086477E-03   -2.65997854E-03
   1.11671927E+01    5.82626262E-03   -2.47416012E-03
   1.13351590E+01    5.42557357E-03   -2.29909708E-03
   1.15056517E+01    5.04781714E-03   -2.13434598E-03
   1.16787087E+01    4.69202750E-03   -1.97946763E-03
   1.18543687E+01    4.35725493E-03   -1.83402824E-03
   1.20326708E+01    4.04256755E-03   -1.69760060E-03
   1.22136548E+01    3.74705239E-03   -1.56976492E-03
   1.23973609E+01    3.46981707E-03   -1.45010992E-03
   1.25838302E+01    3.20999056E-03   -1.33823345E-03
   1.27731042E+01    2.96672452E-03   -1.23374339E-03
   1.29652251E+01    2.73919364E-03   -1.13625797E-03
   1.31602356E+01    2.52659672E-03   -1.04540653E-03
   1.33581793E+01    2.32815720E-03   -9.60829874E-04
   1.35591003E+01    2.14312349E-03   -8.82180563E-04
   1.37630434E+01    1.97076945E-03   -8.09123263E-04
   1.39700540E+01    1.81039446E-03   -7.41334864E-04
   1.41801782E+01    1.66132370E-03   -6.78504668E-04
   1.43934630E+01    1.52290793E-03   -6.20334343E-04
   1.46099557E+01    1.39452432E-03   -5.66538337E-04
   1.48297047E+01    1.27557460E-03   -5.16843043E-04
   1.50527590E+01    1.16548641E-03   -4.70987426E-04
   1.52791683E+01    1.06371244E-03   -4.28722621E-04
   1.55089830E+01    9.69730024E-04   -3.89811704E-04
   1.57422543E+01    8.83040661E-04   -3.54029482E-04
   1.59790343E+01    8.03169877E-04   -3.21162360E-04
   1.62193757E+01    7.29666335E-04   -2.91007911E-04
   1.64633321E+01    6.62101518E-04   -2.63374673E-04
   1.67109578E+01    6.00069032E-04   -2.38081786E-04
   1.69623081E+01    5.43184064E-04   -2.14958686E-04
   1.72174390E+01    4.91082652E-04   -1.93844722E-04
   1.74764073E+01    4.43421082E-04   -1.74588819E-04
   1.77392708E+01    3.99875168E-04   -1.57049101E-04
   1.80060880E+01    3.60139591E-04   -1.41092530E-04
   1.82769184E+01    3.23927151E-04   -1.26594513E-04
   1.85518224E+01    2.90968092E-04   -1.13438561E-04
   1.88308612E+01    2.61009385E-04   -1.01515846E-04
   1.91140971E+01    2.33813998E-04   -9.07250646E-05
   1.94015931E+01    2.09160248E-04   -8.09712595E-05
   1.96934134E+01    1.86840918E-04   -7.21682884E-05
   1.99896229E+01    1.66663410E-04   -6.42253463E-05
   2.02902878E+01    1.48450649E-04   -5.70690382E-05
   2.05954749E+01    1.32035134E-04   -5.06388456E-05
   2.09052524E+01    1.17260667E-04   -4.48678628E-05
   2.12196893E+01    1.03982620E-04   -3.96961294E-05
   2.15388557E+01    9.20671140E-05   -3.50679949E-05
   2.18628226E+01    8.13904537E-05   -3.09323932E-05
   2.21916623E+01    7.18384775E-05   -2.72423898E-05
   2.25254482E+01    6.33059952E-05   -2.39549433E-05
   2.28642545E+01    5.56962605E-05   -2.10306440E-05
   2.32081568E+01    4.89203679E-05   -1.84334354E-05
   2.35572318E+01    4.28967838E-05   -1.61303924E-05
   2.39115572E+01    3.75508747E-05   -1.40915030E-05
   2.42712121E+01    3.28143749E-05   -1.22894284E-05
   2.46362765E+01    2.86250031E-05   -1.06993261E-05
   2.50068319E+01    2.49259958E-05   -9.29864347E-06
   2.53829608E+01    2.16657167E-05   -8.06694331E-06
   2.57647471E+01    1.87972881E-05   -6.98574147E-06
   2.61522759E+01    1.62782090E-05   -6.03834071E-06
   2.65456335E+01    1.40700283E-05   -5.20968892E-06
   2.69449076E+01    1.21380107E-05   -4.48623608E-06
   2.73501872E+01    1.04508480E-05   -3.85581089E-06
   2.77615627E+01    8.98036437E-06   -3.30749626E-06
   2.81791256E+01    7.70125669E-06   -2.83152020E-06
   2.86029692E+01    6.59084303E-06   -2.41915101E-06
   2.90331878E+01    5.62884133E-06   -2.06260521E-06
   2.94698773E+01    4.79712682E-06   -1.75494835E-06
   2.99131351E+01    4.07956648E-06   -1.49002653E-06
   3.03630600E+01    3.46180743E-06   -1.26238078E-06
   3.08197522E+01    2.93112235E-06   -1.06718424E-06
   3.12833136E+01    2.47623616E-06   -9.00172675E-07
   3.17538473E+01    2.08719282E-06   -7.57591039E-07
   3.22314584E+01    1.75521534E-06   -6.36137779E-07
   3.27162533E+01    1.47258435E-06   -5.32916744E-07
   3.32083400E+01    1.23252742E-06   -4.45393548E-07
   3.37078282E+01    1.02911446E-06   -3.71354547E-07
   3.42148292E+01    8.57167195E-07   -3.08871469E-07
   3.47294561E+01    7.12173978E-07   -2.56268280E-07
   3.52518235E+01    5.90212355E-07   -2.12091226E-07
   3.57820478E+01    4.87883690E-07   -1.75083576E-07
   3.63202473E+01    4.02246750E-07   -1.44160158E-07
   3.68665418E+01    3.30765335E-07   -1.18387283E-07
   3.74210532E+01    2.71257128E-07   -9.69632624E-08
   3.79839050E+01    2.21849430E-07   -7.92015854E-08
   3.85552227E+01    1.80939626E-07   -6.45159543E-08
   3.91351336E+01    1.47159522E-07   -5.24068342E-08
   3.97237670E+01    1.19345061E-07   -4.24500550E-08
   4.03212540E+01    9.65078845E-08   -3.42861603E-08
   4.09277279E+01    7.78116703E-08   -2.76115594E-08
   4.15433238E+01    6.25504453E-08   -2.21704496E-08
   4.21681788E+01    5.01303043E-08   -1.77480229E-08
   4.28024324E+01    4.00529543E-08   -1.41643703E-08
   4.34462258E+01    3.19016270E-08   -1.12692767E-08
   4.40997025E+01    2.53287748E-08   -8.93768775E-09
   4.47630082E+01    2.00455883E-08   -7.06585625E-09
   4.54362907E+01    1.58126495E-08   -5.56791646E-09
   4.61197001E+01    1.24322542E-08   -4.37307562E-09
   4.68133886E+01    9.74163346E-09   -3.42314086E-09
   4.75175110E+01    7.60734873E-09   -2.67047817E-09
   4.82322241E+01    5.92006626E-09   -2.07611603E-09
   4.89576873E+01    4.59081934E-09   -1.60838924E-09
   4.96940621E+01    3.54733005E-09   -1.24160920E-09
   5.04415128E+01    2.73109510E-09   -9.55012100E-10
   5.12002060E+01    2.09494292E-09   -7.31878917E-10
   5.19703107E+01    1.60097144E-09   -5.58794069E-10
   5.27519986E+01    1.21883881E-09   -4.25032083E-10
   5.35454439E+01    9.24347764E-10   -3.22050556E-10
   5.43508234E+01    6.98273560E-10   -2.43071122E-10
   5.51683167E+01    5.25401324E-10   -1.82735884E-10
   5.59981059E+01    3.93736855E-10   -1.36826231E-10
   5.68403760E+01    2.93862304E-10   -1.02033649E-10
   5.76953148E+01    2.18412603E-10   -7.57737912E-11
   5.85631127E+01    1.61651701E-10   -5.60362209E-11
   5.94439633E+01    1.19130830E-10   -4.12634310E-11
   6.03380627E+01    8.74139425E-11   -3.02537887E-11
   6.12456103E+01    6.38586922E-11   -2.20842248E-11
   6.21668084E+01    4.64427539E-11   -1.60490136E-11
   6.31018623E+01    3.36233076E-11   -1.16103172E-11
   6.40509804E+01    2.42302793E-11   -8.36065505E-12
   6.50143742E+01    1.73798273E-11   -5.99253389E-12
   6.59922584E+01    1.24069402E-11   -4.27481843E-12
   6.69848511E+01    8.81432350E-12   -3.03483211E-12
   6.79923733E+01    6.23143141E-12   -2.14403017E-12
   6.90150498E+01    4.38355061E-12   -1.50720067E-12
   7.00531084E+01    3.06809618E-12   -1.05419391E-12
   7.11067805E+01    2.13644064E-12   -7.33589899E-13
   7.21763009E+01    1.47997018E-12   -5.07844600E-13
   7.32619080E+01    1.01980120E-12   -3.49714008E-13
   7.43638438E+01    6.98976018E-13   -2.39543156E-13
   7.54823539E+01    4.76474439E-13   -1.63188378E-13
   7.66176875E+01    3.23013759E-13   -1.10561241E-13
   7.77700977E+01    2.17754451E-13   -7.44878182E-14
   7.89398414E+01    1.45963042E-13   -4.99001043E-14
   8.01271793E+01    9.72762438E-14   -3.32360645E-14
   8.13323759E+01    6.44503833E-14   -2.20077906E-14
   8.25557000E+01    4.24480624E-14   -1.44864099E-14
   8.37974242E+01    2.77889577E-14   -9.47830995E-15
   8.50578251E+01    1.80800740E-14   -6.16336896E-15
   8.63371839E+01    1.16914182E-14   -3.98334908E-15
   8.76357855E+01    7.51194673E-15   -2.55799833E-15
   8.89539195E+01    4.79597229E-15   -1.63228012E-15
   9.02918795E+01    3.04209477E-15   -1.03481924E-15
   9.16499639E+01    1.91669522E-15   -6.51661033E-16
   9.30284753E+01    1.19969357E-15   -4.07680173E-16
   9.44277210E+01    7.45545552E-16   -2.53225023E-16
   9.58480128E+01    4.60401977E-16   -1.56299402E-16
   9.72896672E+01    2.82192113E-16   -9.57535646E-17
   9.87530056E+01    1.71778916E-16   -5.82603921E-17
   1.00238354E+02    1.03798339E-16   -3.51876802E-17
   1.01746044E+02    6.22510058E-17   -2.10933573E-17
   1.03276411E+02    3.70754852E-17   -1.25570916E-17
   1.04829796E+02    2.18652428E-17   -7.40218214E-18
   1.06406546E+02    1.28446680E-17   -4.34649102E-18
   1.08007012E+02    7.43331157E-18    0.00000000E+00
   1.09631551E+02    4.26171306E-18    0.00000000E+00
   1.11280524E+02    2.48195368E-18    0.00000000E+00
   1.12954299E+02    1.40954423E-18    0.00000000E+00
   1.14653250E+02    7.91914665E-19    0.00000000E+00
   1.16377755E+02    4.33577982E-19    0.00000000E+00
   1.18128199E+02    2.37128248E-19    0.00000000E+00
   1.19904970E+02    1.35585189E-19    0.00000000E+00
   1.21708467E+02    7.46568198E-20    0.00000000E+00
   1.23539089E+02    3.97091199E-20    0.00000000E+00
   1.25397247E+02    2.10541983E-20    0.00000000E+00
   1.27283352E+02    1.03924349E-20    0.00000000E+00
   1.29197827E+02    0.00000000E+00    0.00000000E+00
   1.31141098E+02    0.00000000E+00    0.00000000E+00
   1.33113597E+02    0.00000000E+00    0.00000000E+00
   1.35115765E+02    0.00000000E+00    0.00000000E+00
   1.37148048E+02    0.00000000E+00    0.00000000E+00
   1.39210898E+02    0.00000000E+00    0.00000000E+00
   1.41304776E+02    0.00000000E+00    0.00000000E+00
   1.43430147E+02    0.00000000E+00    0.00000000E+00
   1.45587487E+02    0.00000000E+00    0.00000000E+00
   1.47777275E+02    0.00000000E+00    0.00000000E+00
   1.50000000E+02    0.00000000E+00    0.00000000E+00
