# Peaks:     0.030230      0.186826      0.626049      2.129432      9.763186  
   4.99999987E-05    1.72816904E+00   -5.94345398E+02
   5.07520511E-05    1.72773123E+00   -5.86800839E+02
   5.15154150E-05    1.72728806E+00   -5.79362752E+02
   5.22902608E-05    1.72684077E+00   -5.72022588E+02
   5.30767611E-05    1.72639071E+00   -5.64771579E+02
   5.38750911E-05    1.72593936E+00   -5.57600731E+02
   5.46854289E-05    1.72548819E+00   -5.50501573E+02
   5.55079550E-05    1.72503753E+00   -5.43472620E+02
   5.63428527E-05    1.72458698E+00   -5.36516389E+02
   5.71903082E-05    1.72413610E+00   -5.29635597E+02
   5.80505103E-05    1.72368442E+00   -5.22833130E+02
   5.89236508E-05    1.72323146E+00   -5.16111617E+02
   5.98099242E-05    1.72277718E+00   -5.09471039E+02
   6.07095280E-05    1.72232171E+00   -5.02910310E+02
   6.16226629E-05    1.72186519E+00   -4.96428377E+02
   6.25495323E-05    1.72140777E+00   -4.90024217E+02
   6.34903427E-05    1.72094957E+00   -4.83696946E+02
   6.44453039E-05    1.72049061E+00   -4.77446149E+02
   6.54146288E-05    1.72003086E+00   -4.71271571E+02
   6.63985333E-05    1.71957028E+00   -4.65173015E+02
   6.73972367E-05    1.71910882E+00   -4.59150342E+02
   6.84109617E-05    1.71864643E+00   -4.53203344E+02
   6.94399342E-05    1.71818314E+00   -4.47331439E+02
   7.04843835E-05    1.71771895E+00   -4.41534003E+02
   7.15445424E-05    1.71725389E+00   -4.35810452E+02
   7.26206472E-05    1.71678794E+00   -4.30160247E+02
   7.37129378E-05    1.71632112E+00   -4.24582848E+02
   7.48216575E-05    1.71585344E+00   -4.19077620E+02
   7.59470536E-05    1.71538488E+00   -4.13643938E+02
   7.70893768E-05    1.71491546E+00   -4.08281215E+02
   7.82488817E-05    1.71444515E+00   -4.02988904E+02
   7.94258268E-05    1.71397394E+00   -3.97766456E+02
   8.06204744E-05    1.71350184E+00   -3.92613192E+02
   8.18330907E-05    1.71302885E+00   -3.87528420E+02
   8.30639461E-05    1.71255496E+00   -3.82511478E+02
   8.43133148E-05    1.71208017E+00   -3.77561739E+02
   8.55814753E-05    1.71160447E+00   -3.72678594E+02
   8.68687103E-05    1.71112785E+00   -3.67861351E+02
   8.81753066E-05    1.71065032E+00   -3.63109296E+02
   8.95015555E-05    1.71017188E+00   -3.58421741E+02
   9.08477526E-05    1.70969251E+00   -3.53798028E+02
   9.22141979E-05    1.70921219E+00   -3.49237524E+02
   9.36011960E-05    1.70873093E+00   -3.44739550E+02
   9.50090560E-05    1.70824871E+00   -3.40303380E+02
   9.64380916E-05    1.70776555E+00   -3.35928311E+02
   9.78886215E-05    1.70728143E+00   -3.31613664E+02
   9.93609688E-05    1.70679633E+00   -3.27358785E+02
   1.00855462E-04    1.70631024E+00   -3.23163015E+02
   1.02372434E-04    1.70582316E+00   -3.19025638E+02
   1.03912222E-04    1.70533508E+00   -3.14945952E+02
   1.05475171E-04    1.70484600E+00   -3.10923272E+02
   1.07061628E-04    1.70435591E+00   -3.06956937E+02
   1.08671947E-04    1.70386477E+00   -3.03046301E+02
   1.10306486E-04    1.70337258E+00   -2.99190685E+02
   1.11965612E-04    1.70287935E+00   -2.95389392E+02
   1.13649692E-04    1.70238507E+00   -2.91641746E+02
   1.15359102E-04    1.70188971E+00   -2.87947088E+02
   1.17094224E-04    1.70139327E+00   -2.84304778E+02
   1.18855443E-04    1.70089572E+00   -2.80714177E+02
   1.20643153E-04    1.70039705E+00   -2.77174616E+02
   1.22457753E-04    1.69989727E+00   -2.73685430E+02
   1.24299646E-04    1.69939636E+00   -2.70245974E+02
   1.26169242E-04    1.69889431E+00   -2.66855619E+02
   1.28066960E-04    1.69839108E+00   -2.63513749E+02
   1.29993221E-04    1.69788666E+00   -2.60219739E+02
   1.31948455E-04    1.69738105E+00   -2.56972949E+02
   1.33933098E-04    1.69687424E+00   -2.53772752E+02
   1.35947592E-04    1.69636622E+00   -2.50618535E+02
   1.37992386E-04    1.69585696E+00   -2.47509698E+02
   1.40067936E-04    1.69534643E+00   -2.44445656E+02
   1.42174705E-04    1.69483463E+00   -2.41425807E+02
   1.44313161E-04    1.69432154E+00   -2.38449548E+02
   1.46483782E-04    1.69380716E+00   -2.35516289E+02
   1.48687051E-04    1.69329146E+00   -2.32625449E+02
   1.50923460E-04    1.69277443E+00   -2.29776465E+02
   1.53193507E-04    1.69225602E+00   -2.26968778E+02
   1.55497698E-04    1.69173623E+00   -2.24201822E+02
   1.57836546E-04    1.69121506E+00   -2.21475031E+02
   1.60210573E-04    1.69069248E+00   -2.18787851E+02
   1.62620308E-04    1.69016847E+00   -2.16139737E+02
   1.65066287E-04    1.68964302E+00   -2.13530159E+02
   1.67549057E-04    1.68911608E+00   -2.10958591E+02
   1.70069170E-04    1.68858763E+00   -2.08424503E+02
   1.72627189E-04    1.68805768E+00   -2.05927367E+02
   1.75223682E-04    1.68752620E+00   -2.03466665E+02
   1.77859230E-04    1.68699318E+00   -2.01041888E+02
   1.80534419E-04    1.68645858E+00   -1.98652539E+02
   1.83249845E-04    1.68592236E+00   -1.96298125E+02
   1.86006115E-04    1.68538451E+00   -1.93978156E+02
   1.88803842E-04    1.68484501E+00   -1.91692138E+02
   1.91643649E-04    1.68430386E+00   -1.89439591E+02
   1.94526170E-04    1.68376102E+00   -1.87220039E+02
   1.97452047E-04    1.68321647E+00   -1.85033018E+02
   2.00421933E-04    1.68267016E+00   -1.82878071E+02
   2.03436489E-04    1.68212207E+00   -1.80754741E+02
   2.06496386E-04    1.68157218E+00   -1.78662574E+02
   2.09602308E-04    1.68102048E+00   -1.76601121E+02
   2.12754946E-04    1.68046695E+00   -1.74569943E+02
   2.15955003E-04    1.67991155E+00   -1.72568606E+02
   2.19203193E-04    1.67935424E+00   -1.70596686E+02
   2.22500238E-04    1.67879498E+00   -1.68653761E+02
   2.25846875E-04    1.67823376E+00   -1.66739413E+02
   2.29243848E-04    1.67767056E+00   -1.64853226E+02
   2.32691916E-04    1.67710536E+00   -1.62994792E+02
   2.36191846E-04    1.67653813E+00   -1.61163710E+02
   2.39744418E-04    1.67596882E+00   -1.59359585E+02
   2.43350425E-04    1.67539738E+00   -1.57582031E+02
   2.47010670E-04    1.67482380E+00   -1.55830660E+02
   2.50725970E-04    1.67424805E+00   -1.54105089E+02
   2.54497151E-04    1.67367011E+00   -1.52404942E+02
   2.58325054E-04    1.67308995E+00   -1.50729849E+02
   2.62210533E-04    1.67250753E+00   -1.49079443E+02
   2.66154454E-04    1.67192281E+00   -1.47453366E+02
   2.70157696E-04    1.67133573E+00   -1.45851264E+02
   2.74221151E-04    1.67074627E+00   -1.44272784E+02
   2.78345724E-04    1.67015442E+00   -1.42717580E+02
   2.82532335E-04    1.66956014E+00   -1.41185309E+02
   2.86781917E-04    1.66896340E+00   -1.39675634E+02
   2.91095417E-04    1.66836415E+00   -1.38188225E+02
   2.95473797E-04    1.66776234E+00   -1.36722753E+02
   2.99918032E-04    1.66715792E+00   -1.35278898E+02
   3.04429113E-04    1.66655087E+00   -1.33856340E+02
   3.09008046E-04    1.66594117E+00   -1.32454763E+02
   3.13655850E-04    1.66532877E+00   -1.31073858E+02
   3.18373563E-04    1.66471365E+00   -1.29713319E+02
   3.23162234E-04    1.66409574E+00   -1.28372846E+02
   3.28022933E-04    1.66347499E+00   -1.27052142E+02
   3.32956741E-04    1.66285134E+00   -1.25750914E+02
   3.37964759E-04    1.66222478E+00   -1.24468874E+02
   3.43048103E-04    1.66159528E+00   -1.23205736E+02
   3.48207905E-04    1.66096280E+00   -1.21961219E+02
   3.53445317E-04    1.66032728E+00   -1.20735048E+02
   3.58761504E-04    1.65968868E+00   -1.19526949E+02
   3.64157653E-04    1.65904693E+00   -1.18336653E+02
   3.69634965E-04    1.65840197E+00   -1.17163896E+02
   3.75194662E-04    1.65775378E+00   -1.16008416E+02
   3.80837982E-04    1.65710232E+00   -1.14869956E+02
   3.86566184E-04    1.65644756E+00   -1.13748261E+02
   3.92380544E-04    1.65578943E+00   -1.12643081E+02
   3.98282359E-04    1.65512789E+00   -1.11554169E+02
   4.04272942E-04    1.65446285E+00   -1.10481282E+02
   4.10353631E-04    1.65379426E+00   -1.09424181E+02
   4.16525779E-04    1.65312208E+00   -1.08382628E+02
   4.22790762E-04    1.65244628E+00   -1.07356391E+02
   4.29149978E-04    1.65176681E+00   -1.06345241E+02
   4.35604843E-04    1.65108362E+00   -1.05348952E+02
   4.42156796E-04    1.65039663E+00   -1.04367299E+02
   4.48807297E-04    1.64970579E+00   -1.03400063E+02
   4.55557829E-04    1.64901100E+00   -1.02447027E+02
   4.62409895E-04    1.64831223E+00   -1.01507978E+02
   4.69365024E-04    1.64760944E+00   -1.00582706E+02
   4.76424765E-04    1.64690258E+00   -9.96710022E+01
   4.83590693E-04    1.64619160E+00   -9.87726638E+01
   4.90864403E-04    1.64547642E+00   -9.78874884E+01
   4.98247517E-04    1.64475696E+00   -9.70152773E+01
   5.05741682E-04    1.64403314E+00   -9.61558340E+01
   5.13348566E-04    1.64330491E+00   -9.53089659E+01
   5.21069866E-04    1.64257221E+00   -9.44744834E+01
   5.28907302E-04    1.64183500E+00   -9.36521996E+01
   5.36862622E-04    1.64109321E+00   -9.28419298E+01
   5.44937597E-04    1.64034678E+00   -9.20434921E+01
   5.53134029E-04    1.63959562E+00   -9.12567068E+01
   5.61453744E-04    1.63883964E+00   -9.04813965E+01
   5.69898596E-04    1.63807876E+00   -8.97173866E+01
   5.78470468E-04    1.63731293E+00   -8.89645062E+01
   5.87171269E-04    1.63654209E+00   -8.82225865E+01
   5.96002940E-04    1.63576617E+00   -8.74914612E+01
   6.04967448E-04    1.63498512E+00   -8.67709662E+01
   6.14066792E-04    1.63419883E+00   -8.60609392E+01
   6.23302999E-04    1.63340723E+00   -8.53612202E+01
   6.32678129E-04    1.63261021E+00   -8.46716513E+01
   6.42194270E-04    1.63180769E+00   -8.39920774E+01
   6.51853544E-04    1.63099960E+00   -8.33223465E+01
   6.61658104E-04    1.63018590E+00   -8.26623088E+01
   6.71610134E-04    1.62936649E+00   -8.20118162E+01
   6.81711854E-04    1.62854131E+00   -8.13707224E+01
   6.91965514E-04    1.62771024E+00   -8.07388833E+01
   7.02373399E-04    1.62687320E+00   -8.01161562E+01
   7.12937831E-04    1.62603008E+00   -7.95024004E+01
   7.23661162E-04    1.62518078E+00   -7.88974783E+01
   7.34545783E-04    1.62432524E+00   -7.83012549E+01
   7.45594121E-04    1.62346338E+00   -7.77135968E+01
   7.56808637E-04    1.62259513E+00   -7.71343722E+01
   7.68191831E-04    1.62172038E+00   -7.65634510E+01
   7.79746241E-04    1.62083904E+00   -7.60007048E+01
   7.91474440E-04    1.61995098E+00   -7.54460065E+01
   8.03379044E-04    1.61905608E+00   -7.48992309E+01
   8.15462706E-04    1.61815427E+00   -7.43602556E+01
   8.27728119E-04    1.61724545E+00   -7.38289607E+01
   8.40178016E-04    1.61632955E+00   -7.33052273E+01
   8.52815173E-04    1.61540646E+00   -7.27889384E+01
   8.65642406E-04    1.61447609E+00   -7.22799781E+01
   8.78662574E-04    1.61353831E+00   -7.17782318E+01
   8.91878579E-04    1.61259299E+00   -7.12835865E+01
   9.05293367E-04    1.61164001E+00   -7.07959305E+01
   9.18909927E-04    1.61067927E+00   -7.03151551E+01
   9.32731294E-04    1.60971068E+00   -6.98411533E+01
   9.46760549E-04    1.60873414E+00   -6.93738196E+01
   9.61000819E-04    1.60774954E+00   -6.89130497E+01
   9.75455277E-04    1.60675676E+00   -6.84587404E+01
   9.90127146E-04    1.60575568E+00   -6.80107897E+01
   1.00501969E-03    1.60474616E+00   -6.75690967E+01
   1.02013624E-03    1.60372805E+00   -6.71335619E+01
   1.03548016E-03    1.60270124E+00   -6.67040882E+01
   1.05105487E-03    1.60166562E+00   -6.62805806E+01
   1.06686383E-03    1.60062109E+00   -6.58629450E+01
   1.08291058E-03    1.59956752E+00   -6.54510886E+01
   1.09919869E-03    1.59850479E+00   -6.50449193E+01
   1.11573179E-03    1.59743276E+00   -6.46443463E+01
   1.13251356E-03    1.59635128E+00   -6.42492796E+01
   1.14954775E-03    1.59526018E+00   -6.38596303E+01
   1.16683815E-03    1.59415933E+00   -6.34753117E+01
   1.18438862E-03    1.59304861E+00   -6.30962389E+01
   1.20220306E-03    1.59192791E+00   -6.27223283E+01
   1.22028546E-03    1.59079709E+00   -6.23534970E+01
   1.23863983E-03    1.58965600E+00   -6.19896630E+01
   1.25727027E-03    1.58850450E+00   -6.16307453E+01
   1.27618093E-03    1.58734242E+00   -6.12766635E+01
   1.29537603E-03    1.58616959E+00   -6.09273381E+01
   1.31485984E-03    1.58498584E+00   -6.05826913E+01
   1.33463671E-03    1.58379105E+00   -6.02426475E+01
   1.35471104E-03    1.58258507E+00   -5.99071320E+01
   1.37508731E-03    1.58136776E+00   -5.95760708E+01
   1.39577006E-03    1.58013897E+00   -5.92493907E+01
   1.41676391E-03    1.57889853E+00   -5.89270194E+01
   1.43807352E-03    1.57764627E+00   -5.86088850E+01
   1.45970365E-03    1.57638198E+00   -5.82949164E+01
   1.48165912E-03    1.57510549E+00   -5.79850436E+01
   1.50394483E-03    1.57381664E+00   -5.76791989E+01
   1.52656573E-03    1.57251528E+00   -5.73773155E+01
   1.54952688E-03    1.57120125E+00   -5.70793274E+01
   1.57283338E-03    1.56987438E+00   -5.67851691E+01
   1.59649044E-03    1.56853449E+00   -5.64947759E+01
   1.62050333E-03    1.56718138E+00   -5.62080833E+01
   1.64487740E-03    1.56581486E+00   -5.59250278E+01
   1.66961808E-03    1.56443470E+00   -5.56455463E+01
   1.69473088E-03    1.56304073E+00   -5.53695778E+01
   1.72022141E-03    1.56163278E+00   -5.50970625E+01
   1.74609534E-03    1.56021068E+00   -5.48279413E+01
   1.77235844E-03    1.55877423E+00   -5.45621556E+01
   1.79901657E-03    1.55732324E+00   -5.42996472E+01
   1.82607566E-03    1.55585750E+00   -5.40403586E+01
   1.85354175E-03    1.55437680E+00   -5.37842324E+01
   1.88142096E-03    1.55288089E+00   -5.35312121E+01
   1.90971950E-03    1.55136956E+00   -5.32812421E+01
   1.93844368E-03    1.54984262E+00   -5.30342689E+01
   1.96759990E-03    1.54829988E+00   -5.27902393E+01
   1.99719466E-03    1.54674114E+00   -5.25491007E+01
   2.02723456E-03    1.54516618E+00   -5.23108009E+01
   2.05772629E-03    1.54357477E+00   -5.20752881E+01
   2.08867665E-03    1.54196668E+00   -5.18425108E+01
   2.12009253E-03    1.54034166E+00   -5.16124179E+01
   2.15198094E-03    1.53869945E+00   -5.13849589E+01
   2.18434899E-03    1.53703984E+00   -5.11600853E+01
   2.21720388E-03    1.53536261E+00   -5.09377492E+01
   2.25055295E-03    1.53366754E+00   -5.07179034E+01
   2.28440362E-03    1.53195441E+00   -5.05005006E+01
   2.31876344E-03    1.53022295E+00   -5.02854942E+01
   2.35364007E-03    1.52847293E+00   -5.00728377E+01
   2.38904128E-03    1.52670406E+00   -4.98624851E+01
   2.42497497E-03    1.52491608E+00   -4.96543903E+01
   2.46144913E-03    1.52310872E+00   -4.94485089E+01
   2.49847190E-03    1.52128174E+00   -4.92447977E+01
   2.53605153E-03    1.51943491E+00   -4.90432139E+01
   2.57419640E-03    1.51756798E+00   -4.88437148E+01
   2.61291501E-03    1.51568067E+00   -4.86462583E+01
   2.65221599E-03    1.51377272E+00   -4.84508023E+01
   2.69210809E-03    1.51184383E+00   -4.82573049E+01
   2.73260022E-03    1.50989371E+00   -4.80657245E+01
   2.77370139E-03    1.50792205E+00   -4.78760199E+01
   2.81542076E-03    1.50592859E+00   -4.76881517E+01
   2.85776763E-03    1.50391306E+00   -4.75020811E+01
   2.90075145E-03    1.50187520E+00   -4.73177694E+01
   2.94438179E-03    1.49981471E+00   -4.71351782E+01
   2.98866837E-03    1.49773130E+00   -4.69542693E+01
   3.03362107E-03    1.49562467E+00   -4.67750046E+01
   3.07924991E-03    1.49349448E+00   -4.65973461E+01
   3.12556505E-03    1.49134042E+00   -4.64212561E+01
   3.17257682E-03    1.48916216E+00   -4.62466979E+01
   3.22029570E-03    1.48695942E+00   -4.60736361E+01
   3.26873232E-03    1.48473191E+00   -4.59020354E+01
   3.31789748E-03    1.48247932E+00   -4.57318608E+01
   3.36780213E-03    1.48020133E+00   -4.55630773E+01
   3.41845740E-03    1.47789761E+00   -4.53956502E+01
   3.46987457E-03    1.47556783E+00   -4.52295447E+01
   3.52206512E-03    1.47321161E+00   -4.50647261E+01
   3.57504067E-03    1.47082862E+00   -4.49011601E+01
   3.62881302E-03    1.46841852E+00   -4.47388140E+01
   3.68339417E-03    1.46598100E+00   -4.45776555E+01
   3.73879627E-03    1.46351573E+00   -4.44176524E+01
   3.79503168E-03    1.46102237E+00   -4.42587726E+01
   3.85211293E-03    1.45850057E+00   -4.41009842E+01
   3.91005274E-03    1.45594996E+00   -4.39442552E+01
   3.96886403E-03    1.45337018E+00   -4.37885537E+01
   4.02855990E-03    1.45076082E+00   -4.36338477E+01
   4.08915366E-03    1.44812153E+00   -4.34801065E+01
   4.15065881E-03    1.44545195E+00   -4.33273000E+01
   4.21308906E-03    1.44275174E+00   -4.31753988E+01
   4.27645833E-03    1.44002054E+00   -4.30243732E+01
   4.34078074E-03    1.43725797E+00   -4.28741937E+01
   4.40607063E-03    1.43446364E+00   -4.27248307E+01
   4.47234254E-03    1.43163717E+00   -4.25762546E+01
   4.53961126E-03    1.42877813E+00   -4.24284359E+01
   4.60789176E-03    1.42588612E+00   -4.22813454E+01
   4.67719928E-03    1.42296076E+00   -4.21349549E+01
   4.74754925E-03    1.42000167E+00   -4.19892369E+01
   4.81895736E-03    1.41700847E+00   -4.18441641E+01
   4.89143953E-03    1.41398077E+00   -4.16997090E+01
   4.96501190E-03    1.41091815E+00   -4.15558441E+01
   5.03969087E-03    1.40782021E+00   -4.14125420E+01
   5.11549310E-03    1.40468652E+00   -4.12697752E+01
   5.19243547E-03    1.40151662E+00   -4.11275160E+01
   5.27053514E-03    1.39831010E+00   -4.09857376E+01
   5.34980950E-03    1.39506656E+00   -4.08444144E+01
   5.43027624E-03    1.39178559E+00   -4.07035207E+01
   5.51195328E-03    1.38846679E+00   -4.05630309E+01
   5.59485883E-03    1.38510973E+00   -4.04229195E+01
   5.67901136E-03    1.38171397E+00   -4.02831607E+01
   5.76442963E-03    1.37827906E+00   -4.01437288E+01
   5.85113269E-03    1.37480456E+00   -4.00045981E+01
   5.93913985E-03    1.37128999E+00   -3.98657428E+01
   6.02847073E-03    1.36773491E+00   -3.97271383E+01
   6.11914524E-03    1.36413893E+00   -3.95887608E+01
   6.21118359E-03    1.36050159E+00   -3.94505862E+01
   6.30460630E-03    1.35682247E+00   -3.93125906E+01
   6.39943418E-03    1.35310111E+00   -3.91747498E+01
   6.49568837E-03    1.34933706E+00   -3.90370399E+01
   6.59339032E-03    1.34552985E+00   -3.88994365E+01
   6.69256181E-03    1.34167899E+00   -3.87619154E+01
   6.79322495E-03    1.33778400E+00   -3.86244527E+01
   6.89540216E-03    1.33384446E+00   -3.84870259E+01
   6.99911623E-03    1.32985992E+00   -3.83496123E+01
   7.10439026E-03    1.32582994E+00   -3.82121896E+01
   7.21124773E-03    1.32175405E+00   -3.80747352E+01
   7.31971245E-03    1.31763179E+00   -3.79372263E+01
   7.42980858E-03    1.31346268E+00   -3.77996403E+01
   7.54156068E-03    1.30924624E+00   -3.76619542E+01
   7.65499365E-03    1.30498196E+00   -3.75241454E+01
   7.77013277E-03    1.30066939E+00   -3.73861918E+01
   7.88700370E-03    1.29630808E+00   -3.72480724E+01
   8.00563249E-03    1.29189757E+00   -3.71097661E+01
   8.12604558E-03    1.28743742E+00   -3.69712516E+01
   8.24826982E-03    1.28292715E+00   -3.68325078E+01
   8.37233243E-03    1.27836630E+00   -3.66935134E+01
   8.49826107E-03    1.27375436E+00   -3.65542469E+01
   8.62608382E-03    1.26909086E+00   -3.64146868E+01
   8.75582915E-03    1.26437530E+00   -3.62748118E+01
   8.88752598E-03    1.25960723E+00   -3.61346020E+01
   9.02120368E-03    1.25478622E+00   -3.59940376E+01
   9.15689203E-03    1.24991180E+00   -3.58530989E+01
   9.29462127E-03    1.24498353E+00   -3.57117660E+01
   9.43442210E-03    1.24000095E+00   -3.55700190E+01
   9.57632569E-03    1.23496359E+00   -3.54278381E+01
   9.72036365E-03    1.22987097E+00   -3.52852032E+01
   9.86656809E-03    1.22472261E+00   -3.51420941E+01
   1.00149716E-02    1.21951805E+00   -3.49984916E+01
   1.01656073E-02    1.21425685E+00   -3.48543772E+01
   1.03185086E-02    1.20893861E+00   -3.47097326E+01
   1.04737098E-02    1.20356289E+00   -3.45645397E+01
   1.06312454E-02    1.19812926E+00   -3.44187800E+01
   1.07911504E-02    1.19263728E+00   -3.42724352E+01
   1.09534606E-02    1.18708651E+00   -3.41254870E+01
   1.11182121E-02    1.18147650E+00   -3.39779167E+01
   1.12854417E-02    1.17580679E+00   -3.38297060E+01
   1.14551866E-02    1.17007699E+00   -3.36808374E+01
   1.16274846E-02    1.16428671E+00   -3.35312946E+01
   1.18023741E-02    1.15843556E+00   -3.33810607E+01
   1.19798942E-02    1.15252316E+00   -3.32301193E+01
   1.21600843E-02    1.14654913E+00   -3.30784537E+01
   1.23429847E-02    1.14051307E+00   -3.29260475E+01
   1.25286361E-02    1.13441459E+00   -3.27728840E+01
   1.27170799E-02    1.12825330E+00   -3.26189465E+01
   1.29083581E-02    1.12202881E+00   -3.24642186E+01
   1.31025133E-02    1.11574079E+00   -3.23086853E+01
   1.32995888E-02    1.10938893E+00   -3.21523320E+01
   1.34996286E-02    1.10297290E+00   -3.19951441E+01
   1.37026771E-02    1.09649240E+00   -3.18371071E+01
   1.39087797E-02    1.08994711E+00   -3.16782066E+01
   1.41179823E-02    1.08333674E+00   -3.15184282E+01
   1.43303316E-02    1.07666096E+00   -3.13577576E+01
   1.45458748E-02    1.06991947E+00   -3.11961802E+01
   1.47646600E-02    1.06311198E+00   -3.10336823E+01
   1.49867359E-02    1.05623827E+00   -3.08702515E+01
   1.52121521E-02    1.04929812E+00   -3.07058756E+01
   1.54409588E-02    1.04229133E+00   -3.05405425E+01
   1.56732070E-02    1.03521769E+00   -3.03742405E+01
   1.59089484E-02    1.02807700E+00   -3.02069577E+01
   1.61482356E-02    1.02086907E+00   -3.00386823E+01
   1.63911220E-02    1.01359372E+00   -2.98694029E+01
   1.66376616E-02    1.00625077E+00   -2.96991078E+01
   1.68879095E-02    9.98840061E-01   -2.95277863E+01
   1.71419213E-02    9.91361520E-01   -2.93554291E+01
   1.73997538E-02    9.83815075E-01   -2.91820273E+01
   1.76614643E-02    9.76200667E-01   -2.90075719E+01
   1.79271112E-02    9.68518249E-01   -2.88320544E+01
   1.81967537E-02    9.60767782E-01   -2.86554661E+01
   1.84704519E-02    9.52949239E-01   -2.84777990E+01
   1.87482669E-02    9.45062600E-01   -2.82990446E+01
   1.90302604E-02    9.37107858E-01   -2.81191952E+01
   1.93164955E-02    9.29085052E-01   -2.79382436E+01
   1.96070358E-02    9.20994289E-01   -2.77561844E+01
   1.99019461E-02    9.12835696E-01   -2.75730124E+01
   2.02012922E-02    9.04609416E-01   -2.73887228E+01
   2.05051408E-02    8.96315608E-01   -2.72033109E+01
   2.08135596E-02    8.87954447E-01   -2.70167724E+01
   2.11266173E-02    8.79526122E-01   -2.68291032E+01
   2.14443838E-02    8.71030839E-01   -2.66402994E+01
   2.17669298E-02    8.62468820E-01   -2.64503575E+01
   2.20943272E-02    8.53840359E-01   -2.62592753E+01
   2.24266490E-02    8.45145800E-01   -2.60670517E+01
   2.27639693E-02    8.36385508E-01   -2.58736861E+01
   2.31063632E-02    8.27559870E-01   -2.56791780E+01
   2.34539071E-02    8.18669292E-01   -2.54835274E+01
   2.38066784E-02    8.09714201E-01   -2.52867344E+01
   2.41647557E-02    8.00695065E-01   -2.50888002E+01
   2.45282190E-02    7.91612422E-01   -2.48897270E+01
   2.48971491E-02    7.82466837E-01   -2.46895179E+01
   2.52716282E-02    7.73258899E-01   -2.44881759E+01
   2.56517400E-02    7.63989219E-01   -2.42857048E+01
   2.60375690E-02    7.54658436E-01   -2.40821085E+01
   2.64292013E-02    7.45267241E-01   -2.38773920E+01
   2.68267242E-02    7.35816396E-01   -2.36715618E+01
   2.72302262E-02    7.26306690E-01   -2.34646246E+01
   2.76397973E-02    7.16738944E-01   -2.32565877E+01
   2.80555288E-02    7.07114000E-01   -2.30474587E+01
   2.84775133E-02    6.97432743E-01   -2.28372461E+01
   2.89058449E-02    6.87696138E-01   -2.26259597E+01
   2.93406191E-02    6.77905192E-01   -2.24136102E+01
   2.97819327E-02    6.68060941E-01   -2.22002084E+01
   3.02298842E-02    6.58164451E-01   -2.19857661E+01
   3.06845733E-02    6.48216829E-01   -2.17702953E+01
   3.11461014E-02    6.38219264E-01   -2.15538098E+01
   3.16145713E-02    6.28172985E-01   -2.13363239E+01
   3.20900876E-02    6.18079254E-01   -2.11178526E+01
   3.25727561E-02    6.07939377E-01   -2.08984115E+01
   3.30626844E-02    5.97754733E-01   -2.06780174E+01
   3.35599818E-02    5.87526747E-01   -2.04566881E+01
   3.40647591E-02    5.77256874E-01   -2.02344417E+01
   3.45771287E-02    5.66946624E-01   -2.00112973E+01
   3.50972049E-02    5.56597585E-01   -1.97872753E+01
   3.56251036E-02    5.46211382E-01   -1.95623967E+01
   3.61609425E-02    5.35789675E-01   -1.93366832E+01
   3.67048409E-02    5.25334198E-01   -1.91101575E+01
   3.72569202E-02    5.14846749E-01   -1.88828437E+01
   3.78173032E-02    5.04329156E-01   -1.86547661E+01
   3.83861151E-02    4.93783303E-01   -1.84259501E+01
   3.89634824E-02    4.83211154E-01   -1.81964224E+01
   3.95495340E-02    4.72614710E-01   -1.79662102E+01
   4.01444004E-02    4.61996016E-01   -1.77353415E+01
   4.07482142E-02    4.51357203E-01   -1.75038459E+01
   4.13611100E-02    4.40700448E-01   -1.72717535E+01
   4.19832244E-02    4.30027962E-01   -1.70390951E+01
   4.26146960E-02    4.19342035E-01   -1.68059028E+01
   4.32556657E-02    4.08645023E-01   -1.65722098E+01
   4.39062762E-02    3.97939307E-01   -1.63380497E+01
   4.45666725E-02    3.87227344E-01   -1.61034572E+01
   4.52370019E-02    3.76511663E-01   -1.58684685E+01
   4.59174138E-02    3.65794818E-01   -1.56331201E+01
   4.66080598E-02    3.55079428E-01   -1.53974494E+01
   4.73090938E-02    3.44368192E-01   -1.51614953E+01
   4.80206721E-02    3.33663836E-01   -1.49252971E+01
   4.87429532E-02    3.22969145E-01   -1.46888952E+01
   4.94760983E-02    3.12286984E-01   -1.44523312E+01
   5.02202706E-02    3.01620238E-01   -1.42156471E+01
   5.09756360E-02    2.90971865E-01   -1.39788859E+01
   5.17423630E-02    2.80344886E-01   -1.37420921E+01
   5.25206223E-02    2.69742343E-01   -1.35053102E+01
   5.33105874E-02    2.59167358E-01   -1.32685862E+01
   5.41124345E-02    2.48623095E-01   -1.30319668E+01
   5.49263421E-02    2.38112752E-01   -1.27954992E+01
   5.57524918E-02    2.27639612E-01   -1.25592321E+01
   5.65910676E-02    2.17206973E-01   -1.23232147E+01
   5.74422565E-02    2.06818177E-01   -1.20874965E+01
   5.83062482E-02    1.96476644E-01   -1.18521287E+01
   5.91832352E-02    1.86185792E-01   -1.16171624E+01
   6.00734130E-02    1.75949118E-01   -1.13826501E+01
   6.09769801E-02    1.65770167E-01   -1.11486451E+01
   6.18941377E-02    1.55652463E-01   -1.09152004E+01
   6.28250903E-02    1.45599619E-01   -1.06823707E+01
   6.37700454E-02    1.35615287E-01   -1.04502112E+01
   6.47292137E-02    1.25703098E-01   -1.02187769E+01
   6.57028088E-02    1.15866771E-01   -9.98812444E+00
   6.66910478E-02    1.06110034E-01   -9.75831066E+00
   6.76941510E-02    9.64366029E-02   -9.52939217E+00
   6.87123419E-02    8.68502931E-02   -9.30142758E+00
   6.97458475E-02    7.73548897E-02   -9.07447497E+00
   7.07948980E-02    6.79541484E-02   -8.84859189E+00
   7.18597274E-02    5.86519568E-02   -8.62383855E+00
   7.29405729E-02    4.94521798E-02   -8.40027484E+00
   7.40376755E-02    4.03585900E-02   -8.17795898E+00
   7.51512796E-02    3.13749874E-02   -7.95694985E+00
   7.62816336E-02    2.25053490E-02   -7.73730990E+00
   7.74289892E-02    1.37535831E-02   -7.51910043E+00
   7.85936022E-02    5.12347769E-03   -7.30238064E+00
   7.97757323E-02   -3.38126347E-03   -7.08720834E+00
   8.09756428E-02   -1.17567283E-02   -6.87364552E+00
   8.21936013E-02   -1.99989971E-02   -6.66175458E+00
   8.34298791E-02   -2.81042977E-02   -6.45159541E+00
   8.46847518E-02   -3.60689911E-02   -6.24322567E+00
   8.59584991E-02   -4.38892784E-02   -6.03670635E+00
   8.72514049E-02   -5.15613421E-02   -5.83209910E+00
   8.85637574E-02   -5.90815466E-02   -5.62946253E+00
   8.98958490E-02   -6.64463498E-02   -5.42885392E+00
   9.12479767E-02   -7.36520684E-02   -5.23033353E+00
   9.26204418E-02   -8.06951612E-02   -5.03395944E+00
   9.40135502E-02   -8.75721860E-02   -4.83978832E+00
   9.54276124E-02   -9.42796393E-02   -4.64787845E+00
   9.68629436E-02   -1.00814199E-01   -4.45828526E+00
   9.83198637E-02   -1.07172548E-01   -4.27106464E+00
   9.97986973E-02   -1.13351471E-01   -4.08627110E+00
   1.01299774E-01   -1.19347849E-01   -3.90395801E+00
   1.02823429E-01   -1.25158490E-01   -3.72418063E+00
   1.04370001E-01   -1.30780458E-01   -3.54699020E+00
   1.05939835E-01   -1.36210980E-01   -3.37243565E+00
   1.07533281E-01   -1.41447140E-01   -3.20056917E+00
   1.09150694E-01   -1.46486265E-01   -3.03143926E+00
   1.10792435E-01   -1.51325877E-01   -2.86509161E+00
   1.12458869E-01   -1.55963377E-01   -2.70157489E+00
   1.14150368E-01   -1.60396436E-01   -2.54093361E+00
   1.15867309E-01   -1.64622921E-01   -2.38320967E+00
   1.17610075E-01   -1.68640663E-01   -2.22844637E+00
   1.19379053E-01   -1.72447747E-01   -2.07668336E+00
   1.21174639E-01   -1.76042279E-01   -1.92796075E+00
   1.22997233E-01   -1.79422641E-01   -1.78231470E+00
   1.24847240E-01   -1.82587281E-01   -1.63978109E+00
   1.26725073E-01   -1.85534823E-01   -1.50039358E+00
   1.28631151E-01   -1.88264052E-01   -1.36418403E+00
   1.30565898E-01   -1.90773894E-01   -1.23118269E+00
   1.32529746E-01   -1.93063478E-01   -1.10141731E+00
   1.34523132E-01   -1.95132108E-01   -9.74913558E-01
   1.36546501E-01   -1.96979192E-01   -8.51696256E-01
   1.38600303E-01   -1.98604382E-01   -7.31787030E-01
   1.40684997E-01   -2.00007533E-01   -6.15205036E-01
   1.42801046E-01   -2.01188651E-01   -5.01967793E-01
   1.44948923E-01   -2.02147908E-01   -3.92091070E-01
   1.47129107E-01   -2.02885737E-01   -2.85587143E-01
   1.49342083E-01   -2.03402745E-01   -1.82466371E-01
   1.51588344E-01   -2.03699691E-01   -8.27375442E-02
   1.53868391E-01   -2.03777578E-01    1.35936233E-02
   1.56182733E-01   -2.03637658E-01    1.06524618E-01
   1.58531885E-01   -2.03281327E-01    1.96054312E-01
   1.60916370E-01   -2.02710221E-01    2.82184608E-01
   1.63336721E-01   -2.01926178E-01    3.64919734E-01
   1.65793476E-01   -2.00931256E-01    4.44266629E-01
   1.68287184E-01   -1.99727727E-01    5.20234742E-01
   1.70818399E-01   -1.98318079E-01    5.92836151E-01
   1.73387687E-01   -1.96705013E-01    6.62085465E-01
   1.75995619E-01   -1.94891452E-01    7.27999949E-01
   1.78642777E-01   -1.92880536E-01    7.90599542E-01
   1.81329752E-01   -1.90675603E-01    8.49906402E-01
   1.84057141E-01   -1.88280224E-01    9.05945636E-01
   1.86825553E-01   -1.85698186E-01    9.58744926E-01
   1.89635605E-01   -1.82933465E-01    1.00833412E+00
   1.92487923E-01   -1.79990270E-01    1.05474596E+00
   1.95383143E-01   -1.76873001E-01    1.09801543E+00
   1.98321910E-01   -1.73586268E-01    1.13818009E+00
   2.01304879E-01   -1.70134883E-01    1.17527984E+00
   2.04332715E-01   -1.66523870E-01    1.20935729E+00
   2.07406093E-01   -1.62758378E-01    1.24045620E+00
   2.10525698E-01   -1.58843853E-01    1.26862438E+00
   2.13692225E-01   -1.54785830E-01    1.29391033E+00
   2.16906380E-01   -1.50590073E-01    1.31636548E+00
   2.20168879E-01   -1.46262501E-01    1.33604312E+00
   2.23480449E-01   -1.41809213E-01    1.35299874E+00
   2.26841829E-01   -1.37236451E-01    1.36728952E+00
   2.30253768E-01   -1.32550630E-01    1.37897481E+00
   2.33717025E-01   -1.27758302E-01    1.38811563E+00
   2.37232374E-01   -1.22866128E-01    1.39477428E+00
   2.40800597E-01   -1.17880975E-01    1.39901584E+00
   2.44422490E-01   -1.12809757E-01    1.40090580E+00
   2.48098860E-01   -1.07659590E-01    1.40051255E+00
   2.51830527E-01   -1.02437499E-01    1.39790260E+00
   2.55618322E-01   -9.71508993E-02    1.39314865E+00
   2.59463089E-01   -9.18070679E-02    1.38632091E+00
   2.63365685E-01   -8.64134513E-02    1.37749223E+00
   2.67326981E-01   -8.09775431E-02    1.36673617E+00
   2.71347859E-01   -7.55068647E-02    1.35412676E+00
   2.75429215E-01   -7.00090368E-02    1.33973977E+00
   2.79571958E-01   -6.44916699E-02    1.32365095E+00
   2.83777013E-01   -5.89624291E-02    1.30593726E+00
   2.88045317E-01   -5.34289621E-02    1.28667567E+00
   2.92377820E-01   -4.78989570E-02    1.26594432E+00
   2.96775488E-01   -4.23800548E-02    1.24382108E+00
   3.01239302E-01   -3.68797854E-02    1.22038259E+00
   3.05770257E-01   -3.14059327E-02    1.19571058E+00
   3.10369361E-01   -2.59658319E-02    1.16987991E+00
   3.15037642E-01   -2.05670472E-02    1.14297048E+00
   3.19776137E-01   -1.52170491E-02    1.11506155E+00
   3.24585905E-01   -9.92296933E-03    1.08622773E+00
   3.29468017E-01   -4.69221213E-03    1.05654986E+00
   3.34423561E-01    4.68216978E-04    1.02610301E+00
   3.39453641E-01    5.55141409E-03    9.94962147E-01
   3.44559380E-01    1.05503841E-02    9.63205696E-01
   3.49741913E-01    1.54585598E-02    9.30906024E-01
   3.55002398E-01    2.02693556E-02    8.98138022E-01
   3.60342006E-01    2.49764645E-02    8.64973454E-01
   3.65761927E-01    2.95736996E-02    8.31484224E-01
   3.71263369E-01    3.40551049E-02    7.97740325E-01
   3.76847559E-01    3.84149359E-02    7.63810229E-01
   3.82515740E-01    4.26476579E-02    7.29761210E-01
   3.88269177E-01    4.67479553E-02    6.95659114E-01
   3.94109152E-01    5.07107712E-02    6.61567810E-01
   4.00036967E-01    5.45312920E-02    6.27549394E-01
   4.06053941E-01    5.82049687E-02    5.93664052E-01
   4.12161418E-01    6.17274954E-02    5.59970656E-01
   4.18360757E-01    6.50948751E-02    5.26525116E-01
   4.24653341E-01    6.83033676E-02    4.93382037E-01
   4.31040571E-01    7.13495363E-02    4.60593394E-01
   4.37523873E-01    7.42302313E-02    4.28209328E-01
   4.44104690E-01    7.69426078E-02    3.96277549E-01
   4.50784489E-01    7.94841255E-02    3.64843586E-01
   4.57564760E-01    8.18525544E-02    3.33950656E-01
   4.64447013E-01    8.40459788E-02    3.03639656E-01
   4.71432782E-01    8.60627997E-02    2.73949135E-01
   4.78523625E-01    8.79017384E-02    2.44915298E-01
   4.85721121E-01    8.95618370E-02    2.16571967E-01
   4.93026875E-01    9.10424614E-02    1.88950613E-01
   5.00442516E-01    9.23433004E-02    1.62080311E-01
   5.07969695E-01    9.34643664E-02    1.35987762E-01
   5.15610091E-01    9.44059941E-02    1.10697285E-01
   5.23365406E-01    9.51688382E-02    8.62308273E-02
   5.31237370E-01    9.57538743E-02    6.26079846E-02
   5.39227736E-01    9.61623920E-02    3.98459886E-02
   5.47338286E-01    9.63959930E-02    1.79597348E-02
   5.55570827E-01    9.64565855E-02   -3.03820218E-03
   5.63927193E-01    9.63463808E-02   -2.31375437E-02
   5.72409249E-01    9.60678843E-02   -4.23302860E-02
   5.81018883E-01    9.56238903E-02   -6.06106664E-02
   5.89758015E-01    9.50174739E-02   -7.79751292E-02
   5.98628593E-01    9.42519824E-02   -9.44222853E-02
   6.07632594E-01    9.33310239E-02   -1.09952864E-01
   6.16772024E-01    9.22584624E-02   -1.24569668E-01
   6.26048921E-01    9.10384005E-02   -1.38277509E-01
   6.35465352E-01    8.96751733E-02   -1.51083152E-01
   6.45023417E-01    8.81733341E-02   -1.62995249E-01
   6.54725244E-01    8.65376390E-02   -1.74024252E-01
   6.64572997E-01    8.47730396E-02   -1.84182357E-01
   6.74568871E-01    8.28846668E-02   -1.93483412E-01
   6.84715093E-01    8.08778140E-02   -2.01942824E-01
   6.95013924E-01    7.87579268E-02   -2.09577479E-01
   7.05467661E-01    7.65305858E-02   -2.16405643E-01
   7.16078634E-01    7.42014935E-02   -2.22446867E-01
   7.26849206E-01    7.17764572E-02   -2.27721883E-01
   7.37781779E-01    6.92613759E-02   -2.32252513E-01
   7.48878789E-01    6.66622237E-02   -2.36061553E-01
   7.60142710E-01    6.39850359E-02   -2.39172682E-01
   7.71576052E-01    6.12358932E-02   -2.41610353E-01
   7.83181364E-01    5.84209065E-02   -2.43399685E-01
   7.94961231E-01    5.55462032E-02   -2.44566368E-01
   8.06918280E-01    5.26179125E-02   -2.45136560E-01
   8.19055176E-01    4.96421511E-02   -2.45136784E-01
   8.31374623E-01    4.66250108E-02   -2.44593844E-01
   8.43879368E-01    4.35725422E-02   -2.43534705E-01
   8.56572197E-01    4.04907454E-02   -2.41986431E-01
   8.69455940E-01    3.73855556E-02   -2.39976080E-01
   8.82533467E-01    3.42628323E-02   -2.37530628E-01
   8.95807694E-01    3.11283475E-02   -2.34676889E-01
   9.09281580E-01    2.79877754E-02   -2.31441438E-01
   9.22958127E-01    2.48466819E-02   -2.27850542E-01
   9.36840383E-01    2.17105160E-02   -2.23930099E-01
   9.50931443E-01    1.85845997E-02   -2.19705569E-01
   9.65234448E-01    1.54741201E-02   -2.15201922E-01
   9.79752584E-01    1.23841231E-02   -2.10443595E-01
   9.94489089E-01    9.31950372E-03   -2.05454428E-01
   1.00944725E+00    6.28500458E-03   -2.00257656E-01
   1.02463039E+00    3.28520216E-03   -1.94875820E-01
   1.04004190E+00    3.24508675E-04   -1.89330780E-01
   1.05568522E+00   -2.59282822E-03   -1.83643728E-01
   1.07156383E+00   -5.46275310E-03   -1.77834978E-01
   1.08768127E+00   -8.28137132E-03   -1.71924222E-01
   1.10404114E+00   -1.10449777E-02   -1.65930308E-01
   1.12064707E+00   -1.37500497E-02   -1.59871308E-01
   1.13750278E+00   -1.63932540E-02   -1.53764470E-01
   1.15461201E+00   -1.89714388E-02   -1.47626283E-01
   1.17197859E+00   -2.14816445E-02   -1.41472402E-01
   1.18960637E+00   -2.39210982E-02   -1.35317693E-01
   1.20749930E+00   -2.62872165E-02   -1.29176218E-01
   1.22566135E+00   -2.85776037E-02   -1.23061250E-01
   1.24409658E+00   -3.07900517E-02   -1.16985275E-01
   1.26280909E+00   -3.29225383E-02   -1.10960007E-01
   1.28180306E+00   -3.49732263E-02   -1.04996397E-01
   1.30108272E+00   -3.69404611E-02   -9.91046479E-02
   1.32065237E+00   -3.88227687E-02   -9.32942264E-02
   1.34051636E+00   -4.06188528E-02   -8.75738821E-02
   1.36067913E+00   -4.23275928E-02   -8.19516632E-02
   1.38114517E+00   -4.39480396E-02   -7.64349317E-02
   1.40191904E+00   -4.54794128E-02   -7.10303891E-02
   1.42300537E+00   -4.69210973E-02   -6.57440897E-02
   1.44440886E+00   -4.82726387E-02   -6.05814628E-02
   1.46613428E+00   -4.95337395E-02   -5.55473345E-02
   1.48818648E+00   -5.07042549E-02   -5.06459469E-02
   1.51057036E+00   -5.17841884E-02   -4.58809840E-02
   1.53329092E+00   -5.27736866E-02   -4.12555894E-02
   1.55635322E+00   -5.36730348E-02   -3.67723912E-02
   1.57976240E+00   -5.44826521E-02   -3.24335255E-02
   1.60352368E+00   -5.52030857E-02   -2.82406579E-02
   1.62764236E+00   -5.58350069E-02   -2.41950087E-02
   1.65212380E+00   -5.63792046E-02   -2.02973750E-02
   1.67697347E+00   -5.68365808E-02   -1.65481553E-02
   1.70219691E+00   -5.72081454E-02   -1.29473725E-02
   1.72779973E+00   -5.74950102E-02   -9.49469819E-03
   1.75378765E+00   -5.76983844E-02   -6.18947552E-03
   1.78016645E+00   -5.78195691E-02   -3.03074255E-03
   1.80694202E+00   -5.78599522E-02   -1.72552734E-05
   1.83412032E+00   -5.78210030E-02    2.85249007E-03
   1.86170741E+00   -5.77042680E-02    5.58023498E-03
   1.88970944E+00   -5.75113651E-02    8.16793741E-03
   1.91813265E+00   -5.72439802E-02    1.06177519E-02
   1.94698337E+00   -5.69038602E-02    1.29320065E-02
   1.97626804E+00   -5.64928118E-02    1.51131887E-02
   2.00599318E+00   -5.60126954E-02    1.71639251E-02
   2.03616541E+00   -5.54654204E-02    1.90869624E-02
   2.06679147E+00   -5.48529428E-02    2.08851543E-02
   2.09787818E+00   -5.41772602E-02    2.25614448E-02
   2.12943246E+00   -5.34404088E-02    2.41188548E-02
   2.16146136E+00   -5.26444595E-02    2.55604688E-02
   2.19397200E+00   -5.17915150E-02    2.68894233E-02
   2.22697164E+00   -5.08837061E-02    2.81088956E-02
   2.26046762E+00   -4.99231886E-02    2.92220937E-02
   2.29446742E+00   -4.89121406E-02    3.02322474E-02
   2.32897861E+00   -4.78527596E-02    3.11425999E-02
   2.36400889E+00   -4.67472594E-02    3.19564002E-02
   2.39956606E+00   -4.55978673E-02    3.26768964E-02
   2.43565804E+00   -4.44068221E-02    3.33073297E-02
   2.47229289E+00   -4.31763709E-02    3.38509285E-02
   2.50947876E+00   -4.19087669E-02    3.43109040E-02
   2.54722395E+00   -4.06062666E-02    3.46904446E-02
   2.58553686E+00   -3.92711282E-02    3.49927135E-02
   2.62442605E+00   -3.79056079E-02    3.52208429E-02
   2.66390016E+00   -3.65119596E-02    3.53779338E-02
   2.70396801E+00   -3.50924302E-02    3.54670483E-02
   2.74463852E+00   -3.36492600E-02    3.54912129E-02
   2.78592075E+00   -3.21846772E-02    3.54534085E-02
   2.82782392E+00   -3.07009000E-02    3.53565768E-02
   2.87035735E+00   -2.92001307E-02    3.52036113E-02
   2.91353053E+00   -2.76845556E-02    3.49973583E-02
   2.95735308E+00   -2.61563424E-02    3.47406154E-02
   3.00183476E+00   -2.46176382E-02    3.44361295E-02
   3.04698550E+00   -2.30705675E-02    3.40865952E-02
   3.09281535E+00   -2.15172306E-02    3.36946544E-02
   3.13933453E+00   -1.99597010E-02    3.32628946E-02
   3.18655341E+00   -1.84000241E-02    3.27938486E-02
   3.23448251E+00   -1.68402151E-02    3.22899929E-02
   3.28313251E+00   -1.52822570E-02    3.17537483E-02
   3.33251426E+00   -1.37280991E-02    3.11874781E-02
   3.38263877E+00   -1.21796550E-02    3.05934884E-02
   3.43351720E+00   -1.06388008E-02    2.99740280E-02
   3.48516089E+00   -9.10737384E-03    2.93312879E-02
   3.53758136E+00   -7.58717011E-03    2.86674009E-02
   3.59079028E+00   -6.07994356E-03    2.79844425E-02
   3.64479953E+00   -4.58740313E-03    2.72844288E-02
   3.69962113E+00   -3.11121338E-03    2.65693210E-02
   3.75526730E+00   -1.65298944E-03    2.58410190E-02
   3.81175046E+00   -2.14298737E-04    2.51013676E-02
   3.86908317E+00    1.20334133E-03    2.43521560E-02
   3.92727823E+00    2.59846791E-03    2.35951112E-02
   3.98634861E+00    3.96966879E-03    2.28319101E-02
   4.04630747E+00    5.31558910E-03    2.20641682E-02
   4.10716817E+00    6.63492937E-03    2.12934477E-02
   4.16894428E+00    7.92644857E-03    2.05212536E-02
   4.23164956E+00    9.18896483E-03    1.97490358E-02
   4.29529800E+00    1.04213566E-02    1.89781892E-02
   4.35990378E+00    1.16225644E-02    1.82100531E-02
   4.42548130E+00    1.27915917E-02    1.74459123E-02
   4.49204517E+00    1.39275058E-02    1.66869965E-02
   4.55961023E+00    1.50294394E-02    1.59344811E-02
   4.62819154E+00    1.60965910E-02    1.51894870E-02
   4.69780439E+00    1.71282262E-02    1.44530806E-02
   4.76846428E+00    1.81236780E-02    1.37262741E-02
   4.84018698E+00    1.90823479E-02    1.30100255E-02
   4.91298846E+00    2.00037063E-02    1.23052384E-02
   4.98688495E+00    2.08872924E-02    1.16127624E-02
   5.06189292E+00    2.17327154E-02    1.09333929E-02
   5.13802908E+00    2.25396538E-02    1.02678716E-02
   5.21531042E+00    2.33078558E-02    9.61688560E-03
   5.29375415E+00    2.40371390E-02    8.98106872E-03
   5.37337775E+00    2.47273903E-02    8.36100087E-03
   5.45419898E+00    2.53785651E-02    7.75720849E-03
   5.53623584E+00    2.59906866E-02    7.17016479E-03
   5.61950662E+00    2.65638454E-02    6.60029013E-03
   5.70402989E+00    2.70981979E-02    6.04795242E-03
   5.78982447E+00    2.75939658E-02    5.51346756E-03
   5.87690949E+00    2.80514341E-02    4.99710013E-03
   5.96530436E+00    2.84709497E-02    4.49906405E-03
   6.05502878E+00    2.88529200E-02    4.01952337E-03
   6.14610275E+00    2.91978108E-02    3.55859327E-03
   6.23854657E+00    2.95061442E-02    3.11634107E-03
   6.33238084E+00    2.97784962E-02    2.69278736E-03
   6.42762648E+00    3.00154949E-02    2.28790735E-03
   6.52430471E+00    3.02178176E-02    1.90163226E-03
   6.62243709E+00    3.03861881E-02    1.53385085E-03
   6.72204547E+00    3.05213741E-02    1.18441107E-03
   6.82315207E+00    3.06241845E-02    8.53121829E-04
   6.92577942E+00    3.06954659E-02    5.39754858E-04
   7.02995040E+00    3.07361002E-02    2.44046682E-04
   7.13568821E+00    3.07470011E-02   -3.42993352E-05
   7.24301643E+00    3.07291110E-02   -2.95610850E-04
   7.35195898E+00    3.06833981E-02   -5.40244347E-04
   7.46254014E+00    3.06108525E-02   -7.68582871E-04
   7.57478455E+00    3.05124839E-02   -9.81033746E-04
   7.68871724E+00    3.03893175E-02   -1.17802623E-03
   7.80436360E+00    3.02423916E-02   -1.36000919E-03
   7.92174940E+00    3.00727540E-02   -1.52744874E-03
   8.04090080E+00    2.98814588E-02   -1.68082591E-03
   8.16184437E+00    2.96695640E-02   -1.82063436E-03
   8.28460705E+00    2.94381280E-02   -1.94737809E-03
   8.40921621E+00    2.91882068E-02   -2.06156920E-03
   8.53569963E+00    2.89208517E-02   -2.16372578E-03
   8.66408549E+00    2.86371064E-02   -2.25436986E-03
   8.79440240E+00    2.83380043E-02   -2.33402516E-03
   8.92667942E+00    2.80245664E-02   -2.40321554E-03
   9.06094603E+00    2.76977991E-02   -2.46246315E-03
   9.19723214E+00    2.73586919E-02   -2.51228641E-03
   9.33556814E+00    2.70082156E-02   -2.55319861E-03
   9.47598486E+00    2.66473204E-02   -2.58570644E-03
   9.61851359E+00    2.62769344E-02   -2.61030850E-03
   9.76318610E+00    2.58979617E-02   -2.62749417E-03
   9.91003464E+00    2.55112817E-02   -2.63774236E-03
   1.00590919E+01    2.51177472E-02   -2.64152051E-03
   1.02103912E+01    2.47181836E-02   -2.63928367E-03
   1.03639662E+01    2.43133884E-02   -2.63147367E-03
   1.05198511E+01    2.39041295E-02   -2.61851839E-03
   1.06780807E+01    2.34911455E-02   -2.60083116E-03
   1.08386902E+01    2.30751447E-02   -2.57881027E-03
   1.10017154E+01    2.26568047E-02   -2.55283849E-03
   1.11671927E+01    2.22367723E-02   -2.52328280E-03
   1.13351590E+01    2.18156636E-02   -2.49049410E-03
   1.15056517E+01    2.13940636E-02   -2.45480708E-03
   1.16787087E+01    2.09725263E-02   -2.41654008E-03
   1.18543687E+01    2.05515756E-02   -2.37599519E-03
   1.20326708E+01    2.01317047E-02   -2.33345819E-03
   1.22136548E+01    1.97133773E-02   -2.28919867E-03
   1.23973609E+01    1.92970275E-02   -2.24347032E-03
   1.25838302E+01    1.88830610E-02   -2.19651113E-03
   1.27731042E+01    1.84718552E-02   -2.14854364E-03
   1.29652251E+01    1.80637602E-02   -2.09977535E-03
   1.31602356E+01    1.76590999E-02   -2.05039905E-03
   1.33581793E+01    1.72581722E-02   -2.00059332E-03
   1.35591003E+01    1.68612505E-02   -1.95052292E-03
   1.37630434E+01    1.64685842E-02   -1.90033933E-03
   1.39700540E+01    1.60804000E-02   -1.85018128E-03
   1.41801782E+01    1.56969026E-02   -1.80017525E-03
   1.43934630E+01    1.53182759E-02   -1.75043606E-03
   1.46099557E+01    1.49446840E-02   -1.70106679E-03
   1.48297047E+01    1.45762722E-02   -1.65216256E-03
   1.50527590E+01    1.42132223E-02   -1.60356055E-03
   1.52791683E+01    1.38555897E-02   -1.55583337E-03
   1.55089830E+01    1.35034691E-02   -1.50878977E-03
   1.57422543E+01    1.31569404E-02   -1.46248845E-03
   1.59790343E+01    1.28160698E-02   -1.41697902E-03
   1.62193757E+01    1.24809102E-02   -1.37230360E-03
   1.64633321E+01    1.21515026E-02   -1.32849772E-03
   1.67109578E+01    1.18278768E-02   -1.28559078E-03
   1.69623081E+01    1.15100522E-02   -1.24360663E-03
   1.72174390E+01    1.11980386E-02   -1.20256396E-03
   1.74764073E+01    1.08918370E-02   -1.16247681E-03
   1.77392708E+01    1.05914402E-02   -1.12335493E-03
   1.80060880E+01    1.02968337E-02   -1.08520429E-03
   1.82769184E+01    1.00079962E-02   -1.04802723E-03
   1.85518224E+01    9.72490026E-03   -1.01182344E-03
   1.88308612E+01    9.44751294E-03   -9.76588202E-04
   1.91140971E+01    9.17579581E-03   -9.42320749E-04
   1.94015931E+01    8.90970757E-03   -9.08993444E-04
   1.96934134E+01    8.64919661E-03   -8.76669320E-04
   1.99896229E+01    8.39424164E-03   -8.44895231E-04
   2.02902878E+01    8.14493586E-03   -8.13721980E-04
   2.05954749E+01    7.90122788E-03   -7.83622280E-04
   2.09052524E+01    7.66302841E-03   -7.54486286E-04
   2.12196893E+01    7.43025598E-03   -7.26306970E-04
   2.15388557E+01    7.20282797E-03   -6.99050345E-04
   2.18628226E+01    6.98066307E-03   -6.72690717E-04
   2.21916623E+01    6.76368054E-03   -6.47201157E-04
   2.25254482E+01    6.55180042E-03   -6.22556026E-04
   2.28642545E+01    6.34494349E-03   -5.98730288E-04
   2.32081568E+01    6.14303120E-03   -5.75699645E-04
   2.35572318E+01    5.94598569E-03   -5.53440483E-04
   2.39115572E+01    5.75372979E-03   -5.31929863E-04
   2.42712121E+01    5.56618697E-03   -5.11145494E-04
   2.46362765E+01    5.38328136E-03   -4.91065717E-04
   2.50068319E+01    5.20493773E-03   -4.71669485E-04
   2.53829608E+01    5.03108147E-03   -4.52936345E-04
   2.57647471E+01    4.86163856E-03   -4.34846421E-04
   2.61522759E+01    4.69653562E-03   -4.17380396E-04
   2.65456335E+01    4.53569983E-03   -4.00519497E-04
   2.69449076E+01    4.37905897E-03   -3.84245479E-04
   2.73501872E+01    4.22654139E-03   -3.68540606E-04
   2.77615627E+01    4.07807600E-03   -3.53387640E-04
   2.81791256E+01    3.93359227E-03   -3.38769826E-04
   2.86029692E+01    3.79302021E-03   -3.24670874E-04
   2.90331878E+01    3.65629041E-03   -3.11074953E-04
   2.94698773E+01    3.52333395E-03   -2.97966667E-04
   2.99131351E+01    3.39408247E-03   -2.85331053E-04
   3.03630600E+01    3.26846813E-03   -2.73153560E-04
   3.08197522E+01    3.14642363E-03   -2.61420045E-04
   3.12833136E+01    3.02788217E-03   -2.50116753E-04
   3.17538473E+01    2.91277747E-03   -2.39230310E-04
   3.22314584E+01    2.80104376E-03   -2.28747715E-04
   3.27162533E+01    2.69261581E-03   -2.18656322E-04
   3.32083400E+01    2.58742887E-03   -2.08943837E-04
   3.37078282E+01    2.48541872E-03   -1.99598304E-04
   3.42148292E+01    2.38652164E-03   -1.90608096E-04
   3.47294561E+01    2.29067443E-03   -1.81961907E-04
   3.52518235E+01    2.19781439E-03   -1.73648741E-04
   3.57820478E+01    2.10787935E-03   -1.65657905E-04
   3.63202473E+01    2.02080765E-03   -1.57979000E-04
   3.68665418E+01    1.93653814E-03   -1.50601914E-04
   3.74210532E+01    1.85501021E-03   -1.43516811E-04
   3.79839050E+01    1.77616375E-03   -1.36714127E-04
   3.85552227E+01    1.69993921E-03   -1.30184562E-04
   3.91351336E+01    1.62627754E-03   -1.23919068E-04
   3.97237670E+01    1.55512026E-03   -1.17908851E-04
   4.03212540E+01    1.48640942E-03   -1.12145356E-04
   4.09277279E+01    1.42008761E-03   -1.06620265E-04
   4.15433238E+01    1.35609800E-03   -1.01325490E-04
   4.21681788E+01    1.29438431E-03   -9.62531674E-05
   4.28024324E+01    1.23489084E-03   -9.13956511E-05
   4.34462258E+01    1.17756244E-03   -8.67455065E-05
   4.40997025E+01    1.12234458E-03   -8.22955070E-05
   4.47630082E+01    1.06918331E-03   -7.80386273E-05
   4.54362907E+01    1.01802526E-03   -7.39680387E-05
   4.61197001E+01    9.68817718E-04   -7.00771044E-05
   4.68133886E+01    9.21508543E-04   -6.63593742E-05
   4.75175110E+01    8.76046244E-04   -6.28085806E-05
   4.82322241E+01    8.32379964E-04   -5.94186338E-05
   4.89576873E+01    7.90459488E-04   -5.61836177E-05
   4.96940621E+01    7.50235257E-04   -5.30977856E-05
   5.04415128E+01    7.11658375E-04   -5.01555560E-05
   5.12002060E+01    6.74680618E-04   -4.73515093E-05
   5.19703107E+01    6.39254444E-04   -4.46803832E-05
   5.27519986E+01    6.05333006E-04   -4.21370700E-05
   5.35454439E+01    5.72870148E-04   -3.97166117E-05
   5.43508234E+01    5.41820432E-04   -3.74141979E-05
   5.51683167E+01    5.12139132E-04   -3.52251616E-05
   5.59981059E+01    4.83782250E-04   -3.31449766E-05
   5.68403760E+01    4.56706524E-04   -3.11692534E-05
   5.76953148E+01    4.30869432E-04   -2.92937370E-05
   5.85631127E+01    4.06229205E-04   -2.75143034E-05
   5.94439633E+01    3.82744831E-04   -2.58269572E-05
   6.03380627E+01    3.60376065E-04   -2.42278280E-05
   6.12456103E+01    3.39083429E-04   -2.27131681E-05
   6.21668084E+01    3.18828230E-04   -2.12793499E-05
   6.31018623E+01    2.99572555E-04   -1.99228630E-05
   6.40509804E+01    2.81279283E-04   -1.86403116E-05
   6.50143742E+01    2.63912086E-04   -1.74284121E-05
   6.59922584E+01    2.47435437E-04   -1.62839906E-05
   6.69848511E+01    2.31814610E-04   -1.52039803E-05
   6.79923733E+01    2.17015687E-04   -1.41854193E-05
   6.90150498E+01    2.03005558E-04   -1.32254484E-05
   7.00531084E+01    1.89751923E-04   -1.23213082E-05
   7.11067805E+01    1.77223297E-04   -1.14703374E-05
   7.21763009E+01    1.65389004E-04   -1.06699704E-05
   7.32619080E+01    1.54219185E-04   -9.91773504E-06
   7.43638438E+01    1.43684791E-04   -9.21125038E-06
   7.54823539E+01    1.33757585E-04   -8.54822467E-06
   7.66176875E+01    1.24410137E-04   -7.92645313E-06
   7.77700977E+01    1.15615824E-04   -7.34381596E-06
   7.89398414E+01    1.07348826E-04   -6.79827613E-06
   8.01271793E+01    9.95841189E-05   -6.28787736E-06
   8.13323759E+01    9.22974755E-05   -5.81074234E-06
   8.25557000E+01    8.54654514E-05   -5.36507016E-06
   8.37974242E+01    7.90653856E-05   -4.94913493E-06
   8.50578251E+01    7.30753886E-05   -4.56128329E-06
   8.63371839E+01    6.74743380E-05   -4.19993286E-06
   8.76357855E+01    6.22418669E-05   -3.86356997E-06
   8.89539195E+01    5.73583564E-05   -3.55074791E-06
   9.02918795E+01    5.28049248E-05   -3.26008499E-06
   9.16499639E+01    4.85634171E-05   -2.99026258E-06
   9.30284753E+01    4.46163937E-05   -2.74002331E-06
   9.44277210E+01    4.09471181E-05   -2.50816910E-06
   9.58480128E+01    3.75395451E-05   -2.29355944E-06
   9.72896672E+01    3.43783073E-05   -2.09510942E-06
   9.87530056E+01    3.14487014E-05   -1.91178805E-06
   1.00238354E+02    2.87366749E-05   -1.74261638E-06
   1.01746044E+02    2.62288095E-05   -1.58666564E-06
   1.03276411E+02    2.39123097E-05   -1.44305578E-06
   1.04829796E+02    2.17749839E-05   -1.31095336E-06
   1.06406546E+02    1.98052304E-05   -1.18957011E-06
   1.08007012E+02    1.79920214E-05   -1.07816110E-06
   1.09631551E+02    1.63248863E-05   -9.76023129E-07
   1.11280524E+02    1.47938953E-05   -8.82493060E-07
   1.12954299E+02    1.33896428E-05   -7.96946238E-07
   1.14653250E+02    1.21032302E-05   -7.18794831E-07
   1.16377755E+02    1.09262491E-05   -6.47486341E-07
   1.18128199E+02    9.85076434E-06   -5.82502032E-07
   1.19904970E+02    8.86929679E-06   -5.23355458E-07
   1.21708467E+02    7.97480580E-06   -4.69590938E-07
   1.23539089E+02    7.16067315E-06   -4.20782203E-07
   1.25397247E+02    6.42068506E-06   -3.76530920E-07
   1.27283352E+02    5.74901578E-06   -3.36465351E-07
   1.29197827E+02    5.14021092E-06   -3.00239032E-07
   1.31141098E+02    4.58917048E-06   -2.67529438E-07
   1.33113597E+02    4.09113371E-06   -2.38036798E-07
   1.35115765E+02    3.64166120E-06   -2.11482767E-07
   1.37148048E+02    3.23662079E-06   -1.87609312E-07
   1.39210898E+02    2.87217126E-06   -1.66177621E-07
   1.41304776E+02    2.54474758E-06   -1.46966671E-07
   1.43430147E+02    2.25104554E-06   -1.29773286E-07
   1.45587487E+02    1.98800925E-06   -1.14407275E-07
   1.47777275E+02    1.75281079E-06   -1.00703563E-07
   1.50000000E+02    1.54285866E-06   -8.84764118E-08
