# Peaks:     0.209266  
   4.79583140E-05    4.43228305E-02    6.80319955E+02
   4.88619103E-05    4.49324579E-02    6.77057107E+02
   4.97825314E-05    4.55530016E-02    6.73865801E+02
   5.07204983E-05    4.61840466E-02    6.70732549E+02
   5.16761376E-05    4.68251120E-02    6.67643336E+02
   5.26497824E-05    4.74756456E-02    6.64583598E+02
   5.36417720E-05    4.81350218E-02    6.61538265E+02
   5.46524518E-05    4.88028934E-02    6.58498448E+02
   5.56821742E-05    4.94795179E-02    6.55467005E+02
   5.67312979E-05    5.01652441E-02    6.52448215E+02
   5.78001885E-05    5.08604534E-02    6.49446601E+02
   5.88892183E-05    5.15655622E-02    6.46466941E+02
   5.99987668E-05    5.22809312E-02    6.43512699E+02
   6.11292206E-05    5.30066842E-02    6.40583102E+02
   6.22809737E-05    5.37428997E-02    6.37676628E+02
   6.34544272E-05    5.44896534E-02    6.34791743E+02
   6.46499901E-05    5.52470181E-02    6.31926901E+02
   6.58680790E-05    5.60150969E-02    6.29081102E+02
   6.71091182E-05    5.67940590E-02    6.26254427E+02
   6.83735402E-05    5.75840892E-02    6.23447137E+02
   6.96617856E-05    5.83853814E-02    6.20659561E+02
   7.09743031E-05    5.91981394E-02    6.17892086E+02
   7.23115501E-05    6.00225533E-02    6.15144847E+02
   7.36739926E-05    6.08587893E-02    6.12417613E+02
   7.50621053E-05    6.17070174E-02    6.09710163E+02
   7.64763718E-05    6.25674140E-02    6.07022323E+02
   7.79172849E-05    6.34401621E-02    6.04353962E+02
   7.93853466E-05    6.43254467E-02    6.01704959E+02
   8.08810685E-05    6.52234556E-02    5.99075208E+02
   8.24049717E-05    6.61343840E-02    5.96464651E+02
   8.39575873E-05    6.70584350E-02    5.93873279E+02
   8.55394561E-05    6.79958191E-02    5.91301121E+02
   8.71511293E-05    6.89467397E-02    5.88748095E+02
   8.87931685E-05    6.99113992E-02    5.86214070E+02
   9.04661459E-05    7.08900073E-02    5.83698962E+02
   9.21706443E-05    7.18827824E-02    5.81202735E+02
   9.39072576E-05    7.28899495E-02    5.78725382E+02
   9.56765910E-05    7.39117273E-02    5.76266801E+02
   9.74792609E-05    7.49483374E-02    5.73826884E+02
   9.93158954E-05    7.60000102E-02    5.71405571E+02
   1.01187134E-04    7.70669850E-02    5.69002853E+02
   1.03093630E-04    7.81495067E-02    5.66618727E+02
   1.05036046E-04    7.92478123E-02    5.64253083E+02
   1.07015060E-04    8.03621438E-02    5.61905822E+02
   1.09031362E-04    8.14927527E-02    5.59576892E+02
   1.11085653E-04    8.26399004E-02    5.57266291E+02
   1.13178649E-04    8.38038512E-02    5.54974001E+02
   1.15311080E-04    8.49848629E-02    5.52699907E+02
   1.17483689E-04    8.61832005E-02    5.50443920E+02
   1.19697233E-04    8.73991394E-02    5.48206004E+02
   1.21952482E-04    8.86329657E-02    5.45986165E+02
   1.24250224E-04    8.98849645E-02    5.43784364E+02
   1.26591258E-04    9.11554169E-02    5.41600483E+02
   1.28976399E-04    9.24446135E-02    5.39434446E+02
   1.31406480E-04    9.37528561E-02    5.37286226E+02
   1.33882347E-04    9.50804571E-02    5.35155837E+02
   1.36404863E-04    9.64277244E-02    5.33043209E+02
   1.38974906E-04    9.77949655E-02    5.30948230E+02
   1.41593371E-04    9.91824992E-02    5.28870835E+02
   1.44261172E-04    1.00590657E-01    5.26811008E+02
   1.46979238E-04    1.02019779E-01    5.24768759E+02
   1.49748516E-04    1.03470198E-01    5.22743989E+02
   1.52569970E-04    1.04942251E-01    5.20736597E+02
   1.55444584E-04    1.06436289E-01    5.18746528E+02
   1.58373360E-04    1.07952676E-01    5.16773779E+02
   1.61357318E-04    1.09491781E-01    5.14818339E+02
   1.64397497E-04    1.11053966E-01    5.12880091E+02
   1.67494957E-04    1.12639600E-01    5.10958942E+02
   1.70650777E-04    1.14249071E-01    5.09054852E+02
   1.73866057E-04    1.15882776E-01    5.07167828E+02
   1.77141917E-04    1.17541115E-01    5.05297821E+02
   1.80479498E-04    1.19224484E-01    5.03444709E+02
   1.83879964E-04    1.20933290E-01    5.01608412E+02
   1.87344498E-04    1.22667957E-01    4.99788900E+02
   1.90874309E-04    1.24428923E-01    4.97986182E+02
   1.94470627E-04    1.26216619E-01    4.96200168E+02
   1.98134703E-04    1.28031478E-01    4.94430740E+02
   2.01867815E-04    1.29873951E-01    4.92677830E+02
   2.05671264E-04    1.31744504E-01    4.90941423E+02
   2.09546375E-04    1.33643613E-01    4.89221509E+02
   2.13494498E-04    1.35571746E-01    4.87517963E+02
   2.17517009E-04    1.37529381E-01    4.85830680E+02
   2.21615308E-04    1.39517014E-01    4.84159604E+02
   2.25790825E-04    1.41535158E-01    4.82504733E+02
   2.30045015E-04    1.43584328E-01    4.80866013E+02
   2.34379358E-04    1.45665037E-01    4.79243306E+02
   2.38795366E-04    1.47777810E-01    4.77636521E+02
   2.43294578E-04    1.49923195E-01    4.76045618E+02
   2.47878560E-04    1.52101756E-01    4.74470595E+02
   2.52548911E-04    1.54314048E-01    4.72911342E+02
   2.57307257E-04    1.56560634E-01    4.71367726E+02
   2.62155256E-04    1.58842096E-01    4.69839670E+02
   2.67094598E-04    1.61159037E-01    4.68327154E+02
   2.72127003E-04    1.63512070E-01    4.66830145E+02
   2.77254225E-04    1.65901801E-01    4.65348496E+02
   2.82478051E-04    1.68328849E-01    4.63882086E+02
   2.87800301E-04    1.70793856E-01    4.62430853E+02
   2.93222828E-04    1.73297487E-01    4.60994788E+02
   2.98747523E-04    1.75840406E-01    4.59573805E+02
   3.04376310E-04    1.78423275E-01    4.58167746E+02
   3.10111150E-04    1.81046780E-01    4.56776506E+02
   3.15954043E-04    1.83711628E-01    4.55400039E+02
   3.21907023E-04    1.86418547E-01    4.54038326E+02
   3.27972165E-04    1.89168255E-01    4.52691222E+02
   3.34151582E-04    1.91961484E-01    4.51358579E+02
   3.40447427E-04    1.94798990E-01    4.50040306E+02
   3.46861894E-04    1.97681553E-01    4.48736380E+02
   3.53397217E-04    2.00609963E-01    4.47446732E+02
   3.60055675E-04    2.03585005E-01    4.46171186E+02
   3.66839586E-04    2.06607485E-01    4.44909608E+02
   3.73751315E-04    2.09678238E-01    4.43661931E+02
   3.80793270E-04    2.12798123E-01    4.42428133E+02
   3.87967904E-04    2.15967993E-01    4.41208077E+02
   3.95277718E-04    2.19188711E-01    4.40001586E+02
   4.02725258E-04    2.22461167E-01    4.38808545E+02
   4.10313119E-04    2.25786282E-01    4.37628908E+02
   4.18043946E-04    2.29164992E-01    4.36462623E+02
   4.25920431E-04    2.32598225E-01    4.35309499E+02
   4.33945319E-04    2.36086934E-01    4.34169374E+02
   4.42121406E-04    2.39632100E-01    4.33042153E+02
   4.50451541E-04    2.43234735E-01    4.31927809E+02
   4.58938627E-04    2.46895855E-01    4.30826217E+02
   4.67585620E-04    2.50616477E-01    4.29737173E+02
   4.76395534E-04    2.54397650E-01    4.28660533E+02
   4.85371438E-04    2.58240456E-01    4.27596227E+02
   4.94516459E-04    2.62146005E-01    4.26544215E+02
   5.03833784E-04    2.66115395E-01    4.25504302E+02
   5.13326660E-04    2.70149749E-01    4.24476293E+02
   5.22998394E-04    2.74250221E-01    4.23460069E+02
   5.32852355E-04    2.78418003E-01    4.22455583E+02
   5.42891978E-04    2.82654299E-01    4.21462735E+02
   5.53120761E-04    2.86960310E-01    4.20481294E+02
   5.63542266E-04    2.91337270E-01    4.19511088E+02
   5.74160126E-04    2.95786452E-01    4.18552020E+02
   5.84978041E-04    3.00309162E-01    4.17604052E+02
   5.95999779E-04    3.04906705E-01    4.16667001E+02
   6.07229180E-04    3.09580399E-01    4.15740641E+02
   6.18670158E-04    3.14331603E-01    4.14824819E+02
   6.30326698E-04    3.19161714E-01    4.13919469E+02
   6.42202863E-04    3.24072159E-01    4.13024519E+02
   6.54302790E-04    3.29064355E-01    4.12139725E+02
   6.66630695E-04    3.34139750E-01    4.11264875E+02
   6.79190874E-04    3.39299838E-01    4.10399838E+02
   6.91987702E-04    3.44546151E-01    4.09544569E+02
   7.05025639E-04    3.49880239E-01    4.08698935E+02
   7.18309228E-04    3.55303651E-01    4.07862674E+02
   7.31843097E-04    3.60817977E-01    4.07035593E+02
   7.45631961E-04    3.66424856E-01    4.06217586E+02
   7.59680625E-04    3.72125965E-01    4.05408606E+02
   7.73993984E-04    3.77922981E-01    4.04608442E+02
   7.88577025E-04    3.83817603E-01    4.03816837E+02
   8.03434829E-04    3.89811575E-01    4.03033619E+02
   8.18572573E-04    3.95906691E-01    4.02258708E+02
   8.33995532E-04    4.02104779E-01    4.01492032E+02
   8.49709079E-04    4.08407663E-01    4.00733324E+02
   8.65718690E-04    4.14817202E-01    3.99982346E+02
   8.82029942E-04    4.21335309E-01    3.99238948E+02
   8.98648519E-04    4.27963945E-01    3.98503076E+02
   9.15580211E-04    4.34705095E-01    3.97774594E+02
   9.32830919E-04    4.41560744E-01    3.97053209E+02
   9.50406652E-04    4.48532927E-01    3.96338696E+02
   9.68313534E-04    4.55623733E-01    3.95630924E+02
   9.86557805E-04    4.62835305E-01    3.94929852E+02
   1.00514582E-03    4.70169797E-01    3.94235301E+02
   1.02408406E-03    4.77629377E-01    3.93546971E+02
   1.04337912E-03    4.85216264E-01    3.92864648E+02
   1.06303772E-03    4.92932739E-01    3.92188212E+02
   1.08306672E-03    5.00781134E-01    3.91517625E+02
   1.10347309E-03    5.08763787E-01    3.90852658E+02
   1.12426394E-03    5.16883061E-01    3.90193015E+02
   1.14544651E-03    5.25141377E-01    3.89538487E+02
   1.16702820E-03    5.33541217E-01    3.88888967E+02
   1.18901651E-03    5.42085118E-01    3.88244418E+02
   1.21141911E-03    5.50775621E-01    3.87604588E+02
   1.23424380E-03    5.59615296E-01    3.86969174E+02
   1.25749854E-03    5.68606776E-01    3.86337964E+02
   1.28119142E-03    5.77752758E-01    3.85710853E+02
   1.30533072E-03    5.87056001E-01    3.85087806E+02
   1.32992482E-03    5.96519263E-01    3.84468577E+02
   1.35498232E-03    6.06145339E-01    3.83852851E+02
   1.38051192E-03    6.15937086E-01    3.83240407E+02
   1.40652254E-03    6.25897429E-01    3.82631127E+02
   1.43302323E-03    6.36029360E-01    3.82024985E+02
   1.46002323E-03    6.46335880E-01    3.81421766E+02
   1.48753195E-03    6.56820017E-01    3.80821133E+02
   1.51555896E-03    6.67484865E-01    3.80222838E+02
   1.54411404E-03    6.78333588E-01    3.79626733E+02
   1.57320713E-03    6.89369421E-01    3.79032783E+02
   1.60284837E-03    7.00595641E-01    3.78440880E+02
   1.63304809E-03    7.12015524E-01    3.77850677E+02
   1.66381682E-03    7.23632411E-01    3.77261878E+02
   1.69516526E-03    7.35449715E-01    3.76674287E+02
   1.72710435E-03    7.47470925E-01    3.76087815E+02
   1.75964522E-03    7.59699603E-01    3.75502466E+02
   1.79279920E-03    7.72139320E-01    3.74918019E+02
   1.82657784E-03    7.84793670E-01    3.74334090E+02
   1.86099291E-03    7.97666316E-01    3.73750374E+02
   1.89605641E-03    8.10761002E-01    3.73166667E+02
   1.93178054E-03    8.24081546E-01    3.72582869E+02
   1.96817777E-03    8.37631850E-01    3.71998994E+02
   2.00526077E-03    8.51415850E-01    3.71414940E+02
   2.04304246E-03    8.65437484E-01    3.70830323E+02
   2.08153600E-03    8.79700756E-01    3.70244815E+02
   2.12075481E-03    8.94209752E-01    3.69658178E+02
   2.16071256E-03    9.08968638E-01    3.69070279E+02
   2.20142316E-03    9.23981665E-01    3.68481093E+02
   2.24290080E-03    9.39253127E-01    3.67890514E+02
   2.28515993E-03    9.54787329E-01    3.67298188E+02
   2.32821528E-03    9.70588647E-01    3.66703814E+02
   2.37208185E-03    9.86661540E-01    3.66107185E+02
   2.41677492E-03    1.00301055E+00    3.65508198E+02
   2.46231006E-03    1.01964031E+00    3.64906806E+02
   2.50870314E-03    1.03655543E+00    3.64302723E+02
   2.55597033E-03    1.05376061E+00    3.63695628E+02
   2.60412810E-03    1.07126063E+00    3.63085289E+02
   2.65319322E-03    1.08906034E+00    3.62471575E+02
   2.70318279E-03    1.10716468E+00    3.61854433E+02
   2.75411422E-03    1.12557862E+00    3.61233628E+02
   2.80600527E-03    1.14430717E+00    3.60608832E+02
   2.85887402E-03    1.16335543E+00    3.59979802E+02
   2.91273887E-03    1.18272857E+00    3.59346391E+02
   2.96761862E-03    1.20243188E+00    3.58708535E+02
   3.02353236E-03    1.22247063E+00    3.58066003E+02
   3.08049960E-03    1.24285019E+00    3.57418471E+02
   3.13854017E-03    1.26357596E+00    3.56765698E+02
   3.19767430E-03    1.28465348E+00    3.56107535E+02
   3.25792259E-03    1.30608833E+00    3.55443907E+02
   3.31930603E-03    1.32788613E+00    3.54774562E+02
   3.38184602E-03    1.35005258E+00    3.54099190E+02
   3.44556435E-03    1.37259341E+00    3.53417562E+02
   3.51048321E-03    1.39551450E+00    3.52729541E+02
   3.57662522E-03    1.41882174E+00    3.52035026E+02
   3.64401343E-03    1.44252110E+00    3.51333727E+02
   3.71267133E-03    1.46661858E+00    3.50625344E+02
   3.78262282E-03    1.49112026E+00    3.49909666E+02
   3.85389230E-03    1.51603232E+00    3.49186565E+02
   3.92650458E-03    1.54136100E+00    3.48455916E+02
   4.00048497E-03    1.56711256E+00    3.47717407E+02
   4.07585924E-03    1.59329332E+00    3.46970759E+02
   4.15265367E-03    1.61990969E+00    3.46215772E+02
   4.23089500E-03    1.64696817E+00    3.45452331E+02
   4.31061049E-03    1.67447527E+00    3.44680253E+02
   4.39182793E-03    1.70243757E+00    3.43899215E+02
   4.47457561E-03    1.73086168E+00    3.43108952E+02
   4.55888237E-03    1.75975431E+00    3.42309279E+02
   4.64477757E-03    1.78912224E+00    3.41500081E+02
   4.73229114E-03    1.81897227E+00    3.40681137E+02
   4.82145359E-03    1.84931124E+00    3.39852133E+02
   4.91229597E-03    1.88014604E+00    3.39012821E+02
   5.00484993E-03    1.91148363E+00    3.38163028E+02
   5.09914773E-03    1.94333106E+00    3.37302622E+02
   5.19522223E-03    1.97569535E+00    3.36431317E+02
   5.29310689E-03    2.00858358E+00    3.35548821E+02
   5.39283582E-03    2.04200286E+00    3.34654912E+02
   5.49444378E-03    2.07596041E+00    3.33749443E+02
   5.59796616E-03    2.11046344E+00    3.32832231E+02
   5.70343903E-03    2.14551916E+00    3.31902963E+02
   5.81089915E-03    2.18113484E+00    3.30961365E+02
   5.92038395E-03    2.21731778E+00    3.30007235E+02
   6.03193159E-03    2.25407534E+00    3.29040432E+02
   6.14558093E-03    2.29141485E+00    3.28060721E+02
   6.26137157E-03    2.32934368E+00    3.27067795E+02
   6.37934385E-03    2.36786918E+00    3.26061403E+02
   6.49953889E-03    2.40699877E+00    3.25041363E+02
   6.62199855E-03    2.44673988E+00    3.24007511E+02
   6.74676551E-03    2.48709989E+00    3.22959557E+02
   6.87388324E-03    2.52808618E+00    3.21897215E+02
   7.00339603E-03    2.56970617E+00    3.20820265E+02
   7.13534900E-03    2.61196727E+00    3.19728546E+02
   7.26978815E-03    2.65487686E+00    3.18621841E+02
   7.40676029E-03    2.69844227E+00    3.17499843E+02
   7.54631317E-03    2.74267083E+00    3.16362291E+02
   7.68849541E-03    2.78756985E+00    3.15208983E+02
   7.83335654E-03    2.83314663E+00    3.14039763E+02
   7.98094704E-03    2.87940837E+00    3.12854368E+02
   8.13131833E-03    2.92636225E+00    3.11652507E+02
   8.28452281E-03    2.97401537E+00    3.10433941E+02
   8.44061387E-03    3.02237482E+00    3.09198489E+02
   8.59964587E-03    3.07144761E+00    3.07945964E+02
   8.76167425E-03    3.12124063E+00    3.06676077E+02
   8.92675545E-03    3.17176071E+00    3.05388563E+02
   9.09494699E-03    3.22301460E+00    3.04083213E+02
   9.26630747E-03    3.27500897E+00    3.02759862E+02
   9.44089661E-03    3.32775035E+00    3.01418271E+02
   9.61877523E-03    3.38124515E+00    3.00058162E+02
   9.80000531E-03    3.43549964E+00    2.98679298E+02
   9.98465000E-03    3.49052002E+00    2.97281499E+02
   1.01727736E-02    3.54631231E+00    2.95864589E+02
   1.03644418E-02    3.60288237E+00    2.94428302E+02
   1.05597211E-02    3.66023586E+00    2.92972389E+02
   1.07586799E-02    3.71837831E+00    2.91496646E+02
   1.09613872E-02    3.77731510E+00    2.90000916E+02
   1.11679138E-02    3.83705134E+00    2.88484985E+02
   1.13783317E-02    3.89759194E+00    2.86948597E+02
   1.15927141E-02    3.95894159E+00    2.85391538E+02
   1.18111357E-02    4.02110478E+00    2.83813641E+02
   1.20336726E-02    4.08408576E+00    2.82214750E+02
   1.22604025E-02    4.14788844E+00    2.80594631E+02
   1.24914042E-02    4.21251649E+00    2.78953063E+02
   1.27267583E-02    4.27797331E+00    2.77289868E+02
   1.29665468E-02    4.34426202E+00    2.75604912E+02
   1.32108532E-02    4.41138537E+00    2.73898017E+02
   1.34597627E-02    4.47934578E+00    2.72168970E+02
   1.37133619E-02    4.54814530E+00    2.70417596E+02
   1.39717392E-02    4.61778568E+00    2.68643763E+02
   1.42349847E-02    4.68826828E+00    2.66847339E+02
   1.45031901E-02    4.75959397E+00    2.65028139E+02
   1.47764489E-02    4.83176326E+00    2.63186000E+02
   1.50548562E-02    4.90477622E+00    2.61320802E+02
   1.53385090E-02    4.97863252E+00    2.59432452E+02
   1.56275062E-02    5.05333127E+00    2.57520803E+02
   1.59219485E-02    5.12887108E+00    2.55585707E+02
   1.62219384E-02    5.20525007E+00    2.53627054E+02
   1.65275806E-02    5.28246590E+00    2.51644778E+02
   1.68389815E-02    5.36051565E+00    2.49638808E+02
   1.71562495E-02    5.43939571E+00    2.47609026E+02
   1.74794953E-02    5.51910195E+00    2.45555337E+02
   1.78088314E-02    5.59962963E+00    2.43477687E+02
   1.81443727E-02    5.68097343E+00    2.41376057E+02
   1.84862360E-02    5.76312729E+00    2.39250399E+02
   1.88345404E-02    5.84608442E+00    2.37100647E+02
   1.91894073E-02    5.92983735E+00    2.34926768E+02
   1.95509604E-02    6.01437795E+00    2.32728770E+02
   1.99193256E-02    6.09969735E+00    2.30506683E+02
   2.02946313E-02    6.18578579E+00    2.28260498E+02
   2.06770082E-02    6.27263268E+00    2.25990222E+02
   2.10665896E-02    6.36022670E+00    2.23695900E+02
   2.14635113E-02    6.44855573E+00    2.21377608E+02
   2.18679114E-02    6.53760663E+00    2.19035403E+02
   2.22799309E-02    6.62736535E+00    2.16669349E+02
   2.26997134E-02    6.71781698E+00    2.14279541E+02
   2.31274052E-02    6.80894572E+00    2.11866114E+02
   2.35631552E-02    6.90073470E+00    2.09429192E+02
   2.40071153E-02    6.99316593E+00    2.06968897E+02
   2.44594402E-02    7.08622049E+00    2.04485388E+02
   2.49202875E-02    7.17987853E+00    2.01978859E+02
   2.53898177E-02    7.27411901E+00    1.99449510E+02
   2.58681945E-02    7.36891962E+00    1.96897536E+02
   2.63555845E-02    7.46425704E+00    1.94323165E+02
   2.68521576E-02    7.56010691E+00    1.91726660E+02
   2.73580867E-02    7.65644355E+00    1.89108291E+02
   2.78735482E-02    7.75323998E+00    1.86468338E+02
   2.83987217E-02    7.85046813E+00    1.83807114E+02
   2.89337901E-02    7.94809865E+00    1.81124952E+02
   2.94789399E-02    8.04610079E+00    1.78422199E+02
   3.00343610E-02    8.14444263E+00    1.75699231E+02
   3.06002469E-02    8.24309082E+00    1.72956443E+02
   3.11767949E-02    8.34201066E+00    1.70194248E+02
   3.17642057E-02    8.44116616E+00    1.67413093E+02
   3.23626842E-02    8.54051981E+00    1.64613437E+02
   3.29724387E-02    8.64003280E+00    1.61795768E+02
   3.35936818E-02    8.73966479E+00    1.58960598E+02
   3.42266299E-02    8.83937404E+00    1.56108462E+02
   3.48715036E-02    8.93911736E+00    1.53239922E+02
   3.55285275E-02    9.03884998E+00    1.50355560E+02
   3.61979306E-02    9.13852583E+00    1.47455990E+02
   3.68799461E-02    9.23809708E+00    1.44541846E+02
   3.75748117E-02    9.33751450E+00    1.41613790E+02
   3.82827694E-02    9.43672746E+00    1.38672513E+02
   3.90040660E-02    9.53568359E+00    1.35718727E+02
   3.97389527E-02    9.63432914E+00    1.32753176E+02
   4.04876856E-02    9.73260866E+00    1.29776625E+02
   4.12505256E-02    9.83046536E+00    1.26789872E+02
   4.20277385E-02    9.92784070E+00    1.23793736E+02
   4.28195951E-02    1.00246748E+01    1.20789069E+02
   4.36263713E-02    1.01209061E+01    1.17776746E+02
   4.44483481E-02    1.02164717E+01    1.14757670E+02
   4.52858121E-02    1.03113069E+01    1.11732772E+02
   4.61390550E-02    1.04053458E+01    1.08703010E+02
   4.70083741E-02    1.04985209E+01    1.05669368E+02
   4.78940722E-02    1.05907634E+01    1.02632857E+02
   4.87964581E-02    1.06820027E+01    9.95945166E+01
   4.97158460E-02    1.07721674E+01    9.65554096E+01
   5.06525564E-02    1.08611841E+01    9.35166276E+01
   5.16069157E-02    1.09489785E+01    9.04792859E+01
   5.25792562E-02    1.10354750E+01    8.74445263E+01
   5.35699170E-02    1.11205964E+01    8.44135151E+01
   5.45792430E-02    1.12042649E+01    8.13874422E+01
   5.56075861E-02    1.12864009E+01    7.83675227E+01
   5.66553044E-02    1.13669242E+01    7.53549927E+01
   5.77227631E-02    1.14457535E+01    7.23511125E+01
   5.88103342E-02    1.15228064E+01    6.93571623E+01
   5.99183964E-02    1.15979996E+01    6.63744451E+01
   6.10473360E-02    1.16712493E+01    6.34042802E+01
   6.21975462E-02    1.17424710E+01    6.04480037E+01
   6.33694279E-02    1.18115787E+01    5.75069812E+01
   6.45633893E-02    1.18784866E+01    5.45825853E+01
   6.57798465E-02    1.19431089E+01    5.16761968E+01
   6.70192233E-02    1.20053585E+01    4.87892212E+01
   6.82819515E-02    1.20651485E+01    4.59230749E+01
   6.95684712E-02    1.21223920E+01    4.30791797E+01
   7.08792306E-02    1.21770017E+01    4.02589713E+01
   7.22146863E-02    1.22288907E+01    3.74638899E+01
   7.35753038E-02    1.22779724E+01    3.46953821E+01
   7.49615570E-02    1.23241602E+01    3.19548982E+01
   7.63739291E-02    1.23673684E+01    2.92438904E+01
   7.78129120E-02    1.24075118E+01    2.65638099E+01
   7.92790072E-02    1.24445059E+01    2.39161058E+01
   8.07727256E-02    1.24782672E+01    2.13022234E+01
   8.22945875E-02    1.25087135E+01    1.87236001E+01
   8.38451232E-02    1.25357634E+01    1.61816651E+01
   8.54248730E-02    1.25593374E+01    1.36778361E+01
   8.70343874E-02    1.25793574E+01    1.12135171E+01
   8.86742270E-02    1.25957469E+01    8.79009647E+00
   9.03449634E-02    1.26084315E+01    6.40894349E+00
   9.20471786E-02    1.26173389E+01    4.07140694E+00
   9.37814656E-02    1.26223991E+01    1.77881385E+00
   9.55484289E-02    1.26235445E+01   -4.67536800E-01
   9.73486841E-02    1.26207102E+01   -2.66637202E+00
   9.91828583E-02    1.26138342E+01   -4.81645005E+00
   1.01051591E-01    1.26028573E+01   -6.91656195E+00
   1.02955533E-01    1.25877237E+01   -8.96553230E+00
   1.04895347E-01    1.25683811E+01   -1.09622253E+01
   1.06871710E-01    1.25447805E+01   -1.29055435E+01
   1.08885310E-01    1.25168770E+01   -1.47944315E+01
   1.10936850E-01    1.24846297E+01   -1.66278802E+01
   1.13027042E-01    1.24480013E+01   -1.84049201E+01
   1.15156617E-01    1.24069595E+01   -2.01246407E+01
   1.17326316E-01    1.23614764E+01   -2.17861745E+01
   1.19536894E-01    1.23115287E+01   -2.33887123E+01
   1.21789123E-01    1.22570979E+01   -2.49314959E+01
   1.24083786E-01    1.21981709E+01   -2.64138284E+01
   1.26421684E-01    1.21347395E+01   -2.78350705E+01
   1.28803631E-01    1.20668013E+01   -2.91946466E+01
   1.31230457E-01    1.19943592E+01   -3.04920447E+01
   1.33703007E-01    1.19174218E+01   -3.17268193E+01
   1.36222144E-01    1.18360040E+01   -3.28985952E+01
   1.38788744E-01    1.17501259E+01   -3.40070611E+01
   1.41403702E-01    1.16598145E+01   -3.50519888E+01
   1.44067930E-01    1.15651027E+01   -3.60332165E+01
   1.46782354E-01    1.14660297E+01   -3.69506610E+01
   1.49547923E-01    1.13626414E+01   -3.78043199E+01
   1.52365598E-01    1.12549899E+01   -3.85942694E+01
   1.55236361E-01    1.11431337E+01   -3.93206590E+01
   1.58161214E-01    1.10271385E+01   -3.99837316E+01
   1.61141174E-01    1.09070761E+01   -4.05838104E+01
   1.64177281E-01    1.07830251E+01   -4.11212975E+01
   1.67270592E-01    1.06550706E+01   -4.15966831E+01
   1.70422184E-01    1.05233045E+01   -4.20105437E+01
   1.73633157E-01    1.03878252E+01   -4.23635387E+01
   1.76904629E-01    1.02487372E+01   -4.26564110E+01
   1.80237740E-01    1.01061518E+01   -4.28899920E+01
   1.83633650E-01    9.96018643E+00   -4.30651906E+01
   1.87093544E-01    9.81096464E+00   -4.31830034E+01
   1.90618627E-01    9.65861584E+00   -4.32445026E+01
   1.94210126E-01    9.50327548E+00   -4.32508441E+01
   1.97869295E-01    9.34508445E+00   -4.32032572E+01
   2.01597406E-01    9.18418913E+00   -4.31030475E+01
   2.05395761E-01    9.02074107E+00   -4.29515930E+01
   2.09265681E-01    8.85489660E+00   -4.27503374E+01
   2.13208515E-01    8.68681699E+00   -4.25007959E+01
   2.17225637E-01    8.51666761E+00   -4.22045414E+01
   2.21318447E-01    8.34461804E+00   -4.18632078E+01
   2.25488371E-01    8.17084151E+00   -4.14784832E+01
   2.29736862E-01    7.99551468E+00   -4.10521065E+01
   2.34065399E-01    7.81881726E+00   -4.05858634E+01
   2.38475492E-01    7.64093162E+00   -4.00815815E+01
   2.42968677E-01    7.46204245E+00   -3.95411260E+01
   2.47546519E-01    7.28233632E+00   -3.89663949E+01
   2.52210613E-01    7.10200134E+00   -3.83593147E+01
   2.56962585E-01    6.92122665E+00   -3.77218337E+01
   2.61804090E-01    6.74020215E+00   -3.70559207E+01
   2.66736815E-01    6.55911795E+00   -3.63635567E+01
   2.71762480E-01    6.37816394E+00   -3.56467306E+01
   2.76882834E-01    6.19752964E+00   -3.49074402E+01
   2.82099662E-01    6.01740293E+00   -3.41476702E+01
   2.87414782E-01    5.83797087E+00   -3.33694123E+01
   2.92830046E-01    5.65941836E+00   -3.25746438E+01
   2.98347340E-01    5.48192790E+00   -3.17653262E+01
   3.03968587E-01    5.30567895E+00   -3.09433955E+01
   3.09695746E-01    5.13084822E+00   -3.01107744E+01
   3.15530812E-01    4.95760865E+00   -2.92693557E+01
   3.21475817E-01    4.78612889E+00   -2.84209948E+01
   3.27532835E-01    4.61657309E+00   -2.75675092E+01
   3.33703974E-01    4.44910091E+00   -2.67106881E+01
   3.39991386E-01    4.28386634E+00   -2.58522661E+01
   3.46397260E-01    4.12101849E+00   -2.49939545E+01
   3.52923830E-01    3.96069885E+00   -2.41373631E+01
   3.59573368E-01    3.80304446E+00   -2.32841113E+01
   3.66348192E-01    3.64818466E+00   -2.24357299E+01
   3.73250663E-01    3.49624186E+00   -2.15936933E+01
   3.80283185E-01    3.34733134E+00   -2.07594201E+01
   3.87448208E-01    3.20156076E+00   -1.99342656E+01
   3.94748230E-01    3.05902998E+00   -1.91195185E+01
   4.02185794E-01    2.91983082E+00   -1.83164017E+01
   4.09763491E-01    2.78404687E+00   -1.75260685E+01
   4.17483961E-01    2.65175330E+00   -1.67496016E+01
   4.25349896E-01    2.52301674E+00   -1.59880110E+01
   4.33364034E-01    2.39789513E+00   -1.52422340E+01
   4.41529169E-01    2.27643773E+00   -1.45131315E+01
   4.49848146E-01    2.15868496E+00   -1.38014901E+01
   4.58323863E-01    2.04466848E+00   -1.31080181E+01
   4.66959273E-01    1.93441120E+00   -1.24333473E+01
   4.75757386E-01    1.82792732E+00   -1.17780317E+01
   4.84721266E-01    1.72522249E+00   -1.11425479E+01
   4.93854037E-01    1.62629391E+00   -1.05272952E+01
   5.03158882E-01    1.53113036E+00   -9.93259628E+00
   5.12639042E-01    1.43971320E+00   -9.35869910E+00
   5.22297820E-01    1.35201510E+00   -8.80577738E+00
   5.32138581E-01    1.26800189E+00   -8.27393361E+00
   5.42164756E-01    1.18763177E+00   -7.76320023E+00
   5.52379836E-01    1.11085684E+00   -7.27354509E+00
   5.62787382E-01    1.03762166E+00   -6.80486967E+00
   5.73391019E-01    9.67865365E-01   -6.35701696E+00
   5.84194443E-01    9.01521279E-01   -5.92977318E+00
   5.95201416E-01    8.38517283E-01   -5.52287103E+00
   6.06415776E-01    7.78776479E-01   -5.13599436E+00
   6.17841428E-01    7.22217263E-01   -4.76878042E+00
   6.29482354E-01    6.68754288E-01   -4.42082623E+00
   6.41342610E-01    6.18298348E-01   -4.09168977E+00
   6.53426329E-01    5.70757405E-01   -3.78089673E+00
   6.65737720E-01    5.26036310E-01   -3.48794062E+00
   6.78281074E-01    4.84037828E-01   -3.21228944E+00
   6.91060761E-01    4.44662795E-01   -2.95338793E+00
   7.04081233E-01    4.07810648E-01   -2.71066160E+00
   7.17347028E-01    3.73379720E-01   -2.48351948E+00
   7.30862768E-01    3.41267853E-01   -2.27135865E+00
   7.44633161E-01    3.11372603E-01   -2.07356632E+00
   7.58663007E-01    2.83591567E-01   -1.88952258E+00
   7.72957192E-01    2.57823000E-01   -1.71860487E+00
   7.87520699E-01    2.33966009E-01   -1.56018988E+00
   8.02358600E-01    2.11920878E-01   -1.41365619E+00
   8.17476067E-01    1.91589425E-01   -1.27838710E+00
   8.32878366E-01    1.72875278E-01   -1.15377296E+00
   8.48570865E-01    1.55684100E-01   -1.03921306E+00
   8.64559030E-01    1.39923952E-01   -9.34118494E-01
   8.80848432E-01    1.25505427E-01   -8.37913446E-01
   8.97444748E-01    1.12341773E-01   -7.50036443E-01
   9.14353760E-01    1.00349264E-01   -6.69943141E-01
   9.31581360E-01    8.94468664E-02   -5.97104544E-01
   9.49133549E-01    7.95579027E-02   -5.31018165E-01
   9.67016445E-01    7.06073418E-02   -4.71190746E-01
   9.85236277E-01    6.25245709E-02   -4.17156570E-01
   1.00379939E+00    5.52420820E-02   -3.68469195E-01
   1.02271226E+00    4.86958517E-02   -3.24704175E-01
   1.04198148E+00    4.28252878E-02   -2.85458924E-01
   1.06161375E+00    3.75732362E-02   -2.50352963E-01
   1.08161591E+00    3.28859086E-02   -2.19027610E-01
   1.10199495E+00    2.87128961E-02   -1.91146215E-01
   1.12275795E+00    2.50070491E-02   -1.66393500E-01
   1.14391215E+00    2.17244246E-02   -1.44475308E-01
   1.16546492E+00    1.88241965E-02   -1.25118111E-01
   1.18742378E+00    1.62685211E-02   -1.08068180E-01
   1.20979637E+00    1.40224767E-02   -9.30912501E-02
   1.23259049E+00    1.20538711E-02   -7.99712840E-02
   1.25581407E+00    1.03331777E-02   -6.85100823E-02
   1.27947522E+00    8.83337802E-03   -5.85262632E-02
   1.30358218E+00    7.52981805E-03   -4.98543193E-02
   1.32814334E+00    6.40009153E-03   -4.23438522E-02
   1.35316727E+00    5.42387808E-03   -3.58584969E-02
   1.37866268E+00    4.58284271E-03   -3.02752525E-02
   1.40463846E+00    3.86045065E-03   -2.54832417E-02
   1.43110365E+00    3.24188036E-03   -2.13831260E-02
   1.45806748E+00    2.71386552E-03   -1.78860420E-02
   1.48553935E+00    2.26458490E-03   -1.49128572E-02
   1.51352881E+00    1.88353432E-03   -1.23933057E-02
   1.54204564E+00    1.56141630E-03   -1.02652410E-02
   1.57109976E+00    1.29002738E-03   -8.47387429E-03
   1.60070130E+00    1.06215429E-03   -6.97107111E-03
   1.63086057E+00    8.71486379E-04   -5.71475847E-03
   1.66158808E+00    7.12510107E-04   -4.66821181E-03
   1.69289453E+00    5.80430230E-04   -3.79952196E-03
   1.72479084E+00    4.71099412E-04   -3.08111870E-03
   1.75728811E+00    3.80931443E-04   -2.48918615E-03
   1.79039768E+00    3.06851529E-04   -2.00332616E-03
   1.82413107E+00    2.46221327E-04   -1.60605436E-03
   1.85850004E+00    1.96791709E-04   -1.28248180E-03
   1.89351657E+00    1.56655962E-04   -1.02000010E-03
   1.92919286E+00    1.24196050E-04   -8.07921456E-04
   1.96554133E+00    9.80539511E-05   -6.37285672E-04
   2.00257465E+00    7.70870629E-05   -5.00562243E-04
   2.04030573E+00    6.03426808E-05   -3.91479358E-04
   2.07874771E+00    4.70285927E-05   -3.04827673E-04
   2.11791399E+00    3.64888196E-05   -2.36298591E-04
   2.15781821E+00    2.81825106E-05   -1.82343762E-04
   2.19847428E+00    2.16666557E-05   -1.40060096E-04
   2.23989636E+00    1.65787942E-05   -1.07075064E-04
   2.28209888E+00    1.26250575E-05   -8.14673480E-05
   2.32509656E+00    9.56726583E-06   -6.16815060E-05
   2.36890436E+00    7.21408848E-06   -4.64694897E-05
   2.41353756E+00    5.41221347E-06   -3.48323923E-05
   2.45901171E+00    4.03949303E-06   -2.59752677E-05
   2.50534265E+00    2.99913718E-06   -1.92689177E-05
   2.55254652E+00    2.21483340E-06   -1.42178227E-05
   2.60063978E+00    1.62674248E-06   -1.04338663E-05
   2.64963917E+00    1.18818962E-06   -7.61465408E-06
   2.69956178E+00    8.62973698E-07   -5.52590768E-06
   2.75042499E+00    6.23173033E-07   -3.98712771E-06
   2.80224653E+00    4.47374720E-07   -2.86004088E-06
   2.85504446E+00    3.19256991E-07   -2.03936288E-06
   2.90883716E+00    2.26448202E-07   -1.44537433E-06
   2.96364339E+00    1.59626525E-07   -1.01807084E-06
   3.01948224E+00    1.11814663E-07   -7.12586094E-07
   3.07637316E+00    7.78216440E-08   -4.95574384E-07
   3.13433599E+00    5.38093762E-08   -3.42405338E-07
   3.19339090E+00    3.69586790E-08   -2.35005159E-07
   3.25355849E+00    2.52130405E-08   -1.60202348E-07
   3.31485971E+00    1.70815175E-08   -1.08456882E-07
   3.37731593E+00    1.14911707E-08   -7.29098594E-08
   3.44094890E+00    7.67509691E-09   -4.86632948E-08
   3.50578079E+00    5.08891459E-09   -3.22435450E-08
   3.57183421E+00    3.34910082E-09   -2.12055791E-08
   3.63913215E+00    2.18742216E-09   -1.38408615E-08
   3.70769808E+00    1.41767562E-09   -8.96438045E-09
   3.77755587E+00    9.11587125E-10   -5.76048122E-09
   3.84872988E+00    5.81476180E-10   -3.67209531E-09
   3.92124489E+00    3.67886411E-10   -2.32178200E-09
   3.99512618E+00    2.30820958E-10   -1.45583723E-09
   4.07039949E+00    1.43598525E-10   -9.05152271E-10
   4.14709105E+00    8.85656761E-11   -5.57924378E-10
   4.22522757E+00    5.41450057E-11   -3.40887195E-10
   4.30483628E+00    3.28059256E-11   -2.06419664E-10
   4.38594493E+00    1.96960012E-11   -1.23858951E-10
   4.46858177E+00    1.17152169E-11   -7.36299038E-11
   4.55277559E+00    6.90258813E-12   -4.33585211E-11
   4.63855573E+00    4.02766619E-12   -2.52859008E-11
   4.72595208E+00    2.32707511E-12   -1.46016419E-11
   4.81499508E+00    1.33125850E-12   -8.34880121E-12
   4.90571578E+00    7.53679219E-13   -4.72413348E-12
   4.99814576E+00    4.22326253E-13   -2.64582784E-12
   5.09231725E+00    2.34072042E-13   -1.46569657E-12
   5.18826305E+00    1.28410622E-13   -8.03676189E-13
   5.28601659E+00    6.96057418E-14   -4.35424551E-13
   5.38561193E+00    3.73644066E-14   -2.33625135E-13
   5.48708378E+00    1.98094181E-14   -1.23802245E-13
   5.59046749E+00    1.03865919E-14   -6.48827825E-14
   5.69579908E+00    5.36157772E-15   -3.34770546E-14
   5.80311525E+00    2.74856053E-15   -1.71541617E-14
   5.91245339E+00    1.37217584E-15   -8.55987692E-15
   6.02385161E+00    6.97895186E-16   -4.35194786E-15
   6.13734871E+00    3.42964878E-16   -2.13775652E-15
   6.25298425E+00    1.65292639E-16   -1.02982307E-15
   6.37079850E+00    7.73021050E-17   -4.81376710E-16
   6.49083253E+00    3.82498389E-17   -2.38130068E-16
   6.61312815E+00    1.79544097E-17   -1.11745474E-16
   6.73772798E+00    8.16272482E-18   -5.07786805E-17
   6.86467543E+00    3.50687234E-18   -2.17993010E-17
   6.99401474E+00    1.39863807E-18   -8.68620573E-18
   7.12579096E+00    7.19511347E-19   -4.46991449E-18
   7.26005002E+00    4.18152472E-19    0.00000000E+00
   7.39683868E+00    2.19325808E-19    0.00000000E+00
   7.53620463E+00    8.04643333E-20    0.00000000E+00
   7.67819640E+00    0.00000000E+00    0.00000000E+00
   7.82286349E+00    0.00000000E+00    0.00000000E+00
   7.97025628E+00    0.00000000E+00    0.00000000E+00
   8.12042615E+00    0.00000000E+00    0.00000000E+00
   8.27342541E+00    0.00000000E+00    0.00000000E+00
   8.42930737E+00    0.00000000E+00    0.00000000E+00
   8.58812635E+00    0.00000000E+00    0.00000000E+00
   8.74993769E+00    0.00000000E+00    0.00000000E+00
   8.91479775E+00    0.00000000E+00    0.00000000E+00
   9.08276399E+00    0.00000000E+00    0.00000000E+00
   9.25389494E+00    0.00000000E+00    0.00000000E+00
   9.42825020E+00    0.00000000E+00    0.00000000E+00
   9.60589055E+00    0.00000000E+00    0.00000000E+00
   9.78687787E+00    0.00000000E+00    0.00000000E+00
   9.97127522E+00    0.00000000E+00    0.00000000E+00
   1.01591469E+01    0.00000000E+00    0.00000000E+00
   1.03505582E+01    0.00000000E+00    0.00000000E+00
   1.05455760E+01    0.00000000E+00    0.00000000E+00
   1.07442682E+01    0.00000000E+00    0.00000000E+00
   1.09467041E+01    0.00000000E+00    0.00000000E+00
   1.11529540E+01    0.00000000E+00    0.00000000E+00
   1.13630900E+01    0.00000000E+00    0.00000000E+00
   1.15771852E+01    0.00000000E+00    0.00000000E+00
   1.17953143E+01    0.00000000E+00    0.00000000E+00
   1.20175531E+01    0.00000000E+00    0.00000000E+00
   1.22439793E+01    0.00000000E+00    0.00000000E+00
   1.24746716E+01    0.00000000E+00    0.00000000E+00
   1.27097104E+01    0.00000000E+00    0.00000000E+00
   1.29491777E+01    0.00000000E+00    0.00000000E+00
   1.31931568E+01    0.00000000E+00    0.00000000E+00
   1.34417328E+01    0.00000000E+00    0.00000000E+00
   1.36949924E+01    0.00000000E+00    0.00000000E+00
   1.39530236E+01    0.00000000E+00    0.00000000E+00
   1.42159165E+01    0.00000000E+00    0.00000000E+00
   1.44837626E+01    0.00000000E+00    0.00000000E+00
   1.47566553E+01    0.00000000E+00    0.00000000E+00
   1.50346897E+01    0.00000000E+00    0.00000000E+00
   1.53179625E+01    0.00000000E+00    0.00000000E+00
   1.56065726E+01    0.00000000E+00    0.00000000E+00
   1.59006205E+01    0.00000000E+00    0.00000000E+00
   1.62002086E+01    0.00000000E+00    0.00000000E+00
   1.65054413E+01    0.00000000E+00    0.00000000E+00
   1.68164251E+01    0.00000000E+00    0.00000000E+00
   1.71332681E+01    0.00000000E+00    0.00000000E+00
   1.74560809E+01    0.00000000E+00    0.00000000E+00
   1.77849759E+01    0.00000000E+00    0.00000000E+00
   1.81200677E+01    0.00000000E+00    0.00000000E+00
   1.84614730E+01    0.00000000E+00    0.00000000E+00
   1.88093109E+01    0.00000000E+00    0.00000000E+00
   1.91637025E+01    0.00000000E+00    0.00000000E+00
   1.95247712E+01    0.00000000E+00    0.00000000E+00
   1.98926430E+01    0.00000000E+00    0.00000000E+00
   2.02674460E+01    0.00000000E+00    0.00000000E+00
   2.06493107E+01    0.00000000E+00    0.00000000E+00
   2.10383702E+01    0.00000000E+00    0.00000000E+00
   2.14347601E+01    0.00000000E+00    0.00000000E+00
   2.18386186E+01    0.00000000E+00    0.00000000E+00
   2.22500862E+01    0.00000000E+00    0.00000000E+00
   2.26693064E+01    0.00000000E+00    0.00000000E+00
   2.30964253E+01    0.00000000E+00    0.00000000E+00
   2.35315916E+01    0.00000000E+00    0.00000000E+00
   2.39749570E+01    0.00000000E+00    0.00000000E+00
   2.44266760E+01    0.00000000E+00    0.00000000E+00
   2.48869059E+01    0.00000000E+00    0.00000000E+00
   2.53558072E+01    0.00000000E+00    0.00000000E+00
   2.58335432E+01    0.00000000E+00    0.00000000E+00
   2.63202803E+01    0.00000000E+00    0.00000000E+00
   2.68161882E+01    0.00000000E+00    0.00000000E+00
   2.73214397E+01    0.00000000E+00    0.00000000E+00
   2.78362107E+01    0.00000000E+00    0.00000000E+00
   2.83606806E+01    0.00000000E+00    0.00000000E+00
   2.88950323E+01    0.00000000E+00    0.00000000E+00
   2.94394518E+01    0.00000000E+00    0.00000000E+00
   2.99941289E+01    0.00000000E+00    0.00000000E+00
   3.05592568E+01    0.00000000E+00    0.00000000E+00
   3.11350325E+01    0.00000000E+00    0.00000000E+00
   3.17216565E+01    0.00000000E+00    0.00000000E+00
   3.23193333E+01    0.00000000E+00    0.00000000E+00
   3.29282710E+01    0.00000000E+00    0.00000000E+00
   3.35486819E+01    0.00000000E+00    0.00000000E+00
   3.41807822E+01    0.00000000E+00    0.00000000E+00
   3.48247920E+01    0.00000000E+00    0.00000000E+00
   3.54809359E+01    0.00000000E+00    0.00000000E+00
   3.61494423E+01    0.00000000E+00    0.00000000E+00
   3.68305442E+01    0.00000000E+00    0.00000000E+00
   3.75244790E+01    0.00000000E+00    0.00000000E+00
   3.82314884E+01    0.00000000E+00    0.00000000E+00
   3.89518187E+01    0.00000000E+00    0.00000000E+00
   3.96857210E+01    0.00000000E+00    0.00000000E+00
   4.04334510E+01    0.00000000E+00    0.00000000E+00
   4.11952691E+01    0.00000000E+00    0.00000000E+00
   4.19714409E+01    0.00000000E+00    0.00000000E+00
   4.27622368E+01    0.00000000E+00    0.00000000E+00
   4.35679323E+01    0.00000000E+00    0.00000000E+00
   4.43888081E+01    0.00000000E+00    0.00000000E+00
   4.52251502E+01    0.00000000E+00    0.00000000E+00
   4.60772502E+01    0.00000000E+00    0.00000000E+00
   4.69454047E+01    0.00000000E+00    0.00000000E+00
   4.78299165E+01    0.00000000E+00    0.00000000E+00
   4.87310935E+01    0.00000000E+00    0.00000000E+00
   4.96492499E+01    0.00000000E+00    0.00000000E+00
   5.05847056E+01    0.00000000E+00    0.00000000E+00
   5.15377864E+01    0.00000000E+00    0.00000000E+00
   5.25088245E+01    0.00000000E+00    0.00000000E+00
   5.34981582E+01    0.00000000E+00    0.00000000E+00
   5.45061323E+01    0.00000000E+00    0.00000000E+00
   5.55330978E+01    0.00000000E+00    0.00000000E+00
   5.65794127E+01    0.00000000E+00    0.00000000E+00
   5.76454415E+01    0.00000000E+00    0.00000000E+00
   5.87315557E+01    0.00000000E+00    0.00000000E+00
   5.98381337E+01    0.00000000E+00    0.00000000E+00
   6.09655610E+01    0.00000000E+00    0.00000000E+00
   6.21142304E+01    0.00000000E+00    0.00000000E+00
   6.32845423E+01    0.00000000E+00    0.00000000E+00
   6.44769044E+01    0.00000000E+00    0.00000000E+00
   6.56917321E+01    0.00000000E+00    0.00000000E+00
   6.69294487E+01    0.00000000E+00    0.00000000E+00
   6.81904855E+01    0.00000000E+00    0.00000000E+00
   6.94752819E+01    0.00000000E+00    0.00000000E+00
   7.07842854E+01    0.00000000E+00    0.00000000E+00
   7.21179523E+01    0.00000000E+00    0.00000000E+00
   7.34767472E+01    0.00000000E+00    0.00000000E+00
   7.48611435E+01    0.00000000E+00    0.00000000E+00
   7.62716236E+01    0.00000000E+00    0.00000000E+00
   7.77086789E+01    0.00000000E+00    0.00000000E+00
   7.91728103E+01    0.00000000E+00    0.00000000E+00
   8.06645277E+01    0.00000000E+00    0.00000000E+00
   8.21843511E+01    0.00000000E+00    0.00000000E+00
   8.37328098E+01    0.00000000E+00    0.00000000E+00
   8.53104435E+01    0.00000000E+00    0.00000000E+00
   8.69178018E+01    0.00000000E+00    0.00000000E+00
   8.85554449E+01    0.00000000E+00    0.00000000E+00
   9.02239432E+01    0.00000000E+00    0.00000000E+00
   9.19238782E+01    0.00000000E+00    0.00000000E+00
   9.36558422E+01    0.00000000E+00    0.00000000E+00
   9.54204385E+01    0.00000000E+00    0.00000000E+00
   9.72182822E+01    0.00000000E+00    0.00000000E+00
   9.90499995E+01    0.00000000E+00    0.00000000E+00
   1.00916229E+02    0.00000000E+00    0.00000000E+00
   1.02817620E+02    0.00000000E+00    0.00000000E+00
   1.04754836E+02    0.00000000E+00    0.00000000E+00
   1.06728552E+02    0.00000000E+00    0.00000000E+00
   1.08739455E+02    0.00000000E+00    0.00000000E+00
   1.10788246E+02    0.00000000E+00    0.00000000E+00
   1.12875639E+02    0.00000000E+00    0.00000000E+00
   1.15002361E+02    0.00000000E+00    0.00000000E+00
   1.17169153E+02    0.00000000E+00    0.00000000E+00
   1.19376770E+02    0.00000000E+00    0.00000000E+00
   1.21625982E+02    0.00000000E+00    0.00000000E+00
   1.23917572E+02    0.00000000E+00    0.00000000E+00
   1.26252338E+02    0.00000000E+00    0.00000000E+00
   1.28631094E+02    0.00000000E+00    0.00000000E+00
   1.31054669E+02    0.00000000E+00    0.00000000E+00
   1.33523908E+02    0.00000000E+00    0.00000000E+00
   1.36039670E+02    0.00000000E+00    0.00000000E+00
   1.38602832E+02    0.00000000E+00    0.00000000E+00
   1.41214287E+02    0.00000000E+00    0.00000000E+00
   1.43874946E+02    0.00000000E+00    0.00000000E+00
