# Peaks:     0.880848  
   4.79583140E-05    5.38483625E-07    1.86385698E-02
   4.88619103E-05    5.55609976E-07    1.88778136E-02
   4.97825314E-05    5.73119947E-07    1.91158284E-02
   5.07204983E-05    5.91087137E-07    1.93544155E-02
   5.16761376E-05    6.09592742E-07    1.95954515E-02
   5.26497824E-05    6.28721711E-07    1.98407761E-02
   5.36417720E-05    6.48511454E-07    2.00908668E-02
   5.46524518E-05    6.68963517E-07    2.03452456E-02
   5.56821742E-05    6.90077048E-07    2.06033926E-02
   5.67312979E-05    7.11850606E-07    2.08647950E-02
   5.78001885E-05    7.34298930E-07    2.11293535E-02
   5.88892183E-05    7.57449865E-07    2.13972755E-02
   5.99987668E-05    7.81332932E-07    2.16687806E-02
   6.11292206E-05    8.05978524E-07    2.19440815E-02
   6.22809737E-05    8.31412583E-07    2.22232644E-02
   6.34544272E-05    8.57658649E-07    2.25063439E-02
   6.46499901E-05    8.84740796E-07    2.27933315E-02
   6.58680790E-05    9.12683954E-07    2.30842422E-02
   6.71091182E-05    9.41515707E-07    2.33791337E-02
   6.83735402E-05    9.71265353E-07    2.36780817E-02
   6.96617856E-05    1.00196315E-06    2.39811620E-02
   7.09743031E-05    1.03364025E-06    2.42884485E-02
   7.23115501E-05    1.06632836E-06    2.46000085E-02
   7.36739926E-05    1.10006004E-06    2.49159062E-02
   7.50621053E-05    1.13486886E-06    2.52362051E-02
   7.64763718E-05    1.17078949E-06    2.55609705E-02
   7.79172849E-05    1.20785804E-06    2.58902755E-02
   7.93853466E-05    1.24611183E-06    2.62241940E-02
   8.08810685E-05    1.28558931E-06    2.65627994E-02
   8.24049717E-05    1.32633022E-06    2.69061665E-02
   8.39575873E-05    1.36837568E-06    2.72543736E-02
   8.55394561E-05    1.41176809E-06    2.76074989E-02
   8.71511293E-05    1.45655119E-06    2.79656198E-02
   8.87931685E-05    1.50277022E-06    2.83288169E-02
   9.04661459E-05    1.55047205E-06    2.86971750E-02
   9.21706443E-05    1.59970501E-06    2.90707782E-02
   9.39072576E-05    1.65051898E-06    2.94497104E-02
   9.56765910E-05    1.70296557E-06    2.98340598E-02
   9.74792609E-05    1.75709820E-06    3.02239173E-02
   9.93158954E-05    1.81297195E-06    3.06193733E-02
   1.01187134E-04    1.87064368E-06    3.10205182E-02
   1.03093630E-04    1.93017232E-06    3.14274481E-02
   1.05036046E-04    1.99161876E-06    3.18402608E-02
   1.07015060E-04    2.05504580E-06    3.22590531E-02
   1.09031362E-04    2.12051837E-06    3.26839234E-02
   1.11085653E-04    2.18810370E-06    3.31149761E-02
   1.13178649E-04    2.25787126E-06    3.35523160E-02
   1.15311080E-04    2.32989272E-06    3.39960471E-02
   1.17483689E-04    2.40424221E-06    3.44462769E-02
   1.19697233E-04    2.48099651E-06    3.49031183E-02
   1.21952482E-04    2.56023488E-06    3.53666835E-02
   1.24250224E-04    2.64203915E-06    3.58370845E-02
   1.26591258E-04    2.72649406E-06    3.63144394E-02
   1.28976399E-04    2.81368728E-06    3.67988694E-02
   1.31406480E-04    2.90370929E-06    3.72904947E-02
   1.33882347E-04    2.99665360E-06    3.77894369E-02
   1.36404863E-04    3.09261711E-06    3.82958248E-02
   1.38974906E-04    3.19169994E-06    3.88097885E-02
   1.41593371E-04    3.29400547E-06    3.93314568E-02
   1.44261172E-04    3.39964067E-06    3.98609629E-02
   1.46979238E-04    3.50871630E-06    4.03984465E-02
   1.49748516E-04    3.62134680E-06    4.09440465E-02
   1.52569970E-04    3.73765034E-06    4.14979018E-02
   1.55444584E-04    3.85774938E-06    4.20601589E-02
   1.58373360E-04    3.98177057E-06    4.26309677E-02
   1.61357318E-04    4.10984473E-06    4.32104771E-02
   1.64397497E-04    4.24210714E-06    4.37988382E-02
   1.67494957E-04    4.37869798E-06    4.43962110E-02
   1.70650777E-04    4.51976213E-06    4.50027560E-02
   1.73866057E-04    4.66544924E-06    4.56186327E-02
   1.77141917E-04    4.81591432E-06    4.62440076E-02
   1.80479498E-04    4.97131782E-06    4.68790532E-02
   1.83879964E-04    5.13182556E-06    4.75239413E-02
   1.87344498E-04    5.29760892E-06    4.81788442E-02
   1.90874309E-04    5.46884557E-06    4.88439451E-02
   1.94470627E-04    5.64571923E-06    4.95194287E-02
   1.98134703E-04    5.82841974E-06    5.02054785E-02
   2.01867815E-04    6.01714365E-06    5.09022842E-02
   2.05671264E-04    6.21209456E-06    5.16100440E-02
   2.09546375E-04    6.41348292E-06    5.23289554E-02
   2.13494498E-04    6.62152630E-06    5.30592160E-02
   2.17517009E-04    6.83645023E-06    5.38010352E-02
   2.21615308E-04    7.05848806E-06    5.45546252E-02
   2.25790825E-04    7.28788095E-06    5.53201967E-02
   2.30045015E-04    7.52487861E-06    5.60979667E-02
   2.34379358E-04    7.76973979E-06    5.68881626E-02
   2.38795366E-04    8.02273199E-06    5.76910108E-02
   2.43294578E-04    8.28413188E-06    5.85067381E-02
   2.47878560E-04    8.55422625E-06    5.93355841E-02
   2.52548911E-04    8.83331189E-06    6.01777922E-02
   2.57307257E-04    9.12169569E-06    6.10336038E-02
   2.62155256E-04    9.41969542E-06    6.19032677E-02
   2.67094598E-04    9.72764042E-06    6.27870444E-02
   2.72127003E-04    1.00458713E-05    6.36851930E-02
   2.77254225E-04    1.03747403E-05    6.45979734E-02
   2.82478051E-04    1.07146128E-05    6.55256605E-02
   2.87800301E-04    1.10658670E-05    6.64685324E-02
   2.93222828E-04    1.14288937E-05    6.74268652E-02
   2.98747523E-04    1.18040983E-05    6.84009450E-02
   3.04376310E-04    1.21919004E-05    6.93910692E-02
   3.10111150E-04    1.25927343E-05    7.03975339E-02
   3.15954043E-04    1.30070494E-05    7.14206370E-02
   3.21907023E-04    1.34353119E-05    7.24606936E-02
   3.27972165E-04    1.38780040E-05    7.35180209E-02
   3.34151582E-04    1.43356249E-05    7.45929342E-02
   3.40447427E-04    1.48086916E-05    7.56857624E-02
   3.46861894E-04    1.52977403E-05    7.67968447E-02
   3.53397217E-04    1.58033253E-05    7.79265183E-02
   3.60055675E-04    1.63260208E-05    7.90751251E-02
   3.66839586E-04    1.68664223E-05    8.02430257E-02
   3.73751315E-04    1.74251459E-05    8.14305808E-02
   3.80793270E-04    1.80028295E-05    8.26381504E-02
   3.87967904E-04    1.86001344E-05    8.38661123E-02
   3.95277718E-04    1.92177456E-05    8.51148525E-02
   4.02725258E-04    1.98563722E-05    8.63847538E-02
   4.10313119E-04    2.05167488E-05    8.76762096E-02
   4.18043946E-04    2.11996368E-05    8.89896310E-02
   4.25920431E-04    2.19058247E-05    9.03254269E-02
   4.33945319E-04    2.26361288E-05    9.16840086E-02
   4.42121406E-04    2.33913957E-05    9.30658098E-02
   4.50451541E-04    2.41725021E-05    9.44712676E-02
   4.58938627E-04    2.49803559E-05    9.59008165E-02
   4.67585620E-04    2.58158979E-05    9.73549096E-02
   4.76395534E-04    2.66801036E-05    9.88340129E-02
   4.85371438E-04    2.75739825E-05    1.00338589E-01
   4.94516459E-04    2.84985810E-05    1.01869110E-01
   5.03833784E-04    2.94549839E-05    1.03426070E-01
   5.13326660E-04    3.04443147E-05    1.05009963E-01
   5.22998394E-04    3.14677370E-05    1.06621284E-01
   5.32852355E-04    3.25264576E-05    1.08260551E-01
   5.42891978E-04    3.36217267E-05    1.09928293E-01
   5.53120761E-04    3.47548390E-05    1.11625031E-01
   5.63542266E-04    3.59271371E-05    1.13351308E-01
   5.74160126E-04    3.71400122E-05    1.15107684E-01
   5.84978041E-04    3.83949055E-05    1.16894715E-01
   5.95999779E-04    3.96933106E-05    1.18712967E-01
   6.07229180E-04    4.10367761E-05    1.20563032E-01
   6.18670158E-04    4.24269063E-05    1.22445502E-01
   6.30326698E-04    4.38653633E-05    1.24360971E-01
   6.42202863E-04    4.53538709E-05    1.26310060E-01
   6.54302790E-04    4.68942153E-05    1.28293400E-01
   6.66630695E-04    4.84882468E-05    1.30311616E-01
   6.79190874E-04    5.01378841E-05    1.32365359E-01
   6.91987702E-04    5.18451161E-05    1.34455297E-01
   7.05025639E-04    5.36120032E-05    1.36582094E-01
   7.18309228E-04    5.54406811E-05    1.38746428E-01
   7.31843097E-04    5.73333647E-05    1.40949006E-01
   7.45631961E-04    5.92923487E-05    1.43190534E-01
   7.59680625E-04    6.13200109E-05    1.45471720E-01
   7.73993984E-04    6.34188178E-05    1.47793309E-01
   7.88577025E-04    6.55913251E-05    1.50156048E-01
   8.03434829E-04    6.78401812E-05    1.52560685E-01
   8.18572573E-04    7.01681323E-05    1.55007997E-01
   8.33995532E-04    7.25780256E-05    1.57498778E-01
   8.49709079E-04    7.50728108E-05    1.60033816E-01
   8.65718690E-04    7.76555465E-05    1.62613924E-01
   8.82029942E-04    8.03294039E-05    1.65239939E-01
   8.98648519E-04    8.30976693E-05    1.67912698E-01
   9.15580211E-04    8.59637492E-05    1.70633048E-01
   9.32830919E-04    8.89311761E-05    1.73401872E-01
   9.50406652E-04    9.20036113E-05    1.76220055E-01
   9.68313534E-04    9.51848495E-05    1.79088487E-01
   9.86557805E-04    9.84788256E-05    1.82008092E-01
   1.00514582E-03    1.01889619E-04    1.84979807E-01
   1.02408406E-03    1.05421457E-04    1.88004568E-01
   1.04337912E-03    1.09078724E-04    1.91083341E-01
   1.06303772E-03    1.12865963E-04    1.94217116E-01
   1.08306672E-03    1.16787886E-04    1.97406881E-01
   1.10347309E-03    1.20849376E-04    2.00653643E-01
   1.12426394E-03    1.25055496E-04    2.03958446E-01
   1.14544651E-03    1.29411496E-04    2.07322332E-01
   1.16702820E-03    1.33922814E-04    2.10746356E-01
   1.18901651E-03    1.38595094E-04    2.14231611E-01
   1.21141911E-03    1.43434183E-04    2.17779200E-01
   1.23424380E-03    1.48446143E-04    2.21390228E-01
   1.25749854E-03    1.53637259E-04    2.25065839E-01
   1.28119142E-03    1.59014048E-04    2.28807195E-01
   1.30533072E-03    1.64583263E-04    2.32615460E-01
   1.32992482E-03    1.70351908E-04    2.36491826E-01
   1.35498232E-03    1.76327243E-04    2.40437518E-01
   1.38051192E-03    1.82516793E-04    2.44453760E-01
   1.40652254E-03    1.88928361E-04    2.48541797E-01
   1.43302323E-03    1.95570035E-04    2.52702915E-01
   1.46002323E-03    2.02450202E-04    2.56938404E-01
   1.48753195E-03    2.09577553E-04    2.61249565E-01
   1.51555896E-03    2.16961102E-04    2.65637743E-01
   1.54411404E-03    2.24610191E-04    2.70104297E-01
   1.57320713E-03    2.32534503E-04    2.74650591E-01
   1.60284837E-03    2.40744081E-04    2.79278027E-01
   1.63304809E-03    2.49249332E-04    2.83988036E-01
   1.66381682E-03    2.58061047E-04    2.88782047E-01
   1.69516526E-03    2.67190410E-04    2.93661524E-01
   1.72710435E-03    2.76649017E-04    2.98627966E-01
   1.75964522E-03    2.86448889E-04    3.03682877E-01
   1.79279920E-03    2.96602485E-04    3.08827781E-01
   1.82657784E-03    3.07122724E-04    3.14064248E-01
   1.86099291E-03    3.18022993E-04    3.19393856E-01
   1.89605641E-03    3.29317173E-04    3.24818197E-01
   1.93178054E-03    3.41019653E-04    3.30338911E-01
   1.96817777E-03    3.53145345E-04    3.35957653E-01
   2.00526077E-03    3.65709709E-04    3.41676086E-01
   2.04304246E-03    3.78728770E-04    3.47495919E-01
   2.08153600E-03    3.92219139E-04    3.53418887E-01
   2.12075481E-03    4.06198033E-04    3.59446730E-01
   2.16071256E-03    4.20683297E-04    3.65581226E-01
   2.20142316E-03    4.35693430E-04    3.71824188E-01
   2.24290080E-03    4.51247605E-04    3.78177439E-01
   2.28515993E-03    4.67365692E-04    3.84642827E-01
   2.32821528E-03    4.84068291E-04    3.91222246E-01
   2.37208185E-03    5.01376750E-04    3.97917603E-01
   2.41677492E-03    5.19313191E-04    4.04730820E-01
   2.46231006E-03    5.37900548E-04    4.11663869E-01
   2.50870314E-03    5.57162589E-04    4.18718743E-01
   2.55597033E-03    5.77123941E-04    4.25897445E-01
   2.60412810E-03    5.97810134E-04    4.33202023E-01
   2.65319322E-03    6.19247622E-04    4.40634557E-01
   2.70318279E-03    6.41463821E-04    4.48197134E-01
   2.75411422E-03    6.64487140E-04    4.55891879E-01
   2.80600527E-03    6.88347025E-04    4.63720958E-01
   2.85887402E-03    7.13073984E-04    4.71686546E-01
   2.91273887E-03    7.38699633E-04    4.79790847E-01
   2.96761862E-03    7.65256734E-04    4.88036111E-01
   3.02353236E-03    7.92779235E-04    4.96424602E-01
   3.08049960E-03    8.21302310E-04    5.04958605E-01
   3.13854017E-03    8.50862408E-04    5.13640454E-01
   3.19767430E-03    8.81497294E-04    5.22472502E-01
   3.25792259E-03    9.13246093E-04    5.31457117E-01
   3.31930603E-03    9.46149346E-04    5.40596716E-01
   3.38184602E-03    9.80249056E-04    5.49893740E-01
   3.44556435E-03    1.01558873E-03    5.59350645E-01
   3.51048321E-03    1.05221346E-03    5.68969925E-01
   3.57662522E-03    1.09016994E-03    5.78754110E-01
   3.64401343E-03    1.12950655E-03    5.88705742E-01
   3.71267133E-03    1.17027342E-03    5.98827395E-01
   3.78262282E-03    1.21252245E-03    6.09121684E-01
   3.85389230E-03    1.25630742E-03    6.19591238E-01
   3.92650458E-03    1.30168404E-03    6.30238709E-01
   4.00048497E-03    1.34871000E-03    6.41066793E-01
   4.07585924E-03    1.39744507E-03    6.52078204E-01
   4.15265367E-03    1.44795113E-03    6.63275674E-01
   4.23089500E-03    1.50029228E-03    6.74661975E-01
   4.31061049E-03    1.55453492E-03    6.86239903E-01
   4.39182793E-03    1.61074779E-03    6.98012267E-01
   4.47457561E-03    1.66900209E-03    7.09981912E-01
   4.55888237E-03    1.72937154E-03    7.22151713E-01
   4.64477757E-03    1.79193248E-03    7.34524552E-01
   4.73229114E-03    1.85676395E-03    7.47103344E-01
   4.82145359E-03    1.92394781E-03    7.59891033E-01
   4.91229597E-03    1.99356880E-03    7.72890574E-01
   5.00484993E-03    2.06571464E-03    7.86104945E-01
   5.09914773E-03    2.14047617E-03    7.99537155E-01
   5.19522223E-03    2.21794742E-03    8.13190225E-01
   5.29310689E-03    2.29822571E-03    8.27067188E-01
   5.39283582E-03    2.38141181E-03    8.41171112E-01
   5.49444378E-03    2.46761002E-03    8.55505076E-01
   5.59796616E-03    2.55692827E-03    8.70072164E-01
   5.70343903E-03    2.64947829E-03    8.84875489E-01
   5.81089915E-03    2.74537572E-03    8.99918180E-01
   5.92038395E-03    2.84474021E-03    9.15203365E-01
   6.03193159E-03    2.94769559E-03    9.30734192E-01
   6.14558093E-03    3.05437001E-03    9.46513828E-01
   6.26137157E-03    3.16489605E-03    9.62545433E-01
   6.37934385E-03    3.27941089E-03    9.78832182E-01
   6.49953889E-03    3.39805646E-03    9.95377263E-01
   6.62199855E-03    3.52097961E-03    1.01218386E+00
   6.74676551E-03    3.64833222E-03    1.02925515E+00
   6.87388324E-03    3.78027143E-03    1.04659435E+00
   7.00339603E-03    3.91695977E-03    1.06420463E+00
   7.13534900E-03    4.05856533E-03    1.08208918E+00
   7.26978815E-03    4.20526199E-03    1.10025118E+00
   7.40676029E-03    4.35722953E-03    1.11869382E+00
   7.54631317E-03    4.51465388E-03    1.13742025E+00
   7.68849541E-03    4.67772730E-03    1.15643364E+00
   7.83335654E-03    4.84664858E-03    1.17573713E+00
   7.98094704E-03    5.02162323E-03    1.19533384E+00
   8.13131833E-03    5.20286371E-03    1.21522689E+00
   8.28452281E-03    5.39058968E-03    1.23541935E+00
   8.44061387E-03    5.58502815E-03    1.25591430E+00
   8.59964587E-03    5.78641376E-03    1.27671477E+00
   8.76167425E-03    5.99498905E-03    1.29782376E+00
   8.92675545E-03    6.21100461E-03    1.31924425E+00
   9.09494699E-03    6.43471939E-03    1.34097916E+00
   9.26630747E-03    6.66640100E-03    1.36303141E+00
   9.44089661E-03    6.90632588E-03    1.38540385E+00
   9.61877523E-03    7.15477957E-03    1.40809926E+00
   9.80000531E-03    7.41205713E-03    1.43112042E+00
   9.98465000E-03    7.67846325E-03    1.45447002E+00
   1.01727736E-02    7.95431259E-03    1.47815070E+00
   1.03644418E-02    8.23993015E-03    1.50216503E+00
   1.05597211E-02    8.53565153E-03    1.52651554E+00
   1.07586799E-02    8.84182316E-03    1.55120465E+00
   1.09613872E-02    9.15880272E-03    1.57623473E+00
   1.11679138E-02    9.48695952E-03    1.60160805E+00
   1.13783317E-02    9.82667463E-03    1.62732681E+00
   1.15927141E-02    1.01783413E-02    1.65339310E+00
   1.18111357E-02    1.05423656E-02    1.67980894E+00
   1.20336726E-02    1.09191663E-02    1.70657622E+00
   1.22604025E-02    1.13091755E-02    1.73369673E+00
   1.24914042E-02    1.17128389E-02    1.76117215E+00
   1.27267583E-02    1.21306164E-02    1.78900405E+00
   1.29665468E-02    1.25629820E-02    1.81719385E+00
   1.32108532E-02    1.30104250E-02    1.84574286E+00
   1.34597627E-02    1.34734495E-02    1.87465222E+00
   1.37133619E-02    1.39525752E-02    1.90392297E+00
   1.39717392E-02    1.44483381E-02    1.93355595E+00
   1.42349847E-02    1.49612905E-02    1.96355188E+00
   1.45031901E-02    1.54920016E-02    1.99391128E+00
   1.47764489E-02    1.60410576E-02    2.02463453E+00
   1.50548562E-02    1.66090631E-02    2.05572179E+00
   1.53385090E-02    1.71966404E-02    2.08717305E+00
   1.56275062E-02    1.78044303E-02    2.11898811E+00
   1.59219485E-02    1.84330931E-02    2.15116655E+00
   1.62219384E-02    1.90833087E-02    2.18370774E+00
   1.65275806E-02    1.97557765E-02    2.21661083E+00
   1.68389815E-02    2.04512169E-02    2.24987473E+00
   1.71562495E-02    2.11703713E-02    2.28349811E+00
   1.74794953E-02    2.19140020E-02    2.31747941E+00
   1.78088314E-02    2.26828938E-02    2.35181679E+00
   1.81443727E-02    2.34778539E-02    2.38650813E+00
   1.84862360E-02    2.42997120E-02    2.42155107E+00
   1.88345404E-02    2.51493215E-02    2.45694294E+00
   1.91894073E-02    2.60275600E-02    2.49268075E+00
   1.95509604E-02    2.69353291E-02    2.52876125E+00
   1.99193256E-02    2.78735549E-02    2.56518083E+00
   2.02946313E-02    2.88431900E-02    2.60193558E+00
   2.06770082E-02    2.98452123E-02    2.63902122E+00
   2.10665896E-02    3.08806253E-02    2.67643315E+00
   2.14635113E-02    3.19504607E-02    2.71416640E+00
   2.18679114E-02    3.30557771E-02    2.75221561E+00
   2.22799309E-02    3.41976601E-02    2.79057506E+00
   2.26997134E-02    3.53772242E-02    2.82923864E+00
   2.31274052E-02    3.65956136E-02    2.86819978E+00
   2.35631552E-02    3.78540002E-02    2.90745157E+00
   2.40071153E-02    3.91535853E-02    2.94698665E+00
   2.44594402E-02    4.04956022E-02    2.98679716E+00
   2.49202875E-02    4.18813133E-02    3.02687486E+00
   2.53898177E-02    4.33120111E-02    3.06721104E+00
   2.58681945E-02    4.47890218E-02    3.10779647E+00
   2.63555845E-02    4.63137014E-02    3.14862147E+00
   2.68521576E-02    4.78874371E-02    3.18967588E+00
   2.73580867E-02    4.95116511E-02    3.23094898E+00
   2.78735482E-02    5.11877970E-02    3.27242954E+00
   2.83987217E-02    5.29173590E-02    3.31410586E+00
   2.89337901E-02    5.47018577E-02    3.35596565E+00
   2.94789399E-02    5.65428470E-02    3.39799602E+00
   3.00343610E-02    5.84419110E-02    3.44018362E+00
   3.06002469E-02    6.04006695E-02    3.48251448E+00
   3.11767949E-02    6.24207789E-02    3.52497398E+00
   3.17642057E-02    6.45039254E-02    3.56754698E+00
   3.23626842E-02    6.66518285E-02    3.61021778E+00
   3.29724387E-02    6.88662463E-02    3.65296993E+00
   3.35936818E-02    7.11489677E-02    3.69578644E+00
   3.42266299E-02    7.35018126E-02    3.73864976E+00
   3.48715036E-02    7.59266410E-02    3.78154152E+00
   3.55285275E-02    7.84253433E-02    3.82444280E+00
   3.61979306E-02    8.09998379E-02    3.86733412E+00
   3.68799461E-02    8.36520829E-02    3.91019519E+00
   3.75748117E-02    8.63840677E-02    3.95300506E+00
   3.82827694E-02    8.91978073E-02    3.99574225E+00
   3.90040660E-02    9.20953551E-02    4.03838446E+00
   3.97389527E-02    9.50787933E-02    4.08090871E+00
   4.04876856E-02    9.81502283E-02    4.12329148E+00
   4.12505256E-02    1.01311804E-01    4.16550839E+00
   4.20277385E-02    1.04565687E-01    4.20753444E+00
   4.28195951E-02    1.07914071E-01    4.24934403E+00
   4.36263713E-02    1.11359178E-01    4.29091071E+00
   4.44483481E-02    1.14903251E-01    4.33220748E+00
   4.52858121E-02    1.18548562E-01    4.37320657E+00
   4.61390550E-02    1.22297400E-01    4.41387957E+00
   4.70083741E-02    1.26152075E-01    4.45419743E+00
   4.78940722E-02    1.30114919E-01    4.49413034E+00
   4.87964581E-02    1.34188275E-01    4.53364795E+00
   4.97158460E-02    1.38374510E-01    4.57271915E+00
   5.06525564E-02    1.42675992E-01    4.61131229E+00
   5.16069157E-02    1.47095113E-01    4.64939500E+00
   5.25792562E-02    1.51634260E-01    4.68693442E+00
   5.35699170E-02    1.56295837E-01    4.72389695E+00
   5.45792430E-02    1.61082243E-01    4.76024856E+00
   5.56075861E-02    1.65995886E-01    4.79595452E+00
   5.66553044E-02    1.71039161E-01    4.83097970E+00
   5.77227631E-02    1.76214467E-01    4.86528834E+00
   5.88103342E-02    1.81524186E-01    4.89884430E+00
   5.99183964E-02    1.86970697E-01    4.93161083E+00
   6.10473360E-02    1.92556351E-01    4.96355094E+00
   6.21975462E-02    1.98283491E-01    4.99462701E+00
   6.33694279E-02    2.04154427E-01    5.02480129E+00
   6.45633893E-02    2.10171449E-01    5.05403545E+00
   6.57798465E-02    2.16336806E-01    5.08229107E+00
   6.70192233E-02    2.22652720E-01    5.10952928E+00
   6.82819515E-02    2.29121361E-01    5.13571115E+00
   6.95684712E-02    2.35744862E-01    5.16079742E+00
   7.08792306E-02    2.42525298E-01    5.18474878E+00
   7.22146863E-02    2.49464688E-01    5.20752583E+00
   7.35753038E-02    2.56564994E-01    5.22908899E+00
   7.49615570E-02    2.63828103E-01    5.24939885E+00
   7.63739291E-02    2.71255831E-01    5.26841593E+00
   7.78129120E-02    2.78849920E-01    5.28610080E+00
   7.92790072E-02    2.86612008E-01    5.30241450E+00
   8.07727256E-02    2.94543671E-01    5.31731768E+00
   8.22945875E-02    3.02646346E-01    5.33077199E+00
   8.38451232E-02    3.10921403E-01    5.34273870E+00
   8.54248730E-02    3.19370064E-01    5.35318010E+00
   8.70343874E-02    3.27993465E-01    5.36205830E+00
   8.86742270E-02    3.36792589E-01    5.36933636E+00
   9.03449634E-02    3.45768282E-01    5.37497799E+00
   9.20471786E-02    3.54921290E-01    5.37894671E+00
   9.37814656E-02    3.64252140E-01    5.38120807E+00
   9.55484289E-02    3.73761257E-01    5.38172732E+00
   9.73486841E-02    3.83448878E-01    5.38047099E+00
   9.91828583E-02    3.93315060E-01    5.37740668E+00
   1.01051591E-01    4.03359681E-01    5.37250288E+00
   1.02955533E-01    4.13582446E-01    5.36572891E+00
   1.04895347E-01    4.23982834E-01    5.35705572E+00
   1.06871710E-01    4.34560118E-01    5.34645554E+00
   1.08885310E-01    4.45313411E-01    5.33390094E+00
   1.10936850E-01    4.56241491E-01    5.31936792E+00
   1.13027042E-01    4.67343005E-01    5.30283225E+00
   1.15156617E-01    4.78616340E-01    5.28427165E+00
   1.17326316E-01    4.90059565E-01    5.26366682E+00
   1.19536894E-01    5.01670558E-01    5.24099910E+00
   1.21789123E-01    5.13446927E-01    5.21625185E+00
   1.24083786E-01    5.25385979E-01    5.18941098E+00
   1.26421684E-01    5.37484758E-01    5.16046419E+00
   1.28803631E-01    5.49740025E-01    5.12940125E+00
   1.31230457E-01    5.62148205E-01    5.09621501E+00
   1.33703007E-01    5.74705494E-01    5.06089938E+00
   1.36222144E-01    5.87407746E-01    5.02345129E+00
   1.38788744E-01    6.00250440E-01    4.98387128E+00
   1.41403702E-01    6.13228806E-01    4.94216121E+00
   1.44067930E-01    6.26337750E-01    4.89832552E+00
   1.46782354E-01    6.39571797E-01    4.85237225E+00
   1.49547923E-01    6.52925183E-01    4.80431137E+00
   1.52365598E-01    6.66391779E-01    4.75415605E+00
   1.55236361E-01    6.79965122E-01    4.70192207E+00
   1.58161214E-01    6.93638403E-01    4.64762806E+00
   1.61141174E-01    7.07404455E-01    4.59129559E+00
   1.64177281E-01    7.21255778E-01    4.53294881E+00
   1.67270592E-01    7.35184505E-01    4.47261489E+00
   1.70422184E-01    7.49182411E-01    4.41032392E+00
   1.73633157E-01    7.63240935E-01    4.34610849E+00
   1.76904629E-01    7.77351150E-01    4.28000412E+00
   1.80237740E-01    7.91503783E-01    4.21204901E+00
   1.83633650E-01    8.05689203E-01    4.14228414E+00
   1.87093544E-01    8.19897440E-01    4.07075300E+00
   1.90618627E-01    8.34118169E-01    3.99750183E+00
   1.94210126E-01    8.48340729E-01    3.92257933E+00
   1.97869295E-01    8.62554115E-01    3.84603681E+00
   2.01597406E-01    8.76746996E-01    3.76792785E+00
   2.05395761E-01    8.90907708E-01    3.68830863E+00
   2.09265681E-01    9.05024269E-01    3.60723754E+00
   2.13208515E-01    9.19084382E-01    3.52477528E+00
   2.17225637E-01    9.33075447E-01    3.44098477E+00
   2.21318447E-01    9.46984568E-01    3.35593109E+00
   2.25488371E-01    9.60798562E-01    3.26968143E+00
   2.29736862E-01    9.74503972E-01    3.18230506E+00
   2.34065399E-01    9.88087082E-01    3.09387323E+00
   2.38475492E-01    1.00153392E+00    3.00445916E+00
   2.42968677E-01    1.01483029E+00    2.91413798E+00
   2.47546519E-01    1.02796177E+00    2.82298668E+00
   2.52210613E-01    1.04091373E+00    2.73108406E+00
   2.56962585E-01    1.05367138E+00    2.63851072E+00
   2.61804090E-01    1.06621974E+00    2.54534897E+00
   2.66736815E-01    1.07854370E+00    2.45168282E+00
   2.71762480E-01    1.09062804E+00    2.35759793E+00
   2.76882834E-01    1.10245743E+00    2.26318155E+00
   2.82099662E-01    1.11401646E+00    2.16852244E+00
   2.87414782E-01    1.12528972E+00    2.07371087E+00
   2.92830046E-01    1.13626174E+00    1.97883849E+00
   2.98347340E-01    1.14691709E+00    1.88399828E+00
   3.03968587E-01    1.15724039E+00    1.78928442E+00
   3.09695746E-01    1.16721635E+00    1.69479224E+00
   3.15530812E-01    1.17682979E+00    1.60061804E+00
   3.21475817E-01    1.18606568E+00    1.50685892E+00
   3.27532835E-01    1.19490919E+00    1.41361269E+00
   3.33703974E-01    1.20334573E+00    1.32097765E+00
   3.39991386E-01    1.21136097E+00    1.22905224E+00
   3.46397260E-01    1.21894092E+00    1.13793488E+00
   3.52923830E-01    1.22607191E+00    1.04772381E+00
   3.59573368E-01    1.23274069E+00    9.58516674E-01
   3.66348192E-01    1.23893444E+00    8.70410067E-01
   3.73250663E-01    1.24464082E+00    7.83499305E-01
   3.80283185E-01    1.24984801E+00    6.97878066E-01
   3.87448208E-01    1.25454474E+00    6.13637866E-01
   3.94748230E-01    1.25872034E+00    5.30867730E-01
   4.02185794E-01    1.26236476E+00    4.49653725E-01
   4.09763491E-01    1.26546860E+00    3.70078552E-01
   4.17483961E-01    1.26802317E+00    2.92221140E-01
   4.25349896E-01    1.27002047E+00    2.16156275E-01
   4.33364034E-01    1.27145325E+00    1.41954273E-01
   4.41529169E-01    1.27231502E+00    6.96807070E-02
   4.49848146E-01    1.27260003E+00   -6.03787916E-04
   4.58323863E-01    1.27230336E+00   -6.88436289E-02
   4.66959273E-01    1.27142086E+00   -1.34988310E-01
   4.75757386E-01    1.26994920E+00   -1.98992334E-01
   4.84721266E-01    1.26788587E+00   -2.60815054E-01
   4.93854037E-01    1.26522917E+00   -3.20420441E-01
   5.03158882E-01    1.26197828E+00   -3.77776787E-01
   5.12639042E-01    1.25813319E+00   -4.32856383E-01
   5.22297820E-01    1.25369479E+00   -4.85635169E-01
   5.32138581E-01    1.24866481E+00   -5.36092424E-01
   5.42164756E-01    1.24304593E+00   -5.84210478E-01
   5.52379836E-01    1.23684169E+00   -6.29974506E-01
   5.62787382E-01    1.23005661E+00   -6.73372399E-01
   5.73391019E-01    1.22269614E+00   -7.14394699E-01
   5.84194443E-01    1.21476672E+00   -7.53034686E-01
   5.95201416E-01    1.20627575E+00   -7.89288437E-01
   6.06415776E-01    1.19723167E+00   -8.23155078E-01
   6.17841428E-01    1.18764391E+00   -8.54637010E-01
   6.29482354E-01    1.17752292E+00   -8.83740175E-01
   6.41342610E-01    1.16688017E+00   -9.10474347E-01
   6.53426329E-01    1.15572813E+00   -9.34853421E-01
   6.65737720E-01    1.14408029E+00   -9.56895728E-01
   6.78281074E-01    1.13195109E+00   -9.76624193E-01
   6.91060761E-01    1.11935592E+00   -9.94066580E-01
   7.04081233E-01    1.10631109E+00   -1.00925561E+00
   7.17347028E-01    1.09283376E+00   -1.02222904E+00
   7.30862768E-01    1.07894194E+00   -1.03302967E+00
   7.44633161E-01    1.06465439E+00   -1.04170532E+00
   7.58663007E-01    1.04999058E+00   -1.04830872E+00
   7.72957192E-01    1.03497060E+00   -1.05289718E+00
   7.87520699E-01    1.01961513E+00   -1.05553265E+00
   8.02358600E-01    1.00394538E+00   -1.05628125E+00
   8.17476067E-01    9.87982943E-01   -1.05521295E+00
   8.32878366E-01    9.71749768E-01   -1.05240122E+00
   8.48570865E-01    9.55268085E-01   -1.04792268E+00
   8.64559030E-01    9.38560306E-01   -1.04185660E+00
   8.80848432E-01    9.21648961E-01   -1.03428450E+00
   8.97444748E-01    9.04556611E-01   -1.02528971E+00
   9.14353760E-01    8.87305781E-01   -1.01495685E+00
   9.31581360E-01    8.69918880E-01   -1.00337143E+00
   9.49133549E-01    8.52418132E-01   -9.90619343E-01
   9.67016445E-01    8.34825514E-01   -9.76786484E-01
   9.85236277E-01    8.17162686E-01   -9.61958272E-01
   1.00379939E+00    7.99450935E-01   -9.46219280E-01
   1.02271226E+00    7.81711120E-01   -9.29652846E-01
   1.04198148E+00    7.63963623E-01   -9.12340735E-01
   1.06161375E+00    7.46228301E-01   -8.94362815E-01
   1.08161591E+00    7.28524449E-01   -8.75796778E-01
   1.10199495E+00    7.10870758E-01   -8.56717889E-01
   1.12275795E+00    6.93285292E-01   -8.37198766E-01
   1.14391215E+00    6.75785456E-01   -8.17309216E-01
   1.16546492E+00    6.58387973E-01   -7.97116060E-01
   1.18742378E+00    6.41108875E-01   -7.76683056E-01
   1.20979637E+00    6.23963476E-01   -7.56070778E-01
   1.23259049E+00    6.06966375E-01   -7.35336605E-01
   1.25581407E+00    5.90131439E-01   -7.14534650E-01
   1.27947522E+00    5.73471807E-01   -6.93715812E-01
   1.30358218E+00    5.56999886E-01   -6.72927755E-01
   1.32814334E+00    5.40727351E-01   -6.52214983E-01
   1.35316727E+00    5.24665155E-01   -6.31618890E-01
   1.37866268E+00    5.08823528E-01   -6.11177835E-01
   1.40463846E+00    4.93211989E-01   -5.90927243E-01
   1.43110365E+00    4.77839352E-01   -5.70899692E-01
   1.45806748E+00    4.62713739E-01   -5.51125028E-01
   1.48553935E+00    4.47842587E-01   -5.31630474E-01
   1.51352881E+00    4.33232660E-01   -5.12440737E-01
   1.54204564E+00    4.18890066E-01   -4.93578139E-01
   1.57109976E+00    4.04820262E-01   -4.75062712E-01
   1.60070130E+00    3.91028072E-01   -4.56912322E-01
   1.63086057E+00    3.77517697E-01   -4.39142769E-01
   1.66158808E+00    3.64292735E-01   -4.21767891E-01
   1.69289453E+00    3.51356187E-01   -4.04799660E-01
   1.72479084E+00    3.38710477E-01   -3.88248277E-01
   1.75728811E+00    3.26357470E-01   -3.72122249E-01
   1.79039768E+00    3.14298480E-01   -3.56428476E-01
   1.82413107E+00    3.02534296E-01   -3.41172323E-01
   1.85850004E+00    2.91065197E-01   -3.26357689E-01
   1.89351657E+00    2.79890969E-01   -3.11987076E-01
   1.92919286E+00    2.69010929E-01   -2.98061654E-01
   1.96554133E+00    2.58423948E-01   -2.84581325E-01
   2.00257465E+00    2.48128466E-01   -2.71544787E-01
   2.04030573E+00    2.38122525E-01   -2.58949600E-01
   2.07874771E+00    2.28403789E-01   -2.46792254E-01
   2.11791399E+00    2.18969568E-01   -2.35068238E-01
   2.15781821E+00    2.09816849E-01   -2.23772116E-01
   2.19847428E+00    2.00942317E-01   -2.12897598E-01
   2.23989636E+00    1.92342384E-01   -2.02437624E-01
   2.28209888E+00    1.84013217E-01   -1.92384441E-01
   2.32509656E+00    1.75950757E-01   -1.82729685E-01
   2.36890436E+00    1.68150751E-01   -1.73464463E-01
   2.41353756E+00    1.60608773E-01   -1.64579431E-01
   2.45901171E+00    1.53320248E-01   -1.56064880E-01
   2.50534265E+00    1.46280468E-01   -1.47910800E-01
   2.55254652E+00    1.39484622E-01   -1.40106961E-01
   2.60063978E+00    1.32927804E-01   -1.32642970E-01
   2.64963917E+00    1.26605043E-01   -1.25508348E-01
   2.69956178E+00    1.20511304E-01   -1.18692568E-01
   2.75042499E+00    1.14641513E-01   -1.12185116E-01
   2.80224653E+00    1.08990567E-01   -1.05975532E-01
   2.85504446E+00    1.03553344E-01   -1.00053449E-01
   2.90883716E+00    9.83247163E-02   -9.44086261E-02
   2.96364339E+00    9.32995557E-02   -8.90309767E-02
   3.01948224E+00    8.84727458E-02   -8.39105912E-02
   3.07637316E+00    8.38391868E-02   -7.90377565E-02
   3.13433599E+00    7.93938031E-02   -7.44029714E-02
   3.19339090E+00    7.51315483E-02   -6.99969580E-02
   3.25355849E+00    7.10474108E-02   -6.58106709E-02
   3.31485971E+00    6.71364181E-02   -6.18353034E-02
   3.37731593E+00    6.33936410E-02   -5.80622919E-02
   3.44094890E+00    5.98141969E-02   -5.44833174E-02
   3.50578079E+00    5.63932528E-02   -5.10903067E-02
   3.57183421E+00    5.31260303E-02   -4.78754338E-02
   3.63913215E+00    5.00078043E-02   -4.48311137E-02
   3.70769808E+00    4.70339100E-02   -4.19500061E-02
   3.77755587E+00    4.41997409E-02   -3.92250058E-02
   3.84872988E+00    4.15007539E-02   -3.66492672E-02
   3.92124489E+00    3.89324702E-02   -3.42160892E-02
   3.99512618E+00    3.64905439E-02   -3.19182229E-02
   4.07039949E+00    3.41705602E-02   -2.97512895E-02
   4.14709105E+00    3.19682422E-02   -2.77083821E-02
   4.22522757E+00    2.98793834E-02   -2.57837466E-02
   4.30483628E+00    2.78998489E-02   -2.39718281E-02
   4.38594493E+00    2.60255764E-02   -2.22672769E-02
   4.46858177E+00    2.42525776E-02   -2.06649405E-02
   4.55277559E+00    2.25769390E-02   -1.91598579E-02
   4.63855573E+00    2.09948231E-02   -1.77472552E-02
   4.72595208E+00    1.95024695E-02   -1.64225402E-02
   4.81499508E+00    1.80961944E-02   -1.51812962E-02
   4.90571578E+00    1.67723935E-02   -1.40192786E-02
   4.99814576E+00    1.55275411E-02   -1.29324088E-02
   5.09231725E+00    1.43581919E-02   -1.19167697E-02
   5.18826305E+00    1.32609809E-02   -1.09686003E-02
   5.28601659E+00    1.22326236E-02   -1.00842904E-02
   5.38561193E+00    1.12699191E-02   -9.26037838E-03
   5.48708378E+00    1.03697476E-02   -8.49354348E-03
   5.59046749E+00    9.52907236E-03   -7.78060286E-03
   5.69579908E+00    8.74494065E-03   -7.11850743E-03
   5.80311525E+00    8.01448330E-03   -6.50433706E-03
   5.91245339E+00    7.33491563E-03   -5.93529683E-03
   6.02385161E+00    6.70353768E-03   -5.40871299E-03
   6.13734871E+00    6.11773463E-03   -4.92202932E-03
   6.25298425E+00    5.57497668E-03   -4.47280312E-03
   6.37079850E+00    5.07281980E-03   -4.05870224E-03
   6.49083253E+00    4.60890543E-03   -3.67750138E-03
   6.61312815E+00    4.18096052E-03   -3.32707888E-03
   6.73772798E+00    3.78679756E-03   -3.00541371E-03
   6.86467543E+00    3.42431411E-03   -2.71058222E-03
   6.99401474E+00    3.09149295E-03   -2.44075570E-03
   7.12579096E+00    2.78640169E-03   -2.19419756E-03
   7.26005002E+00    2.50719075E-03   -1.96925935E-03
   7.39683868E+00    2.25209458E-03   -1.76437976E-03
   7.53620463E+00    2.01942981E-03   -1.57808118E-03
   7.67819640E+00    1.80759450E-03   -1.40896730E-03
   7.82286349E+00    1.61506628E-03   -1.25571994E-03
   7.97025628E+00    1.44040225E-03   -1.11709760E-03
   8.12042615E+00    1.28223652E-03   -9.91932056E-04
   8.27342541E+00    1.13927897E-03   -8.79126151E-04
   8.42930737E+00    1.01031350E-03   -7.77651278E-04
   8.58812635E+00    8.94196030E-04   -6.86544775E-04
   8.74993769E+00    7.89852568E-04   -6.04907426E-04
   8.91479775E+00    6.96277303E-04   -5.31901132E-04
   9.08276399E+00    6.12529529E-04   -4.66745644E-04
   9.25389494E+00    5.37732322E-04   -4.08716868E-04
   9.42825020E+00    4.71069511E-04   -3.57143792E-04
   9.60589055E+00    4.11783462E-04   -3.11406153E-04
   9.78687787E+00    3.59172268E-04   -2.70931680E-04
   9.97127522E+00    3.12587376E-04   -2.35193747E-04
   1.01591469E+01    2.71430900E-04   -2.03708787E-04
   1.03505582E+01    2.35153054E-04   -1.76033881E-04
   1.05455760E+01    2.03249387E-04   -1.51764198E-04
   1.07442682E+01    1.75258466E-04   -1.30530849E-04
   1.09467041E+01    1.50758903E-04   -1.11998232E-04
   1.11529540E+01    1.29367225E-04   -9.58620903E-05
   1.13630900E+01    1.10735137E-04   -8.18471099E-05
   1.15771852E+01    9.45472438E-05   -6.97049100E-05
   1.17953143E+01    8.05186318E-05   -5.92119452E-05
   1.20175531E+01    6.83926608E-05   -5.01675953E-05
   1.22439793E+01    5.79387684E-05   -4.23922886E-05
   1.24746716E+01    4.89504349E-05   -3.57257678E-05
   1.27097104E+01    4.12431149E-05   -3.00253511E-05
   1.29491777E+01    3.46524365E-05   -2.51644176E-05
   1.31931568E+01    2.90323965E-05   -2.10309054E-05
   1.34417328E+01    2.42536660E-05   -1.75259109E-05
   1.36949924E+01    2.02020832E-05   -1.45624459E-05
   1.39530236E+01    1.67770861E-05   -1.20641612E-05
   1.42159165E+01    1.38904396E-05   -9.96430799E-06
   1.44837626E+01    1.14649309E-05   -8.20468504E-06
   1.47566553E+01    9.43318470E-06   -6.73468786E-06
   1.50346897E+01    7.73665561E-06   -5.51050062E-06
   1.53179625E+01    6.32456991E-06   -4.49425793E-06
   1.56065726E+01    5.15306622E-06   -3.65336447E-06
   1.59006205E+01    4.18438363E-06   -2.95985649E-06
   1.62002086E+01    3.38611089E-06   -2.38981499E-06
   1.65054413E+01    2.73053589E-06   -1.92285917E-06
   1.68164251E+01    2.19403574E-06   -1.54167465E-06
   1.71332681E+01    1.75654568E-06   -1.23160448E-06
   1.74560809E+01    1.40108992E-06   -9.80289415E-07
   1.77849759E+01    1.11335417E-06   -7.77342157E-07
   1.81200677E+01    8.81314169E-07   -6.14065459E-07
   1.84614730E+01    6.94907393E-07   -4.83204296E-07
   1.88093109E+01    5.45744247E-07   -3.78728833E-07
   1.91637025E+01    4.26860227E-07   -2.95649047E-07
   1.95247712E+01    3.32492194E-07   -2.29848155E-07
   1.98926430E+01    2.57894331E-07   -1.77946560E-07
   2.02674460E+01    1.99173036E-07   -1.37178838E-07
   2.06493107E+01    1.53147246E-07   -1.05294870E-07
   2.10383702E+01    1.17230152E-07   -8.04588941E-08
   2.14347601E+01    8.93294050E-08   -6.11991622E-08
   2.18386186E+01    6.77546575E-08   -4.63370855E-08
   2.22500862E+01    5.11486380E-08   -3.49202097E-08
   2.26693064E+01    3.84272874E-08   -2.61909994E-08
   2.30964253E+01    2.87286909E-08   -1.95484894E-08
   2.35315916E+01    2.13708043E-08   -1.45183919E-08
   2.39749570E+01    1.58166292E-08   -1.07281979E-08
   2.44266760E+01    1.16453258E-08   -7.88668061E-09
   2.48869059E+01    8.52886810E-09   -5.76737314E-09
   2.53558072E+01    6.21280459E-09   -4.19500346E-09
   2.58335432E+01    4.50087332E-09   -3.03468106E-09
   2.63202803E+01    3.24243681E-09   -2.18309559E-09
   2.68161882E+01    2.32255622E-09   -1.56158452E-09
   2.73214397E+01    1.65399148E-09   -1.11056333E-09
   2.78362107E+01    1.17091149E-09   -7.85158659E-10
   2.83606806E+01    8.23927873E-10   -5.51769973E-10
   2.88950323E+01    5.76206749E-10   -3.85384875E-10
   2.94394518E+01    4.00442611E-10   -2.67495052E-10
   2.99941289E+01    2.76517623E-10   -1.84488311E-10
   3.05592568E+01    1.89702179E-10   -1.26415433E-10
   3.11350325E+01    1.29280967E-10   -8.60508245E-11
   3.17216565E+01    8.75097468E-11   -5.81808747E-11
   3.23193333E+01    5.88274878E-11   -3.90677097E-11
   3.29282710E+01    3.92689095E-11   -2.60501690E-11
   3.35486819E+01    2.60257698E-11   -1.72464351E-11
   3.41807822E+01    1.71231765E-11   -1.13350622E-11
   3.48247920E+01    1.11823555E-11   -7.39479728E-12
   3.54809359E+01    7.24745369E-12   -4.78785698E-12
   3.61494423E+01    4.66105133E-12   -3.07617855E-12
   3.68305442E+01    2.97412564E-12   -1.96095592E-12
   3.75244790E+01    1.88254861E-12   -1.24006464E-12
   3.82314884E+01    1.18190800E-12   -7.77821593E-13
   3.89518187E+01    7.35861216E-13   -4.83836657E-13
   3.96857210E+01    4.54273199E-13   -2.98424641E-13
   4.04334510E+01    2.78027824E-13   -1.82485611E-13
   4.11952691E+01    1.68664917E-13   -1.10610339E-13
   4.19714409E+01    1.01401559E-13   -6.64436943E-14
   4.27622368E+01    6.04088688E-14   -3.95508320E-14
   4.35679323E+01    3.56540779E-14   -2.33247647E-14
   4.43888081E+01    2.08430928E-14   -1.36248079E-14
   4.52251502E+01    1.20680389E-14   -7.88265065E-15
   4.60772502E+01    6.91841443E-15   -4.51560870E-15
   4.69454047E+01    3.92629343E-15   -2.56078533E-15
   4.78299165E+01    2.20541293E-15   -1.43736654E-15
   4.87310935E+01    1.22622004E-15   -7.98620100E-16
   4.96492499E+01    6.74399712E-16   -4.38923797E-16
   5.05847056E+01    3.66981285E-16   -2.38683399E-16
   5.15377864E+01    1.97361806E-16   -1.28278069E-16
   5.25088245E+01    1.05036824E-16   -6.82259796E-17
   5.34981582E+01    5.51969286E-17   -3.58298492E-17
   5.45061323E+01    2.87101822E-17   -1.86250431E-17
   5.55330978E+01    1.47357437E-17   -9.55357009E-18
   5.65794127E+01    7.43776578E-18   -4.81916075E-18
   5.76454415E+01    3.72445118E-18    0.00000000E+00
   5.87315557E+01    1.86906378E-18    0.00000000E+00
   5.98381337E+01    9.09609432E-19    0.00000000E+00
   6.09655610E+01    4.28516438E-19    0.00000000E+00
   6.21142304E+01    2.04204890E-19    0.00000000E+00
   6.32845423E+01    9.99884004E-20    0.00000000E+00
   6.44769044E+01    4.56757374E-20    0.00000000E+00
   6.56917321E+01    2.05685951E-20    0.00000000E+00
   6.69294487E+01    0.00000000E+00    0.00000000E+00
   6.81904855E+01    0.00000000E+00    0.00000000E+00
   6.94752819E+01    0.00000000E+00    0.00000000E+00
   7.07842854E+01    0.00000000E+00    0.00000000E+00
   7.21179523E+01    0.00000000E+00    0.00000000E+00
   7.34767472E+01    0.00000000E+00    0.00000000E+00
   7.48611435E+01    0.00000000E+00    0.00000000E+00
   7.62716236E+01    0.00000000E+00    0.00000000E+00
   7.77086789E+01    0.00000000E+00    0.00000000E+00
   7.91728103E+01    0.00000000E+00    0.00000000E+00
   8.06645277E+01    0.00000000E+00    0.00000000E+00
   8.21843511E+01    0.00000000E+00    0.00000000E+00
   8.37328098E+01    0.00000000E+00    0.00000000E+00
   8.53104435E+01    0.00000000E+00    0.00000000E+00
   8.69178018E+01    0.00000000E+00    0.00000000E+00
   8.85554449E+01    0.00000000E+00    0.00000000E+00
   9.02239432E+01    0.00000000E+00    0.00000000E+00
   9.19238782E+01    0.00000000E+00    0.00000000E+00
   9.36558422E+01    0.00000000E+00    0.00000000E+00
   9.54204385E+01    0.00000000E+00    0.00000000E+00
   9.72182822E+01    0.00000000E+00    0.00000000E+00
   9.90499995E+01    0.00000000E+00    0.00000000E+00
   1.00916229E+02    0.00000000E+00    0.00000000E+00
   1.02817620E+02    0.00000000E+00    0.00000000E+00
   1.04754836E+02    0.00000000E+00    0.00000000E+00
   1.06728552E+02    0.00000000E+00    0.00000000E+00
   1.08739455E+02    0.00000000E+00    0.00000000E+00
   1.10788246E+02    0.00000000E+00    0.00000000E+00
   1.12875639E+02    0.00000000E+00    0.00000000E+00
   1.15002361E+02    0.00000000E+00    0.00000000E+00
   1.17169153E+02    0.00000000E+00    0.00000000E+00
   1.19376770E+02    0.00000000E+00    0.00000000E+00
   1.21625982E+02    0.00000000E+00    0.00000000E+00
   1.23917572E+02    0.00000000E+00    0.00000000E+00
   1.26252338E+02    0.00000000E+00    0.00000000E+00
   1.28631094E+02    0.00000000E+00    0.00000000E+00
   1.31054669E+02    0.00000000E+00    0.00000000E+00
   1.33523908E+02    0.00000000E+00    0.00000000E+00
   1.36039670E+02    0.00000000E+00    0.00000000E+00
   1.38602832E+02    0.00000000E+00    0.00000000E+00
   1.41214287E+02    0.00000000E+00    0.00000000E+00
   1.43874946E+02    0.00000000E+00    0.00000000E+00
