# Peaks:     0.026026      0.198236  
   5.38516467E-05   -1.10498795E+02    4.75343140E+04
   5.46616319E-05   -1.10461144E+02    4.69184601E+04
   5.54838000E-05   -1.10423029E+02    4.63113692E+04
   5.63183345E-05   -1.10384550E+02    4.57124461E+04
   5.71654212E-05   -1.10345818E+02    4.51210816E+04
   5.80252489E-05   -1.10306954E+02    4.45366516E+04
   5.88980094E-05   -1.10268089E+02    4.39585272E+04
   5.97838971E-05   -1.10229286E+02    4.33864153E+04
   6.06831095E-05   -1.10190520E+02    4.28204473E+04
   6.15958470E-05   -1.10151755E+02    4.22607915E+04
   6.25223131E-05   -1.10112952E+02    4.17076273E+04
   6.34627141E-05   -1.10074067E+02    4.11611456E+04
   6.44172598E-05   -1.10035073E+02    4.06214462E+04
   6.53861628E-05   -1.09995978E+02    4.00884536E+04
   6.63696391E-05   -1.09956794E+02    3.95620759E+04
   6.73679080E-05   -1.09917535E+02    3.90422235E+04
   6.83811918E-05   -1.09878212E+02    3.85288099E+04
   6.94097165E-05   -1.09838835E+02    3.80217692E+04
   7.04537113E-05   -1.09799402E+02    3.75210654E+04
   7.15134089E-05   -1.09759910E+02    3.70266686E+04
   7.25890454E-05   -1.09720356E+02    3.65385535E+04
   7.36808607E-05   -1.09680733E+02    3.60566987E+04
   7.47890980E-05   -1.09641041E+02    3.55810683E+04
   7.59140043E-05   -1.09601281E+02    3.51116050E+04
   7.70558304E-05   -1.09561454E+02    3.46482522E+04
   7.82148307E-05   -1.09521561E+02    3.41909568E+04
   7.93912637E-05   -1.09481603E+02    3.37396686E+04
   8.05853914E-05   -1.09441579E+02    3.32943355E+04
   8.17974800E-05   -1.09401490E+02    3.28548996E+04
   8.30277998E-05   -1.09361336E+02    3.24213055E+04
   8.42766248E-05   -1.09321118E+02    3.19935002E+04
   8.55442334E-05   -1.09280832E+02    3.15714339E+04
   8.68309083E-05   -1.09240479E+02    3.11550549E+04
   8.81369360E-05   -1.09200059E+02    3.07443026E+04
   8.94626078E-05   -1.09159572E+02    3.03391171E+04
   9.08082191E-05   -1.09119017E+02    2.99394408E+04
   9.21740698E-05   -1.09078396E+02    2.95452188E+04
   9.35604643E-05   -1.09037704E+02    2.91563968E+04
   9.49677116E-05   -1.08996945E+02    2.87729143E+04
   9.63961254E-05   -1.08956116E+02    2.83947106E+04
   9.78460240E-05   -1.08915219E+02    2.80217270E+04
   9.93177307E-05   -1.08874252E+02    2.76539068E+04
   1.00811573E-04   -1.08833214E+02    2.72911951E+04
   1.02327885E-04   -1.08792103E+02    2.69335336E+04
   1.03867003E-04   -1.08750922E+02    2.65808612E+04
   1.05429272E-04   -1.08709668E+02    2.62331186E+04
   1.07015038E-04   -1.08668343E+02    2.58902484E+04
   1.08624657E-04   -1.08626943E+02    2.55521950E+04
   1.10258485E-04   -1.08585468E+02    2.52189025E+04
   1.11916888E-04   -1.08543918E+02    2.48903112E+04
   1.13600235E-04   -1.08502293E+02    2.45663626E+04
   1.15308902E-04   -1.08460592E+02    2.42469993E+04
   1.17043269E-04   -1.08418814E+02    2.39321660E+04
   1.18803722E-04   -1.08376957E+02    2.36218084E+04
   1.20590654E-04   -1.08335020E+02    2.33158702E+04
   1.22404464E-04   -1.08293004E+02    2.30142939E+04
   1.24245555E-04   -1.08250908E+02    2.27170233E+04
   1.26114338E-04   -1.08208730E+02    2.24240040E+04
   1.28011230E-04   -1.08166470E+02    2.21351826E+04
   1.29936653E-04   -1.08124126E+02    2.18505062E+04
   1.31891036E-04   -1.08081696E+02    2.15699200E+04
   1.33874815E-04   -1.08039181E+02    2.12933695E+04
   1.35888433E-04   -1.07996581E+02    2.10208015E+04
   1.37932337E-04   -1.07953893E+02    2.07521640E+04
   1.40006984E-04   -1.07911116E+02    2.04874063E+04
   1.42112835E-04   -1.07868248E+02    2.02264773E+04
   1.44250361E-04   -1.07825289E+02    1.99693249E+04
   1.46420038E-04   -1.07782238E+02    1.97158978E+04
   1.48622348E-04   -1.07739094E+02    1.94661457E+04
   1.50857784E-04   -1.07695857E+02    1.92200195E+04
   1.53126843E-04   -1.07652522E+02    1.89774711E+04
   1.55430031E-04   -1.07609089E+02    1.87384518E+04
   1.57767861E-04   -1.07565557E+02    1.85029128E+04
   1.60140855E-04   -1.07521926E+02    1.82708058E+04
   1.62549541E-04   -1.07478196E+02    1.80420836E+04
   1.64994457E-04   -1.07434362E+02    1.78167001E+04
   1.67476146E-04   -1.07390424E+02    1.75946098E+04
   1.69995163E-04   -1.07346378E+02    1.73757672E+04
   1.72552068E-04   -1.07302226E+02    1.71601263E+04
   1.75147431E-04   -1.07257967E+02    1.69476423E+04
   1.77781832E-04   -1.07213598E+02    1.67382709E+04
   1.80455857E-04   -1.07169118E+02    1.65319689E+04
   1.83170102E-04   -1.07124523E+02    1.63286938E+04
   1.85925172E-04   -1.07079812E+02    1.61284029E+04
   1.88721681E-04   -1.07034985E+02    1.59310536E+04
   1.91560253E-04   -1.06990041E+02    1.57366041E+04
   1.94441520E-04   -1.06944978E+02    1.55450133E+04
   1.97366124E-04   -1.06899794E+02    1.53562406E+04
   2.00334717E-04   -1.06854485E+02    1.51702465E+04
   2.03347961E-04   -1.06809050E+02    1.49869913E+04
   2.06406527E-04   -1.06763487E+02    1.48064357E+04
   2.09511097E-04   -1.06717797E+02    1.46285407E+04
   2.12662363E-04   -1.06671977E+02    1.44532682E+04
   2.15861028E-04   -1.06626024E+02    1.42805805E+04
   2.19107804E-04   -1.06579937E+02    1.41104407E+04
   2.22403415E-04   -1.06533711E+02    1.39428123E+04
   2.25748595E-04   -1.06487346E+02    1.37776588E+04
   2.29144090E-04   -1.06440841E+02    1.36149443E+04
   2.32590657E-04   -1.06394194E+02    1.34546333E+04
   2.36089064E-04   -1.06347403E+02    1.32966910E+04
   2.39640091E-04   -1.06300465E+02    1.31410831E+04
   2.43244528E-04   -1.06253377E+02    1.29877758E+04
   2.46903181E-04   -1.06206135E+02    1.28367357E+04
   2.50616863E-04   -1.06158740E+02    1.26879295E+04
   2.54386403E-04   -1.06111190E+02    1.25413245E+04
   2.58212641E-04   -1.06063482E+02    1.23968885E+04
   2.62096429E-04   -1.06015615E+02    1.22545898E+04
   2.66038634E-04   -1.05967583E+02    1.21143971E+04
   2.70040133E-04   -1.05919384E+02    1.19762797E+04
   2.74101820E-04   -1.05871016E+02    1.18402070E+04
   2.78224598E-04   -1.05822478E+02    1.17061489E+04
   2.82409387E-04   -1.05773769E+02    1.15740755E+04
   2.86657120E-04   -1.05724884E+02    1.14439578E+04
   2.90968743E-04   -1.05675822E+02    1.13157669E+04
   2.95345218E-04   -1.05626576E+02    1.11894744E+04
   2.99787519E-04   -1.05577145E+02    1.10650523E+04
   3.04296637E-04   -1.05527528E+02    1.09424727E+04
   3.08873577E-04   -1.05477722E+02    1.08217085E+04
   3.13519359E-04   -1.05427725E+02    1.07027327E+04
   3.18235018E-04   -1.05377534E+02    1.05855188E+04
   3.23021606E-04   -1.05327145E+02    1.04700406E+04
   3.27880189E-04   -1.05276552E+02    1.03562724E+04
   3.32811851E-04   -1.05225755E+02    1.02441886E+04
   3.37817689E-04   -1.05174750E+02    1.01337643E+04
   3.42898821E-04   -1.05123537E+02    1.00249747E+04
   3.48056378E-04   -1.05072111E+02    9.91779547E+03
   3.53291511E-04   -1.05020470E+02    9.81220249E+03
   3.58605385E-04   -1.04968608E+02    9.70817209E+03
   3.63999185E-04   -1.04916521E+02    9.60568093E+03
   3.69474114E-04   -1.04864207E+02    9.50470598E+03
   3.75031391E-04   -1.04811663E+02    9.40522458E+03
   3.80672256E-04   -1.04758887E+02    9.30721437E+03
   3.86397965E-04   -1.04705875E+02    9.21065329E+03
   3.92209795E-04   -1.04652624E+02    9.11551959E+03
   3.98109041E-04   -1.04599129E+02    9.02179181E+03
   4.04097018E-04   -1.04545383E+02    8.92944880E+03
   4.10175060E-04   -1.04491386E+02    8.83846978E+03
   4.16344522E-04   -1.04437133E+02    8.74883427E+03
   4.22606780E-04   -1.04382623E+02    8.66052207E+03
   4.28963228E-04   -1.04327852E+02    8.57351325E+03
   4.35415284E-04   -1.04272816E+02    8.48778815E+03
   4.41964386E-04   -1.04217508E+02    8.40332735E+03
   4.48611993E-04   -1.04161923E+02    8.32011173E+03
   4.55359587E-04   -1.04106058E+02    8.23812251E+03
   4.62208672E-04   -1.04049911E+02    8.15734122E+03
   4.69160774E-04   -1.03993477E+02    8.07774962E+03
   4.76217443E-04   -1.03936754E+02    7.99932971E+03
   4.83380252E-04   -1.03879737E+02    7.92206375E+03
   4.90650797E-04   -1.03822419E+02    7.84593419E+03
   4.98030699E-04   -1.03764795E+02    7.77092373E+03
   5.05521602E-04   -1.03706860E+02    7.69701541E+03
   5.13125176E-04   -1.03648611E+02    7.62419256E+03
   5.20843116E-04   -1.03590046E+02    7.55243875E+03
   5.28677142E-04   -1.03531158E+02    7.48173773E+03
   5.36628999E-04   -1.03471945E+02    7.41207349E+03
   5.44700461E-04   -1.03412399E+02    7.34343019E+03
   5.52893326E-04   -1.03352515E+02    7.27579222E+03
   5.61209421E-04   -1.03292286E+02    7.20914420E+03
   5.69650598E-04   -1.03231708E+02    7.14347111E+03
   5.78218739E-04   -1.03170779E+02    7.07875814E+03
   5.86915754E-04   -1.03109493E+02    7.01499065E+03
   5.95743582E-04   -1.03047846E+02    6.95215419E+03
   6.04704189E-04   -1.02985832E+02    6.89023448E+03
   6.13799573E-04   -1.02923443E+02    6.82921744E+03
   6.23031761E-04   -1.02860673E+02    6.76908914E+03
   6.32402811E-04   -1.02797516E+02    6.70983600E+03
   6.41914811E-04   -1.02733969E+02    6.65144468E+03
   6.51569882E-04   -1.02670027E+02    6.59390199E+03
   6.61370175E-04   -1.02605685E+02    6.53719492E+03
   6.71317875E-04   -1.02540936E+02    6.48131060E+03
   6.81415198E-04   -1.02475774E+02    6.42623632E+03
   6.91664396E-04   -1.02410191E+02    6.37195951E+03
   7.02067753E-04   -1.02344179E+02    6.31846784E+03
   7.12627587E-04   -1.02277734E+02    6.26574927E+03
   7.23346252E-04   -1.02210852E+02    6.21379194E+03
   7.34226137E-04   -1.02143526E+02    6.16258411E+03
   7.45269666E-04   -1.02075751E+02    6.11211421E+03
   7.56479302E-04   -1.02007519E+02    6.06237077E+03
   7.67857543E-04   -1.01938822E+02    6.01334248E+03
   7.79406924E-04   -1.01869652E+02    5.96501815E+03
   7.91130020E-04   -1.01800002E+02    5.91738685E+03
   8.03029444E-04   -1.01729867E+02    5.87043790E+03
   8.15107848E-04   -1.01659240E+02    5.82416075E+03
   8.27367923E-04   -1.01588117E+02    5.77854496E+03
   8.39812403E-04   -1.01516489E+02    5.73358021E+03
   8.52444060E-04   -1.01444348E+02    5.68925632E+03
   8.65265711E-04   -1.01371686E+02    5.64556317E+03
   8.78280213E-04   -1.01298493E+02    5.60249083E+03
   8.91490467E-04   -1.01224762E+02    5.56002961E+03
   9.04899417E-04   -1.01150487E+02    5.51817002E+03
   9.18510052E-04   -1.01075662E+02    5.47690266E+03
   9.32325404E-04   -1.01000280E+02    5.43621824E+03
   9.46348555E-04   -1.00924332E+02    5.39610759E+03
   9.60582628E-04   -1.00847809E+02    5.35656161E+03
   9.75030796E-04   -1.00770701E+02    5.31757130E+03
   9.89696280E-04   -1.00692998E+02    5.27912782E+03
   1.00458235E-03   -1.00614694E+02    5.24122257E+03
   1.01969232E-03   -1.00535780E+02    5.20384710E+03
   1.03502956E-03   -1.00456251E+02    5.16699305E+03
   1.05059749E-03   -1.00376096E+02    5.13065216E+03
   1.06639957E-03   -1.00295308E+02    5.09481622E+03
   1.08243934E-03   -1.00213876E+02    5.05947715E+03
   1.09872036E-03   -1.00131789E+02    5.02462691E+03
   1.11524626E-03   -1.00049036E+02    4.99025762E+03
   1.13202073E-03   -9.99656101E+01    4.95636166E+03
   1.14904751E-03   -9.98815029E+01    4.92293149E+03
   1.16633039E-03   -9.97967060E+01    4.88995966E+03
   1.18387322E-03   -9.97112099E+01    4.85743881E+03
   1.20167991E-03   -9.96250045E+01    4.82536162E+03
   1.21975444E-03   -9.95380785E+01    4.79372088E+03
   1.23810082E-03   -9.94504198E+01    4.76250940E+03
   1.25672315E-03   -9.93620170E+01    4.73172017E+03
   1.27562558E-03   -9.92728615E+01    4.70134640E+03
   1.29481233E-03   -9.91829445E+01    4.67138136E+03
   1.31428766E-03   -9.90922563E+01    4.64181842E+03
   1.33405592E-03   -9.90007865E+01    4.61265100E+03
   1.35412152E-03   -9.89085236E+01    4.58387257E+03
   1.37448893E-03   -9.88154554E+01    4.55547668E+03
   1.39516268E-03   -9.87215686E+01    4.52745691E+03
   1.41614738E-03   -9.86268508E+01    4.49980700E+03
   1.43744772E-03   -9.85312925E+01    4.47252088E+03
   1.45906844E-03   -9.84348835E+01    4.44559256E+03
   1.48101436E-03   -9.83376132E+01    4.41901610E+03
   1.50329037E-03   -9.82394698E+01    4.39278563E+03
   1.52590143E-03   -9.81404410E+01    4.36689532E+03
   1.54885258E-03   -9.80405133E+01    4.34133938E+03
   1.57214895E-03   -9.79396721E+01    4.31611207E+03
   1.59579571E-03   -9.78379040E+01    4.29120778E+03
   1.61979815E-03   -9.77351981E+01    4.26662109E+03
   1.64416161E-03   -9.76315431E+01    4.24234663E+03
   1.66889152E-03   -9.75269271E+01    4.21837910E+03
   1.69399340E-03   -9.74213374E+01    4.19471324E+03
   1.71947283E-03   -9.73147602E+01    4.17134383E+03
   1.74533550E-03   -9.72071809E+01    4.14826567E+03
   1.77158718E-03   -9.70985838E+01    4.12547362E+03
   1.79823370E-03   -9.69889538E+01    4.10296264E+03
   1.82528102E-03   -9.68782788E+01    4.08072786E+03
   1.85273516E-03   -9.67665463E+01    4.05876447E+03
   1.88060223E-03   -9.66537431E+01    4.03706774E+03
   1.90888846E-03   -9.65398552E+01    4.01563292E+03
   1.93760014E-03   -9.64248675E+01    3.99445534E+03
   1.96674367E-03   -9.63087643E+01    3.97353033E+03
   1.99632556E-03   -9.61915286E+01    3.95285327E+03
   2.02635238E-03   -9.60731436E+01    3.93241959E+03
   2.05683084E-03   -9.59535957E+01    3.91222494E+03
   2.08776773E-03   -9.58328711E+01    3.89226500E+03
   2.11916995E-03   -9.57109554E+01    3.87253549E+03
   2.15104448E-03   -9.55878331E+01    3.85303216E+03
   2.18339844E-03   -9.54634879E+01    3.83375080E+03
   2.21623904E-03   -9.53379028E+01    3.81468721E+03
   2.24957359E-03   -9.52110592E+01    3.79583721E+03
   2.28340954E-03   -9.50829390E+01    3.77719668E+03
   2.31775441E-03   -9.49535267E+01    3.75876167E+03
   2.35261586E-03   -9.48228073E+01    3.74052831E+03
   2.38800166E-03   -9.46907648E+01    3.72249274E+03
   2.42391971E-03   -9.45573825E+01    3.70465112E+03
   2.46037800E-03   -9.44226427E+01    3.68699965E+03
   2.49738466E-03   -9.42865268E+01    3.66953452E+03
   2.53494794E-03   -9.41490151E+01    3.65225197E+03
   2.57307621E-03   -9.40100876E+01    3.63514824E+03
   2.61177797E-03   -9.38697271E+01    3.61821977E+03
   2.65106184E-03   -9.37279171E+01    3.60146303E+03
   2.69093659E-03   -9.35846402E+01    3.58487456E+03
   2.73141109E-03   -9.34398782E+01    3.56845086E+03
   2.77249438E-03   -9.32936121E+01    3.55218850E+03
   2.81419559E-03   -9.31458218E+01    3.53608403E+03
   2.85652404E-03   -9.29964862E+01    3.52013401E+03
   2.89948915E-03   -9.28455836E+01    3.50433504E+03
   2.94310051E-03   -9.26930947E+01    3.48868385E+03
   2.98736782E-03   -9.25390016E+01    3.47317726E+03
   3.03230096E-03   -9.23832856E+01    3.45781211E+03
   3.07790994E-03   -9.22259269E+01    3.44258523E+03
   3.12420493E-03   -9.20669050E+01    3.42749349E+03
   3.17119624E-03   -9.19061986E+01    3.41253375E+03
   3.21889435E-03   -9.17437851E+01    3.39770290E+03
   3.26730989E-03   -9.15796410E+01    3.38299780E+03
   3.31645365E-03   -9.14137449E+01    3.36841545E+03
   3.36633659E-03   -9.12460775E+01    3.35395296E+03
   3.41696981E-03   -9.10766183E+01    3.33960743E+03
   3.46836462E-03   -9.09053465E+01    3.32537600E+03
   3.52053245E-03   -9.07322400E+01    3.31125579E+03
   3.57348494E-03   -9.05572761E+01    3.29724394E+03
   3.62723390E-03   -9.03804309E+01    3.28333760E+03
   3.68179129E-03   -9.02016795E+01    3.26953389E+03
   3.73716929E-03   -9.00209981E+01    3.25583004E+03
   3.79338023E-03   -8.98383656E+01    3.24222338E+03
   3.85043664E-03   -8.96537602E+01    3.22871128E+03
   3.90835123E-03   -8.94671598E+01    3.21529110E+03
   3.96713693E-03   -8.92785410E+01    3.20196022E+03
   4.02680682E-03   -8.90878796E+01    3.18871600E+03
   4.08737421E-03   -8.88951506E+01    3.17555582E+03
   4.14885260E-03   -8.87003277E+01    3.16247705E+03
   4.21125568E-03   -8.85033849E+01    3.14947710E+03
   4.27459738E-03   -8.83042994E+01    3.13655350E+03
   4.33889180E-03   -8.81030483E+01    3.12370384E+03
   4.40415327E-03   -8.78996078E+01    3.11092570E+03
   4.47039635E-03   -8.76939535E+01    3.09821665E+03
   4.53763579E-03   -8.74860600E+01    3.08557427E+03
   4.60588658E-03   -8.72759010E+01    3.07299614E+03
   4.67516394E-03   -8.70634491E+01    3.06047983E+03
   4.74548330E-03   -8.68486765E+01    3.04802292E+03
   4.81686033E-03   -8.66315587E+01    3.03562314E+03
   4.88931096E-03   -8.64120716E+01    3.02327825E+03
   4.96285131E-03   -8.61901904E+01    3.01098600E+03
   5.03749779E-03   -8.59658895E+01    2.99874417E+03
   5.11326703E-03   -8.57391425E+01    2.98655052E+03
   5.19017592E-03   -8.55099220E+01    2.97440280E+03
   5.26824160E-03   -8.52781997E+01    2.96229876E+03
   5.34748147E-03   -8.50439466E+01    2.95023616E+03
   5.42791319E-03   -8.48071362E+01    2.93821284E+03
   5.50955468E-03   -8.45677437E+01    2.92622676E+03
   5.59242415E-03   -8.43257433E+01    2.91427583E+03
   5.67654007E-03   -8.40811088E+01    2.90235798E+03
   5.76192117E-03   -8.38338130E+01    2.89047115E+03
   5.84858650E-03   -8.35838278E+01    2.87861326E+03
   5.93655536E-03   -8.33311245E+01    2.86678221E+03
   6.02584737E-03   -8.30756730E+01    2.85497592E+03
   6.11648242E-03   -8.28174453E+01    2.84319236E+03
   6.20848072E-03   -8.25564157E+01    2.83142960E+03
   6.30186277E-03   -8.22925583E+01    2.81968575E+03
   6.39664938E-03   -8.20258462E+01    2.80795888E+03
   6.49286169E-03   -8.17562521E+01    2.79624707E+03
   6.59052112E-03   -8.14837479E+01    2.78454840E+03
   6.68964946E-03   -8.12083044E+01    2.77286093E+03
   6.79026879E-03   -8.09298917E+01    2.76118271E+03
   6.89240154E-03   -8.06484805E+01    2.74951185E+03
   6.99607048E-03   -8.03640446E+01    2.73784653E+03
   7.10129870E-03   -8.00765581E+01    2.72618501E+03
   7.20810967E-03   -7.97859944E+01    2.71452551E+03
   7.31652718E-03   -7.94923266E+01    2.70286626E+03
   7.42657541E-03   -7.91955266E+01    2.69120547E+03
   7.53827888E-03   -7.88955660E+01    2.67954135E+03
   7.65166248E-03   -7.85924154E+01    2.66787212E+03
   7.76675150E-03   -7.82860452E+01    2.65619597E+03
   7.88357157E-03   -7.79764293E+01    2.64451124E+03
   8.00214874E-03   -7.76635424E+01    2.63281630E+03
   8.12250943E-03   -7.73473590E+01    2.62110953E+03
   8.24468048E-03   -7.70278529E+01    2.60938930E+03
   8.36868911E-03   -7.67049975E+01    2.59765397E+03
   8.49456295E-03   -7.63787655E+01    2.58590190E+03
   8.62233007E-03   -7.60491288E+01    2.57413144E+03
   8.75201894E-03   -7.57160591E+01    2.56234093E+03
   8.88365847E-03   -7.53795302E+01    2.55052882E+03
   9.01727799E-03   -7.50395187E+01    2.53869361E+03
   9.15290729E-03   -7.46960009E+01    2.52683384E+03
   9.29057660E-03   -7.43489526E+01    2.51494802E+03
   9.43031660E-03   -7.39983493E+01    2.50303468E+03
   9.57215843E-03   -7.36441662E+01    2.49109233E+03
   9.71613371E-03   -7.32863776E+01    2.47911947E+03
   9.86227454E-03   -7.29249576E+01    2.46711461E+03
   1.00106135E-02   -7.25598811E+01    2.45507629E+03
   1.01611836E-02   -7.21911272E+01    2.44300317E+03
   1.03140184E-02   -7.18186752E+01    2.43089394E+03
   1.04691520E-02   -7.14425042E+01    2.41874729E+03
   1.06266191E-02   -7.10625932E+01    2.40656190E+03
   1.07864545E-02   -7.06789209E+01    2.39433646E+03
   1.09486941E-02   -7.02914655E+01    2.38206965E+03
   1.11133739E-02   -6.99002050E+01    2.36976015E+03
   1.12805307E-02   -6.95051174E+01    2.35740664E+03
   1.14502017E-02   -6.91061847E+01    2.34500793E+03
   1.16224247E-02   -6.87033906E+01    2.33256288E+03
   1.17972381E-02   -6.82967189E+01    2.32007036E+03
   1.19746810E-02   -6.78861536E+01    2.30752925E+03
   1.21547927E-02   -6.74716784E+01    2.29493842E+03
   1.23376135E-02   -6.70532770E+01    2.28229676E+03
   1.25231841E-02   -6.66309330E+01    2.26960313E+03
   1.27115459E-02   -6.62046296E+01    2.25685641E+03
   1.29027409E-02   -6.57743529E+01    2.24405556E+03
   1.30968116E-02   -6.53400929E+01    2.23119965E+03
   1.32938014E-02   -6.49018400E+01    2.21828775E+03
   1.34937541E-02   -6.44595847E+01    2.20531896E+03
   1.36967142E-02   -6.40133181E+01    2.19229239E+03
   1.39027272E-02   -6.35630310E+01    2.17920714E+03
   1.41118387E-02   -6.31087147E+01    2.16606232E+03
   1.43240956E-02   -6.26503602E+01    2.15285704E+03
   1.45395449E-02   -6.21879594E+01    2.13959042E+03
   1.47582349E-02   -6.17215087E+01    2.12626173E+03
   1.49802142E-02   -6.12510074E+01    2.11287031E+03
   1.52055323E-02   -6.07764550E+01    2.09941550E+03
   1.54342395E-02   -6.02978518E+01    2.08589667E+03
   1.56663866E-02   -5.98151982E+01    2.07231320E+03
   1.59020254E-02   -5.93284954E+01    2.05866445E+03
   1.61412085E-02   -5.88377446E+01    2.04494984E+03
   1.63839892E-02   -5.83429476E+01    2.03116874E+03
   1.66304216E-02   -5.78441086E+01    2.01732063E+03
   1.68805605E-02   -5.73412371E+01    2.00340511E+03
   1.71344618E-02   -5.68343443E+01    1.98942184E+03
   1.73921821E-02   -5.63234418E+01    1.97537048E+03
   1.76537787E-02   -5.58085422E+01    1.96125071E+03
   1.79193100E-02   -5.52896589E+01    1.94706223E+03
   1.81888352E-02   -5.47668056E+01    1.93280474E+03
   1.84624143E-02   -5.42399971E+01    1.91847798E+03
   1.87401083E-02   -5.37092487E+01    1.90408168E+03
   1.90219792E-02   -5.31745816E+01    1.88961574E+03
   1.93080897E-02   -5.26360206E+01    1.87508015E+03
   1.95985035E-02   -5.20935920E+01    1.86047492E+03
   1.98932856E-02   -5.15473231E+01    1.84580009E+03
   2.01925014E-02   -5.09972422E+01    1.83105574E+03
   2.04962178E-02   -5.04433786E+01    1.81624193E+03
   2.08045023E-02   -4.98857626E+01    1.80135878E+03
   2.11174238E-02   -4.93244253E+01    1.78640639E+03
   2.14350520E-02   -4.87594019E+01    1.77138500E+03
   2.17574576E-02   -4.81907328E+01    1.75629494E+03
   2.20847125E-02   -4.76184603E+01    1.74113662E+03
   2.24168897E-02   -4.70426280E+01    1.72591044E+03
   2.27540632E-02   -4.64632807E+01    1.71061686E+03
   2.30963082E-02   -4.58804643E+01    1.69525634E+03
   2.34437008E-02   -4.52942271E+01    1.67982939E+03
   2.37963186E-02   -4.47046233E+01    1.66433668E+03
   2.41542402E-02   -4.41117094E+01    1.64877892E+03
   2.45175452E-02   -4.35155435E+01    1.63315686E+03
   2.48863148E-02   -4.29161848E+01    1.61747126E+03
   2.52606310E-02   -4.23136941E+01    1.60172293E+03
   2.56405773E-02   -4.17081344E+01    1.58591272E+03
   2.60262384E-02   -4.10995749E+01    1.57004161E+03
   2.64177003E-02   -4.04880873E+01    1.55411066E+03
   2.68150502E-02   -3.98737450E+01    1.53812095E+03
   2.72183766E-02   -3.92566224E+01    1.52207359E+03
   2.76277695E-02   -3.86367981E+01    1.50596977E+03
   2.80433201E-02   -3.80143549E+01    1.48981079E+03
   2.84651210E-02   -3.73893780E+01    1.47359799E+03
   2.88932662E-02   -3.67619537E+01    1.45733273E+03
   2.93278511E-02   -3.61321705E+01    1.44101643E+03
   2.97689727E-02   -3.55001230E+01    1.42465063E+03
   3.02167292E-02   -3.48659085E+01    1.40823695E+03
   3.06712205E-02   -3.42296263E+01    1.39177703E+03
   3.11325477E-02   -3.35913766E+01    1.37527253E+03
   3.16008139E-02   -3.29512642E+01    1.35872521E+03
   3.20761232E-02   -3.23093994E+01    1.34213698E+03
   3.25585816E-02   -3.16658942E+01    1.32550976E+03
   3.30482968E-02   -3.10208621E+01    1.30884549E+03
   3.35453778E-02   -3.03744185E+01    1.29214616E+03
   3.40499354E-02   -2.97266854E+01    1.27541391E+03
   3.45620821E-02   -2.90777884E+01    1.25865097E+03
   3.50819320E-02   -2.84278543E+01    1.24185957E+03
   3.56096009E-02   -2.77770112E+01    1.22504197E+03
   3.61452066E-02   -2.71253910E+01    1.20820052E+03
   3.66888684E-02   -2.64731323E+01    1.19133771E+03
   3.72407073E-02   -2.58203753E+01    1.17445607E+03
   3.78008466E-02   -2.51672610E+01    1.15755815E+03
   3.83694109E-02   -2.45139329E+01    1.14064653E+03
   3.89465270E-02   -2.38605415E+01    1.12372397E+03
   3.95323235E-02   -2.32072396E+01    1.10679326E+03
   4.01269310E-02   -2.25541804E+01    1.08985720E+03
   4.07304821E-02   -2.19015192E+01    1.07291863E+03
   4.13431112E-02   -2.12494188E+01    1.05598059E+03
   4.19649549E-02   -2.05980435E+01    1.03904610E+03
   4.25961517E-02   -1.99475577E+01    1.02211821E+03
   4.32368424E-02   -1.92981287E+01    1.00520003E+03
   4.38871698E-02   -1.86499309E+01    9.88294820E+02
   4.45472788E-02   -1.80031387E+01    9.71405850E+02
   4.52173165E-02   -1.73579268E+01    9.54536376E+02
   4.58974323E-02   -1.67144750E+01    9.37689786E+02
   4.65877777E-02   -1.60729676E+01    9.20869564E+02
   4.72885066E-02   -1.54335878E+01    9.04079164E+02
   4.79997753E-02   -1.47965204E+01    8.87322073E+02
   4.87217421E-02   -1.41619564E+01    8.70601932E+02
   4.94545681E-02   -1.35300866E+01    8.53922364E+02
   5.01984166E-02   -1.29011011E+01    8.37286979E+02
   5.09534534E-02   -1.22751978E+01    8.20699572E+02
   5.17198466E-02   -1.16525761E+01    8.04163971E+02
   5.24977673E-02   -1.10334322E+01    7.87683933E+02
   5.32873887E-02   -1.04179630E+01    7.71263224E+02
   5.40888868E-02   -9.80637280E+00    7.54905794E+02
   5.49024402E-02   -9.19886461E+00    7.38615566E+02
   5.57282304E-02   -8.59564018E+00    7.22396431E+02
   5.65664413E-02   -7.99690767E+00    7.06252440E+02
   5.74172598E-02   -7.40287338E+00    6.90187604E+02
   5.82808755E-02   -6.81374024E+00    6.74205859E+02
   5.91574809E-02   -6.22971775E+00    6.58311302E+02
   6.00472714E-02   -5.65101495E+00    6.42508029E+02
   6.09504452E-02   -5.07783632E+00    6.26800037E+02
   6.18672037E-02   -4.51039182E+00    6.11191458E+02
   6.27977512E-02   -3.94889050E+00    5.95686416E+02
   6.37422951E-02   -3.39353583E+00    5.80288915E+02
   6.47010460E-02   -2.84453741E+00    5.65003111E+02
   6.56742174E-02   -2.30210358E+00    5.49833149E+02
   6.66620264E-02   -1.76643464E+00    5.34782996E+02
   6.76646931E-02   -1.23773496E+00    5.19856732E+02
   6.86824409E-02   -7.16212984E-01    5.05058545E+02
   6.97154967E-02   -2.02067931E-01    4.90392427E+02
   7.07640907E-02    3.04508406E-01    4.75862218E+02
   7.18284567E-02    8.03313187E-01    4.61472029E+02
   7.29088319E-02    1.29414595E+00    4.47225936E+02
   7.40054571E-02    1.77681819E+00    4.33127764E+02
   7.51185766E-02    2.25115205E+00    4.19181118E+02
   7.62484387E-02    2.71695504E+00    4.05389956E+02
   7.73952950E-02    3.17403076E+00    3.91758345E+02
   7.85594013E-02    3.62219621E+00    3.78290077E+02
   7.97410169E-02    4.06128352E+00    3.64988627E+02
   8.09404053E-02    4.49113325E+00    3.51857308E+02
   8.21578337E-02    4.91157059E+00    3.38899806E+02
   8.33935735E-02    5.32242915E+00    3.26119647E+02
   8.46479002E-02    5.72355182E+00    3.13520177E+02
   8.59210932E-02    6.11477920E+00    3.01104824E+02
   8.72134364E-02    6.49596722E+00    2.88876707E+02
   8.85252178E-02    6.86697681E+00    2.76838866E+02
   8.98567297E-02    7.22766315E+00    2.64994502E+02
   9.12082690E-02    7.57789910E+00    2.53346460E+02
   9.25801368E-02    7.91756368E+00    2.41897482E+02
   9.39726390E-02    8.24653116E+00    2.30650454E+02
   9.53860859E-02    8.56469511E+00    2.19607873E+02
   9.68207925E-02    8.87195261E+00    2.08772198E+02
   9.82770785E-02    9.16820041E+00    1.98145932E+02
   9.97552687E-02    9.45335597E+00    1.87731167E+02
   1.01255692E-01    9.72733424E+00    1.77530089E+02
   1.02778684E-01    9.99005858E+00    1.67544743E+02
   1.04324583E-01    1.02414733E+01    1.57776758E+02
   1.05893734E-01    1.04815122E+01    1.48228033E+02
   1.07486487E-01    1.07101214E+01    1.38900246E+02
   1.09103196E-01    1.09272726E+01    1.29794559E+02
   1.10744222E-01    1.11329328E+01    1.20912284E+02
   1.12409931E-01    1.13270769E+01    1.12254600E+02
   1.14100694E-01    1.15096992E+01    1.03822318E+02
   1.15816888E-01    1.16807861E+01    9.56164601E+01
   1.17558895E-01    1.18403470E+01    8.76375954E+01
   1.19327104E-01    1.19884051E+01    7.98860439E+01
   1.21121909E-01    1.21249832E+01    7.23621747E+01
   1.22943709E-01    1.22501156E+01    6.50661589E+01
   1.24792911E-01    1.23638489E+01    5.79979408E+01
   1.26669927E-01    1.24662404E+01    5.11572845E+01
   1.28575175E-01    1.25573557E+01    4.45438144E+01
   1.30509081E-01    1.26372716E+01    3.81569616E+01
   1.32472074E-01    1.27060745E+01    3.19959945E+01
   1.34464593E-01    1.27638614E+01    2.60599900E+01
   1.36487081E-01    1.28107393E+01    2.03478597E+01
   1.38539989E-01    1.28468247E+01    1.48583461E+01
   1.40623776E-01    1.28722452E+01    9.58999707E+00
   1.42738905E-01    1.28871383E+01    4.54118892E+00
   1.44885847E-01    1.28916500E+01   -2.89850531E-01
   1.47065082E-01    1.28859380E+01   -4.90510133E+00
   1.49277095E-01    1.28701684E+01   -9.30669155E+00
   1.51522379E-01    1.28445172E+01   -1.34969229E+01
   1.53801434E-01    1.28091693E+01   -1.74782576E+01
   1.56114768E-01    1.27643194E+01   -2.12533314E+01
   1.58462898E-01    1.27101706E+01   -2.48249314E+01
   1.60846346E-01    1.26469347E+01   -2.81959967E+01
   1.63265643E-01    1.25748323E+01   -3.13696331E+01
   1.65721329E-01    1.24940914E+01   -3.43490741E+01
   1.68213952E-01    1.24049488E+01   -3.71377147E+01
   1.70744066E-01    1.23076480E+01   -3.97390759E+01
   1.73312235E-01    1.22024401E+01   -4.21568156E+01
   1.75919032E-01    1.20895831E+01   -4.43947226E+01
   1.78565039E-01    1.19693411E+01   -4.64566963E+01
   1.81250844E-01    1.18419853E+01   -4.83467718E+01
   1.83977046E-01    1.17077908E+01   -5.00690599E+01
   1.86744254E-01    1.15670402E+01   -5.16278193E+01
   1.89553083E-01    1.14200192E+01   -5.30273638E+01
   1.92404160E-01    1.12670191E+01   -5.42721206E+01
   1.95298120E-01    1.11083343E+01   -5.53665875E+01
   1.98235608E-01    1.09442635E+01   -5.63153440E+01
   2.01217279E-01    1.07751082E+01   -5.71230368E+01
   2.04243797E-01    1.06011724E+01   -5.77943711E+01
   2.07315838E-01    1.04227613E+01   -5.83340842E+01
   2.10434085E-01    1.02401835E+01   -5.87469957E+01
   2.13599234E-01    1.00537475E+01   -5.90379394E+01
   2.16811990E-01    9.86376233E+00   -5.92117762E+01
   2.20073070E-01    9.67053746E+00   -5.92733936E+01
   2.23383199E-01    9.47438165E+00   -5.92276902E+01
   2.26743116E-01    9.27560344E+00   -5.90795853E+01
   2.30153570E-01    9.07450794E+00   -5.88339540E+01
   2.33615320E-01    8.87140226E+00   -5.84957489E+01
   2.37129139E-01    8.66658213E+00   -5.80697091E+01
   2.40695810E-01    8.46035398E+00   -5.75608532E+01
   2.44316127E-01    8.25300655E+00   -5.69738511E+01
   2.47990897E-01    8.04483630E+00   -5.63135968E+01
   2.51720940E-01    7.83612552E+00   -5.55847182E+01
   2.55507086E-01    7.62715925E+00   -5.47919661E+01
   2.59350180E-01    7.41821115E+00   -5.39398932E+01
   2.63251079E-01    7.20955385E+00   -5.30330993E+01
   2.67210650E-01    7.00144876E+00   -5.20759940E+01
   2.71229778E-01    6.79415422E+00   -5.10729959E+01
   2.75309358E-01    6.58792059E+00   -5.00284175E+01
   2.79450299E-01    6.38298933E+00   -4.89464479E+01
   2.83653524E-01    6.17959514E+00   -4.78312073E+01
   2.87919970E-01    5.97796377E+00   -4.66866966E+01
   2.92250588E-01    5.77831253E+00   -4.55168141E+01
   2.96646343E-01    5.58084974E+00   -4.43253434E+01
   3.01108214E-01    5.38577454E+00   -4.31159531E+01
   3.05637197E-01    5.19327643E+00   -4.18921853E+01
   3.10234300E-01    5.00353540E+00   -4.06574641E+01
   3.14900549E-01    4.81672103E+00   -3.94150682E+01
   3.19636983E-01    4.63299327E+00   -3.81681609E+01
   3.24444658E-01    4.45250157E+00   -3.69197625E+01
   3.29324645E-01    4.27538500E+00   -3.56727557E+01
   3.34278032E-01    4.10177214E+00   -3.44298818E+01
   3.39305924E-01    3.93178111E+00   -3.31937453E+01
   3.44409440E-01    3.76551933E+00   -3.19668010E+01
   3.49589719E-01    3.60308386E+00   -3.07513685E+01
   3.54847914E-01    3.44456098E+00   -2.95496118E+01
   3.60185198E-01    3.29002674E+00   -2.83635627E+01
   3.65602761E-01    3.13954670E+00   -2.71951021E+01
   3.71101809E-01    2.99317619E+00   -2.60459687E+01
   3.76683569E-01    2.85096046E+00   -2.49177613E+01
   3.82349284E-01    2.71293484E+00   -2.38119376E+01
   3.88100217E-01    2.57912498E+00   -2.27298176E+01
   3.93937651E-01    2.44954697E+00   -2.16725872E+01
   3.99862886E-01    2.32420781E+00   -2.06412965E+01
   4.05877242E-01    2.20310530E+00   -1.96368714E+01
   4.11982061E-01    2.08622881E+00   -1.86601081E+01
   4.18178702E-01    1.97355960E+00   -1.77116756E+01
   4.24468548E-01    1.86507029E+00   -1.67921383E+01
   4.30852999E-01    1.76072613E+00   -1.59019366E+01
   4.37333479E-01    1.66048530E+00   -1.50414027E+01
   4.43911432E-01    1.56429891E+00   -1.42107661E+01
   4.50588325E-01    1.47211132E+00   -1.34101554E+01
   4.57365645E-01    1.38386098E+00   -1.26396036E+01
   4.64244903E-01    1.29948059E+00   -1.18990541E+01
   4.71227632E-01    1.21889748E+00   -1.11883650E+01
   4.78315389E-01    1.14203406E+00   -1.05073144E+01
   4.85509754E-01    1.06880829E+00   -9.85560575E+00
   4.92812329E-01    9.99133937E-01   -9.23287253E+00
   5.00224742E-01    9.32921175E-01   -8.63868374E+00
   5.07748646E-01    8.70077076E-01   -8.07254989E+00
   5.15385717E-01    8.10505644E-01   -7.53392617E+00
   5.23137658E-01    7.54108551E-01   -7.02221898E+00
   5.31006196E-01    7.00785554E-01   -6.53679126E+00
   5.38993085E-01    6.50434529E-01   -6.07696518E+00
   5.47100105E-01    6.02952454E-01   -5.64203066E+00
   5.55329063E-01    5.58235097E-01   -5.23124578E+00
   5.63681794E-01    5.16177885E-01   -4.84384452E+00
   5.72160158E-01    4.76676010E-01   -4.47903963E+00
   5.80766046E-01    4.39624872E-01   -4.13602770E+00
   5.89501375E-01    4.04920259E-01   -3.81399217E+00
   5.98368093E-01    3.72458971E-01   -3.51210974E+00
   6.07368175E-01    3.42138572E-01   -3.22955006E+00
   6.16503628E-01    3.13858132E-01   -2.96548282E+00
   6.25776488E-01    2.87518227E-01   -2.71907924E+00
   6.35188822E-01    2.63021287E-01   -2.48951611E+00
   6.44742727E-01    2.40271681E-01   -2.27597764E+00
   6.54440332E-01    2.19176141E-01   -2.07766009E+00
   6.64283800E-01    1.99643561E-01   -1.89377117E+00
   6.74275324E-01    1.81585540E-01   -1.72353549E+00
   6.84417130E-01    1.64916211E-01   -1.56619405E+00
   6.94711481E-01    1.49552542E-01   -1.42100759E+00
   7.05160668E-01    1.35414347E-01   -1.28725753E+00
   7.15767023E-01    1.22424395E-01   -1.16424750E+00
   7.26532908E-01    1.10508430E-01   -1.05130423E+00
   7.37460724E-01    9.95953299E-02   -9.47779516E-01
   7.48552905E-01    8.96169265E-02   -8.53049169E-01
   7.59811925E-01    8.05082026E-02   -7.66515209E-01
   7.71240291E-01    7.22072135E-02   -6.87605635E-01
   7.82840553E-01    6.46550384E-02   -6.15774357E-01
   7.94615294E-01    5.77959061E-02   -5.50502710E-01
   8.06567140E-01    5.15768377E-02   -4.91296485E-01
   8.18698754E-01    4.59480628E-02   -4.37690048E-01
   8.31012840E-01    4.08623917E-02   -3.89240792E-01
   8.43512144E-01    3.62757449E-02   -3.45534268E-01
   8.56199449E-01    3.21465187E-02   -3.06178484E-01
   8.69077585E-01    2.84359116E-02   -2.70807117E-01
   8.82149422E-01    2.51076721E-02   -2.39077317E-01
   8.95417873E-01    2.21279111E-02   -2.10668067E-01
   9.08885895E-01    1.94652462E-02   -1.85281663E-01
   9.22556490E-01    1.70904540E-02   -1.62640534E-01
   9.36432706E-01    1.49765275E-02   -1.42487868E-01
   9.50517634E-01    1.30984797E-02   -1.24585825E-01
   9.64814414E-01    1.14333433E-02   -1.08715599E-01
   9.79326233E-01    9.95990854E-03   -9.46749814E-02
   9.94056325E-01    8.65876426E-03   -8.22787889E-02
   1.00900797E+00    7.51215263E-03   -7.13575237E-02
   1.02418451E+00    6.50381300E-03   -6.17559120E-02
   1.03958932E+00    5.61893634E-03   -5.33324938E-02
   1.05522583E+00    4.84408965E-03   -4.59589210E-02
   1.07109753E+00    4.16704290E-03   -3.95183202E-02
   1.08720796E+00    3.57675041E-03   -3.39051259E-02
   1.10356070E+00    3.06326205E-03   -2.90242411E-02
   1.12015941E+00    2.61756037E-03   -2.47894864E-02
   1.13700778E+00    2.23160610E-03   -2.11240390E-02
   1.15410957E+00    1.89814890E-03   -1.79586265E-02
   1.17146858E+00    1.61072679E-03   -1.52315219E-02
   1.18908870E+00    1.36357249E-03   -1.28876490E-02
   1.20697384E+00    1.15155475E-03   -1.08780212E-02
   1.22512799E+00    9.70123909E-04   -9.15921909E-03
   1.24355519E+00    8.15247011E-04   -7.69276983E-03
   1.26225957E+00    6.83376480E-04   -6.44484562E-03
   1.28124527E+00    5.71374370E-04   -5.38553833E-03
   1.30051654E+00    4.76493384E-04   -4.48867634E-03
   1.32007767E+00    3.96325978E-04   -3.73133661E-03
   1.33993302E+00    3.28769166E-04   -3.09350692E-03
   1.36008702E+00    2.71992940E-04   -2.55778282E-03
   1.38054415E+00    2.24405965E-04   -2.10903871E-03
   1.40130898E+00    1.84631118E-04   -1.73419326E-03
   1.42238613E+00    1.51478908E-04   -1.42195456E-03
   1.44378031E+00    1.23924969E-04   -1.16260463E-03
   1.46549628E+00    1.01089776E-04   -9.47805101E-04
   1.48753888E+00    8.22203786E-05   -7.70422467E-04
   1.50991302E+00    6.66741093E-05   -6.24372265E-04
   1.53262369E+00    5.39040228E-05   -5.04479916E-04
   1.55567595E+00    4.34464045E-05   -4.06361405E-04
   1.57907495E+00    3.49086902E-05   -3.26308043E-04
   1.60282589E+00    2.79605645E-05   -2.61201513E-04
   1.62693407E+00    2.23237659E-05   -2.08416812E-04
   1.65140486E+00    1.77655540E-05   -1.65759997E-04
   1.67624372E+00    1.40915355E-05   -1.31399964E-04
   1.70145618E+00    1.11400111E-05   -1.03814710E-04
   1.72704786E+00    8.77693906E-06   -8.17435035E-05
   1.75302447E+00    6.89136877E-06   -6.41435757E-05
   1.77939179E+00    5.39201611E-06   -5.01576399E-05
   1.80615571E+00    4.20396770E-06   -3.90826824E-05
   1.83332218E+00    3.26594780E-06   -3.03441006E-05
   1.86089726E+00    2.52799885E-06   -2.34737773E-05
   1.88888711E+00    1.94956053E-06   -1.80919347E-05
   1.91729795E+00    1.49784788E-06   -1.38918276E-05
   1.94613611E+00    1.14642373E-06   -1.06262865E-05
   1.97540804E+00    8.74069043E-07   -8.09707445E-06
   2.00512024E+00    6.63809182E-07   -6.14572489E-06
   2.03527935E+00    5.02128473E-07   -4.64615492E-06
   2.06589208E+00    3.78296985E-07   -3.49834190E-06
   2.09696526E+00    2.83840007E-07   -2.62334342E-06
   2.12850582E+00    2.12083980E-07   -1.95903969E-06
   2.16052077E+00    1.57801921E-07   -1.45681107E-06
   2.19301727E+00    1.16912096E-07   -1.07871759E-06
   2.22600254E+00    8.62418252E-08   -7.95289827E-07
   2.25948395E+00    6.33384475E-08   -5.83762216E-07
   2.29346895E+00    4.63097015E-08   -4.26582975E-07
   2.32796513E+00    3.37059360E-08   -3.10315057E-07
   2.36298016E+00    2.44198829E-08   -2.24702009E-07
   2.39852186E+00    1.76095112E-08   -1.61949490E-07
   2.43459814E+00    1.26385308E-08   -1.16171571E-07
   2.47121704E+00    9.02714853E-09   -8.29329044E-08
   2.50838673E+00    6.41636088E-09   -5.89169444E-08
   2.54611549E+00    4.53805464E-09   -4.16484058E-08
   2.58441174E+00    3.19352021E-09   -2.92939352E-08
   2.62328399E+00    2.23589461E-09   -2.04993884E-08
   2.66274093E+00    1.55733266E-09   -1.42710080E-08
   2.70279134E+00    1.07902570E-09   -9.88304863E-09
   2.74344415E+00    7.43633134E-10   -6.80778634E-09
   2.78470843E+00    5.09731621E-10   -4.66422020E-09
   2.82659336E+00    3.47478975E-10   -3.17803331E-09
   2.86910828E+00    2.35559514E-10   -2.15340274E-09
   2.91226267E+00    1.58783476E-10   -1.45086429E-09
   2.95606615E+00    1.06420381E-10   -9.71953387E-10
   3.00052848E+00    7.09086941E-11   -6.47323581E-10
   3.04565957E+00    4.69686218E-11   -4.28581392E-10
   3.09146948E+00    3.09256917E-11   -2.82066004E-10
   3.13796841E+00    2.02383832E-11   -1.84507982E-10
   3.18516674E+00    1.31624684E-11   -1.19946309E-10
   3.23307499E+00    8.50637753E-12   -7.74830141E-11
   3.28170382E+00    5.46297173E-12   -4.97399700E-11
   3.33106408E+00    3.48565892E-12   -3.17232935E-11
   3.38116677E+00    2.20930333E-12   -2.00986843E-11
   3.43202306E+00    1.39128596E-12   -1.26517351E-11
   3.48364428E+00    8.70082230E-13   -7.90892140E-12
   3.53604194E+00    5.40486150E-13   -4.91096878E-12
   3.58922771E+00    3.33368089E-13   -3.02784917E-12
   3.64321345E+00    2.04009982E-13   -1.85220997E-12
   3.69801119E+00    1.24180084E-13   -1.12700103E-12
   3.75363315E+00    7.49557278E-14   -6.80003209E-13
   3.81009173E+00    4.48567971E-14   -4.06788468E-13
   3.86739949E+00    2.67103203E-14   -2.42136225E-13
   3.92556923E+00    1.57143172E-14   -1.42400646E-13
   3.98461390E+00    9.23327616E-15   -8.36410691E-14
   4.04454667E+00    5.30446796E-15   -4.80327366E-14
   4.10538088E+00    3.06955551E-15   -2.77855819E-14
   4.16713011E+00    1.77939022E-15   -1.61021595E-14
   4.22980811E+00    1.00509317E-15   -9.09213770E-15
   4.29342885E+00    5.62626686E-16   -5.08769005E-15
   4.35800651E+00    3.05925850E-16   -2.76525940E-15
   4.42355549E+00    1.70313326E-16   -1.53897412E-15
   4.49009040E+00    9.70872518E-17   -8.77149662E-16
   4.55762606E+00    5.26040217E-17   -4.75138275E-16
   4.62617753E+00    2.79875481E-17   -2.52695808E-16
   4.69576008E+00    1.46350929E-17   -1.32068285E-16
   4.76638923E+00    7.06231942E-18   -6.36832113E-17
   4.83808071E+00    3.48118230E-18   -3.13721391E-17
   4.91085051E+00    2.12881019E-18   -1.91932743E-17
   4.98471484E+00    1.38590997E-18   -1.25039839E-17
   5.05969017E+00    8.52864198E-19   -7.69447341E-18
   5.13579321E+00    4.66595551E-19   -4.19956843E-18
   5.21304091E+00    1.57733477E-19    0.00000000E+00
   5.29145051E+00    0.00000000E+00    0.00000000E+00
   5.37103946E+00    0.00000000E+00    0.00000000E+00
   5.45182552E+00    0.00000000E+00    0.00000000E+00
   5.53382668E+00    0.00000000E+00    0.00000000E+00
   5.61706123E+00    0.00000000E+00    0.00000000E+00
   5.70154771E+00    0.00000000E+00    0.00000000E+00
   5.78730495E+00    0.00000000E+00    0.00000000E+00
   5.87435208E+00    0.00000000E+00    0.00000000E+00
   5.96270848E+00    0.00000000E+00    0.00000000E+00
   6.05239386E+00    0.00000000E+00    0.00000000E+00
   6.14342820E+00    0.00000000E+00    0.00000000E+00
   6.23583179E+00    0.00000000E+00    0.00000000E+00
   6.32962523E+00    0.00000000E+00    0.00000000E+00
   6.42482942E+00    0.00000000E+00    0.00000000E+00
   6.52146558E+00    0.00000000E+00    0.00000000E+00
   6.61955525E+00    0.00000000E+00    0.00000000E+00
   6.71912029E+00    0.00000000E+00    0.00000000E+00
   6.82018289E+00    0.00000000E+00    0.00000000E+00
   6.92276558E+00    0.00000000E+00    0.00000000E+00
   7.02689123E+00    0.00000000E+00    0.00000000E+00
   7.13258303E+00    0.00000000E+00    0.00000000E+00
   7.23986454E+00    0.00000000E+00    0.00000000E+00
   7.34875968E+00    0.00000000E+00    0.00000000E+00
   7.45929272E+00    0.00000000E+00    0.00000000E+00
   7.57148829E+00    0.00000000E+00    0.00000000E+00
   7.68537140E+00    0.00000000E+00    0.00000000E+00
   7.80096743E+00    0.00000000E+00    0.00000000E+00
   7.91830215E+00    0.00000000E+00    0.00000000E+00
   8.03740171E+00    0.00000000E+00    0.00000000E+00
   8.15829264E+00    0.00000000E+00    0.00000000E+00
   8.28100190E+00    0.00000000E+00    0.00000000E+00
   8.40555684E+00    0.00000000E+00    0.00000000E+00
   8.53198521E+00    0.00000000E+00    0.00000000E+00
   8.66031520E+00    0.00000000E+00    0.00000000E+00
   8.79057541E+00    0.00000000E+00    0.00000000E+00
   8.92279487E+00    0.00000000E+00    0.00000000E+00
   9.05700304E+00    0.00000000E+00    0.00000000E+00
   9.19322985E+00    0.00000000E+00    0.00000000E+00
   9.33150565E+00    0.00000000E+00    0.00000000E+00
   9.47186126E+00    0.00000000E+00    0.00000000E+00
   9.61432797E+00    0.00000000E+00    0.00000000E+00
   9.75893753E+00    0.00000000E+00    0.00000000E+00
   9.90572217E+00    0.00000000E+00    0.00000000E+00
   1.00547146E+01    0.00000000E+00    0.00000000E+00
   1.02059480E+01    0.00000000E+00    0.00000000E+00
   1.03594562E+01    0.00000000E+00    0.00000000E+00
   1.05152732E+01    0.00000000E+00    0.00000000E+00
   1.06734340E+01    0.00000000E+00    0.00000000E+00
   1.08339736E+01    0.00000000E+00    0.00000000E+00
   1.09969279E+01    0.00000000E+00    0.00000000E+00
   1.11623332E+01    0.00000000E+00    0.00000000E+00
   1.13302264E+01    0.00000000E+00    0.00000000E+00
   1.15006448E+01    0.00000000E+00    0.00000000E+00
   1.16736266E+01    0.00000000E+00    0.00000000E+00
   1.18492101E+01    0.00000000E+00    0.00000000E+00
   1.20274347E+01    0.00000000E+00    0.00000000E+00
   1.22083399E+01    0.00000000E+00    0.00000000E+00
   1.23919661E+01    0.00000000E+00    0.00000000E+00
   1.25783542E+01    0.00000000E+00    0.00000000E+00
   1.27675458E+01    0.00000000E+00    0.00000000E+00
   1.29595831E+01    0.00000000E+00    0.00000000E+00
   1.31545088E+01    0.00000000E+00    0.00000000E+00
   1.33523664E+01    0.00000000E+00    0.00000000E+00
   1.35531999E+01    0.00000000E+00    0.00000000E+00
   1.37570543E+01    0.00000000E+00    0.00000000E+00
   1.39639748E+01    0.00000000E+00    0.00000000E+00
   1.41740076E+01    0.00000000E+00    0.00000000E+00
   1.43871995E+01    0.00000000E+00    0.00000000E+00
   1.46035980E+01    0.00000000E+00    0.00000000E+00
   1.48232514E+01    0.00000000E+00    0.00000000E+00
   1.50462086E+01    0.00000000E+00    0.00000000E+00
   1.52725194E+01    0.00000000E+00    0.00000000E+00
   1.55022340E+01    0.00000000E+00    0.00000000E+00
   1.57354039E+01    0.00000000E+00    0.00000000E+00
   1.59720808E+01    0.00000000E+00    0.00000000E+00
   1.62123176E+01    0.00000000E+00    0.00000000E+00
   1.64561679E+01    0.00000000E+00    0.00000000E+00
   1.67036858E+01    0.00000000E+00    0.00000000E+00
   1.69549268E+01    0.00000000E+00    0.00000000E+00
   1.72099466E+01    0.00000000E+00    0.00000000E+00
   1.74688022E+01    0.00000000E+00    0.00000000E+00
   1.77315513E+01    0.00000000E+00    0.00000000E+00
   1.79982524E+01    0.00000000E+00    0.00000000E+00
   1.82689649E+01    0.00000000E+00    0.00000000E+00
   1.85437493E+01    0.00000000E+00    0.00000000E+00
   1.88226667E+01    0.00000000E+00    0.00000000E+00
   1.91057793E+01    0.00000000E+00    0.00000000E+00
   1.93931502E+01    0.00000000E+00    0.00000000E+00
   1.96848435E+01    0.00000000E+00    0.00000000E+00
   1.99809242E+01    0.00000000E+00    0.00000000E+00
   2.02814582E+01    0.00000000E+00    0.00000000E+00
   2.05865126E+01    0.00000000E+00    0.00000000E+00
   2.08961553E+01    0.00000000E+00    0.00000000E+00
   2.12104553E+01    0.00000000E+00    0.00000000E+00
   2.15294828E+01    0.00000000E+00    0.00000000E+00
   2.18533087E+01    0.00000000E+00    0.00000000E+00
   2.21820054E+01    0.00000000E+00    0.00000000E+00
   2.25156459E+01    0.00000000E+00    0.00000000E+00
   2.28543048E+01    0.00000000E+00    0.00000000E+00
   2.31980575E+01    0.00000000E+00    0.00000000E+00
   2.35469806E+01    0.00000000E+00    0.00000000E+00
   2.39011518E+01    0.00000000E+00    0.00000000E+00
   2.42606501E+01    0.00000000E+00    0.00000000E+00
   2.46255557E+01    0.00000000E+00    0.00000000E+00
   2.49959499E+01    0.00000000E+00    0.00000000E+00
   2.53719151E+01    0.00000000E+00    0.00000000E+00
   2.57535353E+01    0.00000000E+00    0.00000000E+00
   2.61408954E+01    0.00000000E+00    0.00000000E+00
   2.65340818E+01    0.00000000E+00    0.00000000E+00
   2.69331822E+01    0.00000000E+00    0.00000000E+00
   2.73382855E+01    0.00000000E+00    0.00000000E+00
   2.77494819E+01    0.00000000E+00    0.00000000E+00
   2.81668632E+01    0.00000000E+00    0.00000000E+00
   2.85905223E+01    0.00000000E+00    0.00000000E+00
   2.90205536E+01    0.00000000E+00    0.00000000E+00
   2.94570532E+01    0.00000000E+00    0.00000000E+00
   2.99001181E+01    0.00000000E+00    0.00000000E+00
   3.03498471E+01    0.00000000E+00    0.00000000E+00
   3.08063406E+01    0.00000000E+00    0.00000000E+00
   3.12697002E+01    0.00000000E+00    0.00000000E+00
   3.17400293E+01    0.00000000E+00    0.00000000E+00
   3.22174325E+01    0.00000000E+00    0.00000000E+00
   3.27020164E+01    0.00000000E+00    0.00000000E+00
   3.31938890E+01    0.00000000E+00    0.00000000E+00
   3.36931598E+01    0.00000000E+00    0.00000000E+00
   3.41999402E+01    0.00000000E+00    0.00000000E+00
   3.47143431E+01    0.00000000E+00    0.00000000E+00
   3.52364832E+01    0.00000000E+00    0.00000000E+00
   3.57664768E+01    0.00000000E+00    0.00000000E+00
   3.63044420E+01    0.00000000E+00    0.00000000E+00
   3.68504989E+01    0.00000000E+00    0.00000000E+00
   3.74047689E+01    0.00000000E+00    0.00000000E+00
   3.79673758E+01    0.00000000E+00    0.00000000E+00
   3.85384449E+01    0.00000000E+00    0.00000000E+00
   3.91181035E+01    0.00000000E+00    0.00000000E+00
   3.97064807E+01    0.00000000E+00    0.00000000E+00
   4.03037077E+01    0.00000000E+00    0.00000000E+00
   4.09099177E+01    0.00000000E+00    0.00000000E+00
   4.15252457E+01    0.00000000E+00    0.00000000E+00
   4.21498288E+01    0.00000000E+00    0.00000000E+00
   4.27838064E+01    0.00000000E+00    0.00000000E+00
   4.34273196E+01    0.00000000E+00    0.00000000E+00
   4.40805120E+01    0.00000000E+00    0.00000000E+00
   4.47435290E+01    0.00000000E+00    0.00000000E+00
   4.54165185E+01    0.00000000E+00    0.00000000E+00
   4.60996305E+01    0.00000000E+00    0.00000000E+00
   4.67930172E+01    0.00000000E+00    0.00000000E+00
   4.74968332E+01    0.00000000E+00    0.00000000E+00
   4.82112353E+01    0.00000000E+00    0.00000000E+00
   4.89363827E+01    0.00000000E+00    0.00000000E+00
   4.96724371E+01    0.00000000E+00    0.00000000E+00
   5.04195626E+01    0.00000000E+00    0.00000000E+00
   5.11779256E+01    0.00000000E+00    0.00000000E+00
   5.19476952E+01    0.00000000E+00    0.00000000E+00
   5.27290429E+01    0.00000000E+00    0.00000000E+00
   5.35221429E+01    0.00000000E+00    0.00000000E+00
   5.43271720E+01    0.00000000E+00    0.00000000E+00
   5.51443095E+01    0.00000000E+00    0.00000000E+00
   5.59737376E+01    0.00000000E+00    0.00000000E+00
   5.68156413E+01    0.00000000E+00    0.00000000E+00
   5.76702080E+01    0.00000000E+00    0.00000000E+00
   5.85376283E+01    0.00000000E+00    0.00000000E+00
   5.94180955E+01    0.00000000E+00    0.00000000E+00
   6.03118058E+01    0.00000000E+00    0.00000000E+00
   6.12189585E+01    0.00000000E+00    0.00000000E+00
   6.21397558E+01    0.00000000E+00    0.00000000E+00
   6.30744027E+01    0.00000000E+00    0.00000000E+00
   6.40231078E+01    0.00000000E+00    0.00000000E+00
   6.49860824E+01    0.00000000E+00    0.00000000E+00
   6.59635411E+01    0.00000000E+00    0.00000000E+00
   6.69557018E+01    0.00000000E+00    0.00000000E+00
   6.79627856E+01    0.00000000E+00    0.00000000E+00
   6.89850171E+01    0.00000000E+00    0.00000000E+00
   7.00226239E+01    0.00000000E+00    0.00000000E+00
   7.10758375E+01    0.00000000E+00    0.00000000E+00
   7.21448925E+01    0.00000000E+00    0.00000000E+00
   7.32300272E+01    0.00000000E+00    0.00000000E+00
   7.43314835E+01    0.00000000E+00    0.00000000E+00
   7.54495068E+01    0.00000000E+00    0.00000000E+00
   7.65843464E+01    0.00000000E+00    0.00000000E+00
   7.77362551E+01    0.00000000E+00    0.00000000E+00
   7.89054898E+01    0.00000000E+00    0.00000000E+00
   8.00923109E+01    0.00000000E+00    0.00000000E+00
   8.12969831E+01    0.00000000E+00    0.00000000E+00
   8.25197749E+01    0.00000000E+00    0.00000000E+00
   8.37609587E+01    0.00000000E+00    0.00000000E+00
   8.50208112E+01    0.00000000E+00    0.00000000E+00
   8.62996132E+01    0.00000000E+00    0.00000000E+00
   8.75976497E+01    0.00000000E+00    0.00000000E+00
   8.89152101E+01    0.00000000E+00    0.00000000E+00
   9.02525879E+01    0.00000000E+00    0.00000000E+00
   9.16100813E+01    0.00000000E+00    0.00000000E+00
   9.29879928E+01    0.00000000E+00    0.00000000E+00
   9.43866296E+01    0.00000000E+00    0.00000000E+00
   9.58063033E+01    0.00000000E+00    0.00000000E+00
   9.72473304E+01    0.00000000E+00    0.00000000E+00
   9.87100321E+01    0.00000000E+00    0.00000000E+00
   1.00194734E+02    0.00000000E+00    0.00000000E+00
   1.01701768E+02    0.00000000E+00    0.00000000E+00
   1.03231469E+02    0.00000000E+00    0.00000000E+00
   1.04784178E+02    0.00000000E+00    0.00000000E+00
   1.06360242E+02    0.00000000E+00    0.00000000E+00
   1.07960012E+02    0.00000000E+00    0.00000000E+00
   1.09583843E+02    0.00000000E+00    0.00000000E+00
   1.11232099E+02    0.00000000E+00    0.00000000E+00
   1.12905146E+02    0.00000000E+00    0.00000000E+00
   1.14603358E+02    0.00000000E+00    0.00000000E+00
   1.16327112E+02    0.00000000E+00    0.00000000E+00
   1.18076794E+02    0.00000000E+00    0.00000000E+00
   1.19852792E+02    0.00000000E+00    0.00000000E+00
   1.21655504E+02    0.00000000E+00    0.00000000E+00
   1.23485330E+02    0.00000000E+00    0.00000000E+00
   1.25342678E+02    0.00000000E+00    0.00000000E+00
   1.27227964E+02    0.00000000E+00    0.00000000E+00
   1.29141605E+02    0.00000000E+00    0.00000000E+00
   1.31084030E+02    0.00000000E+00    0.00000000E+00
   1.33055671E+02    0.00000000E+00    0.00000000E+00
   1.35056968E+02    0.00000000E+00    0.00000000E+00
   1.37088366E+02    0.00000000E+00    0.00000000E+00
   1.39150319E+02    0.00000000E+00    0.00000000E+00
   1.41243285E+02    0.00000000E+00    0.00000000E+00
   1.43367732E+02    0.00000000E+00    0.00000000E+00
   1.45524133E+02    0.00000000E+00    0.00000000E+00
   1.47712968E+02    0.00000000E+00    0.00000000E+00
   1.49934726E+02    0.00000000E+00    0.00000000E+00
   1.52189901E+02    0.00000000E+00    0.00000000E+00
   1.54478996E+02    0.00000000E+00    0.00000000E+00
   1.56802522E+02    0.00000000E+00    0.00000000E+00
   1.59160996E+02    0.00000000E+00    0.00000000E+00
   1.61554944E+02    0.00000000E+00    0.00000000E+00
