# Peaks:     0.099002      0.326665      0.975789    269.418727  
   9.05538491E-05   -3.41527044E-10   -5.98715632E-06
   9.13076817E-05   -3.46103199E-10   -6.01705544E-06
   9.20677897E-05   -3.50720256E-10   -6.04680182E-06
   9.28342254E-05   -3.55381472E-10   -6.07644148E-06
   9.36070414E-05   -3.60090252E-10   -6.10602119E-06
   9.43862909E-05   -3.64850155E-10   -6.13558857E-06
   9.51720274E-05   -3.69664897E-10   -6.16519201E-06
   9.59643049E-05   -3.74538360E-10   -6.19488079E-06
   9.67631778E-05   -3.79474593E-10   -6.22470502E-06
   9.75687011E-05   -3.84477821E-10   -6.25471571E-06
   9.83809302E-05   -3.89552355E-10   -6.28496333E-06
   9.91999208E-05   -3.94700494E-10   -6.31546734E-06
   1.00025729E-04   -3.99922424E-10   -6.34621583E-06
   1.00858412E-04   -4.05218208E-10   -6.37719533E-06
   1.01698027E-04   -4.10587875E-10   -6.40839210E-06
   1.02544632E-04   -4.16031414E-10   -6.43979212E-06
   1.03398284E-04   -4.21548777E-10   -6.47138108E-06
   1.04259042E-04   -4.27139876E-10   -6.50314439E-06
   1.05126966E-04   -4.32804578E-10   -6.53506718E-06
   1.06002116E-04   -4.38542766E-10   -6.56713503E-06
   1.06884550E-04   -4.44355101E-10   -6.59934452E-06
   1.07774331E-04   -4.50242865E-10   -6.63170064E-06
   1.08671518E-04   -4.56207385E-10   -6.66420863E-06
   1.09576175E-04   -4.62250015E-10   -6.69687379E-06
   1.10488363E-04   -4.68372140E-10   -6.72970152E-06
   1.11408144E-04   -4.74575174E-10   -6.76269726E-06
   1.12335582E-04   -4.80860563E-10   -6.79586651E-06
   1.13270741E-04   -4.87229782E-10   -6.82921484E-06
   1.14213684E-04   -4.93684160E-10   -6.86274565E-06
   1.15164478E-04   -5.00224769E-10   -6.89645884E-06
   1.16123186E-04   -5.06852665E-10   -6.93035398E-06
   1.17089875E-04   -5.13568914E-10   -6.96443056E-06
   1.18064612E-04   -5.20374589E-10   -6.99868809E-06
   1.19047463E-04   -5.27270774E-10   -7.03312599E-06
   1.20038496E-04   -5.34258564E-10   -7.06774365E-06
   1.21037779E-04   -5.41339063E-10   -7.10254050E-06
   1.22045381E-04   -5.48513477E-10   -7.13751700E-06
   1.23061371E-04   -5.55783093E-10   -7.17267446E-06
   1.24085819E-04   -5.63149220E-10   -7.20801425E-06
   1.25118794E-04   -5.70613184E-10   -7.24353771E-06
   1.26160369E-04   -5.78176329E-10   -7.27924616E-06
   1.27210615E-04   -5.85840015E-10   -7.31514093E-06
   1.28269604E-04   -5.93605623E-10   -7.35122334E-06
   1.29337409E-04   -6.01474548E-10   -7.38749466E-06
   1.30414102E-04   -6.09448181E-10   -7.42395596E-06
   1.31499759E-04   -6.17527922E-10   -7.46060822E-06
   1.32594454E-04   -6.25715189E-10   -7.49745238E-06
   1.33698261E-04   -6.34011416E-10   -7.53448940E-06
   1.34811257E-04   -6.42418056E-10   -7.57172020E-06
   1.35933519E-04   -6.50936579E-10   -7.60914568E-06
   1.37065123E-04   -6.59568473E-10   -7.64676673E-06
   1.38206148E-04   -6.68315245E-10   -7.68458423E-06
   1.39356671E-04   -6.77178435E-10   -7.72259921E-06
   1.40516772E-04   -6.86159610E-10   -7.76081287E-06
   1.41686530E-04   -6.95260361E-10   -7.79922636E-06
   1.42866027E-04   -7.04482296E-10   -7.83784084E-06
   1.44055342E-04   -7.13827047E-10   -7.87665745E-06
   1.45254558E-04   -7.23296262E-10   -7.91567732E-06
   1.46463757E-04   -7.32891613E-10   -7.95490155E-06
   1.47683022E-04   -7.42614791E-10   -7.99433124E-06
   1.48912437E-04   -7.52467510E-10   -8.03396744E-06
   1.50152087E-04   -7.62451508E-10   -8.07381131E-06
   1.51402056E-04   -7.72568554E-10   -8.11386408E-06
   1.52662431E-04   -7.82820440E-10   -8.15412697E-06
   1.53933298E-04   -7.93208980E-10   -8.19460122E-06
   1.55214745E-04   -8.03736012E-10   -8.23528801E-06
   1.56506859E-04   -8.14403396E-10   -8.27618855E-06
   1.57809730E-04   -8.25213014E-10   -8.31730399E-06
   1.59123447E-04   -8.36166775E-10   -8.35863549E-06
   1.60448100E-04   -8.47266609E-10   -8.40018417E-06
   1.61783781E-04   -8.58514474E-10   -8.44195122E-06
   1.63130580E-04   -8.69912368E-10   -8.48393796E-06
   1.64488592E-04   -8.81462315E-10   -8.52614572E-06
   1.65857908E-04   -8.93166364E-10   -8.56857581E-06
   1.67238623E-04   -9.05026590E-10   -8.61122954E-06
   1.68630833E-04   -9.17045095E-10   -8.65410819E-06
   1.70034632E-04   -9.29224007E-10   -8.69721302E-06
   1.71450117E-04   -9.41565480E-10   -8.74054529E-06
   1.72877386E-04   -9.54071695E-10   -8.78410621E-06
   1.74316537E-04   -9.66744864E-10   -8.82789705E-06
   1.75767667E-04   -9.79587242E-10   -8.87191918E-06
   1.77230879E-04   -9.92601112E-10   -8.91617405E-06
   1.78706270E-04   -1.00578879E-09   -8.96066306E-06
   1.80193944E-04   -1.01915262E-09   -9.00538761E-06
   1.81694003E-04   -1.03269498E-09   -9.05034906E-06
   1.83206549E-04   -1.04641826E-09   -9.09554877E-06
   1.84731686E-04   -1.06032491E-09   -9.14098808E-06
   1.86269520E-04   -1.07441738E-09   -9.18666830E-06
   1.87820156E-04   -1.08869817E-09   -9.23259076E-06
   1.89383700E-04   -1.10316983E-09   -9.27875693E-06
   1.90960261E-04   -1.11783494E-09   -9.32516833E-06
   1.92549945E-04   -1.13269611E-09   -9.37182648E-06
   1.94152864E-04   -1.14775599E-09   -9.41873286E-06
   1.95769126E-04   -1.16301727E-09   -9.46588895E-06
   1.97398843E-04   -1.17848265E-09   -9.51329620E-06
   1.99042127E-04   -1.19415490E-09   -9.56095603E-06
   2.00699090E-04   -1.21003678E-09   -9.60886987E-06
   2.02369848E-04   -1.22613113E-09   -9.65703910E-06
   2.04054514E-04   -1.24244081E-09   -9.70546529E-06
   2.05753204E-04   -1.25896874E-09   -9.75415007E-06
   2.07466035E-04   -1.27571787E-09   -9.80309505E-06
   2.09193126E-04   -1.29269121E-09   -9.85230182E-06
   2.10934593E-04   -1.30989178E-09   -9.90177196E-06
   2.12690558E-04   -1.32732265E-09   -9.95150704E-06
   2.14461141E-04   -1.34498692E-09   -1.00015086E-05
   2.16246463E-04   -1.36288775E-09   -1.00517781E-05
   2.18046647E-04   -1.38102832E-09   -1.01023171E-05
   2.19861818E-04   -1.39941187E-09   -1.01531272E-05
   2.21692099E-04   -1.41804171E-09   -1.02042101E-05
   2.23537617E-04   -1.43692117E-09   -1.02555676E-05
   2.25398498E-04   -1.45605363E-09   -1.03072014E-05
   2.27274870E-04   -1.47544251E-09   -1.03591130E-05
   2.29166863E-04   -1.49509128E-09   -1.04113042E-05
   2.31074605E-04   -1.51500346E-09   -1.04637765E-05
   2.32998229E-04   -1.53518259E-09   -1.05165316E-05
   2.34937867E-04   -1.55563229E-09   -1.05695711E-05
   2.36893652E-04   -1.57635624E-09   -1.06228969E-05
   2.38865718E-04   -1.59735815E-09   -1.06765107E-05
   2.40854200E-04   -1.61864180E-09   -1.07304145E-05
   2.42859237E-04   -1.64021103E-09   -1.07846099E-05
   2.44880964E-04   -1.66206969E-09   -1.08390989E-05
   2.46919522E-04   -1.68422172E-09   -1.08938832E-05
   2.48975050E-04   -1.70667107E-09   -1.09489645E-05
   2.51047690E-04   -1.72942179E-09   -1.10043445E-05
   2.53137584E-04   -1.75247793E-09   -1.10600250E-05
   2.55244875E-04   -1.77584363E-09   -1.11160076E-05
   2.57369709E-04   -1.79952311E-09   -1.11722944E-05
   2.59512232E-04   -1.82352063E-09   -1.12288873E-05
   2.61672590E-04   -1.84784053E-09   -1.12857883E-05
   2.63850933E-04   -1.87248719E-09   -1.13429994E-05
   2.66047410E-04   -1.89746505E-09   -1.14005224E-05
   2.68262172E-04   -1.92277859E-09   -1.14583592E-05
   2.70495371E-04   -1.94843237E-09   -1.15165116E-05
   2.72747161E-04   -1.97443101E-09   -1.15749816E-05
   2.75017696E-04   -2.00077918E-09   -1.16337710E-05
   2.77307133E-04   -2.02748163E-09   -1.16928818E-05
   2.79615628E-04   -2.05454321E-09   -1.17523161E-05
   2.81943341E-04   -2.08196880E-09   -1.18120761E-05
   2.84290432E-04   -2.10976337E-09   -1.18721637E-05
   2.86657061E-04   -2.13793192E-09   -1.19325811E-05
   2.89043392E-04   -2.16647955E-09   -1.19933301E-05
   2.91449588E-04   -2.19541140E-09   -1.20544128E-05
   2.93875815E-04   -2.22473269E-09   -1.21158311E-05
   2.96322240E-04   -2.25444871E-09   -1.21775871E-05
   2.98789030E-04   -2.28456486E-09   -1.22396829E-05
   3.01276356E-04   -2.31508660E-09   -1.23021209E-05
   3.03784388E-04   -2.34601947E-09   -1.23649033E-05
   3.06313298E-04   -2.37736908E-09   -1.24280321E-05
   3.08863261E-04   -2.40914109E-09   -1.24915096E-05
   3.11434451E-04   -2.44134127E-09   -1.25553378E-05
   3.14027046E-04   -2.47397543E-09   -1.26195188E-05
   3.16641224E-04   -2.50704948E-09   -1.26840548E-05
   3.19277163E-04   -2.54056942E-09   -1.27489479E-05
   3.21935046E-04   -2.57454136E-09   -1.28142006E-05
   3.24615055E-04   -2.60897148E-09   -1.28798152E-05
   3.27317374E-04   -2.64386605E-09   -1.29457941E-05
   3.30042190E-04   -2.67923139E-09   -1.30121395E-05
   3.32789688E-04   -2.71507394E-09   -1.30788537E-05
   3.35560059E-04   -2.75140021E-09   -1.31459389E-05
   3.38353492E-04   -2.78821678E-09   -1.32133973E-05
   3.41170179E-04   -2.82553035E-09   -1.32812313E-05
   3.44010315E-04   -2.86334771E-09   -1.33494432E-05
   3.46874093E-04   -2.90167579E-09   -1.34180356E-05
   3.49761712E-04   -2.94052158E-09   -1.34870111E-05
   3.52673369E-04   -2.97989216E-09   -1.35563720E-05
   3.55609265E-04   -3.01979472E-09   -1.36261209E-05
   3.58569602E-04   -3.06023652E-09   -1.36962600E-05
   3.61554582E-04   -3.10122495E-09   -1.37667919E-05
   3.64564411E-04   -3.14276745E-09   -1.38377188E-05
   3.67599297E-04   -3.18487160E-09   -1.39090431E-05
   3.70659446E-04   -3.22754512E-09   -1.39807676E-05
   3.73745071E-04   -3.27079582E-09   -1.40528948E-05
   3.76856382E-04   -3.31463163E-09   -1.41254275E-05
   3.79993594E-04   -3.35906057E-09   -1.41983682E-05
   3.83156922E-04   -3.40409076E-09   -1.42717196E-05
   3.86346585E-04   -3.44973045E-09   -1.43454840E-05
   3.89562800E-04   -3.49598797E-09   -1.44196642E-05
   3.92805789E-04   -3.54287178E-09   -1.44942625E-05
   3.96075774E-04   -3.59039048E-09   -1.45692817E-05
   3.99372982E-04   -3.63855283E-09   -1.46447248E-05
   4.02697638E-04   -3.68736766E-09   -1.47205945E-05
   4.06049970E-04   -3.73684394E-09   -1.47968935E-05
   4.09430210E-04   -3.78699076E-09   -1.48736246E-05
   4.12838589E-04   -3.83781731E-09   -1.49507906E-05
   4.16275341E-04   -3.88933292E-09   -1.50283939E-05
   4.19740704E-04   -3.94154703E-09   -1.51064373E-05
   4.23234915E-04   -3.99446925E-09   -1.51849237E-05
   4.26758213E-04   -4.04810935E-09   -1.52638560E-05
   4.30310843E-04   -4.10247721E-09   -1.53432373E-05
   4.33893046E-04   -4.15758287E-09   -1.54230704E-05
   4.37505071E-04   -4.21343647E-09   -1.55033584E-05
   4.41147164E-04   -4.27004830E-09   -1.55841040E-05
   4.44819577E-04   -4.32742877E-09   -1.56653101E-05
   4.48522562E-04   -4.38558846E-09   -1.57469794E-05
   4.52256372E-04   -4.44453807E-09   -1.58291149E-05
   4.56021266E-04   -4.50428852E-09   -1.59117197E-05
   4.59817501E-04   -4.56485086E-09   -1.59947971E-05
   4.63645338E-04   -4.62623632E-09   -1.60783502E-05
   4.67505041E-04   -4.68845623E-09   -1.61623820E-05
   4.71396875E-04   -4.75152210E-09   -1.62468956E-05
   4.75321108E-04   -4.81544560E-09   -1.63318941E-05
   4.79278008E-04   -4.88023852E-09   -1.64173804E-05
   4.83267848E-04   -4.94591283E-09   -1.65033575E-05
   4.87290902E-04   -5.01248072E-09   -1.65898287E-05
   4.91347447E-04   -5.07995455E-09   -1.66767973E-05
   4.95437762E-04   -5.14834685E-09   -1.67642666E-05
   4.99562127E-04   -5.21767032E-09   -1.68522399E-05
   5.03720826E-04   -5.28793780E-09   -1.69407204E-05
   5.07914145E-04   -5.35916234E-09   -1.70297114E-05
   5.12142372E-04   -5.43135714E-09   -1.71192159E-05
   5.16405798E-04   -5.50453556E-09   -1.72092370E-05
   5.20704715E-04   -5.57871125E-09   -1.72997783E-05
   5.25039420E-04   -5.65389803E-09   -1.73908433E-05
   5.29410210E-04   -5.73010993E-09   -1.74824356E-05
   5.33817385E-04   -5.80736115E-09   -1.75745587E-05
   5.38261248E-04   -5.88566609E-09   -1.76672161E-05
   5.42742106E-04   -5.96503933E-09   -1.77604112E-05
   5.47260265E-04   -6.04549565E-09   -1.78541474E-05
   5.51816036E-04   -6.12705002E-09   -1.79484279E-05
   5.56409733E-04   -6.20971761E-09   -1.80432561E-05
   5.61041670E-04   -6.29351381E-09   -1.81386354E-05
   5.65712168E-04   -6.37845431E-09   -1.82345695E-05
   5.70421545E-04   -6.46455502E-09   -1.83310622E-05
   5.75170127E-04   -6.55183206E-09   -1.84281174E-05
   5.79958239E-04   -6.64030177E-09   -1.85257387E-05
   5.84786211E-04   -6.72998069E-09   -1.86239298E-05
   5.89654374E-04   -6.82088559E-09   -1.87226943E-05
   5.94563063E-04   -6.91303346E-09   -1.88220359E-05
   5.99512615E-04   -7.00644153E-09   -1.89219578E-05
   6.04503371E-04   -7.10112726E-09   -1.90224639E-05
   6.09535674E-04   -7.19710846E-09   -1.91235582E-05
   6.14609868E-04   -7.29440316E-09   -1.92252445E-05
   6.19726304E-04   -7.39302964E-09   -1.93275270E-05
   6.24885333E-04   -7.49300642E-09   -1.94304094E-05
   6.30087308E-04   -7.59435228E-09   -1.95338956E-05
   6.35332589E-04   -7.69708622E-09   -1.96379895E-05
   6.40621535E-04   -7.80122753E-09   -1.97426946E-05
   6.45954510E-04   -7.90679573E-09   -1.98480147E-05
   6.51331880E-04   -8.01381074E-09   -1.99539541E-05
   6.56754015E-04   -8.12229272E-09   -2.00605169E-05
   6.62221288E-04   -8.23226214E-09   -2.01677073E-05
   6.67734074E-04   -8.34373974E-09   -2.02755294E-05
   6.73292752E-04   -8.45674650E-09   -2.03839873E-05
   6.78897704E-04   -8.57130373E-09   -2.04930849E-05
   6.84549316E-04   -8.68743299E-09   -2.06028262E-05
   6.90247976E-04   -8.80515615E-09   -2.07132151E-05
   6.95994076E-04   -8.92449544E-09   -2.08242559E-05
   7.01788010E-04   -9.04547346E-09   -2.09359530E-05
   7.07630176E-04   -9.16811310E-09   -2.10483107E-05
   7.13520977E-04   -9.29243756E-09   -2.11613334E-05
   7.19460817E-04   -9.41847034E-09   -2.12750253E-05
   7.25450105E-04   -9.54623526E-09   -2.13893907E-05
   7.31489251E-04   -9.67575645E-09   -2.15044335E-05
   7.37578671E-04   -9.80705843E-09   -2.16201580E-05
   7.43718784E-04   -9.94016609E-09   -2.17365687E-05
   7.49910011E-04   -1.00751047E-08   -2.18536704E-05
   7.56152778E-04   -1.02118999E-08   -2.19714675E-05
   7.62447515E-04   -1.03505777E-08   -2.20899645E-05
   7.68794653E-04   -1.04911642E-08   -2.22091658E-05
   7.75194629E-04   -1.06336863E-08   -2.23290758E-05
   7.81647883E-04   -1.07781709E-08   -2.24496986E-05
   7.88154858E-04   -1.09246454E-08   -2.25710388E-05
   7.94716002E-04   -1.10731377E-08   -2.26931012E-05
   8.01331765E-04   -1.12236762E-08   -2.28158907E-05
   8.08002603E-04   -1.13762894E-08   -2.29394119E-05
   8.14728973E-04   -1.15310065E-08   -2.30636696E-05
   8.21511338E-04   -1.16878569E-08   -2.31886684E-05
   8.28350164E-04   -1.18468704E-08   -2.33144128E-05
   8.35245921E-04   -1.20080772E-08   -2.34409071E-05
   8.42199083E-04   -1.21715082E-08   -2.35681561E-05
   8.49210128E-04   -1.23371944E-08   -2.36961648E-05
   8.56279538E-04   -1.25051676E-08   -2.38249382E-05
   8.63407799E-04   -1.26754598E-08   -2.39544814E-05
   8.70595400E-04   -1.28481037E-08   -2.40847992E-05
   8.77842835E-04   -1.30231320E-08   -2.42158964E-05
   8.85150604E-04   -1.32005784E-08   -2.43477776E-05
   8.92519207E-04   -1.33804765E-08   -2.44804475E-05
   8.99949151E-04   -1.35628607E-08   -2.46139108E-05
   9.07440948E-04   -1.37477661E-08   -2.47481729E-05
   9.14995111E-04   -1.39352280E-08   -2.48832390E-05
   9.22612160E-04   -1.41252825E-08   -2.50191144E-05
   9.30292619E-04   -1.43179660E-08   -2.51558044E-05
   9.38037016E-04   -1.45133153E-08   -2.52933138E-05
   9.45845882E-04   -1.47113679E-08   -2.54316477E-05
   9.53719754E-04   -1.49121617E-08   -2.55708109E-05
   9.61659174E-04   -1.51157351E-08   -2.57108082E-05
   9.69664687E-04   -1.53221272E-08   -2.58516446E-05
   9.77736844E-04   -1.55313777E-08   -2.59933255E-05
   9.85876199E-04   -1.57435268E-08   -2.61358566E-05
   9.94083311E-04   -1.59586153E-08   -2.62792433E-05
   1.00235875E-03   -1.61766845E-08   -2.64234910E-05
   1.01070307E-03   -1.63977765E-08   -2.65686048E-05
   1.01911686E-03   -1.66219336E-08   -2.67145899E-05
   1.02760069E-03   -1.68491990E-08   -2.68614513E-05
   1.03615514E-03   -1.70796162E-08   -2.70091940E-05
   1.04478081E-03   -1.73132297E-08   -2.71578237E-05
   1.05347829E-03   -1.75500846E-08   -2.73073461E-05
   1.06224817E-03   -1.77902265E-08   -2.74577668E-05
   1.07109105E-03   -1.80337017E-08   -2.76090915E-05
   1.08000755E-03   -1.82805573E-08   -2.77613254E-05
   1.08899828E-03   -1.85308406E-08   -2.79144740E-05
   1.09806385E-03   -1.87846000E-08   -2.80685422E-05
   1.10720489E-03   -1.90418842E-08   -2.82235355E-05
   1.11642203E-03   -1.93027431E-08   -2.83794596E-05
   1.12571589E-03   -1.95672271E-08   -2.85363205E-05
   1.13508713E-03   -1.98353873E-08   -2.86941239E-05
   1.14453637E-03   -2.01072756E-08   -2.88528756E-05
   1.15406428E-03   -2.03829444E-08   -2.90125811E-05
   1.16367151E-03   -2.06624470E-08   -2.91732457E-05
   1.17335871E-03   -2.09458374E-08   -2.93348748E-05
   1.18312656E-03   -2.12331702E-08   -2.94974739E-05
   1.19297572E-03   -2.15245013E-08   -2.96610492E-05
   1.20290687E-03   -2.18198870E-08   -2.98256066E-05
   1.21292069E-03   -2.21193846E-08   -2.99911521E-05
   1.22301788E-03   -2.24230521E-08   -3.01576914E-05
   1.23319912E-03   -2.27309483E-08   -3.03252302E-05
   1.24346512E-03   -2.30431326E-08   -3.04937739E-05
   1.25381658E-03   -2.33596655E-08   -3.06633280E-05
   1.26425421E-03   -2.36806085E-08   -3.08338984E-05
   1.27477874E-03   -2.40060237E-08   -3.10054914E-05
   1.28539087E-03   -2.43359745E-08   -3.11781131E-05
   1.29609135E-03   -2.46705247E-08   -3.13517695E-05
   1.30688091E-03   -2.50097394E-08   -3.15264665E-05
   1.31776028E-03   -2.53536842E-08   -3.17022098E-05
   1.32873023E-03   -2.57024258E-08   -3.18790047E-05
   1.33979149E-03   -2.60560319E-08   -3.20568570E-05
   1.35094484E-03   -2.64145711E-08   -3.22357729E-05
   1.36219104E-03   -2.67781132E-08   -3.24157588E-05
   1.37353085E-03   -2.71467289E-08   -3.25968209E-05
   1.38496507E-03   -2.75204898E-08   -3.27789653E-05
   1.39649447E-03   -2.78994686E-08   -3.29621980E-05
   1.40811985E-03   -2.82837388E-08   -3.31465247E-05
   1.41984201E-03   -2.86733750E-08   -3.33319510E-05
   1.43166176E-03   -2.90684528E-08   -3.35184825E-05
   1.44357989E-03   -2.94690491E-08   -3.37061253E-05
   1.45559725E-03   -2.98752419E-08   -3.38948860E-05
   1.46771464E-03   -3.02871103E-08   -3.40847710E-05
   1.47993291E-03   -3.07047346E-08   -3.42757867E-05
   1.49225289E-03   -3.11281959E-08   -3.44679391E-05
   1.50467543E-03   -3.15575766E-08   -3.46612341E-05
   1.51720138E-03   -3.19929602E-08   -3.48556775E-05
   1.52983161E-03   -3.24344313E-08   -3.50512748E-05
   1.54256698E-03   -3.28820756E-08   -3.52480317E-05
   1.55540837E-03   -3.33359804E-08   -3.54459548E-05
   1.56835666E-03   -3.37962342E-08   -3.56450507E-05
   1.58141275E-03   -3.42629268E-08   -3.58453256E-05
   1.59457751E-03   -3.47361489E-08   -3.60467859E-05
   1.60785188E-03   -3.52159928E-08   -3.62494374E-05
   1.62123674E-03   -3.57025516E-08   -3.64532859E-05
   1.63473303E-03   -3.61959201E-08   -3.66583372E-05
   1.64834168E-03   -3.66961942E-08   -3.68645968E-05
   1.66206361E-03   -3.72034715E-08   -3.70720715E-05
   1.67589977E-03   -3.77178509E-08   -3.72807677E-05
   1.68985111E-03   -3.82394327E-08   -3.74906917E-05
   1.70391860E-03   -3.87683183E-08   -3.77018497E-05
   1.71810319E-03   -3.93046109E-08   -3.79142477E-05
   1.73240586E-03   -3.98484147E-08   -3.81278912E-05
   1.74682760E-03   -4.03998355E-08   -3.83427859E-05
   1.76136940E-03   -4.09589806E-08   -3.85589376E-05
   1.77603225E-03   -4.15259590E-08   -3.87763530E-05
   1.79081717E-03   -4.21008814E-08   -3.89950384E-05
   1.80572516E-03   -4.26838595E-08   -3.92149999E-05
   1.82075726E-03   -4.32750070E-08   -3.94362435E-05
   1.83591450E-03   -4.38744389E-08   -3.96587750E-05
   1.85119791E-03   -4.44822716E-08   -3.98825997E-05
   1.86660856E-03   -4.50986235E-08   -4.01077234E-05
   1.88214750E-03   -4.57236145E-08   -4.03341525E-05
   1.89781579E-03   -4.63573666E-08   -4.05618933E-05
   1.91361451E-03   -4.70000030E-08   -4.07909520E-05
   1.92954476E-03   -4.76516488E-08   -4.10213344E-05
   1.94560762E-03   -4.83124308E-08   -4.12530461E-05
   1.96180419E-03   -4.89824772E-08   -4.14860926E-05
   1.97813560E-03   -4.96619182E-08   -4.17204790E-05
   1.99460297E-03   -5.03508860E-08   -4.19562114E-05
   2.01120741E-03   -5.10495147E-08   -4.21932960E-05
   2.02795009E-03   -5.17579402E-08   -4.24317391E-05
   2.04483214E-03   -5.24763002E-08   -4.26715463E-05
   2.06185473E-03   -5.32047344E-08   -4.29127234E-05
   2.07901903E-03   -5.39433840E-08   -4.31552756E-05
   2.09632622E-03   -5.46923924E-08   -4.33992080E-05
   2.11377748E-03   -5.54519048E-08   -4.36445258E-05
   2.13137402E-03   -5.62220688E-08   -4.38912349E-05
   2.14911705E-03   -5.70030340E-08   -4.41393412E-05
   2.16700778E-03   -5.77949520E-08   -4.43888506E-05
   2.18504744E-03   -5.85979764E-08   -4.46397684E-05
   2.20323728E-03   -5.94122628E-08   -4.48920997E-05
   2.22157855E-03   -6.02379689E-08   -4.51458494E-05
   2.24007249E-03   -6.10752544E-08   -4.54010224E-05
   2.25872040E-03   -6.19242817E-08   -4.56576241E-05
   2.27752354E-03   -6.27852154E-08   -4.59156603E-05
   2.29648322E-03   -6.36582223E-08   -4.61751365E-05
   2.31560073E-03   -6.45434712E-08   -4.64360577E-05
   2.33487738E-03   -6.54411334E-08   -4.66984290E-05
   2.35431451E-03   -6.63513822E-08   -4.69622548E-05
   2.37391344E-03   -6.72743932E-08   -4.72275395E-05
   2.39367553E-03   -6.82103448E-08   -4.74942877E-05
   2.41360214E-03   -6.91594179E-08   -4.77625047E-05
   2.43369462E-03   -7.01217958E-08   -4.80321960E-05
   2.45395437E-03   -7.10976643E-08   -4.83033662E-05
   2.47438278E-03   -7.20872117E-08   -4.85760202E-05
   2.49498125E-03   -7.30906284E-08   -4.88501621E-05
   2.51575119E-03   -7.41081075E-08   -4.91257960E-05
   2.53669403E-03   -7.51398448E-08   -4.94029255E-05
   2.55781122E-03   -7.61860388E-08   -4.96815554E-05
   2.57910420E-03   -7.72468909E-08   -4.99616902E-05
   2.60057444E-03   -7.83226053E-08   -5.02433346E-05
   2.62222342E-03   -7.94133886E-08   -5.05264928E-05
   2.64405261E-03   -8.05194501E-08   -5.08111684E-05
   2.66606352E-03   -8.16410019E-08   -5.10973652E-05
   2.68825767E-03   -8.27782587E-08   -5.13850861E-05
   2.71063658E-03   -8.39314386E-08   -5.16743352E-05
   2.73320179E-03   -8.51007626E-08   -5.19651165E-05
   2.75595484E-03   -8.62864548E-08   -5.22574343E-05
   2.77889731E-03   -8.74887419E-08   -5.25512919E-05
   2.80203076E-03   -8.87078538E-08   -5.28466928E-05
   2.82535679E-03   -8.99440231E-08   -5.31436399E-05
   2.84887701E-03   -9.11974854E-08   -5.34421357E-05
   2.87259302E-03   -9.24684795E-08   -5.37421827E-05
   2.89650647E-03   -9.37572477E-08   -5.40437843E-05
   2.92061898E-03   -9.50640359E-08   -5.43469439E-05
   2.94493222E-03   -9.63890927E-08   -5.46516646E-05
   2.96944787E-03   -9.77326700E-08   -5.49579489E-05
   2.99416760E-03   -9.90950231E-08   -5.52657992E-05
   3.01909311E-03   -1.00476410E-07   -5.55752174E-05
   3.04422612E-03   -1.01877093E-07   -5.58862050E-05
   3.06956835E-03   -1.03297336E-07   -5.61987639E-05
   3.09512155E-03   -1.04737409E-07   -5.65128969E-05
   3.12088748E-03   -1.06197585E-07   -5.68286064E-05
   3.14686789E-03   -1.07678140E-07   -5.71458944E-05
   3.17306459E-03   -1.09179353E-07   -5.74647624E-05
   3.19947936E-03   -1.10701507E-07   -5.77852118E-05
   3.22611403E-03   -1.12244889E-07   -5.81072433E-05
   3.25297043E-03   -1.13809788E-07   -5.84308573E-05
   3.28005039E-03   -1.15396499E-07   -5.87560542E-05
   3.30735579E-03   -1.17005320E-07   -5.90828357E-05
   3.33488850E-03   -1.18636553E-07   -5.94112028E-05
   3.36265041E-03   -1.20290504E-07   -5.97411565E-05
   3.39064342E-03   -1.21967483E-07   -6.00726973E-05
   3.41886948E-03   -1.23667803E-07   -6.04058252E-05
   3.44733050E-03   -1.25391781E-07   -6.07405396E-05
   3.47602845E-03   -1.27139739E-07   -6.10768398E-05
   3.50496531E-03   -1.28912002E-07   -6.14147253E-05
   3.53414305E-03   -1.30708900E-07   -6.17541962E-05
   3.56356369E-03   -1.32530768E-07   -6.20952522E-05
   3.59322925E-03   -1.34377944E-07   -6.24378924E-05
   3.62314176E-03   -1.36250770E-07   -6.27821157E-05
   3.65330329E-03   -1.38149593E-07   -6.31279204E-05
   3.68371590E-03   -1.40074764E-07   -6.34753044E-05
   3.71438169E-03   -1.42026637E-07   -6.38242663E-05
   3.74530276E-03   -1.44005575E-07   -6.41748047E-05
   3.77648124E-03   -1.46011940E-07   -6.45269177E-05
   3.80791927E-03   -1.48046103E-07   -6.48806032E-05
   3.83961901E-03   -1.50108436E-07   -6.52358583E-05
   3.87158265E-03   -1.52199318E-07   -6.55926798E-05
   3.90381237E-03   -1.54319130E-07   -6.59510641E-05
   3.93631039E-03   -1.56468261E-07   -6.63110084E-05
   3.96907895E-03   -1.58647104E-07   -6.66725097E-05
   4.00212029E-03   -1.60856055E-07   -6.70355648E-05
   4.03543670E-03   -1.63095517E-07   -6.74001698E-05
   4.06903045E-03   -1.65365897E-07   -6.77663205E-05
   4.10290386E-03   -1.67667606E-07   -6.81340120E-05
   4.13705926E-03   -1.70001060E-07   -6.85032388E-05
   4.17149899E-03   -1.72366681E-07   -6.88739959E-05
   4.20622542E-03   -1.74764897E-07   -6.92462785E-05
   4.24124094E-03   -1.77196139E-07   -6.96200819E-05
   4.27654795E-03   -1.79660847E-07   -6.99954005E-05
   4.31214888E-03   -1.82159461E-07   -7.03722285E-05
   4.34804618E-03   -1.84692431E-07   -7.07505592E-05
   4.38424231E-03   -1.87260207E-07   -7.11303857E-05
   4.42073976E-03   -1.89863249E-07   -7.15117003E-05
   4.45754104E-03   -1.92502019E-07   -7.18944958E-05
   4.49464868E-03   -1.95176988E-07   -7.22787653E-05
   4.53206523E-03   -1.97888631E-07   -7.26645016E-05
   4.56979326E-03   -2.00637429E-07   -7.30516968E-05
   4.60783537E-03   -2.03423869E-07   -7.34403427E-05
   4.64619416E-03   -2.06248440E-07   -7.38304303E-05
   4.68487228E-03   -2.09111641E-07   -7.42219501E-05
   4.72387239E-03   -2.12013973E-07   -7.46148919E-05
   4.76319715E-03   -2.14955945E-07   -7.50092461E-05
   4.80284929E-03   -2.17938073E-07   -7.54050034E-05
   4.84283151E-03   -2.20960878E-07   -7.58021538E-05
   4.88314658E-03   -2.24024887E-07   -7.62006867E-05
   4.92379725E-03   -2.27130633E-07   -7.66005911E-05
   4.96478633E-03   -2.30278652E-07   -7.70018551E-05
   5.00611663E-03   -2.33469489E-07   -7.74044664E-05
   5.04779099E-03   -2.36703694E-07   -7.78084123E-05
   5.08981228E-03   -2.39981824E-07   -7.82136807E-05
   5.13218338E-03   -2.43304444E-07   -7.86202592E-05
   5.17490721E-03   -2.46672122E-07   -7.90281349E-05
   5.21798670E-03   -2.50085436E-07   -7.94372941E-05
   5.26142482E-03   -2.53544965E-07   -7.98477227E-05
   5.30522454E-03   -2.57051299E-07   -8.02594057E-05
   5.34938888E-03   -2.60605030E-07   -8.06723277E-05
   5.39392088E-03   -2.64206758E-07   -8.10864729E-05
   5.43882359E-03   -2.67857093E-07   -8.15018262E-05
   5.48410010E-03   -2.71556649E-07   -8.19183718E-05
   5.52975353E-03   -2.75306047E-07   -8.23360934E-05
   5.57578701E-03   -2.79105915E-07   -8.27549739E-05
   5.62220370E-03   -2.82956886E-07   -8.31749956E-05
   5.66900679E-03   -2.86859599E-07   -8.35961402E-05
   5.71619951E-03   -2.90814699E-07   -8.40183887E-05
   5.76378509E-03   -2.94822843E-07   -8.44417227E-05
   5.81176680E-03   -2.98884692E-07   -8.48661233E-05
   5.86014795E-03   -3.03000914E-07   -8.52915710E-05
   5.90893186E-03   -3.07172184E-07   -8.57180458E-05
   5.95812188E-03   -3.11399183E-07   -8.61455266E-05
   6.00772139E-03   -3.15682597E-07   -8.65739920E-05
   6.05773380E-03   -3.20023120E-07   -8.70034196E-05
   6.10816254E-03   -3.24421454E-07   -8.74337870E-05
   6.15901110E-03   -3.28878308E-07   -8.78650719E-05
   6.21028295E-03   -3.33394402E-07   -8.82972517E-05
   6.26198162E-03   -3.37970458E-07   -8.87303026E-05
   6.31411066E-03   -3.42607207E-07   -8.91642006E-05
   6.36667367E-03   -3.47305386E-07   -8.95989207E-05
   6.41967425E-03   -3.52065737E-07   -9.00344371E-05
   6.47311603E-03   -3.56889010E-07   -9.04707234E-05
   6.52700271E-03   -3.61775963E-07   -9.09077531E-05
   6.58133797E-03   -3.66727363E-07   -9.13454994E-05
   6.63612556E-03   -3.71743985E-07   -9.17839353E-05
   6.69136924E-03   -3.76826610E-07   -9.22230326E-05
   6.74707281E-03   -3.81976025E-07   -9.26627629E-05
   6.80324009E-03   -3.87193023E-07   -9.31030964E-05
   6.85987494E-03   -3.92478405E-07   -9.35440032E-05
   6.91698127E-03   -3.97832977E-07   -9.39854521E-05
   6.97456298E-03   -4.03257557E-07   -9.44274125E-05
   7.03262405E-03   -4.08752970E-07   -9.48698530E-05
   7.09116845E-03   -4.14320048E-07   -9.53127415E-05
   7.15020022E-03   -4.19959630E-07   -9.57560452E-05
   7.20972341E-03   -4.25672560E-07   -9.61997305E-05
   7.26974211E-03   -4.31459688E-07   -9.66437630E-05
   7.33026045E-03   -4.37321872E-07   -9.70881075E-05
   7.39128259E-03   -4.43259975E-07   -9.75327284E-05
   7.45281272E-03   -4.49274876E-07   -9.79775898E-05
   7.51485506E-03   -4.55367456E-07   -9.84226553E-05
   7.57741389E-03   -4.61538607E-07   -9.88678877E-05
   7.64049350E-03   -4.67789222E-07   -9.93132490E-05
   7.70409823E-03   -4.74120205E-07   -9.97587003E-05
   7.76823245E-03   -4.80532461E-07   -1.00204202E-04
   7.83290056E-03   -4.87026904E-07   -1.00649714E-04
   7.89810702E-03   -4.93604456E-07   -1.01095194E-04
   7.96385630E-03   -5.00266050E-07   -1.01540603E-04
   8.03015293E-03   -5.07012627E-07   -1.01985897E-04
   8.09700145E-03   -5.13845132E-07   -1.02431034E-04
   8.16440647E-03   -5.20764518E-07   -1.02875970E-04
   8.23237261E-03   -5.27771741E-07   -1.03320662E-04
   8.30090455E-03   -5.34867762E-07   -1.03765063E-04
   8.37000699E-03   -5.42053550E-07   -1.04209128E-04
   8.43968469E-03   -5.49330080E-07   -1.04652810E-04
   8.50994244E-03   -5.56698342E-07   -1.05096063E-04
   8.58078506E-03   -5.64159328E-07   -1.05538837E-04
   8.65221743E-03   -5.71714039E-07   -1.05981085E-04
   8.72424444E-03   -5.79363476E-07   -1.06422757E-04
   8.79687106E-03   -5.87108647E-07   -1.06863803E-04
   8.87010227E-03   -5.94950564E-07   -1.07304171E-04
   8.94394311E-03   -6.02890245E-07   -1.07743809E-04
   9.01839865E-03   -6.10928725E-07   -1.08182666E-04
   9.09347401E-03   -6.19067040E-07   -1.08620687E-04
   9.16917435E-03   -6.27306235E-07   -1.09057818E-04
   9.24550487E-03   -6.35647355E-07   -1.09494005E-04
   9.32247082E-03   -6.44091451E-07   -1.09929192E-04
   9.40007749E-03   -6.52639575E-07   -1.10363323E-04
   9.47833021E-03   -6.61292784E-07   -1.10796339E-04
   9.55723436E-03   -6.70052142E-07   -1.11228183E-04
   9.63679536E-03   -6.78918727E-07   -1.11658795E-04
   9.71701868E-03   -6.87893618E-07   -1.12088117E-04
   9.79790983E-03   -6.96977899E-07   -1.12516087E-04
   9.87947438E-03   -7.06172655E-07   -1.12942643E-04
   9.96171793E-03   -7.15478973E-07   -1.13367725E-04
   1.00446461E-02   -7.24897946E-07   -1.13791268E-04
   1.01282647E-02   -7.34430680E-07   -1.14213209E-04
   1.02125793E-02   -7.44078280E-07   -1.14633483E-04
   1.02975959E-02   -7.53841855E-07   -1.15052024E-04
   1.03833201E-02   -7.63722513E-07   -1.15468767E-04
   1.04697581E-02   -7.73721362E-07   -1.15883643E-04
   1.05569155E-02   -7.83839521E-07   -1.16296585E-04
   1.06447986E-02   -7.94078115E-07   -1.16707523E-04
   1.07334132E-02   -8.04438268E-07   -1.17116389E-04
   1.08227655E-02   -8.14921103E-07   -1.17523111E-04
   1.09128617E-02   -8.25527742E-07   -1.17927618E-04
   1.10037079E-02   -8.36259314E-07   -1.18329838E-04
   1.10953103E-02   -8.47116957E-07   -1.18729698E-04
   1.11876753E-02   -8.58101815E-07   -1.19127122E-04
   1.12808092E-02   -8.69215025E-07   -1.19522037E-04
   1.13747184E-02   -8.80457725E-07   -1.19914367E-04
   1.14694094E-02   -8.91831047E-07   -1.20304035E-04
   1.15648887E-02   -9.03336120E-07   -1.20690963E-04
   1.16611628E-02   -9.14974071E-07   -1.21075076E-04
   1.17582383E-02   -9.26746035E-07   -1.21456292E-04
   1.18561220E-02   -9.38653164E-07   -1.21834532E-04
   1.19548205E-02   -9.50696604E-07   -1.22209715E-04
   1.20543407E-02   -9.62877496E-07   -1.22581758E-04
   1.21546893E-02   -9.75196977E-07   -1.22950579E-04
   1.22558733E-02   -9.87656176E-07   -1.23316095E-04
   1.23578996E-02   -1.00025621E-06   -1.23678223E-04
   1.24607753E-02   -1.01299821E-06   -1.24036878E-04
   1.25645074E-02   -1.02588328E-06   -1.24391973E-04
   1.26691030E-02   -1.03891257E-06   -1.24743423E-04
   1.27745693E-02   -1.05208719E-06   -1.25091139E-04
   1.28809137E-02   -1.06540828E-06   -1.25435033E-04
   1.29881432E-02   -1.07887692E-06   -1.25775016E-04
   1.30962655E-02   -1.09249421E-06   -1.26111000E-04
   1.32052878E-02   -1.10626125E-06   -1.26442893E-04
   1.33152177E-02   -1.12017915E-06   -1.26770603E-04
   1.34260628E-02   -1.13424901E-06   -1.27094038E-04
   1.35378306E-02   -1.14847193E-06   -1.27413104E-04
   1.36505288E-02   -1.16284897E-06   -1.27727707E-04
   1.37641652E-02   -1.17738120E-06   -1.28037753E-04
   1.38787476E-02   -1.19206967E-06   -1.28343147E-04
   1.39942838E-02   -1.20691540E-06   -1.28643795E-04
   1.41107819E-02   -1.22191945E-06   -1.28939599E-04
   1.42282498E-02   -1.23708286E-06   -1.29230461E-04
   1.43466955E-02   -1.25240665E-06   -1.29516283E-04
   1.44661273E-02   -1.26789185E-06   -1.29796965E-04
   1.45865533E-02   -1.28353945E-06   -1.30072409E-04
   1.47079818E-02   -1.29935043E-06   -1.30342513E-04
   1.48304212E-02   -1.31532574E-06   -1.30607179E-04
   1.49538798E-02   -1.33146639E-06   -1.30866303E-04
   1.50783662E-02   -1.34777332E-06   -1.31119782E-04
   1.52038889E-02   -1.36424747E-06   -1.31367513E-04
   1.53304565E-02   -1.38088976E-06   -1.31609393E-04
   1.54580778E-02   -1.39770106E-06   -1.31845319E-04
   1.55867615E-02   -1.41468225E-06   -1.32075188E-04
   1.57165164E-02   -1.43183421E-06   -1.32298894E-04
   1.58473515E-02   -1.44915783E-06   -1.32516328E-04
   1.59792758E-02   -1.46665394E-06   -1.32727384E-04
   1.61122983E-02   -1.48432338E-06   -1.32931953E-04
   1.62464282E-02   -1.50216693E-06   -1.33129930E-04
   1.63816746E-02   -1.52018536E-06   -1.33321206E-04
   1.65180470E-02   -1.53837938E-06   -1.33505676E-04
   1.66555546E-02   -1.55674972E-06   -1.33683232E-04
   1.67942069E-02   -1.57529709E-06   -1.33853763E-04
   1.69340134E-02   -1.59402221E-06   -1.34017158E-04
   1.70749838E-02   -1.61292577E-06   -1.34173305E-04
   1.72171277E-02   -1.63200838E-06   -1.34322094E-04
   1.73604550E-02   -1.65127066E-06   -1.34463415E-04
   1.75049753E-02   -1.67071316E-06   -1.34597157E-04
   1.76506988E-02   -1.69033641E-06   -1.34723213E-04
   1.77976354E-02   -1.71014093E-06   -1.34841469E-04
   1.79457951E-02   -1.73012725E-06   -1.34951811E-04
   1.80951883E-02   -1.75029587E-06   -1.35054125E-04
   1.82458251E-02   -1.77064722E-06   -1.35148299E-04
   1.83977159E-02   -1.79118168E-06   -1.35234221E-04
   1.85508712E-02   -1.81189961E-06   -1.35311779E-04
   1.87053014E-02   -1.83280130E-06   -1.35380864E-04
   1.88610172E-02   -1.85388705E-06   -1.35441361E-04
   1.90180293E-02   -1.87515715E-06   -1.35493156E-04
   1.91763485E-02   -1.89661185E-06   -1.35536134E-04
   1.93359856E-02   -1.91825130E-06   -1.35570183E-04
   1.94969517E-02   -1.94007565E-06   -1.35595193E-04
   1.96592577E-02   -1.96208495E-06   -1.35611050E-04
   1.98229149E-02   -1.98427932E-06   -1.35617642E-04
   1.99879345E-02   -2.00665878E-06   -1.35614853E-04
   2.01543278E-02   -2.02922331E-06   -1.35602571E-04
   2.03221064E-02   -2.05197284E-06   -1.35580684E-04
   2.04912816E-02   -2.07490720E-06   -1.35549084E-04
   2.06618651E-02   -2.09802622E-06   -1.35507659E-04
   2.08338687E-02   -2.12132972E-06   -1.35456295E-04
   2.10073042E-02   -2.14481746E-06   -1.35394881E-04
   2.11821834E-02   -2.16848912E-06   -1.35323305E-04
   2.13585185E-02   -2.19234432E-06   -1.35241460E-04
   2.15363215E-02   -2.21638258E-06   -1.35149238E-04
   2.17156047E-02   -2.24060348E-06   -1.35046529E-04
   2.18963803E-02   -2.26500650E-06   -1.34933222E-04
   2.20786609E-02   -2.28959107E-06   -1.34809208E-04
   2.22624589E-02   -2.31435651E-06   -1.34674383E-04
   2.24477869E-02   -2.33930209E-06   -1.34528642E-04
   2.26346577E-02   -2.36442705E-06   -1.34371879E-04
   2.28230842E-02   -2.38973059E-06   -1.34203987E-04
   2.30130793E-02   -2.41521185E-06   -1.34024860E-04
   2.32046560E-02   -2.44086983E-06   -1.33834399E-04
   2.33978275E-02   -2.46670347E-06   -1.33632502E-04
   2.35926072E-02   -2.49271171E-06   -1.33419068E-04
   2.37890083E-02   -2.51889341E-06   -1.33193995E-04
   2.39870444E-02   -2.54524736E-06   -1.32957184E-04
   2.41867290E-02   -2.57177223E-06   -1.32708538E-04
   2.43880760E-02   -2.59846661E-06   -1.32447964E-04
   2.45910992E-02   -2.62532908E-06   -1.32175364E-04
   2.47958124E-02   -2.65235816E-06   -1.31890643E-04
   2.50022298E-02   -2.67955223E-06   -1.31593708E-04
   2.52103656E-02   -2.70690959E-06   -1.31284472E-04
   2.54202340E-02   -2.73442845E-06   -1.30962846E-04
   2.56318496E-02   -2.76210703E-06   -1.30628739E-04
   2.58452267E-02   -2.78994342E-06   -1.30282063E-04
   2.60603802E-02   -2.81793560E-06   -1.29922737E-04
   2.62773248E-02   -2.84608144E-06   -1.29550679E-04
   2.64960753E-02   -2.87437878E-06   -1.29165809E-04
   2.67166469E-02   -2.90282540E-06   -1.28768043E-04
   2.69390546E-02   -2.93141894E-06   -1.28357306E-04
   2.71633139E-02   -2.96015691E-06   -1.27933524E-04
   2.73894400E-02   -2.98903678E-06   -1.27496627E-04
   2.76174486E-02   -3.01805596E-06   -1.27046539E-04
   2.78473552E-02   -3.04721175E-06   -1.26583192E-04
   2.80791758E-02   -3.07650128E-06   -1.26106520E-04
   2.83129262E-02   -3.10592162E-06   -1.25616464E-04
   2.85486225E-02   -3.13546978E-06   -1.25112957E-04
   2.87862809E-02   -3.16514269E-06   -1.24595939E-04
   2.90259177E-02   -3.19493709E-06   -1.24065356E-04
   2.92675494E-02   -3.22484963E-06   -1.23521156E-04
   2.95111927E-02   -3.25487692E-06   -1.22963285E-04
   2.97568642E-02   -3.28501548E-06   -1.22391692E-04
   3.00045808E-02   -3.31526165E-06   -1.21806332E-04
   3.02543596E-02   -3.34561164E-06   -1.21207167E-04
   3.05062177E-02   -3.37606161E-06   -1.20594154E-04
   3.07601725E-02   -3.40660766E-06   -1.19967253E-04
   3.10162413E-02   -3.43724570E-06   -1.19326432E-04
   3.12744419E-02   -3.46797149E-06   -1.18671663E-04
   3.15347919E-02   -3.49878076E-06   -1.18002917E-04
   3.17973092E-02   -3.52966914E-06   -1.17320167E-04
   3.20620119E-02   -3.56063210E-06   -1.16623392E-04
   3.23289181E-02   -3.59166493E-06   -1.15912578E-04
   3.25980463E-02   -3.62276289E-06   -1.15187710E-04
   3.28694149E-02   -3.65392115E-06   -1.14448775E-04
   3.31430426E-02   -3.68513467E-06   -1.13695767E-04
   3.34189481E-02   -3.71639827E-06   -1.12928687E-04
   3.36971504E-02   -3.74770677E-06   -1.12147531E-04
   3.39776687E-02   -3.77905486E-06   -1.11352300E-04
   3.42605222E-02   -3.81043702E-06   -1.10543004E-04
   3.45457304E-02   -3.84184754E-06   -1.09719661E-04
   3.48333128E-02   -3.87328072E-06   -1.08882285E-04
   3.51232893E-02   -3.90473074E-06   -1.08030892E-04
   3.54156798E-02   -3.93619163E-06   -1.07165507E-04
   3.57105043E-02   -3.96765718E-06   -1.06286162E-04
   3.60077831E-02   -3.99912115E-06   -1.05392891E-04
   3.63075367E-02   -4.03057724E-06   -1.04485725E-04
   3.66097856E-02   -4.06201894E-06   -1.03564706E-04
   3.69145507E-02   -4.09343956E-06   -1.02629883E-04
   3.72218528E-02   -4.12483229E-06   -1.01681312E-04
   3.75317131E-02   -4.15619032E-06   -1.00719040E-04
   3.78441530E-02   -4.18750668E-06   -9.97431241E-05
   3.81591938E-02   -4.21877416E-06   -9.87536308E-05
   3.84768572E-02   -4.24998540E-06   -9.77506360E-05
   3.87971650E-02   -4.28113301E-06   -9.67342102E-05
   3.91201393E-02   -4.31220952E-06   -9.57044278E-05
   3.94458023E-02   -4.34320722E-06   -9.46613740E-05
   3.97741763E-02   -4.37411824E-06   -9.36051422E-05
   4.01052840E-02   -4.40493468E-06   -9.25358218E-05
   4.04391480E-02   -4.43564853E-06   -9.14535089E-05
   4.07757913E-02   -4.46625150E-06   -9.03583116E-05
   4.11152371E-02   -4.49673523E-06   -8.92503426E-05
   4.14575086E-02   -4.52709136E-06   -8.81297083E-05
   4.18026294E-02   -4.55731134E-06   -8.69965243E-05
   4.21506233E-02   -4.58738642E-06   -8.58509185E-05
   4.25015141E-02   -4.61730765E-06   -8.46930280E-05
   4.28553260E-02   -4.64706613E-06   -8.35229839E-05
   4.32120832E-02   -4.67665278E-06   -8.23409244E-05
   4.35718104E-02   -4.70605833E-06   -8.11469999E-05
   4.39345321E-02   -4.73527341E-06   -7.99413641E-05
   4.43002734E-02   -4.76428867E-06   -7.87241649E-05
   4.46690594E-02   -4.79309458E-06   -7.74955611E-05
   4.50409154E-02   -4.82168137E-06   -7.62557246E-05
   4.54158670E-02   -4.85003911E-06   -7.50048378E-05
   4.57939400E-02   -4.87815789E-06   -7.37430770E-05
   4.61751603E-02   -4.90602770E-06   -7.24706245E-05
   4.65595541E-02   -4.93363835E-06   -7.11876716E-05
   4.69471479E-02   -4.96097961E-06   -6.98944104E-05
   4.73379683E-02   -4.98804107E-06   -6.85910447E-05
   4.77320421E-02   -5.01481219E-06   -6.72777853E-05
   4.81293965E-02   -5.04128243E-06   -6.59548403E-05
   4.85300587E-02   -5.06744108E-06   -6.46224296E-05
   4.89340564E-02   -5.09327729E-06   -6.32807809E-05
   4.93414172E-02   -5.11878022E-06   -6.19301195E-05
   4.97521691E-02   -5.14393887E-06   -6.05706827E-05
   5.01663404E-02   -5.16874210E-06   -5.92027147E-05
   5.05839596E-02   -5.19317881E-06   -5.78264580E-05
   5.10050553E-02   -5.21723771E-06   -5.64421672E-05
   5.14296565E-02   -5.24090743E-06   -5.50501028E-05
   5.18577924E-02   -5.26417660E-06   -5.36505243E-05
   5.22894923E-02   -5.28703371E-06   -5.22437036E-05
   5.27247861E-02   -5.30946718E-06   -5.08299167E-05
   5.31637035E-02   -5.33146540E-06   -4.94094414E-05
   5.36062748E-02   -5.35301662E-06   -4.79825681E-05
   5.40525303E-02   -5.37410913E-06   -4.65495856E-05
   5.45025008E-02   -5.39473114E-06   -4.51107860E-05
   5.49562172E-02   -5.41487076E-06   -4.36664764E-05
   5.54137105E-02   -5.43451602E-06   -4.22169687E-05
   5.58750124E-02   -5.45365505E-06   -4.07625680E-05
   5.63401545E-02   -5.47227585E-06   -3.93035922E-05
   5.68091688E-02   -5.49036634E-06   -3.78403705E-05
   5.72820874E-02   -5.50791451E-06   -3.63732278E-05
   5.77589429E-02   -5.52490827E-06   -3.49024972E-05
   5.82397682E-02   -5.54133553E-06   -3.34285180E-05
   5.87245961E-02   -5.55718422E-06   -3.19516299E-05
   5.92134601E-02   -5.57244219E-06   -3.04721845E-05
   5.97063937E-02   -5.58709735E-06   -2.89905314E-05
   6.02034308E-02   -5.60113761E-06   -2.75070282E-05
   6.07046056E-02   -5.61455083E-06   -2.60220399E-05
   6.12099526E-02   -5.62732500E-06   -2.45359254E-05
   6.17195064E-02   -5.63944809E-06   -2.30490545E-05
   6.22333020E-02   -5.65090800E-06   -2.15618082E-05
   6.27513749E-02   -5.66169279E-06   -2.00745609E-05
   6.32737606E-02   -5.67179054E-06   -1.85876935E-05
   6.38004949E-02   -5.68118933E-06   -1.71015955E-05
   6.43316142E-02   -5.68987737E-06   -1.56166511E-05
   6.48671548E-02   -5.69784290E-06   -1.41332546E-05
   6.54071537E-02   -5.70507418E-06   -1.26518072E-05
   6.59516479E-02   -5.71155966E-06   -1.11727014E-05
   6.65006748E-02   -5.71728782E-06   -9.69633967E-06
   6.70542722E-02   -5.72224719E-06   -8.22313265E-06
   6.76124781E-02   -5.72642646E-06   -6.75348581E-06
   6.81753310E-02   -5.72981443E-06   -5.28780996E-06
   6.87428694E-02   -5.73240001E-06   -3.82651619E-06
   6.93151324E-02   -5.73417222E-06   -2.37002167E-06
   6.98921593E-02   -5.73512023E-06   -9.18743340E-07
   7.04739897E-02   -5.73523336E-06    5.26901037E-07
   7.10606637E-02   -5.73450107E-06    1.96649015E-06
   7.16522216E-02   -5.73291298E-06    3.39960191E-06
   7.22487041E-02   -5.73045888E-06    4.82581308E-06
   7.28501520E-02   -5.72712874E-06    6.24469946E-06
   7.34566069E-02   -5.72291272E-06    7.65583533E-06
   7.40681102E-02   -5.71780118E-06    9.05879567E-06
   7.46847042E-02   -5.71178465E-06    1.04531540E-05
   7.53064311E-02   -5.70485392E-06    1.18384834E-05
   7.59333337E-02   -5.69699998E-06    1.32143578E-05
   7.65654550E-02   -5.68821404E-06    1.45803507E-05
   7.72028386E-02   -5.67848756E-06    1.59360378E-05
   7.78455282E-02   -5.66781226E-06    1.72809916E-05
   7.84935680E-02   -5.65618010E-06    1.86147906E-05
   7.91470025E-02   -5.64358332E-06    1.99370094E-05
   7.98058767E-02   -5.63001444E-06    2.12472285E-05
   8.04702357E-02   -5.61546625E-06    2.25450265E-05
   8.11401254E-02   -5.59993186E-06    2.38299863E-05
   8.18155917E-02   -5.58340466E-06    2.51016915E-05
   8.24966810E-02   -5.56587837E-06    2.63597285E-05
   8.31834402E-02   -5.54734702E-06    2.76036863E-05
   8.38759164E-02   -5.52780500E-06    2.88331569E-05
   8.45741573E-02   -5.50724701E-06    3.00477351E-05
   8.52782108E-02   -5.48566813E-06    3.12470190E-05
   8.59881254E-02   -5.46306377E-06    3.24306114E-05
   8.67039497E-02   -5.43942973E-06    3.35981167E-05
   8.74257331E-02   -5.41476220E-06    3.47491453E-05
   8.81535251E-02   -5.38905773E-06    3.58833114E-05
   8.88873758E-02   -5.36231328E-06    3.70002338E-05
   8.96273355E-02   -5.33452622E-06    3.80995358E-05
   9.03734551E-02   -5.30569431E-06    3.91808470E-05
   9.11257860E-02   -5.27581580E-06    4.02438002E-05
   9.18843798E-02   -5.24488928E-06    4.12880365E-05
   9.26492887E-02   -5.21291386E-06    4.23131999E-05
   9.34205651E-02   -5.17988903E-06    4.33189440E-05
   9.41982623E-02   -5.14581479E-06    4.43049258E-05
   9.49824335E-02   -5.11069159E-06    4.52708104E-05
   9.57731326E-02   -5.07452034E-06    4.62162696E-05
   9.65704141E-02   -5.03730246E-06    4.71409818E-05
   9.73743328E-02   -4.99903976E-06    4.80446349E-05
   9.81849438E-02   -4.95973472E-06    4.89269211E-05
   9.90023029E-02   -4.91939016E-06    4.97875433E-05
   9.98264662E-02   -4.87800950E-06    5.06262116E-05
   1.00657490E-01   -4.83559666E-06    5.14426441E-05
   1.01495433E-01   -4.79215598E-06    5.22365691E-05
   1.02340351E-01   -4.74769257E-06    5.30077216E-05
   1.03192302E-01   -4.70221180E-06    5.37558477E-05
   1.04051346E-01   -4.65571968E-06    5.44807026E-05
   1.04917541E-01   -4.60822293E-06    5.51820497E-05
   1.05790947E-01   -4.55972853E-06    5.58596640E-05
   1.06671624E-01   -4.51024421E-06    5.65133301E-05
   1.07559632E-01   -4.45977828E-06    5.71428423E-05
   1.08455032E-01   -4.40833937E-06    5.77480063E-05
   1.09357886E-01   -4.35593702E-06    5.83286382E-05
   1.10268257E-01   -4.30258109E-06    5.88845650E-05
   1.11186206E-01   -4.24828205E-06    5.94156250E-05
   1.12111796E-01   -4.19305111E-06    5.99216681E-05
   1.13045092E-01   -4.13689975E-06    6.04025550E-05
   1.13986157E-01   -4.07984036E-06    6.08581594E-05
   1.14935056E-01   -4.02188571E-06    6.12883656E-05
   1.15891855E-01   -3.96304913E-06    6.16930705E-05
   1.16856619E-01   -3.90334476E-06    6.20721841E-05
   1.17829414E-01   -3.84278697E-06    6.24256267E-05
   1.18810307E-01   -3.78139108E-06    6.27533338E-05
   1.19799366E-01   -3.71917269E-06    6.30552511E-05
   1.20796658E-01   -3.65614815E-06    6.33313386E-05
   1.21802253E-01   -3.59233440E-06    6.35815692E-05
   1.22816218E-01   -3.52774870E-06    6.38059266E-05
   1.23838625E-01   -3.46240933E-06    6.40044115E-05
   1.24869543E-01   -3.39633469E-06    6.41770337E-05
   1.25909043E-01   -3.32954402E-06    6.43238189E-05
   1.26957197E-01   -3.26205707E-06    6.44448055E-05
   1.28014076E-01   -3.19389398E-06    6.45400434E-05
   1.29079753E-01   -3.12507578E-06    6.46095999E-05
   1.30154302E-01   -3.05562364E-06    6.46535505E-05
   1.31237796E-01   -2.98555963E-06    6.46719891E-05
   1.32330310E-01   -2.91490609E-06    6.46650189E-05
   1.33431918E-01   -2.84368601E-06    6.46327591E-05
   1.34542698E-01   -2.77192292E-06    6.45753418E-05
   1.35662724E-01   -2.69964072E-06    6.44929109E-05
   1.36792074E-01   -2.62686403E-06    6.43856267E-05
   1.37930825E-01   -2.55361767E-06    6.42536584E-05
   1.39079056E-01   -2.47992728E-06    6.40971937E-05
   1.40236846E-01   -2.40581861E-06    6.39164276E-05
   1.41404274E-01   -2.33131823E-06    6.37115741E-05
   1.42581421E-01   -2.25645281E-06    6.34828542E-05
   1.43768367E-01   -2.18124977E-06    6.32305075E-05
   1.44965193E-01   -2.10573668E-06    6.29547810E-05
   1.46171983E-01   -2.02994175E-06    6.26559387E-05
   1.47388820E-01   -1.95389339E-06    6.23342539E-05
   1.48615786E-01   -1.87762063E-06    6.19900156E-05
   1.49852966E-01   -1.80115263E-06    6.16235212E-05
   1.51100445E-01   -1.72451879E-06    6.12350782E-05
   1.52358309E-01   -1.64774947E-06    6.08250172E-05
   1.53626645E-01   -1.57087461E-06    6.03936663E-05
   1.54905539E-01   -1.49392489E-06    5.99413741E-05
   1.56195079E-01   -1.41693128E-06    5.94684994E-05
   1.57495355E-01   -1.33992460E-06    5.89754046E-05
   1.58806454E-01   -1.26293660E-06    5.84624764E-05
   1.60128469E-01   -1.18599861E-06    5.79300984E-05
   1.61461488E-01   -1.10914260E-06    5.73786737E-05
   1.62805605E-01   -1.03240065E-06    5.68086134E-05
   1.64160911E-01   -9.55804635E-07    5.62203307E-05
   1.65527499E-01   -8.79387367E-07    5.56142648E-05
   1.66905464E-01   -8.03181038E-07    5.49908480E-05
   1.68294900E-01   -7.27218177E-07    5.43505266E-05
   1.69695903E-01   -6.51531915E-07    5.36937668E-05
   1.71108568E-01   -5.76154526E-07    5.30210223E-05
   1.72532994E-01   -5.01118965E-07    5.23327697E-05
   1.73969277E-01   -4.26458357E-07    5.16294963E-05
   1.75417517E-01   -3.52205115E-07    5.09116805E-05
   1.76877814E-01   -2.78392516E-07    5.01798290E-05
   1.78350266E-01   -2.05053688E-07    4.94344523E-05
   1.79834977E-01   -1.32220307E-07    4.86760340E-05
   1.81332047E-01   -5.99247125E-08    4.79050821E-05
   1.82841580E-01    1.17997797E-08    4.71221378E-05
   1.84363679E-01    8.29199729E-08    4.63277477E-05
   1.85898449E-01    1.53404660E-07    4.55224172E-05
   1.87445996E-01    2.23222265E-07    4.47066712E-05
   1.89006426E-01    2.92340369E-07    4.38810660E-05
   1.90579845E-01    3.60726763E-07    4.30461626E-05
   1.92166363E-01    4.28351036E-07    4.22024841E-05
   1.93766088E-01    4.95182454E-07    4.13505736E-05
   1.95379131E-01    5.61189585E-07    4.04910047E-05
   1.97005601E-01    6.26341709E-07    3.96243422E-05
   1.98645611E-01    6.90609740E-07    3.87511169E-05
   2.00299274E-01    7.53964229E-07    3.78718825E-05
   2.01966703E-01    8.16375265E-07    3.69872194E-05
   2.03648013E-01    8.77814023E-07    3.60976892E-05
   2.05343319E-01    9.38252484E-07    3.52038434E-05
   2.07052739E-01    9.97662758E-07    3.43062440E-05
   2.08776388E-01    1.05601780E-06    3.34054412E-05
   2.10514387E-01    1.11329055E-06    3.25020025E-05
   2.12266853E-01    1.16945493E-06    3.15964780E-05
   2.14033909E-01    1.22448538E-06    3.06894195E-05
   2.15815674E-01    1.27835675E-06    2.97813823E-05
   2.17612273E-01    1.33104475E-06    2.88729105E-05
   2.19423827E-01    1.38252561E-06    2.79645489E-05
   2.21250462E-01    1.43277634E-06    2.70568350E-05
   2.23092303E-01    1.48177450E-06    2.61503073E-05
   2.24949477E-01    1.52949852E-06    2.52454930E-05
   2.26822112E-01    1.57592743E-06    2.43429199E-05
   2.28710335E-01    1.62104114E-06    2.34431044E-05
   2.30614277E-01    1.66482023E-06    2.25465624E-05
   2.32534069E-01    1.70724616E-06    2.16537981E-05
   2.34469843E-01    1.74830113E-06    2.07653132E-05
   2.36421732E-01    1.78796825E-06    1.98815983E-05
   2.38389869E-01    1.82623140E-06    1.90031392E-05
   2.40374390E-01    1.86307538E-06    1.81304118E-05
   2.42375432E-01    1.89848584E-06    1.72638845E-05
   2.44393132E-01    1.93244936E-06    1.64040158E-05
   2.46427629E-01    1.96495337E-06    1.55512571E-05
   2.48479062E-01    1.99598624E-06    1.47060514E-05
   2.50547573E-01    2.02553735E-06    1.38688241E-05
   2.52633304E-01    2.05359695E-06    1.30399972E-05
   2.54736397E-01    2.08015624E-06    1.22199856E-05
   2.56856998E-01    2.10520740E-06    1.14091877E-05
   2.58995253E-01    2.12874364E-06    1.06079894E-05
   2.61151308E-01    2.15075909E-06    9.81677163E-06
   2.63325311E-01    2.17124889E-06    9.03589873E-06
   2.65517412E-01    2.19020920E-06    8.26572613E-06
   2.67727762E-01    2.20763715E-06    7.50659659E-06
   2.69956512E-01    2.22353090E-06    6.75883995E-06
   2.72203816E-01    2.23788963E-06    6.02277467E-06
   2.74469828E-01    2.25071351E-06    5.29870557E-06
   2.76754704E-01    2.26200373E-06    4.58692536E-06
   2.79058601E-01    2.27176253E-06    3.88771397E-06
   2.81381677E-01    2.27999312E-06    3.20133722E-06
   2.83724092E-01    2.28669975E-06    2.52804831E-06
   2.86086006E-01    2.29188767E-06    1.86808704E-06
   2.88467583E-01    2.29556316E-06    1.22167942E-06
   2.90868986E-01    2.29773346E-06    5.89037539E-07
   2.93290380E-01    2.29840685E-06   -2.96399028E-08
   2.95731931E-01    2.29759257E-06   -6.34168366E-07
   2.98193807E-01    2.29530086E-06   -1.22437714E-06
   3.00676178E-01    2.29154292E-06   -1.80010953E-06
   3.03179213E-01    2.28633090E-06   -2.36122288E-06
   3.05703086E-01    2.27967793E-06   -2.90758853E-06
   3.08247969E-01    2.27159806E-06   -3.43909191E-06
   3.10814037E-01    2.26210625E-06   -3.95563239E-06
   3.13401467E-01    2.25121839E-06   -4.45712328E-06
   3.16010437E-01    2.23895126E-06   -4.94349185E-06
   3.18641125E-01    2.22532251E-06   -5.41467915E-06
   3.21293714E-01    2.21035065E-06   -5.87063992E-06
   3.23968384E-01    2.19405504E-06   -6.31134252E-06
   3.26665320E-01    2.17645585E-06   -6.73676874E-06
   3.29384707E-01    2.15757407E-06   -7.14691369E-06
   3.32126732E-01    2.13743144E-06   -7.54178557E-06
   3.34891583E-01    2.11605049E-06   -7.92140552E-06
   3.37679451E-01    2.09345447E-06   -8.28580741E-06
   3.40490528E-01    2.06966735E-06   -8.63503759E-06
   3.43325005E-01    2.04471379E-06   -8.96915466E-06
   3.46183079E-01    2.01861911E-06   -9.28822921E-06
   3.49064946E-01    1.99140928E-06   -9.59234359E-06
   3.51970802E-01    1.96311088E-06   -9.88159151E-06
   3.54900850E-01    1.93375107E-06   -1.01560779E-05
   3.57855289E-01    1.90335760E-06   -1.04159185E-05
   3.60834323E-01    1.87195873E-06   -1.06612396E-05
   3.63838156E-01    1.83958322E-06   -1.08921774E-05
   3.66866995E-01    1.80626036E-06   -1.11088784E-05
   3.69921049E-01    1.77201986E-06   -1.13114983E-05
   3.73000526E-01    1.73689186E-06   -1.15002019E-05
   3.76105640E-01    1.70090688E-06   -1.16751629E-05
   3.79236602E-01    1.66409584E-06   -1.18365633E-05
   3.82393629E-01    1.62649002E-06   -1.19845934E-05
   3.85576937E-01    1.58812099E-06   -1.21194511E-05
   3.88786745E-01    1.54902051E-06   -1.22413406E-05
   3.92023273E-01    1.50922080E-06   -1.23504749E-05
   3.95286745E-01    1.46875417E-06   -1.24470720E-05
   3.98577384E-01    1.42765313E-06   -1.25313566E-05
   4.01895416E-01    1.38595042E-06   -1.26035592E-05
   4.05241071E-01    1.34367890E-06   -1.26639157E-05
   4.08614576E-01    1.30087153E-06   -1.27126667E-05
   4.12016165E-01    1.25756140E-06   -1.27500579E-05
   4.15446072E-01    1.21378161E-06   -1.27763390E-05
   4.18904531E-01    1.16956538E-06   -1.27917641E-05
   4.22391781E-01    1.12494585E-06   -1.27965905E-05
   4.25908061E-01    1.07995614E-06   -1.27910779E-05
   4.29453613E-01    1.03462948E-06   -1.27754911E-05
   4.33028680E-01    9.88998777E-07   -1.27500948E-05
   4.36633509E-01    9.43097122E-07   -1.27151584E-05
   4.40268347E-01    8.96957263E-07   -1.26709513E-05
   4.43933444E-01    8.50611907E-07   -1.26177452E-05
   4.47629052E-01    8.04093750E-07   -1.25558151E-05
   4.51355424E-01    7.57434855E-07   -1.24854319E-05
   4.55112818E-01    7.10667314E-07   -1.24068700E-05
   4.58901490E-01    6.63823325E-07   -1.23204080E-05
   4.62721702E-01    6.16934391E-07   -1.22263197E-05
   4.66573716E-01    5.70031751E-07   -1.21248791E-05
   4.70457797E-01    5.23146535E-07   -1.20163619E-05
   4.74374212E-01    4.76309441E-07   -1.19010420E-05
   4.78323229E-01    4.29550823E-07   -1.17791924E-05
   4.82305121E-01    3.82900734E-07   -1.16510858E-05
   4.86320161E-01    3.36388782E-07   -1.15169927E-05
   4.90368625E-01    2.90044221E-07   -1.13771828E-05
   4.94450791E-01    2.43895672E-07   -1.12319214E-05
   4.98566940E-01    1.97971809E-07   -1.10814777E-05
   5.02717355E-01    1.52300209E-07   -1.09261113E-05
   5.06902320E-01    1.06908637E-07   -1.07660872E-05
   5.11122124E-01    6.18236842E-08   -1.06016596E-05
   5.15377057E-01    1.70720829E-08   -1.04330880E-05
   5.19667410E-01   -2.73204610E-08   -1.02606228E-05
   5.23993480E-01   -7.13283611E-08   -1.00845167E-05
   5.28355562E-01   -1.14926977E-07   -9.90501380E-06
   5.32753958E-01   -1.58092107E-07   -9.72235684E-06
   5.37188968E-01   -2.00799751E-07   -9.53678988E-06
   5.41660899E-01   -2.43027157E-07   -9.34854459E-06
   5.46170058E-01   -2.84751558E-07   -9.15785729E-06
   5.50716753E-01   -3.25951230E-07   -8.96495447E-06
   5.55301299E-01   -3.66604782E-07   -8.77006267E-06
   5.59924009E-01   -4.06691740E-07   -8.57340032E-06
   5.64585202E-01   -4.46191969E-07   -8.37518598E-06
   5.69285198E-01   -4.85086183E-07   -8.17563103E-06
   5.74024320E-01   -5.23355716E-07   -7.97494298E-06
   5.78802894E-01   -5.60982460E-07   -7.77332656E-06
   5.83621248E-01   -5.97949187E-07   -7.57097855E-06
   5.88479713E-01   -6.34239216E-07   -7.36809325E-06
   5.93378623E-01   -6.69836449E-07   -7.16486180E-06
   5.98318316E-01   -7.04725645E-07   -6.96146789E-06
   6.03299129E-01   -7.38892182E-07   -6.75809146E-06
   6.08321407E-01   -7.72322150E-07   -6.55490734E-06
   6.13385493E-01   -8.05002317E-07   -6.35208570E-06
   6.18491736E-01   -8.36920156E-07   -6.14979168E-06
   6.23640487E-01   -8.68063844E-07   -5.94818534E-06
   6.28832100E-01   -8.98422260E-07   -5.74742162E-06
   6.34066932E-01   -9.27984974E-07   -5.54765070E-06
   6.39345341E-01   -9.56742256E-07   -5.34901767E-06
   6.44667692E-01   -9.84685086E-07   -5.15166231E-06
   6.50034350E-01   -1.01180512E-06   -4.95571972E-06
   6.55445684E-01   -1.03809474E-06   -4.76131948E-06
   6.60902065E-01   -1.06354699E-06   -4.56858660E-06
   6.66403869E-01   -1.08815562E-06   -4.37764056E-06
   6.71951473E-01   -1.11191504E-06   -4.18859643E-06
   6.77545260E-01   -1.13482036E-06   -4.00156403E-06
   6.83185613E-01   -1.15686736E-06   -3.81664798E-06
   6.88872921E-01   -1.17805248E-06   -3.63394833E-06
   6.94607574E-01   -1.19837284E-06   -3.45356010E-06
   7.00389965E-01   -1.21782619E-06   -3.27557354E-06
   7.06220494E-01   -1.23641095E-06   -3.10007389E-06
   7.12099559E-01   -1.25412617E-06   -2.92714202E-06
   7.18027566E-01   -1.27097154E-06   -2.75685377E-06
   7.24004922E-01   -1.28694735E-06   -2.58928052E-06
   7.30032038E-01   -1.30205453E-06   -2.42448901E-06
   7.36109327E-01   -1.31629462E-06   -2.26254145E-06
   7.42237208E-01   -1.32966973E-06   -2.10349560E-06
   7.48416102E-01   -1.34218257E-06   -1.94740480E-06
   7.54646433E-01   -1.35383642E-06   -1.79431809E-06
   7.60928629E-01   -1.36463514E-06   -1.64428019E-06
   7.67263123E-01   -1.37458312E-06   -1.49733166E-06
   7.73650350E-01   -1.38368529E-06   -1.35350891E-06
   7.80090748E-01   -1.39194713E-06   -1.21284429E-06
   7.86584761E-01   -1.39937462E-06   -1.07536617E-06
   7.93132834E-01   -1.40597423E-06   -9.41099003E-07
   7.99735418E-01   -1.41175295E-06   -8.10063423E-07
   8.06392966E-01   -1.41671822E-06   -6.82276302E-07
   8.13105936E-01   -1.42087794E-06   -5.57750843E-07
   8.19874790E-01   -1.42424049E-06   -4.36496658E-07
   8.26699993E-01   -1.42681464E-06   -3.18519855E-07
   8.33582013E-01   -1.42860960E-06   -2.03823122E-07
   8.40521323E-01   -1.42963498E-06   -9.24058174E-08
   8.47518402E-01   -1.42990078E-06    1.57359448E-08
   8.54573728E-01   -1.42941737E-06    1.20609200E-07
   8.61687788E-01   -1.42819548E-06    2.22224042E-07
   8.68861071E-01   -1.42624616E-06    3.20593530E-07
   8.76094069E-01   -1.42358082E-06    4.15733590E-07
   8.83387279E-01   -1.42021115E-06    5.07662921E-07
   8.90741203E-01   -1.41614914E-06    5.96402897E-07
   8.98156346E-01   -1.41140707E-06    6.81977461E-07
   9.05633218E-01   -1.40599746E-06    7.64413036E-07
   9.13172333E-01   -1.39993308E-06    8.43738415E-07
   9.20774208E-01   -1.39322694E-06    9.19984658E-07
   9.28439367E-01   -1.38589224E-06    9.93185001E-07
   9.36168335E-01   -1.37794240E-06    1.06337474E-06
   9.43961645E-01   -1.36939099E-06    1.13059112E-06
   9.51819832E-01   -1.36025176E-06    1.19487327E-06
   9.59743436E-01   -1.35053862E-06    1.25626204E-06
   9.67733001E-01   -1.34026558E-06    1.31479997E-06
   9.75789077E-01   -1.32944678E-06    1.37053112E-06
   9.83912217E-01   -1.31809647E-06    1.42350099E-06
   9.92102980E-01   -1.30622899E-06    1.47375648E-06
   1.00036193E+00   -1.29385869E-06    1.52134558E-06
   1.00868963E+00   -1.28100007E-06    1.56631766E-06
   1.01708666E+00   -1.26766759E-06    1.60872293E-06
   1.02555359E+00   -1.25387579E-06    1.64861265E-06
   1.03409100E+00   -1.23963918E-06    1.68603890E-06
   1.04269949E+00   -1.22497231E-06    1.72105452E-06
   1.05137963E+00   -1.20988967E-06    1.75371303E-06
   1.06013204E+00   -1.19440578E-06    1.78406852E-06
   1.06895731E+00   -1.17853506E-06    1.81217556E-06
   1.07785605E+00   -1.16229192E-06    1.83808912E-06
   1.08682886E+00   -1.14569070E-06    1.86186452E-06
   1.09587638E+00   -1.12874564E-06    1.88355727E-06
   1.10499921E+00   -1.11147092E-06    1.90322309E-06
   1.11419798E+00   -1.09388061E-06    1.92091773E-06
   1.12347333E+00   -1.07598869E-06    1.93669701E-06
   1.13282590E+00   -1.05780899E-06    1.95061664E-06
   1.14225632E+00   -1.03935525E-06    1.96273222E-06
   1.15176525E+00   -1.02064105E-06    1.97309915E-06
   1.16135334E+00   -1.00167983E-06    1.98177260E-06
   1.17102124E+00   -9.82484892E-07    1.98880738E-06
   1.18076963E+00   -9.63069360E-07    1.99425796E-06
   1.19059917E+00   -9.43446197E-07    1.99817838E-06
   1.20051053E+00   -9.23628192E-07    2.00062217E-06
   1.21050441E+00   -9.03627953E-07    2.00164238E-06
   1.22058148E+00   -8.83457900E-07    2.00129145E-06
   1.23074244E+00   -8.63130256E-07    1.99962121E-06
   1.24098799E+00   -8.42657054E-07    1.99668285E-06
   1.25131883E+00   -8.22050117E-07    1.99252688E-06
   1.26173567E+00   -8.01321061E-07    1.98720304E-06
   1.27223923E+00   -7.80481283E-07    1.98076030E-06
   1.28283022E+00   -7.59541978E-07    1.97324691E-06
   1.29350938E+00   -7.38514110E-07    1.96471026E-06
   1.30427745E+00   -7.17408422E-07    1.95519688E-06
   1.31513515E+00   -6.96235433E-07    1.94475245E-06
   1.32608324E+00   -6.75005427E-07    1.93342177E-06
   1.33712247E+00   -6.53728468E-07    1.92124873E-06
   1.34825360E+00   -6.32414378E-07    1.90827631E-06
   1.35947739E+00   -6.11072751E-07    1.89454655E-06
   1.37079462E+00   -5.89712942E-07    1.88010053E-06
   1.38220605E+00   -5.68344067E-07    1.86497838E-06
   1.39371249E+00   -5.46975020E-07    1.84921933E-06
   1.40531471E+00   -5.25614424E-07    1.83286146E-06
   1.41701352E+00   -5.04270707E-07    1.81594211E-06
   1.42880972E+00   -4.82952029E-07    1.79849748E-06
   1.44070411E+00   -4.61666328E-07    1.78056285E-06
   1.45269753E+00   -4.40421302E-07    1.76217254E-06
   1.46479078E+00   -4.19224398E-07    1.74335977E-06
   1.47698471E+00   -3.98082857E-07    1.72415697E-06
   1.48928014E+00   -3.77003666E-07    1.70459547E-06
   1.50167794E+00   -3.55993585E-07    1.68470566E-06
   1.51417894E+00   -3.35059144E-07    1.66451698E-06
   1.52678401E+00   -3.14206647E-07    1.64405793E-06
   1.53949401E+00   -2.93442167E-07    1.62335604E-06
   1.55230982E+00   -2.72771557E-07    1.60243791E-06
   1.56523231E+00   -2.52200449E-07    1.58132925E-06
   1.57826238E+00   -2.31734241E-07    1.56005477E-06
   1.59140093E+00   -2.11378136E-07    1.53863838E-06
   1.60464884E+00   -1.91137112E-07    1.51710306E-06
   1.61800705E+00   -1.71015928E-07    1.49547086E-06
   1.63147645E+00   -1.51019151E-07    1.47376307E-06
   1.64505798E+00   -1.31151129E-07    1.45200004E-06
   1.65875258E+00   -1.11416014E-07    1.43020134E-06
   1.67256118E+00   -9.18177584E-08    1.40838569E-06
   1.68648473E+00   -7.23601194E-08    1.38657104E-06
   1.70052419E+00   -5.30466574E-08    1.36477450E-06
   1.71468052E+00   -3.38807512E-08    1.34301247E-06
   1.72895471E+00   -1.48655913E-08    1.32130057E-06
   1.74334772E+00    3.99581568E-09    1.29965366E-06
   1.75786054E+00    2.27006408E-08    1.27808587E-06
   1.77249418E+00    4.12462229E-08    1.25661071E-06
   1.78724965E+00    5.96300790E-08    1.23524091E-06
   1.80212794E+00    7.78498893E-08    1.21398858E-06
   1.81713010E+00    9.59034975E-08    1.19286515E-06
   1.83225714E+00    1.13788906E-07    1.17188145E-06
   1.84751011E+00    1.31504274E-07    1.15104766E-06
   1.86289006E+00    1.49047911E-07    1.13037337E-06
   1.87839804E+00    1.66418273E-07    1.10986761E-06
   1.89403511E+00    1.83613963E-07    1.08953880E-06
   1.90980237E+00    2.00633722E-07    1.06939484E-06
   1.92570088E+00    2.17476427E-07    1.04944311E-06
   1.94173174E+00    2.34141087E-07    1.02969045E-06
   1.95789605E+00    2.50626842E-07    1.01014321E-06
   1.97419492E+00    2.66932955E-07    9.90807278E-07
   1.99062948E+00    2.83058809E-07    9.71688051E-07
   2.00720085E+00    2.99003907E-07    9.52790491E-07
   2.02391017E+00    3.14767864E-07    9.34119127E-07
   2.04075860E+00    3.30350405E-07    9.15678068E-07
   2.05774728E+00    3.45751362E-07    8.97471024E-07
   2.07487738E+00    3.60970670E-07    8.79501318E-07
   2.09215009E+00    3.76008363E-07    8.61771903E-07
   2.10956659E+00    3.90864570E-07    8.44285374E-07
   2.12712807E+00    4.05539513E-07    8.27043984E-07
   2.14483575E+00    4.20033503E-07    8.10049658E-07
   2.16269084E+00    4.34346937E-07    7.93304007E-07
   2.18069457E+00    4.48480294E-07    7.76808340E-07
   2.19884817E+00    4.62434131E-07    7.60563680E-07
   2.21715290E+00    4.76209081E-07    7.44570772E-07
   2.23561001E+00    4.89805851E-07    7.28830101E-07
   2.25422076E+00    5.03225217E-07    7.13341901E-07
   2.27298645E+00    5.16468021E-07    6.98106167E-07
   2.29190835E+00    5.29535167E-07    6.83122667E-07
   2.31098778E+00    5.42427623E-07    6.68390956E-07
   2.33022603E+00    5.55146413E-07    6.53910379E-07
   2.34962444E+00    5.67692615E-07    6.39680093E-07
   2.36918433E+00    5.80067361E-07    6.25699067E-07
   2.38890705E+00    5.92271830E-07    6.11966097E-07
   2.40879396E+00    6.04307250E-07    5.98479817E-07
   2.42884642E+00    6.16174892E-07    5.85238704E-07
   2.44906581E+00    6.27876069E-07    5.72241090E-07
   2.46945352E+00    6.39412134E-07    5.59485172E-07
   2.49001095E+00    6.50784476E-07    5.46969016E-07
   2.51073952E+00    6.61994517E-07    5.34690570E-07
   2.53164064E+00    6.73043714E-07    5.22647671E-07
   2.55271576E+00    6.83933552E-07    5.10838048E-07
   2.57396632E+00    6.94665545E-07    4.99259337E-07
   2.59539379E+00    7.05241231E-07    4.87909082E-07
   2.61699964E+00    7.15662173E-07    4.76784745E-07
   2.63878534E+00    7.25929956E-07    4.65883712E-07
   2.66075241E+00    7.36046182E-07    4.55203300E-07
   2.68290235E+00    7.46012474E-07    4.44740761E-07
   2.70523667E+00    7.55830469E-07    4.34493289E-07
   2.72775693E+00    7.65501818E-07    4.24458030E-07
   2.75046465E+00    7.75028184E-07    4.14632080E-07
   2.77336141E+00    7.84411244E-07    4.05012494E-07
   2.79644878E+00    7.93652681E-07    3.95596293E-07
   2.81972835E+00    8.02754187E-07    3.86380465E-07
   2.84320171E+00    8.11717459E-07    3.77361974E-07
   2.86687048E+00    8.20544198E-07    3.68537759E-07
   2.89073628E+00    8.29236112E-07    3.59904744E-07
   2.91480076E+00    8.37794906E-07    3.51459839E-07
   2.93906557E+00    8.46222290E-07    3.43199942E-07
   2.96353238E+00    8.54519971E-07    3.35121948E-07
   2.98820286E+00    8.62689654E-07    3.27222749E-07
   3.01307872E+00    8.70733043E-07    3.19499238E-07
   3.03816166E+00    8.78651836E-07    3.11948311E-07
   3.06345341E+00    8.86447727E-07    3.04566874E-07
   3.08895571E+00    8.94122404E-07    2.97351843E-07
   3.11467030E+00    9.01677548E-07    2.90300146E-07
   3.14059896E+00    9.09114833E-07    2.83408729E-07
   3.16674347E+00    9.16435923E-07    2.76674555E-07
   3.19310562E+00    9.23642474E-07    2.70094610E-07
   3.21968723E+00    9.30736131E-07    2.63665901E-07
   3.24649013E+00    9.37718529E-07    2.57385463E-07
   3.27351615E+00    9.44591291E-07    2.51250356E-07
   3.30076715E+00    9.51356029E-07    2.45257673E-07
   3.32824501E+00    9.58014341E-07    2.39404536E-07
   3.35595161E+00    9.64567815E-07    2.33688101E-07
   3.38388886E+00    9.71018021E-07    2.28105557E-07
   3.41205868E+00    9.77366521E-07    2.22654133E-07
   3.44046301E+00    9.83614857E-07    2.17331092E-07
   3.46910379E+00    9.89764562E-07    2.12133739E-07
   3.49798300E+00    9.95817151E-07    2.07059417E-07
   3.52710262E+00    1.00177413E-06    2.02105511E-07
   3.55646465E+00    1.00763697E-06    1.97269450E-07
   3.58607111E+00    1.01340716E-06    1.92548705E-07
   3.61592404E+00    1.01908615E-06    1.87940791E-07
   3.64602548E+00    1.02467538E-06    1.83443269E-07
   3.67637751E+00    1.03017628E-06    1.79053746E-07
   3.70698221E+00    1.03559026E-06    1.74769875E-07
   3.73784168E+00    1.04091871E-06    1.70589357E-07
   3.76895805E+00    1.04616301E-06    1.66509939E-07
   3.80033345E+00    1.05132454E-06    1.62529417E-07
   3.83197004E+00    1.05640465E-06    1.58645635E-07
   3.86387000E+00    1.06140467E-06    1.54856487E-07
   3.89603551E+00    1.06632593E-06    1.51159914E-07
   3.92846880E+00    1.07116974E-06    1.47553908E-07
   3.96117207E+00    1.07593740E-06    1.44036509E-07
   3.99414760E+00    1.08063020E-06    1.40605807E-07
   4.02739763E+00    1.08524941E-06    1.37259941E-07
   4.06092446E+00    1.08979630E-06    1.33997099E-07
   4.09473040E+00    1.09427212E-06    1.30815518E-07
   4.12881775E+00    1.09867811E-06    1.27713485E-07
   4.16318887E+00    1.10301550E-06    1.24689336E-07
   4.19784613E+00    1.10728552E-06    1.21741453E-07
   4.23279189E+00    1.11148938E-06    1.18868270E-07
   4.26802856E+00    1.11562829E-06    1.16068266E-07
   4.30355857E+00    1.11970345E-06    1.13339967E-07
   4.33938436E+00    1.12371606E-06    1.10681950E-07
   4.37550838E+00    1.12766730E-06    1.08092833E-07
   4.41193312E+00    1.13155837E-06    1.05571286E-07
   4.44866109E+00    1.13539043E-06    1.03116019E-07
   4.48569481E+00    1.13916468E-06    1.00725790E-07
   4.52303682E+00    1.14288229E-06    9.83994000E-08
   4.56068970E+00    1.14654444E-06    9.61356948E-08
   4.59865602E+00    1.15015231E-06    9.39335616E-08
   4.63693840E+00    1.15370707E-06    9.17919305E-08
   4.67553947E+00    1.15720990E-06    8.97097723E-08
   4.71446188E+00    1.16066200E-06    8.76860990E-08
   4.75370830E+00    1.16406454E-06    8.57199610E-08
   4.79328144E+00    1.16741873E-06    8.38104535E-08
   4.83318402E+00    1.17072576E-06    8.19567096E-08
   4.87341877E+00    1.17398685E-06    8.01578938E-08
   4.91398847E+00    1.17720321E-06    7.84132075E-08
   4.95489589E+00    1.18037607E-06    7.67218868E-08
   4.99614386E+00    1.18350667E-06    7.50832022E-08
   5.03773520E+00    1.18659626E-06    7.34964572E-08
   5.07967277E+00    1.18964610E-06    7.19609872E-08
   5.12195947E+00    1.19265748E-06    7.04761591E-08
   5.16459819E+00    1.19563168E-06    6.90413695E-08
   5.20759186E+00    1.19857003E-06    6.76560440E-08
   5.25094344E+00    1.20147384E-06    6.63196362E-08
   5.29465591E+00    1.20434447E-06    6.50316265E-08
   5.33873227E+00    1.20718329E-06    6.37915210E-08
   5.38317555E+00    1.20999168E-06    6.25988503E-08
   5.42798881E+00    1.21277105E-06    6.14531690E-08
   5.47317513E+00    1.21552285E-06    6.03540537E-08
   5.51873761E+00    1.21824854E-06    5.93011026E-08
   5.56467938E+00    1.22094959E-06    5.82939340E-08
   5.61100360E+00    1.22362753E-06    5.73321856E-08
   5.65771346E+00    1.22628390E-06    5.64155131E-08
   5.70481216E+00    1.22892026E-06    5.55435892E-08
   5.75230295E+00    1.23153822E-06    5.47161024E-08
   5.80018908E+00    1.23413940E-06    5.39327564E-08
   5.84847385E+00    1.23672548E-06    5.31932684E-08
   5.89716057E+00    1.23929815E-06    5.24973686E-08
   5.94625260E+00    1.24185913E-06    5.18447990E-08
   5.99575330E+00    1.24441020E-06    5.12353122E-08
   6.04566608E+00    1.24695316E-06    5.06686707E-08
   6.09599436E+00    1.24948984E-06    5.01446457E-08
   6.14674162E+00    1.25202213E-06    4.96630166E-08
   6.19791133E+00    1.25455193E-06    4.92235693E-08
   6.24950701E+00    1.25708121E-06    4.88260961E-08
   6.30153221E+00    1.25961195E-06    4.84703944E-08
   6.35399050E+00    1.26214619E-06    4.81562658E-08
   6.40688550E+00    1.26468601E-06    4.78835157E-08
   6.46022082E+00    1.26723353E-06    4.76519520E-08
   6.51400015E+00    1.26979091E-06    4.74613848E-08
   6.56822717E+00    1.27236034E-06    4.73116254E-08
   6.62290562E+00    1.27494410E-06    4.72024857E-08
   6.67803925E+00    1.27754446E-06    4.71337774E-08
   6.73363184E+00    1.28016377E-06    4.71053118E-08
   6.78968723E+00    1.28280442E-06    4.71168986E-08
   6.84620926E+00    1.28546883E-06    4.71683462E-08
   6.90320182E+00    1.28815948E-06    4.72594601E-08
   6.96066883E+00    1.29087891E-06    4.73900434E-08
   7.01861423E+00    1.29362969E-06    4.75598958E-08
   7.07704201E+00    1.29641443E-06    4.77688135E-08
   7.13595618E+00    1.29923581E-06    4.80165888E-08
   7.19536079E+00    1.30209654E-06    4.83030095E-08
   7.25525993E+00    1.30499940E-06    4.86278588E-08
   7.31565771E+00    1.30794720E-06    4.89909154E-08
   7.37655828E+00    1.31094282E-06    4.93919528E-08
   7.43796583E+00    1.31398915E-06    4.98307392E-08
   7.49988458E+00    1.31708918E-06    5.03070377E-08
   7.56231879E+00    1.32024592E-06    5.08206057E-08
   7.62527274E+00    1.32346244E-06    5.13711954E-08
   7.68875076E+00    1.32674186E-06    5.19585535E-08
   7.75275721E+00    1.33008734E-06    5.25824210E-08
   7.81729650E+00    1.33350211E-06    5.32425334E-08
   7.88237306E+00    1.33698944E-06    5.39386213E-08
   7.94799136E+00    1.34055265E-06    5.46704093E-08
   8.01415592E+00    1.34419511E-06    5.54376177E-08
   8.08087127E+00    1.34792026E-06    5.62399611E-08
   8.14814201E+00    1.35173156E-06    5.70771494E-08
   8.21597275E+00    1.35563256E-06    5.79488882E-08
   8.28436817E+00    1.35962683E-06    5.88548786E-08
   8.35333295E+00    1.36371801E-06    5.97948174E-08
   8.42287185E+00    1.36790978E-06    6.07683978E-08
   8.49298963E+00    1.37220588E-06    6.17753092E-08
   8.56369113E+00    1.37661010E-06    6.28152380E-08
   8.63498119E+00    1.38112630E-06    6.38878674E-08
   8.70686472E+00    1.38575836E-06    6.49928781E-08
   8.77934665E+00    1.39051025E-06    6.61299485E-08
   8.85243198E+00    1.39538595E-06    6.72987551E-08
   8.92612572E+00    1.40038954E-06    6.84989727E-08
   9.00043294E+00    1.40552513E-06    6.97302749E-08
   9.07535874E+00    1.41079688E-06    7.09923347E-08
   9.15090828E+00    1.41620902E-06    7.22848240E-08
   9.22708674E+00    1.42176582E-06    7.36074151E-08
   9.30389936E+00    1.42747162E-06    7.49597800E-08
   9.38135143E+00    1.43333081E-06    7.63415917E-08
   9.45944826E+00    1.43934783E-06    7.77525235E-08
   9.53819522E+00    1.44552718E-06    7.91922504E-08
   9.61759772E+00    1.45187343E-06    8.06604486E-08
   9.69766123E+00    1.45839118E-06    8.21567963E-08
   9.77839124E+00    1.46508512E-06    8.36809735E-08
   9.85979330E+00    1.47195998E-06    8.52326630E-08
   9.94187301E+00    1.47902056E-06    8.68115500E-08
   1.00246360E+01    1.48627170E-06    8.84173225E-08
   1.01080880E+01    1.49371832E-06    9.00496720E-08
   1.01922347E+01    1.50136540E-06    9.17082930E-08
   1.02770818E+01    1.50921797E-06    9.33928837E-08
   1.03626354E+01    1.51728114E-06    9.51031460E-08
   1.04489011E+01    1.52556006E-06    9.68387858E-08
   1.05358849E+01    1.53405998E-06    9.85995129E-08
   1.06235929E+01    1.54278617E-06    1.00385041E-07
   1.07120310E+01    1.55174400E-06    1.02195089E-07
   1.08012053E+01    1.56093890E-06    1.04029379E-07
   1.08911220E+01    1.57037636E-06    1.05887638E-07
   1.09817872E+01    1.58006193E-06    1.07769599E-07
   1.10732071E+01    1.59000126E-06    1.09674996E-07
   1.11653881E+01    1.60020005E-06    1.11603570E-07
   1.12583365E+01    1.61066406E-06    1.13555068E-07
   1.13520587E+01    1.62139915E-06    1.15529238E-07
   1.14465610E+01    1.63241123E-06    1.17525835E-07
   1.15418501E+01    1.64370630E-06    1.19544618E-07
   1.16379324E+01    1.65529042E-06    1.21585350E-07
   1.17348145E+01    1.66716975E-06    1.23647799E-07
   1.18325032E+01    1.67935049E-06    1.25731738E-07
   1.19310051E+01    1.69183896E-06    1.27836943E-07
   1.20303270E+01    1.70464153E-06    1.29963194E-07
   1.21304757E+01    1.71776467E-06    1.32110279E-07
   1.22314582E+01    1.73121492E-06    1.34277984E-07
   1.23332813E+01    1.74499890E-06    1.36466105E-07
   1.24359520E+01    1.75912332E-06    1.38674439E-07
   1.25394774E+01    1.77359498E-06    1.40902787E-07
   1.26438647E+01    1.78842077E-06    1.43150955E-07
   1.27491209E+01    1.80360764E-06    1.45418753E-07
   1.28552534E+01    1.81916266E-06    1.47705993E-07
   1.29622693E+01    1.83509298E-06    1.50012493E-07
   1.30701762E+01    1.85140583E-06    1.52338073E-07
   1.31789813E+01    1.86810855E-06    1.54682558E-07
   1.32886923E+01    1.88520856E-06    1.57045776E-07
   1.33993165E+01    1.90271338E-06    1.59427560E-07
   1.35108616E+01    1.92063063E-06    1.61827745E-07
   1.36233353E+01    1.93896802E-06    1.64246169E-07
   1.37367454E+01    1.95773337E-06    1.66682677E-07
   1.38510995E+01    1.97693458E-06    1.69137114E-07
   1.39664056E+01    1.99657968E-06    1.71609331E-07
   1.40826716E+01    2.01667677E-06    1.74099183E-07
   1.41999054E+01    2.03723410E-06    1.76606526E-07
   1.43181152E+01    2.05825998E-06    1.79131222E-07
   1.44373090E+01    2.07976285E-06    1.81673137E-07
   1.45574951E+01    2.10175125E-06    1.84232141E-07
   1.46786818E+01    2.12423385E-06    1.86808107E-07
   1.48008772E+01    2.14721942E-06    1.89400911E-07
   1.49240899E+01    2.17071683E-06    1.92010436E-07
   1.50483283E+01    2.19473509E-06    1.94636568E-07
   1.51736010E+01    2.21928330E-06    1.97279196E-07
   1.52999165E+01    2.24437072E-06    1.99938214E-07
   1.54272835E+01    2.27000670E-06    2.02613522E-07
   1.55557108E+01    2.29620071E-06    2.05305023E-07
   1.56852073E+01    2.32296236E-06    2.08012625E-07
   1.58157818E+01    2.35030139E-06    2.10736240E-07
   1.59474432E+01    2.37822765E-06    2.13475786E-07
   1.60802007E+01    2.40675114E-06    2.16231185E-07
   1.62140634E+01    2.43588198E-06    2.19002365E-07
   1.63490404E+01    2.46563044E-06    2.21789258E-07
   1.64851411E+01    2.49600690E-06    2.24591801E-07
   1.66223747E+01    2.52702192E-06    2.27409938E-07
   1.67607508E+01    2.55868617E-06    2.30243618E-07
   1.69002789E+01    2.59101047E-06    2.33092792E-07
   1.70409684E+01    2.62400580E-06    2.35957422E-07
   1.71828292E+01    2.65768328E-06    2.38837472E-07
   1.73258709E+01    2.69205419E-06    2.41732913E-07
   1.74701034E+01    2.72712995E-06    2.44643720E-07
   1.76155365E+01    2.76292215E-06    2.47569878E-07
   1.77621804E+01    2.79944254E-06    2.50511372E-07
   1.79100450E+01    2.83670303E-06    2.53468199E-07
   1.80591406E+01    2.87471569E-06    2.56440359E-07
   1.82094773E+01    2.91349278E-06    2.59427857E-07
   1.83610655E+01    2.95304670E-06    2.62430708E-07
   1.85139157E+01    2.99339007E-06    2.65448929E-07
   1.86680382E+01    3.03453564E-06    2.68482547E-07
   1.88234438E+01    3.07649638E-06    2.71531592E-07
   1.89801432E+01    3.11928543E-06    2.74596104E-07
   1.91381469E+01    3.16291611E-06    2.77676127E-07
   1.92974661E+01    3.20740195E-06    2.80771712E-07
   1.94581114E+01    3.25275667E-06    2.83882917E-07
   1.96200942E+01    3.29899418E-06    2.87009806E-07
   1.97834253E+01    3.34612862E-06    2.90152449E-07
   1.99481162E+01    3.39417430E-06    2.93310926E-07
   2.01141781E+01    3.44314577E-06    2.96485319E-07
   2.02816223E+01    3.49305779E-06    2.99675719E-07
   2.04504605E+01    3.54392534E-06    3.02882225E-07
   2.06207042E+01    3.59576360E-06    3.06104940E-07
   2.07923652E+01    3.64858802E-06    3.09343975E-07
   2.09654551E+01    3.70241426E-06    3.12599447E-07
   2.11399860E+01    3.75725820E-06    3.15871482E-07
   2.13159698E+01    3.81313600E-06    3.19160206E-07
   2.14934186E+01    3.87006404E-06    3.22465780E-07
   2.16723446E+01    3.92805896E-06    3.25788248E-07
   2.18527602E+01    3.98713765E-06    3.29128156E-07
   2.20346776E+01    4.04731722E-06    3.32484131E-07
   2.22181094E+01    4.10861534E-06    3.35862256E-07
   2.24030683E+01    4.17104871E-06    3.39239807E-07
   2.25895668E+01    4.23464125E-06    3.42761012E-07
   2.27776179E+01    4.29944252E-06    3.46420523E-07
   2.29672345E+01    4.36547534E-06    3.50063712E-07
   2.31584296E+01    4.43275556E-06    3.53718153E-07
   2.33512163E+01    4.50130081E-06    3.57377290E-07
   2.35456079E+01    4.57112872E-06    3.61044021E-07
   2.37416178E+01    4.64225739E-06    3.64718594E-07
   2.39392593E+01    4.71470529E-06    3.68401970E-07
   2.41385462E+01    4.78849129E-06    3.72094890E-07
   2.43394921E+01    4.86363464E-06    3.75798133E-07
   2.45421108E+01    4.94015499E-06    3.79512448E-07
   2.47464162E+01    5.01807239E-06    3.83238574E-07
   2.49524224E+01    5.09740732E-06    3.86977231E-07
   2.51601436E+01    5.17818065E-06    3.90729126E-07
   2.53695939E+01    5.26041368E-06    3.94494954E-07
   2.55807879E+01    5.34412813E-06    3.98275394E-07
   2.57937400E+01    5.42934614E-06    4.02071114E-07
   2.60084649E+01    5.51609031E-06    4.05882770E-07
   2.62249772E+01    5.60438365E-06    4.09711004E-07
   2.64432920E+01    5.69424963E-06    4.13556450E-07
   2.66634242E+01    5.78571218E-06    4.17419728E-07
   2.68853889E+01    5.87879568E-06    4.21301450E-07
   2.71092014E+01    5.97352497E-06    4.25202216E-07
   2.73348770E+01    6.06992536E-06    4.29122617E-07
   2.75624314E+01    6.16802266E-06    4.33063237E-07
   2.77918800E+01    6.26784313E-06    4.37024648E-07
   2.80232388E+01    6.36941355E-06    4.41007415E-07
   2.82565235E+01    6.47276118E-06    4.45012095E-07
   2.84917503E+01    6.57791379E-06    4.49039238E-07
   2.87289352E+01    6.68489966E-06    4.53089384E-07
   2.89680947E+01    6.79374759E-06    4.57163068E-07
   2.92092450E+01    6.90448691E-06    4.61260819E-07
   2.94524029E+01    7.01714749E-06    4.65383158E-07
   2.96975850E+01    7.13175972E-06    4.69530601E-07
   2.99448081E+01    7.24835458E-06    4.73703655E-07
   3.01940893E+01    7.36696356E-06    4.77902827E-07
   3.04454457E+01    7.48761875E-06    4.82128614E-07
   3.06988946E+01    7.61035280E-06    4.86381510E-07
   3.09544533E+01    7.73519897E-06    4.90662004E-07
   3.12121395E+01    7.86219108E-06    4.94970581E-07
   3.14719708E+01    7.99136357E-06    4.99307719E-07
   3.17339652E+01    8.12275148E-06    5.03673896E-07
   3.19981406E+01    8.25639049E-06    5.08069583E-07
   3.22645151E+01    8.39231688E-06    5.12495250E-07
   3.25331072E+01    8.53056761E-06    5.16951362E-07
   3.28039352E+01    8.67118024E-06    5.21438380E-07
   3.30770177E+01    8.81419304E-06    5.25956764E-07
   3.33523736E+01    8.95964492E-06    5.30506970E-07
   3.36300217E+01    9.10757547E-06    5.35089452E-07
   3.39099812E+01    9.25802498E-06    5.39704661E-07
   3.41922712E+01    9.41103445E-06    5.44353048E-07
   3.44769112E+01    9.56664557E-06    5.49035058E-07
   3.47639208E+01    9.72490077E-06    5.53751137E-07
   3.50533196E+01    9.88584321E-06    5.58501730E-07
   3.53451275E+01    1.00495168E-05    5.63287278E-07
   3.56393647E+01    1.02159662E-05    5.68108221E-07
   3.59360513E+01    1.03852369E-05    5.72965000E-07
   3.62352078E+01    1.05573751E-05    5.77858052E-07
   3.65368546E+01    1.07324277E-05    5.82787817E-07
   3.68410125E+01    1.09104427E-05    5.87754729E-07
   3.71477025E+01    1.10914687E-05    5.92759226E-07
   3.74569455E+01    1.12755552E-05    5.97801743E-07
   3.77687630E+01    1.14627524E-05    6.02882715E-07
   3.80831761E+01    1.16531117E-05    6.08002578E-07
   3.84002067E+01    1.18466850E-05    6.13161765E-07
   3.87198765E+01    1.20435253E-05    6.18360713E-07
   3.90422074E+01    1.22436865E-05    6.23599856E-07
   3.93672216E+01    1.24472234E-05    6.28879629E-07
   3.96949415E+01    1.26541917E-05    6.34200468E-07
   4.00253895E+01    1.28646481E-05    6.39562809E-07
   4.03585884E+01    1.30786501E-05    6.44967088E-07
   4.06945611E+01    1.32962565E-05    6.50413743E-07
   4.10333306E+01    1.35175267E-05    6.55903212E-07
   4.13749203E+01    1.37425216E-05    6.61435933E-07
   4.17193537E+01    1.39713026E-05    6.67012346E-07
   4.20666543E+01    1.42039324E-05    6.72632893E-07
   4.24168461E+01    1.44404750E-05    6.78298015E-07
   4.27699531E+01    1.46809950E-05    6.84008155E-07
   4.31259997E+01    1.49255584E-05    6.89763759E-07
   4.34850102E+01    1.51742323E-05    6.95565272E-07
   4.38470094E+01    1.54270849E-05    7.01413142E-07
   4.42120221E+01    1.56841855E-05    7.07307817E-07
   4.45800734E+01    1.59456045E-05    7.13249750E-07
   4.49511886E+01    1.62114139E-05    7.19239391E-07
   4.53253933E+01    1.64816863E-05    7.25277197E-07
   4.57027130E+01    1.67564961E-05    7.31363623E-07
   4.60831739E+01    1.70359185E-05    7.37499127E-07
   4.64668020E+01    1.73200303E-05    7.43684170E-07
   4.68536236E+01    1.76089094E-05    7.49919215E-07
   4.72436655E+01    1.79026351E-05    7.56204725E-07
   4.76369543E+01    1.82012881E-05    7.62541169E-07
   4.80335171E+01    1.85049502E-05    7.68929015E-07
   4.84333811E+01    1.88137048E-05    7.75368736E-07
   4.88365740E+01    1.91276367E-05    7.81860805E-07
   4.92431232E+01    1.94468321E-05    7.88405700E-07
   4.96530569E+01    1.97713786E-05    7.95003900E-07
   5.00664031E+01    2.01013653E-05    8.01655887E-07
   5.04831904E+01    2.04368828E-05    8.08362146E-07
   5.09034472E+01    2.07780233E-05    8.15123166E-07
   5.13272025E+01    2.11248803E-05    8.21939437E-07
   5.17544855E+01    2.14775492E-05    8.28811451E-07
   5.21853255E+01    2.18361268E-05    8.35739707E-07
   5.26197521E+01    2.22007117E-05    8.42724703E-07
   5.30577951E+01    2.25714038E-05    8.49766943E-07
   5.34994848E+01    2.29483051E-05    8.56866933E-07
   5.39448513E+01    2.33315190E-05    8.64025181E-07
   5.43939254E+01    2.37211508E-05    8.71242201E-07
   5.48467379E+01    2.41173076E-05    8.78518508E-07
   5.53033199E+01    2.45200982E-05    8.85854622E-07
   5.57637028E+01    2.49296331E-05    8.93251066E-07
   5.62279183E+01    2.53460250E-05    9.00708366E-07
   5.66959982E+01    2.57693882E-05    9.08227051E-07
   5.71679747E+01    2.61998390E-05    9.15807656E-07
   5.76438803E+01    2.66374957E-05    9.23450719E-07
   5.81237477E+01    2.70824785E-05    9.31156779E-07
   5.86076098E+01    2.75349097E-05    9.38926383E-07
   5.90954999E+01    2.79949136E-05    9.46760078E-07
   5.95874515E+01    2.84626166E-05    9.54658418E-07
   6.00834985E+01    2.89381472E-05    9.62621960E-07
   6.05836749E+01    2.94216361E-05    9.70651263E-07
   6.10880151E+01    2.99132160E-05    9.78746893E-07
   6.15965538E+01    3.04130222E-05    9.86909418E-07
   6.21093260E+01    3.09211919E-05    9.95139413E-07
   6.26263668E+01    3.14378649E-05    1.00343745E-06
   6.31477118E+01    3.19631829E-05    1.01180412E-06
   6.36733968E+01    3.24972905E-05    1.02024000E-06
   6.42034580E+01    3.30403345E-05    1.02874569E-06
   6.47379318E+01    3.35924640E-05    1.03732178E-06
   6.52768549E+01    3.41538307E-05    1.04596886E-06
   6.58202644E+01    3.47245891E-05    1.05468755E-06
   6.63681976E+01    3.53048958E-05    1.06347844E-06
   6.69206922E+01    3.58949105E-05    1.07234217E-06
   6.74777861E+01    3.64947952E-05    1.08127933E-06
   6.80395177E+01    3.71047149E-05    1.09029056E-06
   6.86059255E+01    3.77248372E-05    1.09937648E-06
   6.91770484E+01    3.83553324E-05    1.10853772E-06
   6.97529258E+01    3.89963740E-05    1.11777493E-06
   7.03335972E+01    3.96481381E-05    1.12708874E-06
   7.09191025E+01    4.03108038E-05    1.13647980E-06
   7.15094820E+01    4.09845532E-05    1.14594877E-06
   7.21047761E+01    4.16695717E-05    1.15549629E-06
   7.27050259E+01    4.23660473E-05    1.16512304E-06
   7.33102726E+01    4.30741717E-05    1.17482968E-06
   7.39205578E+01    4.37941393E-05    1.18461689E-06
   7.45359235E+01    4.45261482E-05    1.19448534E-06
   7.51564118E+01    4.52703995E-05    1.20443571E-06
   7.57820655E+01    4.60270978E-05    1.21446870E-06
   7.64129276E+01    4.67964511E-05    1.22458501E-06
   7.70490415E+01    4.75786708E-05    1.23478532E-06
   7.76904507E+01    4.83739720E-05    1.24507036E-06
   7.83371995E+01    4.91825734E-05    1.25544082E-06
   7.89893323E+01    5.00046971E-05    1.26589743E-06
   7.96468939E+01    5.08405691E-05    1.27644090E-06
   8.03099295E+01    5.16904192E-05    1.28707198E-06
   8.09784847E+01    5.25544811E-05    1.29779139E-06
   8.16526054E+01    5.34329922E-05    1.30859988E-06
   8.23323379E+01    5.43261941E-05    1.31949818E-06
   8.30177289E+01    5.52343322E-05    1.33048707E-06
   8.37088257E+01    5.61576563E-05    1.34156728E-06
   8.44056756E+01    5.70964200E-05    1.35273959E-06
   8.51083266E+01    5.80508816E-05    1.36400477E-06
   8.58168269E+01    5.90213032E-05    1.37536360E-06
   8.65312252E+01    6.00079518E-05    1.38681686E-06
   8.72515707E+01    6.10110986E-05    1.39836534E-06
   8.79779129E+01    6.20310192E-05    1.41000984E-06
   8.87103016E+01    6.30679942E-05    1.42175115E-06
   8.94487873E+01    6.41223084E-05    1.43359010E-06
   9.01934206E+01    6.51942519E-05    1.44552750E-06
   9.09442527E+01    6.62841191E-05    1.45756417E-06
   9.17013353E+01    6.73922098E-05    1.46970093E-06
   9.24647204E+01    6.85188286E-05    1.48193864E-06
   9.32344604E+01    6.96642852E-05    1.49427812E-06
   9.40106082E+01    7.08288944E-05    1.50672023E-06
   9.47932172E+01    7.20129764E-05    1.51926583E-06
   9.55823413E+01    7.32168568E-05    1.53191579E-06
   9.63780345E+01    7.44408664E-05    1.54467097E-06
   9.71803516E+01    7.56853418E-05    1.55753225E-06
   9.79893478E+01    7.69506251E-05    1.57050051E-06
   9.88050786E+01    7.82370640E-05    1.58357666E-06
   9.96276001E+01    7.95450123E-05    1.59676160E-06
   1.00456969E+02    8.08748296E-05    1.61005622E-06
   1.01293242E+02    8.22268813E-05    1.62346144E-06
   1.02136477E+02    8.36015392E-05    1.63697820E-06
   1.02986731E+02    8.49991813E-05    1.65060741E-06
   1.03844063E+02    8.64201916E-05    1.66435003E-06
   1.04708533E+02    8.78649609E-05    1.67820698E-06
   1.05580199E+02    8.93338863E-05    1.69217923E-06
   1.06459121E+02    9.08273717E-05    1.70626774E-06
   1.07345360E+02    9.23458276E-05    1.72047348E-06
   1.08238977E+02    9.38896715E-05    1.73479742E-06
   1.09140033E+02    9.54593278E-05    1.74924056E-06
   1.10048589E+02    9.70552279E-05    1.76380388E-06
   1.10964710E+02    9.86778108E-05    1.77848839E-06
   1.11888456E+02    1.00327522E-04    1.79329510E-06
   1.12819893E+02    1.02004816E-04    1.80822502E-06
   1.13759083E+02    1.03710153E-04    1.82327919E-06
   1.14706092E+02    1.05444002E-04    1.83845864E-06
   1.15660985E+02    1.07206840E-04    1.85376441E-06
   1.16623826E+02    1.08999152E-04    1.86919756E-06
   1.17594683E+02    1.10821430E-04    1.88475915E-06
   1.18573623E+02    1.12674174E-04    1.90045025E-06
   1.19560711E+02    1.14557896E-04    1.91627193E-06
   1.20556017E+02    1.16473111E-04    1.93222529E-06
   1.21559608E+02    1.18420348E-04    1.94831143E-06
   1.22571554E+02    1.20400140E-04    1.96453144E-06
   1.23591924E+02    1.22413033E-04    1.98088645E-06
   1.24620788E+02    1.24459580E-04    1.99737758E-06
   1.25658217E+02    1.26540344E-04    2.01400597E-06
   1.26704283E+02    1.28655895E-04    2.03077275E-06
   1.27759057E+02    1.30806817E-04    2.04767909E-06
   1.28822611E+02    1.32993701E-04    2.06472613E-06
   1.29895019E+02    1.35217146E-04    2.08191507E-06
   1.30976355E+02    1.37477766E-04    2.09924707E-06
   1.32066692E+02    1.39776181E-04    2.11672333E-06
   1.33166106E+02    1.42113023E-04    2.13434506E-06
   1.34274673E+02    1.44488935E-04    2.15211345E-06
   1.35392467E+02    1.46904570E-04    2.17002974E-06
   1.36519568E+02    1.49360592E-04    2.18809516E-06
   1.37656050E+02    1.51857675E-04    2.20631095E-06
   1.38801994E+02    1.54396507E-04    2.22467836E-06
   1.39957478E+02    1.56977786E-04    2.24319865E-06
   1.41122580E+02    1.59602221E-04    2.26187310E-06
   1.42297382E+02    1.62270534E-04    2.28070299E-06
   1.43481963E+02    1.64983458E-04    2.29968961E-06
   1.44676406E+02    1.67741739E-04    2.31883428E-06
   1.45880792E+02    1.70546135E-04    2.33813831E-06
   1.47095204E+02    1.73397418E-04    2.35760301E-06
   1.48319726E+02    1.76296371E-04    2.37722975E-06
   1.49554441E+02    1.79243791E-04    2.39701985E-06
   1.50799435E+02    1.82240488E-04    2.41697468E-06
   1.52054794E+02    1.85287287E-04    2.43709562E-06
   1.53320602E+02    1.88385025E-04    2.45738405E-06
   1.54596949E+02    1.91534553E-04    2.47784136E-06
   1.55883920E+02    1.94736738E-04    2.49846895E-06
   1.57181605E+02    1.97992459E-04    2.51926826E-06
   1.58490093E+02    2.01302612E-04    2.54024070E-06
   1.59809474E+02    2.04668107E-04    2.56138772E-06
   1.61139838E+02    2.08089869E-04    2.58271076E-06
   1.62481277E+02    2.11568839E-04    2.60421131E-06
   1.63833883E+02    2.15105973E-04    2.62589083E-06
   1.65197749E+02    2.18702243E-04    2.64775082E-06
   1.66572969E+02    2.22358639E-04    2.66979277E-06
   1.67959637E+02    2.26076165E-04    2.69201821E-06
   1.69357849E+02    2.29855844E-04    2.71442865E-06
   1.70767700E+02    2.33698714E-04    2.73702565E-06
   1.72189288E+02    2.37605832E-04    2.75981075E-06
   1.73622710E+02    2.41578272E-04    2.78278553E-06
   1.75068065E+02    2.45617127E-04    2.80595155E-06
   1.76525452E+02    2.49723506E-04    2.82931041E-06
   1.77994972E+02    2.53898539E-04    2.85286373E-06
   1.79476724E+02    2.58143373E-04    2.87661311E-06
   1.80970812E+02    2.62459175E-04    2.90056019E-06
   1.82477338E+02    2.66847132E-04    2.92470661E-06
   1.83996405E+02    2.71308450E-04    2.94905404E-06
   1.85528118E+02    2.75844355E-04    2.97360414E-06
   1.87072581E+02    2.80456096E-04    2.99835862E-06
   1.88629902E+02    2.85144938E-04    3.02331916E-06
   1.90200188E+02    2.89912172E-04    3.04848748E-06
   1.91783545E+02    2.94759108E-04    3.07386531E-06
   1.93380083E+02    2.99687079E-04    3.09945440E-06
   1.94989912E+02    3.04697439E-04    3.12525651E-06
   1.96613143E+02    3.09791566E-04    3.15127341E-06
   1.98249886E+02    3.14970860E-04    3.17750688E-06
   1.99900254E+02    3.20236745E-04    3.20395874E-06
   2.01564362E+02    3.25590669E-04    3.23063079E-06
   2.03242322E+02    3.31034103E-04    3.25752487E-06
   2.04934251E+02    3.36568545E-04    3.28464284E-06
   2.06640265E+02    3.42195516E-04    3.31198655E-06
   2.08360481E+02    3.47916562E-04    3.33955788E-06
   2.10095017E+02    3.53733256E-04    3.36735873E-06
   2.11843993E+02    3.59647199E-04    3.39539101E-06
   2.13607528E+02    3.65660014E-04    3.42365665E-06
   2.15385744E+02    3.71773356E-04    3.45215758E-06
   2.17178763E+02    3.77988905E-04    3.48089577E-06
   2.18986709E+02    3.84308370E-04    3.50987320E-06
   2.20809705E+02    3.90733488E-04    3.53909185E-06
   2.22647877E+02    3.97266026E-04    3.56855373E-06
   2.24501351E+02    4.03907779E-04    3.59826087E-06
   2.26370255E+02    4.10660574E-04    3.62821531E-06
   2.28254717E+02    4.17526266E-04    3.65841910E-06
   2.30154867E+02    4.24506744E-04    3.68887433E-06
   2.32070834E+02    4.31603926E-04    3.71958309E-06
   2.34002752E+02    4.38819764E-04    3.75054749E-06
   2.35950752E+02    4.46156241E-04    3.78176965E-06
   2.37914968E+02    4.53615374E-04    3.81325172E-06
   2.39895536E+02    4.61199214E-04    3.84499587E-06
   2.41892592E+02    4.68909846E-04    3.87700427E-06
   2.43906272E+02    4.76749390E-04    3.90927914E-06
   2.45936716E+02    4.84720000E-04    3.94182267E-06
   2.47984063E+02    4.92823868E-04    3.97463712E-06
   2.50048453E+02    5.01063223E-04    4.00772475E-06
   2.52130028E+02    5.09440328E-04    4.04108779E-06
   2.54228932E+02    5.17957488E-04    4.07472865E-06
   2.56345309E+02    5.26617043E-04    4.10864924E-06
   2.58479304E+02    5.35421375E-04    4.14285342E-06
   2.60631064E+02    5.44372902E-04    4.17733760E-06
   2.62800736E+02    5.53474095E-04    4.21212724E-06
   2.64988470E+02    5.62727412E-04    4.24713457E-06
   2.67194417E+02    5.72135516E-04    4.28182037E-06
   2.69418727E+02    5.81700467E-04    4.31751291E-06
   2.71661554E+02    5.67407651E-04   -6.26596928E-06
