# Peaks:     0.006234      0.043736      0.155489  
   9.16515116E-05    7.85176628E+02   -1.82438217E+06
   9.24144819E-05    7.83831634E+02   -1.80745178E+06
   9.31838037E-05    7.82476589E+02   -1.79066091E+06
   9.39595298E-05    7.81112597E+02   -1.77400979E+06
   9.47417136E-05    7.79740824E+02   -1.75749864E+06
   9.55304089E-05    7.78362494E+02   -1.74112774E+06
   9.63256698E-05    7.76978894E+02   -1.72489742E+06
   9.71275510E-05    7.75591378E+02   -1.70880801E+06
   9.79361076E-05    7.74201365E+02   -1.69285989E+06
   9.87513952E-05    7.72810344E+02   -1.67705350E+06
   9.95734699E-05    7.71419877E+02   -1.66138929E+06
   1.00402388E-04    7.70031598E+02   -1.64586774E+06
   1.01238207E-04    7.68647221E+02   -1.63048940E+06
   1.02080983E-04    7.67268064E+02   -1.61525438E+06
   1.02930776E-04    7.65894044E+02   -1.60016137E+06
   1.03787642E-04    7.64524784E+02   -1.58520882E+06
   1.04651642E-04    7.63159877E+02   -1.57039517E+06
   1.05522834E-04    7.61798889E+02   -1.55571886E+06
   1.06401279E-04    7.60441355E+02   -1.54117832E+06
   1.07287037E-04    7.59086779E+02   -1.52677200E+06
   1.08180168E-04    7.57734632E+02   -1.51249832E+06
   1.09080734E-04    7.56384353E+02   -1.49835573E+06
   1.09988797E-04    7.55035345E+02   -1.48434265E+06
   1.10904420E-04    7.53686977E+02   -1.47045753E+06
   1.11827664E-04    7.52338850E+02   -1.45669899E+06
   1.12758595E-04    7.50991064E+02   -1.44306609E+06
   1.13697275E-04    7.49643780E+02   -1.42955793E+06
   1.14643769E-04    7.48297163E+02   -1.41617361E+06
   1.15598143E-04    7.46951381E+02   -1.40291224E+06
   1.16560462E-04    7.45606604E+02   -1.38977297E+06
   1.17530791E-04    7.44263008E+02   -1.37675492E+06
   1.18509198E-04    7.42920768E+02   -1.36385723E+06
   1.19495751E-04    7.41580067E+02   -1.35107907E+06
   1.20490516E-04    7.40241088E+02   -1.33841959E+06
   1.21493562E-04    7.38903943E+02   -1.32587789E+06
   1.22504958E-04    7.37568627E+02   -1.31345295E+06
   1.23524773E-04    7.36235112E+02   -1.30114376E+06
   1.24553079E-04    7.34903365E+02   -1.28894928E+06
   1.25589944E-04    7.33573345E+02   -1.27686852E+06
   1.26635441E-04    7.32245003E+02   -1.26490044E+06
   1.27689642E-04    7.30918281E+02   -1.25304406E+06
   1.28752618E-04    7.29593113E+02   -1.24129837E+06
   1.29824444E-04    7.28269421E+02   -1.22966238E+06
   1.30905192E-04    7.26947122E+02   -1.21813508E+06
   1.31994937E-04    7.25626166E+02   -1.20671552E+06
   1.33093754E-04    7.24306577E+02   -1.19540278E+06
   1.34201718E-04    7.22988384E+02   -1.18419594E+06
   1.35318905E-04    7.21671613E+02   -1.17309410E+06
   1.36445393E-04    7.20356285E+02   -1.16209637E+06
   1.37581258E-04    7.19042415E+02   -1.15120185E+06
   1.38726580E-04    7.17730016E+02   -1.14040964E+06
   1.39881435E-04    7.16419092E+02   -1.12971887E+06
   1.41045904E-04    7.15109645E+02   -1.11912865E+06
   1.42220068E-04    7.13801670E+02   -1.10863810E+06
   1.43404006E-04    7.12495175E+02   -1.09824635E+06
   1.44597799E-04    7.11190173E+02   -1.08795253E+06
   1.45801531E-04    7.09886673E+02   -1.07775579E+06
   1.47015283E-04    7.08584679E+02   -1.06765527E+06
   1.48239140E-04    7.07284189E+02   -1.05765011E+06
   1.49473184E-04    7.05985194E+02   -1.04773946E+06
   1.50717502E-04    7.04687681E+02   -1.03792248E+06
   1.51972178E-04    7.03391629E+02   -1.02819831E+06
   1.53237299E-04    7.02097012E+02   -1.01856613E+06
   1.54512952E-04    7.00803800E+02   -1.00902509E+06
   1.55799224E-04    6.99512001E+02   -9.99574379E+05
   1.57096204E-04    6.98221631E+02   -9.90213208E+05
   1.58403981E-04    6.96932704E+02   -9.80940777E+05
   1.59722645E-04    6.95645227E+02   -9.71756293E+05
   1.61052287E-04    6.94359204E+02   -9.62658967E+05
   1.62392997E-04    6.93074631E+02   -9.53648012E+05
   1.63744868E-04    6.91791500E+02   -9.44722645E+05
   1.65107993E-04    6.90509796E+02   -9.35882086E+05
   1.66482465E-04    6.89229499E+02   -9.27125555E+05
   1.67868380E-04    6.87950588E+02   -9.18452282E+05
   1.69265832E-04    6.86673072E+02   -9.09861519E+05
   1.70674917E-04    6.85396966E+02   -9.01352526E+05
   1.72095733E-04    6.84122281E+02   -8.92924565E+05
   1.73528376E-04    6.82849022E+02   -8.84576905E+05
   1.74972946E-04    6.81577188E+02   -8.76308812E+05
   1.76429541E-04    6.80306775E+02   -8.68119558E+05
   1.77898262E-04    6.79037769E+02   -8.60008416E+05
   1.79379210E-04    6.77770154E+02   -8.51974661E+05
   1.80872486E-04    6.76503906E+02   -8.44017571E+05
   1.82378193E-04    6.75239001E+02   -8.36136430E+05
   1.83896435E-04    6.73975451E+02   -8.28330550E+05
   1.85427315E-04    6.72713269E+02   -8.20599249E+05
   1.86970940E-04    6.71452466E+02   -8.12941849E+05
   1.88527415E-04    6.70193047E+02   -8.05357674E+05
   1.90096847E-04    6.68935011E+02   -7.97846049E+05
   1.91679344E-04    6.67678354E+02   -7.90406302E+05
   1.93275015E-04    6.66423063E+02   -7.83037762E+05
   1.94883969E-04    6.65169121E+02   -7.75739762E+05
   1.96506318E-04    6.63916504E+02   -7.68511634E+05
   1.98142171E-04    6.62665190E+02   -7.61352717E+05
   1.99791643E-04    6.61415187E+02   -7.54262378E+05
   2.01454847E-04    6.60166508E+02   -7.47239990E+05
   2.03131895E-04    6.58919164E+02   -7.40284929E+05
   2.04822905E-04    6.57673159E+02   -7.33396576E+05
   2.06527992E-04    6.56428493E+02   -7.26574309E+05
   2.08247273E-04    6.55185160E+02   -7.19817510E+05
   2.09980867E-04    6.53943149E+02   -7.13125563E+05
   2.11728892E-04    6.52702442E+02   -7.06497853E+05
   2.13491469E-04    6.51463016E+02   -6.99933764E+05
   2.15268719E-04    6.50224846E+02   -6.93432689E+05
   2.17060765E-04    6.48987933E+02   -6.86994041E+05
   2.18867728E-04    6.47752294E+02   -6.80617248E+05
   2.20689733E-04    6.46517937E+02   -6.74301738E+05
   2.22526907E-04    6.45284869E+02   -6.68046943E+05
   2.24379374E-04    6.44053090E+02   -6.61852294E+05
   2.26247262E-04    6.42822593E+02   -6.55717224E+05
   2.28130700E-04    6.41593370E+02   -6.49641167E+05
   2.30029817E-04    6.40365402E+02   -6.43623561E+05
   2.31944744E-04    6.39138668E+02   -6.37663840E+05
   2.33875612E-04    6.37913141E+02   -6.31761444E+05
   2.35822553E-04    6.36688814E+02   -6.25915831E+05
   2.37785703E-04    6.35465703E+02   -6.20126479E+05
   2.39765195E-04    6.34243819E+02   -6.14392864E+05
   2.41761165E-04    6.33023166E+02   -6.08714467E+05
   2.43773752E-04    6.31803747E+02   -6.03090767E+05
   2.45803092E-04    6.30585556E+02   -5.97521247E+05
   2.47849327E-04    6.29368585E+02   -5.92005390E+05
   2.49912595E-04    6.28152817E+02   -5.86542678E+05
   2.51993040E-04    6.26938231E+02   -5.81132596E+05
   2.54090803E-04    6.25724800E+02   -5.75774629E+05
   2.56206030E-04    6.24512510E+02   -5.70468278E+05
   2.58338865E-04    6.23301375E+02   -5.65213062E+05
   2.60489456E-04    6.22091405E+02   -5.60008506E+05
   2.62657950E-04    6.20882606E+02   -5.54854134E+05
   2.64844495E-04    6.19674980E+02   -5.49749472E+05
   2.67049243E-04    6.18468523E+02   -5.44694047E+05
   2.69272345E-04    6.17263227E+02   -5.39687386E+05
   2.71513953E-04    6.16059077E+02   -5.34729018E+05
   2.73774223E-04    6.14856052E+02   -5.29818472E+05
   2.76053308E-04    6.13654126E+02   -5.24955277E+05
   2.78351365E-04    6.12453280E+02   -5.20138971E+05
   2.80668554E-04    6.11253524E+02   -5.15369116E+05
   2.83005032E-04    6.10054867E+02   -5.10645278E+05
   2.85360961E-04    6.08857318E+02   -5.05967023E+05
   2.87736502E-04    6.07660878E+02   -5.01333920E+05
   2.90131819E-04    6.06465545E+02   -4.96745537E+05
   2.92547076E-04    6.05271309E+02   -4.92201443E+05
   2.94982439E-04    6.04078158E+02   -4.87701208E+05
   2.97438076E-04    6.02886072E+02   -4.83244402E+05
   2.99914156E-04    6.01695026E+02   -4.78830595E+05
   3.02410848E-04    6.00504995E+02   -4.74459364E+05
   3.04928324E-04    5.99315985E+02   -4.70130306E+05
   3.07466757E-04    5.98128005E+02   -4.65843025E+05
   3.10026322E-04    5.96941065E+02   -4.61597128E+05
   3.12607195E-04    5.95755166E+02   -4.57392220E+05
   3.15209552E-04    5.94570306E+02   -4.53227910E+05
   3.17833574E-04    5.93386477E+02   -4.49103805E+05
   3.20479439E-04    5.92203668E+02   -4.45019512E+05
   3.23147331E-04    5.91021859E+02   -4.40974642E+05
   3.25837432E-04    5.89841027E+02   -4.36968801E+05
   3.28549927E-04    5.88661144E+02   -4.33001602E+05
   3.31285003E-04    5.87482208E+02   -4.29072673E+05
   3.34042847E-04    5.86304231E+02   -4.25181656E+05
   3.36823650E-04    5.85127220E+02   -4.21328192E+05
   3.39627602E-04    5.83951179E+02   -4.17511924E+05
   3.42454896E-04    5.82776107E+02   -4.13732495E+05
   3.45305726E-04    5.81601996E+02   -4.09989547E+05
   3.48180289E-04    5.80428836E+02   -4.06282725E+05
   3.51078781E-04    5.79256608E+02   -4.02611672E+05
   3.54001403E-04    5.78085292E+02   -3.98976033E+05
   3.56948354E-04    5.76914857E+02   -3.95375451E+05
   3.59919838E-04    5.75745292E+02   -3.91809585E+05
   3.62916059E-04    5.74576607E+02   -3.88278107E+05
   3.65937222E-04    5.73408811E+02   -3.84780692E+05
   3.68983535E-04    5.72241910E+02   -3.81317016E+05
   3.72055208E-04    5.71075901E+02   -3.77886755E+05
   3.75152452E-04    5.69910782E+02   -3.74489585E+05
   3.78275479E-04    5.68746541E+02   -3.71125183E+05
   3.81424505E-04    5.67583165E+02   -3.67793226E+05
   3.84599745E-04    5.66420631E+02   -3.64493391E+05
   3.87801418E-04    5.65258915E+02   -3.61225354E+05
   3.91029744E-04    5.64097989E+02   -3.57988797E+05
   3.94284945E-04    5.62937859E+02   -3.54783419E+05
   3.97567245E-04    5.61778533E+02   -3.51608926E+05
   4.00876868E-04    5.60620019E+02   -3.48465024E+05
   4.04214043E-04    5.59462319E+02   -3.45351420E+05
   4.07578999E-04    5.58305429E+02   -3.42267822E+05
   4.10971968E-04    5.57149343E+02   -3.39213935E+05
   4.14393181E-04    5.55994047E+02   -3.36189469E+05
   4.17842875E-04    5.54839525E+02   -3.33194130E+05
   4.21321287E-04    5.53685752E+02   -3.30227625E+05
   4.24828656E-04    5.52532700E+02   -3.27289663E+05
   4.28365222E-04    5.51380354E+02   -3.24379960E+05
   4.31931229E-04    5.50228722E+02   -3.21498250E+05
   4.35526922E-04    5.49077813E+02   -3.18644267E+05
   4.39152548E-04    5.47927632E+02   -3.15817747E+05
   4.42808356E-04    5.46778180E+02   -3.13018425E+05
   4.46494598E-04    5.45629450E+02   -3.10246036E+05
   4.50211527E-04    5.44481434E+02   -3.07500316E+05
   4.53959397E-04    5.43334117E+02   -3.04781000E+05
   4.57738468E-04    5.42187480E+02   -3.02087824E+05
   4.61548998E-04    5.41041497E+02   -2.99420524E+05
   4.65391250E-04    5.39896139E+02   -2.96778837E+05
   4.69265487E-04    5.38751399E+02   -2.94162511E+05
   4.73171976E-04    5.37607287E+02   -2.91571308E+05
   4.77110985E-04    5.36463810E+02   -2.89004988E+05
   4.81082786E-04    5.35320972E+02   -2.86463313E+05
   4.85087650E-04    5.34178770E+02   -2.83946044E+05
   4.89125854E-04    5.33037198E+02   -2.81452943E+05
   4.93197674E-04    5.31896247E+02   -2.78983772E+05
   4.97303391E-04    5.30755899E+02   -2.76538291E+05
   5.01443287E-04    5.29616134E+02   -2.74116262E+05
   5.05617646E-04    5.28476925E+02   -2.71717447E+05
   5.09826756E-04    5.27338244E+02   -2.69341609E+05
   5.14070905E-04    5.26200090E+02   -2.66988526E+05
   5.18350385E-04    5.25062473E+02   -2.64657983E+05
   5.22665491E-04    5.23925399E+02   -2.62349764E+05
   5.27016518E-04    5.22788869E+02   -2.60063655E+05
   5.31403767E-04    5.21652881E+02   -2.57799440E+05
   5.35827537E-04    5.20517426E+02   -2.55556905E+05
   5.40288135E-04    5.19382493E+02   -2.53335836E+05
   5.44785865E-04    5.18248065E+02   -2.51136016E+05
   5.49321038E-04    5.17114120E+02   -2.48957231E+05
   5.53893965E-04    5.15980629E+02   -2.46799266E+05
   5.58504959E-04    5.14847567E+02   -2.44661909E+05
   5.63154339E-04    5.13714938E+02   -2.42544962E+05
   5.67842424E-04    5.12582750E+02   -2.40448232E+05
   5.72569535E-04    5.11451007E+02   -2.38371525E+05
   5.77335998E-04    5.10319710E+02   -2.36314648E+05
   5.82142141E-04    5.09188856E+02   -2.34277407E+05
   5.86988293E-04    5.08058435E+02   -2.32259609E+05
   5.91874787E-04    5.06928434E+02   -2.30261060E+05
   5.96801961E-04    5.05798836E+02   -2.28281568E+05
   6.01770151E-04    5.04669617E+02   -2.26320937E+05
   6.06779700E-04    5.03540749E+02   -2.24378975E+05
   6.11830952E-04    5.02412209E+02   -2.22455492E+05
   6.16924255E-04    5.01284001E+02   -2.20550310E+05
   6.22059957E-04    5.00156135E+02   -2.18663257E+05
   6.27238412E-04    4.99028612E+02   -2.16794158E+05
   6.32459977E-04    4.97901433E+02   -2.14942840E+05
   6.37725009E-04    4.96774593E+02   -2.13109128E+05
   6.43033871E-04    4.95648082E+02   -2.11292849E+05
   6.48386928E-04    4.94521888E+02   -2.09493829E+05
   6.53784547E-04    4.93395990E+02   -2.07711893E+05
   6.59227100E-04    4.92270366E+02   -2.05946867E+05
   6.64714960E-04    4.91144986E+02   -2.04198576E+05
   6.70248505E-04    4.90019829E+02   -2.02466851E+05
   6.75828116E-04    4.88894902E+02   -2.00751533E+05
   6.81454174E-04    4.87770210E+02   -1.99052467E+05
   6.87127068E-04    4.86645756E+02   -1.97369496E+05
   6.92847187E-04    4.85521540E+02   -1.95702464E+05
   6.98614924E-04    4.84397556E+02   -1.94051216E+05
   7.04430676E-04    4.83273795E+02   -1.92415594E+05
   7.10294842E-04    4.82150242E+02   -1.90795442E+05
   7.16207825E-04    4.81026877E+02   -1.89190603E+05
   7.22170032E-04    4.79903677E+02   -1.87600921E+05
   7.28181873E-04    4.78780612E+02   -1.86026238E+05
   7.34243760E-04    4.77657663E+02   -1.84466403E+05
   7.40356111E-04    4.76534834E+02   -1.82921273E+05
   7.46519345E-04    4.75412133E+02   -1.81390708E+05
   7.52733886E-04    4.74289561E+02   -1.79874569E+05
   7.59000161E-04    4.73167117E+02   -1.78372715E+05
   7.65318601E-04    4.72044794E+02   -1.76885006E+05
   7.71689640E-04    4.70922584E+02   -1.75411302E+05
   7.78113716E-04    4.69800470E+02   -1.73951461E+05
   7.84591271E-04    4.68678434E+02   -1.72505344E+05
   7.91122749E-04    4.67556451E+02   -1.71072808E+05
   7.97708599E-04    4.66434492E+02   -1.69653713E+05
   8.04349275E-04    4.65312537E+02   -1.68247921E+05
   8.11045232E-04    4.64190591E+02   -1.66855307E+05
   8.17796931E-04    4.63068661E+02   -1.65475744E+05
   8.24604836E-04    4.61946747E+02   -1.64109107E+05
   8.31469414E-04    4.60824848E+02   -1.62755270E+05
   8.38391138E-04    4.59702957E+02   -1.61414107E+05
   8.45370484E-04    4.58581064E+02   -1.60085492E+05
   8.52407930E-04    4.57459155E+02   -1.58769298E+05
   8.59503960E-04    4.56337209E+02   -1.57465400E+05
   8.66659063E-04    4.55215202E+02   -1.56173669E+05
   8.73873730E-04    4.54093105E+02   -1.54893980E+05
   8.81148457E-04    4.52970898E+02   -1.53626209E+05
   8.88483743E-04    4.51848585E+02   -1.52370243E+05
   8.95880094E-04    4.50726172E+02   -1.51125969E+05
   9.03338016E-04    4.49603660E+02   -1.49893274E+05
   9.10858024E-04    4.48481047E+02   -1.48672045E+05
   9.18440633E-04    4.47358326E+02   -1.47462170E+05
   9.26086366E-04    4.46235487E+02   -1.46263534E+05
   9.33795746E-04    4.45112515E+02   -1.45076026E+05
   9.41569305E-04    4.43989389E+02   -1.43899531E+05
   9.49407576E-04    4.42866086E+02   -1.42733935E+05
   9.57311099E-04    4.41742577E+02   -1.41579124E+05
   9.65280416E-04    4.40618841E+02   -1.40434987E+05
   9.73316075E-04    4.39494881E+02   -1.39301423E+05
   9.81418628E-04    4.38370704E+02   -1.38178331E+05
   9.89588632E-04    4.37246309E+02   -1.37065609E+05
   9.97826650E-04    4.36121694E+02   -1.35963156E+05
   1.00613325E-03    4.34996853E+02   -1.34870871E+05
   1.01450899E-03    4.33871775E+02   -1.33788653E+05
   1.02295446E-03    4.32746445E+02   -1.32716399E+05
   1.03147024E-03    4.31620843E+02   -1.31654008E+05
   1.04005691E-03    4.30494945E+02   -1.30601376E+05
   1.04871506E-03    4.29368723E+02   -1.29558402E+05
   1.05744529E-03    4.28242154E+02   -1.28524987E+05
   1.06624819E-03    4.27115243E+02   -1.27501037E+05
   1.07512437E-03    4.25987993E+02   -1.26486464E+05
   1.08407445E-03    4.24860405E+02   -1.25481176E+05
   1.09309903E-03    4.23732477E+02   -1.24485083E+05
   1.10219874E-03    4.22604202E+02   -1.23498094E+05
   1.11137420E-03    4.21475570E+02   -1.22520118E+05
   1.12062604E-03    4.20346564E+02   -1.21551063E+05
   1.12995491E-03    4.19217167E+02   -1.20590838E+05
   1.13936143E-03    4.18087354E+02   -1.19639351E+05
   1.14884626E-03    4.16957096E+02   -1.18696509E+05
   1.15841005E-03    4.15826371E+02   -1.17762223E+05
   1.16805345E-03    4.14695182E+02   -1.16836412E+05
   1.17777713E-03    4.13563532E+02   -1.15918993E+05
   1.18758176E-03    4.12431424E+02   -1.15009885E+05
   1.19746801E-03    4.11298852E+02   -1.14109008E+05
   1.20743656E-03    4.10165812E+02   -1.13216280E+05
   1.21748809E-03    4.09032292E+02   -1.12331619E+05
   1.22762330E-03    4.07898278E+02   -1.11454944E+05
   1.23784288E-03    4.06763751E+02   -1.10586171E+05
   1.24814754E-03    4.05628686E+02   -1.09725219E+05
   1.25853798E-03    4.04493056E+02   -1.08872004E+05
   1.26901491E-03    4.03356837E+02   -1.08026446E+05
   1.27957907E-03    4.02220032E+02   -1.07188471E+05
   1.29023116E-03    4.01082643E+02   -1.06358006E+05
   1.30097194E-03    3.99944673E+02   -1.05534979E+05
   1.31180212E-03    3.98806117E+02   -1.04719317E+05
   1.32272247E-03    3.97666970E+02   -1.03910947E+05
   1.33373372E-03    3.96527221E+02   -1.03109795E+05
   1.34483664E-03    3.95386856E+02   -1.02315789E+05
   1.35603198E-03    3.94245855E+02   -1.01528854E+05
   1.36732053E-03    3.93104197E+02   -1.00748915E+05
   1.37870305E-03    3.91961852E+02   -9.99758998E+04
   1.39018032E-03    3.90818797E+02   -9.92097339E+04
   1.40175314E-03    3.89675032E+02   -9.84503513E+04
   1.41342230E-03    3.88530561E+02   -9.76976872E+04
   1.42518860E-03    3.87385386E+02   -9.69516766E+04
   1.43705285E-03    3.86239503E+02   -9.62122542E+04
   1.44901586E-03    3.85092906E+02   -9.54793546E+04
   1.46107847E-03    3.83945585E+02   -9.47529121E+04
   1.47324149E-03    3.82797527E+02   -9.40328607E+04
   1.48550577E-03    3.81648713E+02   -9.33191343E+04
   1.49787214E-03    3.80499121E+02   -9.26116662E+04
   1.51034146E-03    3.79348724E+02   -9.19103896E+04
   1.52291458E-03    3.78197495E+02   -9.12152385E+04
   1.53559237E-03    3.77045434E+02   -9.05261531E+04
   1.54837570E-03    3.75892544E+02   -8.98430753E+04
   1.56126545E-03    3.74738829E+02   -8.91659471E+04
   1.57426250E-03    3.73584284E+02   -8.84947101E+04
   1.58736774E-03    3.72428904E+02   -8.78293057E+04
   1.60058208E-03    3.71272681E+02   -8.71696752E+04
   1.61390643E-03    3.70115601E+02   -8.65157593E+04
   1.62734170E-03    3.68957647E+02   -8.58674988E+04
   1.64088881E-03    3.67798798E+02   -8.52248339E+04
   1.65454870E-03    3.66639026E+02   -8.45877047E+04
   1.66832230E-03    3.65478306E+02   -8.39560513E+04
   1.68221057E-03    3.64316632E+02   -8.33298194E+04
   1.69621445E-03    3.63154009E+02   -8.27089571E+04
   1.71033490E-03    3.61990439E+02   -8.20934126E+04
   1.72457291E-03    3.60825921E+02   -8.14831338E+04
   1.73892944E-03    3.59660451E+02   -8.08780682E+04
   1.75340549E-03    3.58494019E+02   -8.02781632E+04
   1.76800204E-03    3.57326615E+02   -7.96833661E+04
   1.78272011E-03    3.56158221E+02   -7.90936236E+04
   1.79756070E-03    3.54988819E+02   -7.85088823E+04
   1.81252483E-03    3.53818384E+02   -7.79290883E+04
   1.82761354E-03    3.52646887E+02   -7.73541876E+04
   1.84282785E-03    3.51474319E+02   -7.67841304E+04
   1.85816882E-03    3.50300684E+02   -7.62188701E+04
   1.87363750E-03    3.49125985E+02   -7.56583607E+04
   1.88923494E-03    3.47950223E+02   -7.51025554E+04
   1.90496224E-03    3.46773394E+02   -7.45514075E+04
   1.92082045E-03    3.45595490E+02   -7.40048702E+04
   1.93681069E-03    3.44416503E+02   -7.34628961E+04
   1.95293403E-03    3.43236417E+02   -7.29254377E+04
   1.96919160E-03    3.42055214E+02   -7.23924471E+04
   1.98558451E-03    3.40872872E+02   -7.18638761E+04
   2.00211388E-03    3.39689364E+02   -7.13396763E+04
   2.01878085E-03    3.38504672E+02   -7.08198013E+04
   2.03558658E-03    3.37318801E+02   -7.03042097E+04
   2.05253220E-03    3.36131756E+02   -6.97928600E+04
   2.06961889E-03    3.34943538E+02   -6.92857109E+04
   2.08684783E-03    3.33754144E+02   -6.87827205E+04
   2.10422018E-03    3.32563570E+02   -6.82838470E+04
   2.12173716E-03    3.31371806E+02   -6.77890481E+04
   2.13939996E-03    3.30178841E+02   -6.72982814E+04
   2.15720980E-03    3.28984658E+02   -6.68115040E+04
   2.17516790E-03    3.27789236E+02   -6.63286728E+04
   2.19327550E-03    3.26592550E+02   -6.58497444E+04
   2.21153383E-03    3.25394580E+02   -6.53746762E+04
   2.22994416E-03    3.24195326E+02   -6.49034304E+04
   2.24850775E-03    3.22994795E+02   -6.44359704E+04
   2.26722588E-03    3.21792990E+02   -6.39722591E+04
   2.28609983E-03    3.20589910E+02   -6.35122594E+04
   2.30513090E-03    3.19385552E+02   -6.30559338E+04
   2.32432040E-03    3.18179909E+02   -6.26032446E+04
   2.34366964E-03    3.16972969E+02   -6.21541539E+04
   2.36317996E-03    3.15764720E+02   -6.17086235E+04
   2.38285270E-03    3.14555141E+02   -6.12666146E+04
   2.40268920E-03    3.13344213E+02   -6.08280885E+04
   2.42269084E-03    3.12131909E+02   -6.03930063E+04
   2.44285899E-03    3.10918229E+02   -5.99613333E+04
   2.46319503E-03    3.09703180E+02   -5.95330369E+04
   2.48370036E-03    3.08486765E+02   -5.91080841E+04
   2.50437639E-03    3.07268988E+02   -5.86864418E+04
   2.52522455E-03    3.06049846E+02   -5.82680767E+04
   2.54624626E-03    3.04829334E+02   -5.78529552E+04
   2.56744296E-03    3.03607444E+02   -5.74410435E+04
   2.58881613E-03    3.02384165E+02   -5.70323073E+04
   2.61036721E-03    3.01159480E+02   -5.66267122E+04
   2.63209771E-03    2.99933369E+02   -5.62242233E+04
   2.65400910E-03    2.98705811E+02   -5.58248057E+04
   2.67610290E-03    2.97476795E+02   -5.54284270E+04
   2.69838062E-03    2.96246332E+02   -5.50350580E+04
   2.72084380E-03    2.95014427E+02   -5.46446696E+04
   2.74349398E-03    2.93781084E+02   -5.42572322E+04
   2.76633271E-03    2.92546304E+02   -5.38727164E+04
   2.78936157E-03    2.91310084E+02   -5.34910921E+04
   2.81258214E-03    2.90072420E+02   -5.31123291E+04
   2.83599601E-03    2.88833302E+02   -5.27363971E+04
   2.85960479E-03    2.87592716E+02   -5.23632653E+04
   2.88341011E-03    2.86350647E+02   -5.19929024E+04
   2.90741360E-03    2.85107074E+02   -5.16252772E+04
   2.93161692E-03    2.83861982E+02   -5.12603595E+04
   2.95602171E-03    2.82615381E+02   -5.08981232E+04
   2.98062967E-03    2.81367279E+02   -5.05385423E+04
   3.00544249E-03    2.80117682E+02   -5.01815907E+04
   3.03046186E-03    2.78866595E+02   -4.98272420E+04
   3.05568951E-03    2.77614016E+02   -4.94754697E+04
   3.08112718E-03    2.76359945E+02   -4.91262468E+04
   3.10677660E-03    2.75104373E+02   -4.87795463E+04
   3.13263955E-03    2.73847292E+02   -4.84353407E+04
   3.15871780E-03    2.72588687E+02   -4.80936023E+04
   3.18501314E-03    2.71328542E+02   -4.77543029E+04
   3.21152738E-03    2.70066840E+02   -4.74174150E+04
   3.23826235E-03    2.68803587E+02   -4.70829145E+04
   3.26521987E-03    2.67538797E+02   -4.67507786E+04
   3.29240181E-03    2.66272477E+02   -4.64209842E+04
   3.31981003E-03    2.65004635E+02   -4.60935079E+04
   3.34744642E-03    2.63735274E+02   -4.57683262E+04
   3.37531287E-03    2.62464394E+02   -4.54454151E+04
   3.40341129E-03    2.61191993E+02   -4.51247507E+04
   3.43174363E-03    2.59918063E+02   -4.48063085E+04
   3.46031183E-03    2.58642597E+02   -4.44900639E+04
   3.48911785E-03    2.57365579E+02   -4.41759916E+04
   3.51816367E-03    2.56086994E+02   -4.38640667E+04
   3.54745129E-03    2.54806842E+02   -4.35542665E+04
   3.57698271E-03    2.53525138E+02   -4.32465708E+04
   3.60675998E-03    2.52241896E+02   -4.29409594E+04
   3.63678513E-03    2.50957125E+02   -4.26374115E+04
   3.66706024E-03    2.49670833E+02   -4.23359066E+04
   3.69758737E-03    2.48383024E+02   -4.20364234E+04
   3.72836864E-03    2.47093700E+02   -4.17389408E+04
   3.75940614E-03    2.45802859E+02   -4.14434372E+04
   3.79070203E-03    2.44510496E+02   -4.11498906E+04
   3.82225844E-03    2.43216601E+02   -4.08582788E+04
   3.85407755E-03    2.41921163E+02   -4.05685794E+04
   3.88616155E-03    2.40624175E+02   -4.02807709E+04
   3.91851264E-03    2.39325652E+02   -3.99948350E+04
   3.95113303E-03    2.38025611E+02   -3.97107540E+04
   3.98402498E-03    2.36724067E+02   -3.94285098E+04
   4.01719075E-03    2.35421031E+02   -3.91480841E+04
   4.05063261E-03    2.34116513E+02   -3.88694584E+04
   4.08435287E-03    2.32810517E+02   -3.85926140E+04
   4.11835384E-03    2.31503048E+02   -3.83175318E+04
   4.15263785E-03    2.30194103E+02   -3.80441924E+04
   4.18720727E-03    2.28883681E+02   -3.77725763E+04
   4.22206446E-03    2.27571772E+02   -3.75026635E+04
   4.25721183E-03    2.26258370E+02   -3.72344341E+04
   4.29265180E-03    2.24943488E+02   -3.69678714E+04
   4.32838679E-03    2.23627147E+02   -3.67029600E+04
   4.36441926E-03    2.22309367E+02   -3.64396839E+04
   4.40075169E-03    2.20990163E+02   -3.61780273E+04
   4.43738658E-03    2.19669550E+02   -3.59179739E+04
   4.47432644E-03    2.18347538E+02   -3.56595072E+04
   4.51157381E-03    2.17024136E+02   -3.54026105E+04
   4.54913126E-03    2.15699347E+02   -3.51472668E+04
   4.58700136E-03    2.14373173E+02   -3.48934588E+04
   4.62518672E-03    2.13045613E+02   -3.46411688E+04
   4.66368996E-03    2.11716660E+02   -3.43903790E+04
   4.70251373E-03    2.10386324E+02   -3.41410734E+04
   4.74166069E-03    2.09054630E+02   -3.38932385E+04
   4.78113354E-03    2.07721603E+02   -3.36468606E+04
   4.82093499E-03    2.06387263E+02   -3.34019258E+04
   4.86106777E-03    2.05051631E+02   -3.31584201E+04
   4.90153464E-03    2.03714724E+02   -3.29163292E+04
   4.94233839E-03    2.02376554E+02   -3.26756385E+04
   4.98348182E-03    2.01037133E+02   -3.24363332E+04
   5.02496776E-03    1.99696468E+02   -3.21983980E+04
   5.06679905E-03    1.98354564E+02   -3.19618177E+04
   5.10897857E-03    1.97011421E+02   -3.17265764E+04
   5.15150923E-03    1.95667042E+02   -3.14926588E+04
   5.19439394E-03    1.94321453E+02   -3.12600526E+04
   5.23763565E-03    1.92974685E+02   -3.10287461E+04
   5.28123734E-03    1.91626767E+02   -3.07987276E+04
   5.32520199E-03    1.90277723E+02   -3.05699849E+04
   5.36953264E-03    1.88927579E+02   -3.03425059E+04
   5.41423233E-03    1.87576354E+02   -3.01162780E+04
   5.45930413E-03    1.86224067E+02   -2.98912885E+04
   5.50475113E-03    1.84870732E+02   -2.96675243E+04
   5.55057647E-03    1.83516361E+02   -2.94449721E+04
   5.59678329E-03    1.82160964E+02   -2.92236182E+04
   5.64337477E-03    1.80804544E+02   -2.90034488E+04
   5.69035411E-03    1.79447119E+02   -2.87844514E+04
   5.73772453E-03    1.78088725E+02   -2.85666159E+04
   5.78548930E-03    1.76729395E+02   -2.83499325E+04
   5.83365170E-03    1.75369164E+02   -2.81343909E+04
   5.88221503E-03    1.74008063E+02   -2.79199807E+04
   5.93118264E-03    1.72646120E+02   -2.77066914E+04
   5.98055789E-03    1.71283360E+02   -2.74945122E+04
   6.03034417E-03    1.69919806E+02   -2.72834319E+04
   6.08054491E-03    1.68555478E+02   -2.70734390E+04
   6.13116355E-03    1.67190393E+02   -2.68645221E+04
   6.18220358E-03    1.65824564E+02   -2.66566689E+04
   6.23366850E-03    1.64458005E+02   -2.64498678E+04
   6.28556185E-03    1.63090752E+02   -2.62441097E+04
   6.33788720E-03    1.61722849E+02   -2.60393862E+04
   6.39064813E-03    1.60354335E+02   -2.58356889E+04
   6.44384829E-03    1.58985250E+02   -2.56330092E+04
   6.49749132E-03    1.57615628E+02   -2.54313382E+04
   6.55158091E-03    1.56245504E+02   -2.52306668E+04
   6.60612078E-03    1.54874909E+02   -2.50309856E+04
   6.66111468E-03    1.53503869E+02   -2.48322849E+04
   6.71656639E-03    1.52132411E+02   -2.46345549E+04
   6.77247971E-03    1.50760555E+02   -2.44377853E+04
   6.82885849E-03    1.49388321E+02   -2.42419656E+04
   6.88570662E-03    1.48015734E+02   -2.40470864E+04
   6.94302798E-03    1.46642845E+02   -2.38531408E+04
   7.00082652E-03    1.45269705E+02   -2.36601223E+04
   7.05910623E-03    1.43896362E+02   -2.34680240E+04
   7.11787109E-03    1.42522862E+02   -2.32768389E+04
   7.17712515E-03    1.41149249E+02   -2.30865597E+04
   7.23687248E-03    1.39775566E+02   -2.28971791E+04
   7.29711719E-03    1.38401851E+02   -2.27086892E+04
   7.35786342E-03    1.37028140E+02   -2.25210822E+04
   7.41911534E-03    1.35654467E+02   -2.23343497E+04
   7.48087716E-03    1.34280861E+02   -2.21484832E+04
   7.54315314E-03    1.32907350E+02   -2.19634738E+04
   7.60594754E-03    1.31533968E+02   -2.17793136E+04
   7.66926468E-03    1.30160769E+02   -2.15959970E+04
   7.73310892E-03    1.28787810E+02   -2.14135185E+04
   7.79748465E-03    1.27415145E+02   -2.12318724E+04
   7.86239628E-03    1.26042823E+02   -2.10510529E+04
   7.92784828E-03    1.24670896E+02   -2.08710537E+04
   7.99384515E-03    1.23299408E+02   -2.06918687E+04
   8.06039142E-03    1.21928404E+02   -2.05134910E+04
   8.12749167E-03    1.20557923E+02   -2.03359139E+04
   8.19515051E-03    1.19188004E+02   -2.01591301E+04
   8.26337258E-03    1.17818696E+02   -1.99831337E+04
   8.33216259E-03    1.16450062E+02   -1.98079205E+04
   8.40152524E-03    1.15082163E+02   -1.96334861E+04
   8.47146533E-03    1.13715062E+02   -1.94598259E+04
   8.54198764E-03    1.12348814E+02   -1.92869350E+04
   8.61309702E-03    1.10983477E+02   -1.91148086E+04
   8.68479837E-03    1.09619101E+02   -1.89434412E+04
   8.75709662E-03    1.08255737E+02   -1.87728273E+04
   8.82999672E-03    1.06893432E+02   -1.86029611E+04
   8.90350369E-03    1.05532230E+02   -1.84338364E+04
   8.97762259E-03    1.04172179E+02   -1.82654476E+04
   9.05235850E-03    1.02813348E+02   -1.80977916E+04
   9.12771657E-03    1.01455810E+02   -1.79308651E+04
   9.20370196E-03    1.00099632E+02   -1.77646649E+04
   9.28031992E-03    9.87448825E+01   -1.75991875E+04
   9.35757569E-03    9.73916252E+01   -1.74344291E+04
   9.43547460E-03    9.60399222E+01   -1.72703857E+04
   9.51402198E-03    9.46898323E+01   -1.71070531E+04
   9.59322325E-03    9.33414116E+01   -1.69444268E+04
   9.67308385E-03    9.19947131E+01   -1.67825019E+04
   9.75360926E-03    9.06497914E+01   -1.66212738E+04
   9.83480502E-03    8.93067217E+01   -1.64607401E+04
   9.91667671E-03    8.79655831E+01   -1.63008988E+04
   9.99922996E-03    8.66264527E+01   -1.61417477E+04
   1.00824704E-02    8.52894053E+01   -1.59832843E+04
   1.01664039E-02    8.39545130E+01   -1.58255061E+04
   1.02510360E-02    8.26218455E+01   -1.56684100E+04
   1.03363727E-02    8.12914695E+01   -1.55119930E+04
   1.04224198E-02    7.99634486E+01   -1.53562516E+04
   1.05091832E-02    7.86378434E+01   -1.52011820E+04
   1.05966688E-02    7.73147125E+01   -1.50467803E+04
   1.06848828E-02    7.59941333E+01   -1.48930446E+04
   1.07738311E-02    7.46761957E+01   -1.47399743E+04
   1.08635199E-02    7.33609882E+01   -1.45875684E+04
   1.09539553E-02    7.20485969E+01   -1.44358259E+04
   1.10451436E-02    7.07391053E+01   -1.42847456E+04
   1.11370910E-02    6.94325947E+01   -1.41343260E+04
   1.12298038E-02    6.81291435E+01   -1.39845654E+04
   1.13232884E-02    6.68288270E+01   -1.38354617E+04
   1.14175513E-02    6.55317175E+01   -1.36870126E+04
   1.15125988E-02    6.42378840E+01   -1.35392156E+04
   1.16084376E-02    6.29473920E+01   -1.33920678E+04
   1.17050743E-02    6.16603172E+01   -1.32455672E+04
   1.18025154E-02    6.03767558E+01   -1.30997141E+04
   1.19007676E-02    5.90968040E+01   -1.29545086E+04
   1.19998378E-02    5.78205557E+01   -1.28099508E+04
   1.20997327E-02    5.65481021E+01   -1.26660403E+04
   1.22004592E-02    5.52795317E+01   -1.25227767E+04
   1.23020243E-02    5.40149302E+01   -1.23801593E+04
   1.24044348E-02    5.27543800E+01   -1.22381869E+04
   1.25076978E-02    5.14979601E+01   -1.20968583E+04
   1.26118205E-02    5.02457460E+01   -1.19561718E+04
   1.27168100E-02    4.89978149E+01   -1.18161260E+04
   1.28226735E-02    4.77542671E+01   -1.16767216E+04
   1.29294183E-02    4.65152088E+01   -1.15379601E+04
   1.30370516E-02    4.52807434E+01   -1.13998425E+04
   1.31455810E-02    4.40509720E+01   -1.12623698E+04
   1.32550139E-02    4.28259928E+01   -1.11255426E+04
   1.33653578E-02    4.16059009E+01   -1.09893614E+04
   1.34766202E-02    4.03907882E+01   -1.08538262E+04
   1.35888089E-02    3.91807433E+01   -1.07189371E+04
   1.37019315E-02    3.79758510E+01   -1.05846934E+04
   1.38159958E-02    3.67761923E+01   -1.04510944E+04
   1.39310097E-02    3.55818482E+01   -1.03181393E+04
   1.40469810E-02    3.43929219E+01   -1.01858295E+04
   1.41639177E-02    3.32095240E+01   -1.00541671E+04
   1.42818279E-02    3.20317620E+01   -9.92315374E+03
   1.44007197E-02    3.08597405E+01   -9.79279114E+03
   1.45206012E-02    2.96935609E+01   -9.66308053E+03
   1.46414807E-02    2.85333211E+01   -9.53402292E+03
   1.47633664E-02    2.73791154E+01   -9.40561902E+03
   1.48862669E-02    2.62310340E+01   -9.27786922E+03
   1.50101904E-02    2.50891672E+01   -9.15077392E+03
   1.51351456E-02    2.39536237E+01   -9.02433526E+03
   1.52611409E-02    2.28245169E+01   -8.89855581E+03
   1.53881852E-02    2.17019570E+01   -8.77343790E+03
   1.55162870E-02    2.05860510E+01   -8.64898359E+03
   1.56454553E-02    1.94769021E+01   -8.52519464E+03
   1.57756988E-02    1.83746096E+01   -8.40207252E+03
   1.59070266E-02    1.72792687E+01   -8.27961835E+03
   1.60394477E-02    1.61909705E+01   -8.15783293E+03
   1.61729711E-02    1.51098115E+01   -8.03671760E+03
   1.63076060E-02    1.40359058E+01   -7.91627530E+03
   1.64433618E-02    1.29693666E+01   -7.79650890E+03
   1.65802476E-02    1.19103032E+01   -7.67742101E+03
   1.67182730E-02    1.08588212E+01   -7.55901393E+03
   1.68574474E-02    9.81502183E+00   -7.44128962E+03
   1.69977804E-02    8.77900202E+00   -7.32424973E+03
   1.71392817E-02    7.75085386E+00   -7.20789554E+03
   1.72819609E-02    6.73067450E+00   -7.09222880E+03
   1.74258278E-02    5.71858244E+00   -6.97725315E+03
   1.75708924E-02    4.71469664E+00   -6.86297232E+03
   1.77171646E-02    3.71913224E+00   -6.74938976E+03
   1.78646545E-02    2.73200028E+00   -6.63650861E+03
   1.80133722E-02    1.75340746E+00   -6.52433169E+03
   1.81633279E-02    7.83455870E-01   -6.41286149E+03
   1.83145319E-02   -1.77757328E-01   -6.30210011E+03
   1.84669947E-02   -1.13014016E+00   -6.19204930E+03
   1.86207267E-02   -2.07360615E+00   -6.08271039E+03
   1.87757384E-02   -3.00806355E+00   -5.97408522E+03
   1.89320406E-02   -3.93339538E+00   -5.86617779E+03
   1.90896440E-02   -4.84948371E+00   -5.75899224E+03
   1.92485593E-02   -5.75621498E+00   -5.65253242E+03
   1.94087976E-02   -6.65348029E+00   -5.54680183E+03
   1.95703698E-02   -7.54117570E+00   -5.44180362E+03
   1.97332870E-02   -8.41920248E+00   -5.33754058E+03
   1.98975605E-02   -9.28746749E+00   -5.23401509E+03
   2.00632015E-02   -1.01458834E+01   -5.13122914E+03
   2.02302214E-02   -1.09943644E+01   -5.02918466E+03
   2.03986317E-02   -1.18328020E+01   -4.92788547E+03
   2.05684439E-02   -1.26610826E+01   -4.82733590E+03
   2.07396698E-02   -1.34790974E+01   -4.72753994E+03
   2.09123211E-02   -1.42867432E+01   -4.62850121E+03
   2.10864097E-02   -1.50839219E+01   -4.53022294E+03
   2.12619474E-02   -1.58705419E+01   -4.43270799E+03
   2.14389465E-02   -1.66465175E+01   -4.33595874E+03
   2.16174191E-02   -1.74117696E+01   -4.23997717E+03
   2.17973774E-02   -1.81662112E+01   -4.14476594E+03
   2.19788338E-02   -1.89097352E+01   -4.05032939E+03
   2.21618007E-02   -1.96422374E+01   -3.95667171E+03
   2.23462908E-02   -2.03636193E+01   -3.86379671E+03
   2.25323167E-02   -2.10737886E+01   -3.77170778E+03
   2.27198912E-02   -2.17726594E+01   -3.68040790E+03
   2.29090272E-02   -2.24601529E+01   -3.58989957E+03
   2.30997378E-02   -2.31361971E+01   -3.50018484E+03
   2.32920359E-02   -2.38007137E+01   -3.41126633E+03
   2.34859348E-02   -2.44536052E+01   -3.32314826E+03
   2.36814479E-02   -2.50947772E+01   -3.23583464E+03
   2.38785886E-02   -2.57241419E+01   -3.14932911E+03
   2.40773704E-02   -2.63416186E+01   -3.06363481E+03
   2.42778070E-02   -2.69471335E+01   -2.97875446E+03
   2.44799122E-02   -2.75406209E+01   -2.89469024E+03
   2.46836999E-02   -2.81220198E+01   -2.81144406E+03
   2.48891840E-02   -2.86912507E+01   -2.72901933E+03
   2.50963787E-02   -2.92482270E+01   -2.64742010E+03
   2.53052982E-02   -2.97928689E+01   -2.56664997E+03
   2.55159569E-02   -3.03251041E+01   -2.48671209E+03
   2.57283693E-02   -3.08448681E+01   -2.40760910E+03
   2.59425500E-02   -3.13521046E+01   -2.32934313E+03
   2.61585137E-02   -3.18467641E+01   -2.25191589E+03
   2.63762751E-02   -3.23287831E+01   -2.17533022E+03
   2.65958494E-02   -3.27980916E+01   -2.09958958E+03
   2.68172516E-02   -3.32546268E+01   -2.02469696E+03
   2.70404969E-02   -3.36983347E+01   -1.95065480E+03
   2.72656006E-02   -3.41291687E+01   -1.87746511E+03
   2.74925782E-02   -3.45470764E+01   -1.80513039E+03
   2.77214454E-02   -3.49520038E+01   -1.73365340E+03
   2.79522178E-02   -3.53439053E+01   -1.66303637E+03
   2.81849113E-02   -3.57227429E+01   -1.59328106E+03
   2.84195419E-02   -3.60884709E+01   -1.52438991E+03
   2.86561257E-02   -3.64410425E+01   -1.45636554E+03
   2.88946790E-02   -3.67804199E+01   -1.38921002E+03
   2.91352182E-02   -3.71065748E+01   -1.32292484E+03
   2.93777599E-02   -3.74194818E+01   -1.25751137E+03
   2.96223206E-02   -3.77191032E+01   -1.19297200E+03
   2.98689172E-02   -3.80054064E+01   -1.12930882E+03
   3.01175666E-02   -3.82783685E+01   -1.06652336E+03
   3.03682860E-02   -3.85379759E+01   -1.00461660E+03
   3.06210925E-02   -3.87842094E+01   -9.43589993E+02
   3.08760035E-02   -3.90170459E+01   -8.83445397E+02
   3.11330367E-02   -3.92364719E+01   -8.24184097E+02
   3.13922095E-02   -3.94424843E+01   -7.65806744E+02
   3.16535399E-02   -3.96350808E+01   -7.08314045E+02
   3.19170457E-02   -3.98142461E+01   -6.51707720E+02
   3.21827452E-02   -3.99799720E+01   -5.95989116E+02
   3.24506565E-02   -4.01322605E+01   -5.41158948E+02
   3.27207981E-02   -4.02711250E+01   -4.87217263E+02
   3.29931886E-02   -4.03965826E+01   -4.34163944E+02
   3.32678466E-02   -4.05086374E+01   -3.81999912E+02
   3.35447911E-02   -4.06072988E+01   -3.30725799E+02
   3.38240410E-02   -4.06925878E+01   -2.80341563E+02
   3.41056156E-02   -4.07645315E+01   -2.30846835E+02
   3.43895343E-02   -4.08231470E+01   -1.82242057E+02
   3.46758164E-02   -4.08684566E+01   -1.34527397E+02
   3.49644818E-02   -4.09004947E+01   -8.77023305E+01
   3.52555502E-02   -4.09193041E+01   -4.17658381E+01
   3.55490417E-02   -4.09249208E+01    3.28251266E+00
   3.58449764E-02   -4.09173858E+01    4.74433899E+01
   3.61433747E-02   -4.08967452E+01    9.07177033E+01
   3.64442570E-02   -4.08630418E+01    1.33106036E+02
   3.67476441E-02   -4.08163286E+01    1.74609553E+02
   3.70535568E-02   -4.07566694E+01    2.15230042E+02
   3.73620161E-02   -4.06841215E+01    2.54968766E+02
   3.76730433E-02   -4.05987437E+01    2.93826967E+02
   3.79866596E-02   -4.05006072E+01    3.31806613E+02
   3.83028867E-02   -4.03897857E+01    3.68909755E+02
   3.86217463E-02   -4.02663478E+01    4.05137991E+02
   3.89432603E-02   -4.01303732E+01    4.40493558E+02
   3.92674509E-02   -3.99819500E+01    4.74979160E+02
   3.95943402E-02   -3.98211592E+01    5.08596924E+02
   3.99239507E-02   -3.96480892E+01    5.41349375E+02
   4.02563052E-02   -3.94628398E+01    5.73239691E+02
   4.05914264E-02   -3.92655057E+01    6.04270614E+02
   4.09293374E-02   -3.90561848E+01    6.34445019E+02
   4.12700613E-02   -3.88349878E+01    6.63766511E+02
   4.16136218E-02   -3.86020230E+01    6.92238453E+02
   4.19600422E-02   -3.83574000E+01    7.19864201E+02
   4.23093465E-02   -3.81012410E+01    7.46647851E+02
   4.26615586E-02   -3.78336657E+01    7.72593238E+02
   4.30167028E-02   -3.75547925E+01    7.97704024E+02
   4.33748035E-02   -3.72647529E+01    8.21984657E+02
   4.37358852E-02   -3.69636864E+01    8.45439999E+02
   4.40999728E-02   -3.66517223E+01    8.68074173E+02
   4.44670914E-02   -3.63289982E+01    8.89891769E+02
   4.48372661E-02   -3.59956650E+01    9.10898143E+02
   4.52105223E-02   -3.56518689E+01    9.31098275E+02
   4.55868859E-02   -3.52977552E+01    9.50497018E+02
   4.59663825E-02   -3.49334834E+01    9.69100048E+02
   4.63490383E-02   -3.45592159E+01    9.86913186E+02
   4.67348796E-02   -3.41751088E+01    1.00394173E+03
   4.71239329E-02   -3.37813294E+01    1.02019167E+03
   4.75162250E-02   -3.33780541E+01    1.03566949E+03
   4.79117828E-02   -3.29654492E+01    1.05038098E+03
   4.83106335E-02   -3.25436897E+01    1.06433239E+03
   4.87128044E-02   -3.21129636E+01    1.07753077E+03
   4.91183234E-02   -3.16734532E+01    1.08998275E+03
   4.95272181E-02   -3.12253404E+01    1.10169484E+03
   4.99395168E-02   -3.07688207E+01    1.11267440E+03
   5.03552477E-02   -3.03040911E+01    1.12292883E+03
   5.07744395E-02   -2.98313415E+01    1.13246500E+03
   5.11971209E-02   -2.93507742E+01    1.14129053E+03
   5.16233209E-02   -2.88626007E+01    1.14941362E+03
   5.20530690E-02   -2.83670212E+01    1.15684165E+03
   5.24863946E-02   -2.78642419E+01    1.16358237E+03
   5.29233275E-02   -2.73544833E+01    1.16964440E+03
   5.33638977E-02   -2.68379657E+01    1.17503632E+03
   5.38081356E-02   -2.63148965E+01    1.17976583E+03
   5.42560715E-02   -2.57854937E+01    1.18384126E+03
   5.47077364E-02   -2.52499895E+01    1.18727189E+03
   5.51631613E-02   -2.47086199E+01    1.19006716E+03
   5.56223774E-02   -2.41616032E+01    1.19223537E+03
   5.60854164E-02   -2.36091655E+01    1.19378527E+03
   5.65523100E-02   -2.30515464E+01    1.19472651E+03
   5.70230904E-02   -2.24889926E+01    1.19506915E+03
   5.74977899E-02   -2.19217332E+01    1.19482212E+03
   5.79764411E-02   -2.13500026E+01    1.19399465E+03
   5.84590769E-02   -2.07740487E+01    1.19259688E+03
   5.89457305E-02   -2.01941265E+01    1.19063939E+03
   5.94364354E-02   -1.96104731E+01    1.18813159E+03
   5.99312252E-02   -1.90233285E+01    1.18508308E+03
   6.04301340E-02   -1.84329458E+01    1.18150435E+03
   6.09331960E-02   -1.78395896E+01    1.17740662E+03
   6.14404459E-02   -1.72435093E+01    1.17280016E+03
   6.19519185E-02   -1.66449444E+01    1.16769457E+03
   6.24676489E-02   -1.60441460E+01    1.16210025E+03
   6.29876726E-02   -1.54413775E+01    1.15602845E+03
   6.35120254E-02   -1.48369115E+01    1.14949107E+03
   6.40407432E-02   -1.42309983E+01    1.14249854E+03
   6.45738625E-02   -1.36238810E+01    1.13506083E+03
   6.51114198E-02   -1.30158137E+01    1.12718869E+03
   6.56534521E-02   -1.24070620E+01    1.11889373E+03
   6.61999966E-02   -1.17979006E+01    1.11018821E+03
   6.67510910E-02   -1.11885843E+01    1.10108307E+03
   6.73067730E-02   -1.05793586E+01    1.09158871E+03
   6.78670809E-02   -9.97047946E+00    1.08171625E+03
   6.84320533E-02   -9.36221314E+00    1.07147767E+03
   6.90017288E-02   -8.75483169E+00    1.06088537E+03
   6.95761467E-02   -8.14858273E+00    1.04995013E+03
   7.01553465E-02   -7.54370899E+00    1.03868249E+03
   7.07393679E-02   -6.94046235E+00    1.02709370E+03
   7.13282511E-02   -6.33910415E+00    1.01519579E+03
   7.19220366E-02   -5.73990446E+00    1.00300151E+03
   7.25207651E-02   -5.14311700E+00    9.90522543E+02
   7.31244779E-02   -4.54897629E+00    9.77769287E+02
   7.37332164E-02   -3.95772330E+00    9.64752738E+02
   7.43470225E-02   -3.36960699E+00    9.51484599E+02
   7.49659383E-02   -2.78488450E+00    9.37977308E+02
   7.55900064E-02   -2.20380952E+00    9.24243174E+02
   7.62192697E-02   -1.62661031E+00    9.10292747E+02
   7.68537713E-02   -1.05351583E+00    8.96136784E+02
   7.74935551E-02   -4.84761567E-01    8.81786696E+02
   7.81386648E-02    7.94103899E-02    8.67254569E+02
   7.87891448E-02    6.38758377E-01    8.52552622E+02
   7.94450399E-02    1.19306422E+00    8.37691413E+02
   8.01063951E-02    1.74211229E+00    8.22681493E+02
   8.07732559E-02    2.28568196E+00    8.07534011E+02
   8.14456681E-02    2.82354752E+00    7.92260738E+02
   8.21236780E-02    3.35548607E+00    7.76873419E+02
   8.28073320E-02    3.88129598E+00    7.61382261E+02
   8.34966773E-02    4.40077727E+00    7.45797573E+02
   8.41917611E-02    4.91372651E+00    7.30130210E+02
   8.48926313E-02    5.41993689E+00    7.14391579E+02
   8.55993360E-02    5.91920900E+00    6.98592687E+02
   8.63119238E-02    6.41136133E+00    6.82743236E+02
   8.70304437E-02    6.89621273E+00    6.66853194E+02
   8.77549451E-02    7.37358014E+00    6.50933020E+02
   8.84854777E-02    7.84327936E+00    6.34993609E+02
   8.92220917E-02    8.30513846E+00    6.19044985E+02
   8.99648378E-02    8.75899804E+00    6.03096309E+02
   9.07137671E-02    9.20469889E+00    5.87157102E+02
   9.14689310E-02    9.64208157E+00    5.71237313E+02
   9.22303813E-02    1.00709896E+01    5.55346987E+02
   9.29981705E-02    1.04912810E+01    5.39495024E+02
   9.37723513E-02    1.09028185E+01    5.23690244E+02
   9.45529770E-02    1.13054664E+01    5.07941833E+02
   9.53401011E-02    1.16990930E+01    4.92258974E+02
   9.61337777E-02    1.20835784E+01    4.76649914E+02
   9.69340615E-02    1.24588071E+01    4.61122929E+02
   9.77410074E-02    1.28246663E+01    4.45686605E+02
   9.85546708E-02    1.31810489E+01    4.30349377E+02
   9.93751078E-02    1.35278584E+01    4.15118752E+02
   1.00202375E-01    1.38650034E+01    4.00002291E+02
   1.01036528E-01    1.41923965E+01    3.85007806E+02
   1.01877626E-01    1.45099559E+01    3.70142989E+02
   1.02725725E-01    1.48176092E+01    3.55414600E+02
   1.03580885E-01    1.51152900E+01    3.40829367E+02
   1.04443164E-01    1.54029371E+01    3.26394203E+02
   1.05312620E-01    1.56804956E+01    3.12115965E+02
   1.06189315E-01    1.59479179E+01    2.98000765E+02
   1.07073308E-01    1.62051631E+01    2.84054644E+02
   1.07964660E-01    1.64521967E+01    2.70283625E+02
   1.08863432E-01    1.66889905E+01    2.56693243E+02
   1.09769686E-01    1.69155233E+01    2.43288984E+02
   1.10683485E-01    1.71317804E+01    2.30076168E+02
   1.11604890E-01    1.73377535E+01    2.17059712E+02
   1.12533966E-01    1.75334415E+01    2.04244468E+02
   1.13470777E-01    1.77188489E+01    1.91634930E+02
   1.14415386E-01    1.78939879E+01    1.79235468E+02
   1.15367858E-01    1.80588765E+01    1.67050177E+02
   1.16328259E-01    1.82135394E+01    1.55082907E+02
   1.17296656E-01    1.83580081E+01    1.43337338E+02
   1.18273114E-01    1.84923201E+01    1.31816859E+02
   1.19257701E-01    1.86165197E+01    1.20524667E+02
   1.20250484E-01    1.87306572E+01    1.09463705E+02
   1.21251532E-01    1.88347893E+01    9.86367104E+01
   1.22260913E-01    1.89289790E+01    8.80461688E+01
   1.23278697E-01    1.90132955E+01    7.76943604E+01
   1.24304954E-01    1.90878137E+01    6.75833174E+01
   1.25339754E-01    1.91526149E+01    5.77148645E+01
   1.26383169E-01    1.92077862E+01    4.80905890E+01
   1.27435269E-01    1.92534204E+01    3.87118633E+01
   1.28496128E-01    1.92896155E+01    2.95798297E+01
   1.29565818E-01    1.93164764E+01    2.06954255E+01
   1.30644413E-01    1.93341121E+01    1.20593590E+01
   1.31731987E-01    1.93426378E+01    3.67212905E+00
   1.32828615E-01    1.93421736E+01   -4.46597843E+00
   1.33934372E-01    1.93328447E+01   -1.23548865E+01
   1.35049334E-01    1.93147815E+01   -1.99947249E+01
   1.36173578E-01    1.92881188E+01   -2.73858256E+01
   1.37307180E-01    1.92529965E+01   -3.45287210E+01
   1.38450220E-01    1.92095590E+01   -4.14241404E+01
   1.39602775E-01    1.91579550E+01   -4.80730066E+01
   1.40764924E-01    1.90983371E+01   -5.44764253E+01
   1.41936749E-01    1.90308629E+01   -6.06356994E+01
   1.43118328E-01    1.89556927E+01   -6.65522972E+01
   1.44309743E-01    1.88729918E+01   -7.22278783E+01
   1.45511077E-01    1.87829286E+01   -7.76642721E+01
   1.46722411E-01    1.86856740E+01   -8.28634600E+01
   1.47943830E-01    1.85814031E+01   -8.78276023E+01
   1.49175416E-01    1.84702944E+01   -9.25590192E+01
   1.50417255E-01    1.83525294E+01   -9.70601920E+01
   1.51669432E-01    1.82282899E+01   -1.01333710E+02
   1.52932033E-01    1.80977622E+01   -1.05382337E+02
   1.54205144E-01    1.79611362E+01   -1.09208995E+02
   1.55488854E-01    1.78186017E+01   -1.12816710E+02
   1.56783250E-01    1.76703507E+01   -1.16208629E+02
   1.58088422E-01    1.75165780E+01   -1.19388049E+02
   1.59404459E-01    1.73574789E+01   -1.22358361E+02
   1.60731451E-01    1.71932508E+01   -1.25123078E+02
   1.62069491E-01    1.70240920E+01   -1.27685821E+02
   1.63418669E-01    1.68502019E+01   -1.30050309E+02
   1.64779078E-01    1.66717806E+01   -1.32220355E+02
   1.66150813E-01    1.64890277E+01   -1.34199838E+02
   1.67533967E-01    1.63021463E+01   -1.35992789E+02
   1.68928635E-01    1.61113353E+01   -1.37603216E+02
   1.70334913E-01    1.59167985E+01   -1.39035312E+02
   1.71752898E-01    1.57187345E+01   -1.40293221E+02
   1.73182687E-01    1.55173467E+01   -1.41381269E+02
   1.74624379E-01    1.53128324E+01   -1.42303703E+02
   1.76078073E-01    1.51053933E+01   -1.43064944E+02
   1.77543868E-01    1.48952268E+01   -1.43669377E+02
   1.79021865E-01    1.46825310E+01   -1.44121466E+02
   1.80512167E-01    1.44675021E+01   -1.44425697E+02
   1.82014874E-01    1.42503328E+01   -1.44586523E+02
   1.83530091E-01    1.40312198E+01   -1.44608575E+02
   1.85057922E-01    1.38103508E+01   -1.44496305E+02
   1.86598472E-01    1.35879175E+01   -1.44254335E+02
   1.88151846E-01    1.33641062E+01   -1.43887206E+02
   1.89718152E-01    1.31391019E+01   -1.43399489E+02
   1.91297496E-01    1.29130884E+01   -1.42795782E+02
   1.92889988E-01    1.26862418E+01   -1.42080529E+02
   1.94495737E-01    1.24587431E+01   -1.41258382E+02
   1.96114854E-01    1.22307652E+01   -1.40333820E+02
   1.97747449E-01    1.20024800E+01   -1.39311356E+02
   1.99393635E-01    1.17740551E+01   -1.38195444E+02
   2.01053525E-01    1.15456546E+01   -1.36990501E+02
   2.02727233E-01    1.13174418E+01   -1.35700975E+02
   2.04414874E-01    1.10895738E+01   -1.34331198E+02
   2.06116564E-01    1.08622052E+01   -1.32885493E+02
   2.07832420E-01    1.06354862E+01   -1.31368107E+02
   2.09562560E-01    1.04095646E+01   -1.29783281E+02
   2.11307103E-01    1.01845826E+01   -1.28135143E+02
   2.13066169E-01    9.96067992E+00   -1.26427812E+02
   2.14839879E-01    9.73799114E+00   -1.24665308E+02
   2.16628354E-01    9.51664733E+00   -1.22851604E+02
   2.18431717E-01    9.29677437E+00   -1.20990568E+02
   2.20250094E-01    9.07849568E+00   -1.19086059E+02
   2.22083607E-01    8.86192901E+00   -1.17141813E+02
   2.23932384E-01    8.64718768E+00   -1.15161485E+02
   2.25796551E-01    8.43438175E+00   -1.13148691E+02
   2.27676237E-01    8.22361516E+00   -1.11106901E+02
   2.29571571E-01    8.01498812E+00   -1.09039527E+02
   2.31482683E-01    7.80859769E+00   -1.06949945E+02
   2.33409704E-01    7.60453457E+00   -1.04841371E+02
   2.35352767E-01    7.40288570E+00   -1.02716961E+02
   2.37312006E-01    7.20373326E+00   -1.00579766E+02
   2.39287554E-01    7.00715536E+00   -9.84327633E+01
   2.41279549E-01    6.81322535E+00   -9.62788273E+01
   2.43288126E-01    6.62201181E+00   -9.41207202E+01
   2.45313424E-01    6.43357907E+00   -9.19611216E+01
   2.47355581E-01    6.24798741E+00   -8.98026283E+01
   2.49414740E-01    6.06529220E+00   -8.76477214E+01
   2.51491040E-01    5.88554448E+00   -8.54987813E+01
   2.53584624E-01    5.70879107E+00   -8.33581002E+01
   2.55695637E-01    5.53507465E+00   -8.12278753E+01
   2.57824224E-01    5.36443345E+00   -7.91101990E+01
   2.59970530E-01    5.19690160E+00   -7.70070670E+01
   2.62134704E-01    5.03250916E+00   -7.49203836E+01
   2.64316894E-01    4.87128212E+00   -7.28519497E+01
   2.66517250E-01    4.71324251E+00   -7.08034772E+01
   2.68735923E-01    4.55840848E+00   -6.87765794E+01
   2.70973066E-01    4.40679440E+00   -6.67727841E+01
   2.73228832E-01    4.25841083E+00   -6.47935101E+01
   2.75503377E-01    4.11326470E+00   -6.28400978E+01
   2.77796857E-01    3.97135952E+00   -6.09138008E+01
   2.80109429E-01    3.83269520E+00   -5.90157733E+01
   2.82441253E-01    3.69726836E+00   -5.71470896E+01
   2.84792488E-01    3.56507228E+00   -5.53087405E+01
   2.87163297E-01    3.43609723E+00   -5.35016229E+01
   2.89553842E-01    3.31033029E+00   -5.17265559E+01
   2.91964288E-01    3.18775561E+00   -4.99842926E+01
   2.94394799E-01    3.06835455E+00   -4.82754871E+01
   2.96845545E-01    2.95210566E+00   -4.66007322E+01
   2.99316691E-01    2.83898501E+00   -4.49605361E+01
   3.01808410E-01    2.72896596E+00   -4.33553442E+01
   3.04320871E-01    2.62201936E+00   -4.17855303E+01
   3.06854247E-01    2.51811442E+00   -4.02513907E+01
   3.09408713E-01    2.41721770E+00   -3.87531634E+01
   3.11984444E-01    2.31929336E+00   -3.72910318E+01
   3.14581618E-01    2.22430400E+00   -3.58651074E+01
   3.17200412E-01    2.13221078E+00   -3.44754420E+01
   3.19841006E-01    2.04297247E+00   -3.31220364E+01
   3.22503583E-01    1.95654643E+00   -3.18048386E+01
   3.25188325E-01    1.87288900E+00   -3.05237401E+01
   3.27895417E-01    1.79195425E+00   -2.92785871E+01
   3.30625044E-01    1.71369529E+00   -2.80691765E+01
   3.33377394E-01    1.63806490E+00   -2.68952627E+01
   3.36152657E-01    1.56501423E+00   -2.57565572E+01
   3.38951023E-01    1.49449263E+00   -2.46527309E+01
   3.41772685E-01    1.42644947E+00   -2.35834172E+01
   3.44617836E-01    1.36083387E+00   -2.25482178E+01
   3.47486673E-01    1.29759336E+00   -2.15466967E+01
   3.50379391E-01    1.23667513E+00   -2.05783900E+01
   3.53296190E-01    1.17802655E+00   -1.96428073E+01
   3.56237271E-01    1.12159359E+00   -1.87394261E+01
   3.59202835E-01    1.06732246E+00   -1.78677023E+01
   3.62193087E-01    1.01515970E+00   -1.70270749E+01
   3.65208232E-01    9.65051573E-01   -1.62169612E+01
   3.68248477E-01    9.16943194E-01   -1.54367513E+01
   3.71314030E-01    8.70780620E-01   -1.46858258E+01
   3.74405104E-01    8.26510809E-01   -1.39635596E+01
   3.77521910E-01    7.84080042E-01   -1.32693063E+01
   3.80664662E-01    7.43434386E-01   -1.26024046E+01
   3.83833577E-01    7.04520740E-01   -1.19621880E+01
   3.87028872E-01    6.67287473E-01   -1.13479957E+01
   3.90250767E-01    6.31682464E-01   -1.07591505E+01
   3.93499483E-01    5.97653291E-01   -1.01949619E+01
   3.96775244E-01    5.65149347E-01   -9.65475083E+00
   4.00078274E-01    5.34120548E-01   -9.13783613E+00
   4.03408801E-01    5.04517419E-01   -8.64353616E+00
   4.06767054E-01    4.76290559E-01   -8.17116296E+00
   4.10153263E-01    4.49391771E-01   -7.72003637E+00
   4.13567661E-01    4.23774416E-01   -7.28949034E+00
   4.17010483E-01    3.99391521E-01   -6.87884839E+00
   4.20481966E-01    3.76197524E-01   -6.48744750E+00
   4.23982347E-01    3.54147641E-01   -6.11462959E+00
   4.27511868E-01    3.33198323E-01   -5.75974904E+00
   4.31070771E-01    3.13306453E-01   -5.42216167E+00
   4.34659301E-01    2.94430453E-01   -5.10124095E+00
   4.38277704E-01    2.76529089E-01   -4.79636122E+00
   4.41926230E-01    2.59562910E-01   -4.50691906E+00
   4.45605128E-01    2.43492644E-01   -4.23231032E+00
   4.49314652E-01    2.28280702E-01   -3.97195242E+00
   4.53055057E-01    2.13889859E-01   -3.72526540E+00
   4.56826599E-01    2.00285224E-01   -3.49170146E+00
   4.60629538E-01    1.87431060E-01   -3.27069781E+00
   4.64464136E-01    1.75294282E-01   -3.06172955E+00
   4.68330655E-01    1.63841966E-01   -2.86427207E+00
   4.72229362E-01    1.53042459E-01   -2.67781860E+00
   4.76160524E-01    1.42865231E-01   -2.50187782E+00
   4.80124412E-01    1.33280614E-01   -2.33597033E+00
   4.84121298E-01    1.24259744E-01   -2.17962776E+00
   4.88151458E-01    1.15775512E-01   -2.03240808E+00
   4.92215166E-01    1.07801375E-01   -1.89387694E+00
   4.96312704E-01    1.00310977E-01   -1.76360193E+00
   5.00444353E-01    9.32804275E-02   -1.64118888E+00
   5.04610397E-01    8.66853102E-02   -1.52623422E+00
   5.08811121E-01    8.05033398E-02   -1.41836796E+00
   5.13046815E-01    7.47124914E-02   -1.31722347E+00
   5.17317770E-01    6.92915406E-02   -1.22244646E+00
   5.21624279E-01    6.42205324E-02   -1.13370265E+00
   5.25966639E-01    5.94801477E-02   -1.05066760E+00
   5.30345148E-01    5.50518321E-02   -9.73028895E-01
   5.34760106E-01    5.09181659E-02   -9.00492357E-01
   5.39211817E-01    4.70620598E-02   -8.32768799E-01
   5.43700588E-01    4.34675808E-02   -7.69587876E-01
   5.48226726E-01    4.01194580E-02   -7.10689861E-01
   5.52790543E-01    3.70028548E-02   -6.55821972E-01
   5.57392352E-01    3.41039201E-02   -6.04747601E-01
   5.62032469E-01    3.14095216E-02   -5.57241972E-01
   5.66711215E-01    2.89070644E-02   -5.13089097E-01
   5.71428909E-01    2.65845020E-02   -4.72082046E-01
   5.76185877E-01    2.44306163E-02   -4.34027686E-01
   5.80982445E-01    2.24345627E-02   -3.98739058E-01
   5.85818943E-01    2.05862805E-02   -3.66042354E-01
   5.90695703E-01    1.88760239E-02   -3.35769005E-01
   5.95613061E-01    1.72948041E-02   -3.07763225E-01
   6.00571354E-01    1.58339201E-02   -2.81874044E-01
   6.05570924E-01    1.44853499E-02   -2.57962024E-01
   6.10612113E-01    1.32413681E-02   -2.35892734E-01
   6.15695269E-01    1.20947578E-02   -2.15540402E-01
   6.20820740E-01    1.10388212E-02   -1.96788136E-01
   6.25988879E-01    1.00670694E-02   -1.79522583E-01
   6.31200042E-01    9.17357947E-03   -1.63640122E-01
   6.36454586E-01    8.35267362E-03   -1.49041325E-01
   6.41752872E-01    7.59907960E-03   -1.35633751E-01
   6.47095265E-01    6.90785929E-03   -1.23330728E-01
   6.52482131E-01    6.27434479E-03   -1.12050244E-01
   6.57913842E-01    5.69424776E-03   -1.01716874E-01
   6.63390770E-01    5.16347091E-03   -9.22584935E-02
   6.68913291E-01    4.67824571E-03   -8.36086966E-02
   6.74481786E-01    4.23504097E-03   -7.57052068E-02
   6.80096637E-01    3.83056075E-03   -6.84898472E-02
   6.85758230E-01    3.46174013E-03   -6.19084738E-02
   6.91466954E-01    3.12573299E-03   -5.59107677E-02
   6.97223201E-01    2.81988225E-03   -5.04497182E-02
   7.03027367E-01    2.54172741E-03   -4.54817588E-02
   7.08879851E-01    2.28899161E-03   -4.09665479E-02
   7.14781055E-01    2.05954800E-03   -3.68663765E-02
   7.20731384E-01    1.85144247E-03   -3.31465751E-02
   7.26731249E-01    1.66286494E-03   -2.97750099E-02
   7.32781060E-01    1.49213214E-03   -2.67217815E-02
   7.38881234E-01    1.33770282E-03   -2.39594965E-02
   7.45032190E-01    1.19814818E-03   -2.14627468E-02
   7.51234351E-01    1.07214995E-03   -1.92080777E-02
   7.57488143E-01    9.58508109E-04   -1.71741270E-02
   7.63793996E-01    8.56098682E-04   -1.53408781E-02
   7.70152344E-01    7.63902210E-04   -1.36901659E-02
   7.76563622E-01    6.80983638E-04   -1.22053227E-02
   7.83028272E-01    6.06474776E-04   -1.08708662E-02
   7.89546739E-01    5.39595847E-04   -9.67288471E-03
   7.96119470E-01    4.79617084E-04   -8.59835452E-03
   8.02746916E-01    4.25886860E-04   -7.63564143E-03
   8.09429534E-01    3.77797741E-04   -6.77389709E-03
   8.16167783E-01    3.34801033E-04   -6.00331867E-03
   8.22962126E-01    2.96398384E-04   -5.31499991E-03
   8.29813029E-01    2.62133285E-04   -4.70078000E-03
   8.36720964E-01    2.31590155E-04   -4.15322764E-03
   8.43686406E-01    2.04395113E-04   -3.66565528E-03
   8.50709832E-01    1.80204122E-04   -3.23190776E-03
   8.57791727E-01    1.58709930E-04   -2.84648655E-03
   8.64932576E-01    1.39630969E-04   -2.50435167E-03
   8.72132870E-01    1.22714995E-04   -2.20098705E-03
   8.79393105E-01    1.07731634E-04   -1.93226733E-03
   8.86713779E-01    9.44753844E-05   -1.69451176E-03
   8.94095395E-01    8.27601134E-05   -1.48438597E-03
   9.01538461E-01    7.24172006E-05   -1.29886878E-03
   9.09043487E-01    6.32968375E-05   -1.13527560E-03
   9.16610991E-01    5.52634017E-05   -9.91175738E-04
   9.24241493E-01    4.81949450E-05   -8.64383252E-04
   9.31935515E-01    4.19828546E-05   -7.52950997E-04
   9.39693588E-01    3.65296011E-05   -6.55130310E-04
   9.47516245E-01    3.17481723E-05   -5.69360936E-04
   9.55404022E-01    2.75603277E-05   -4.94239772E-04
   9.63357463E-01    2.38969584E-05   -4.28527356E-04
   9.71377114E-01    2.06961363E-05   -3.71112926E-04
   9.79463526E-01    1.79026105E-05   -3.21005414E-04
   9.87617255E-01    1.54675874E-05   -2.77329525E-04
   9.95838861E-01    1.33476758E-05   -2.39306827E-04
   1.00412891E+00    1.15042679E-05   -2.06244680E-04
   1.01248797E+00    9.90323357E-06   -1.77530741E-04
   1.02091662E+00    8.51448702E-06   -1.52625216E-04
   1.02941543E+00    7.31138281E-06   -1.31050025E-04
   1.03798499E+00    6.27038427E-06   -1.12382859E-04
   1.04662589E+00    5.37078068E-06   -9.62521096E-05
   1.05533873E+00    4.59436664E-06   -8.23311208E-05
   1.06412410E+00    3.92515108E-06   -7.03329688E-05
   1.07298260E+00    3.34905381E-06   -6.00050188E-05
   1.08191484E+00    2.85379451E-06   -5.11269342E-05
   1.09092145E+00    2.42856304E-06   -4.35047609E-05
   1.10000303E+00    2.06394601E-06   -3.69696101E-05
   1.10916021E+00    1.75172799E-06   -3.13740913E-05
   1.11839363E+00    1.48473135E-06   -2.65894381E-05
   1.12770390E+00    1.25673159E-06   -2.25039881E-05
   1.13709169E+00    1.06227949E-06   -1.90199921E-05
   1.14655762E+00    8.96672345E-07   -1.60530969E-05
   1.15610236E+00    7.55833795E-07   -1.35301884E-05
   1.16572655E+00    6.36225077E-07   -1.13877994E-05
   1.17543086E+00    5.34785333E-07   -9.57103757E-06
   1.18521596E+00    4.48876551E-07   -8.03259758E-06
   1.19508251E+00    3.76228136E-07   -6.73176591E-06
   1.20503120E+00    3.14882334E-07   -5.63344151E-06
   1.21506271E+00    2.63155086E-07   -4.70743311E-06
   1.22517773E+00    2.19601076E-07   -3.92783207E-06
   1.23537695E+00    1.82983331E-07   -3.27246659E-06
   1.24566108E+00    1.52243906E-07   -2.72237578E-06
   1.25603082E+00    1.26478016E-07   -2.26134544E-06
   1.26648688E+00    1.04913468E-07   -1.87553895E-06
   1.27702999E+00    8.68924885E-08   -1.55317128E-06
   1.28766087E+00    7.18557570E-08   -1.28422249E-06
   1.29838025E+00    5.93286254E-08   -1.06019051E-06
   1.30918886E+00    4.89086991E-08   -8.73868385E-07
   1.32008745E+00    4.02552045E-08   -7.19153557E-07
   1.33107676E+00    3.30800800E-08   -5.90888093E-07
   1.34215756E+00    2.71402529E-08   -4.84720183E-07
   1.35333061E+00    2.22309508E-08   -3.96984209E-07
   1.36459666E+00    1.81799730E-08   -3.24598034E-07
   1.37595651E+00    1.48427112E-08   -2.64973743E-07
   1.38741092E+00    1.20979086E-08   -2.15941626E-07
   1.39896068E+00    9.84424440E-09   -1.75688955E-07
   1.41060659E+00    7.99693484E-09   -1.42699087E-07
   1.42234945E+00    6.48528710E-09   -1.15707630E-07
   1.43419007E+00    5.25038487E-09   -9.36609760E-08
   1.44612925E+00    4.24328024E-09   -7.56839193E-08
   1.45816783E+00    3.42337992E-09   -6.10507481E-08
   1.47030662E+00    2.75702236E-09   -4.91597658E-08
   1.48254647E+00    2.21650160E-09   -3.95158107E-08
   1.49488821E+00    1.77877991E-09   -3.17072139E-08
   1.50733268E+00    1.42492400E-09   -2.53957053E-08
   1.51988076E+00    1.13938682E-09   -2.03035601E-08
   1.53253329E+00    9.09394389E-10   -1.62026267E-08
   1.54529116E+00    7.24526180E-10   -1.29068185E-08
   1.55815522E+00    5.76149504E-10   -1.02619999E-08
   1.57112638E+00    4.57299629E-10   -8.14383820E-09
   1.58420552E+00    3.62283305E-10   -6.45071553E-09
   1.59739354E+00    2.86472388E-10   -5.10003865E-09
   1.61069134E+00    2.26079991E-10   -4.02423870E-09
   1.62409984E+00    1.78087128E-10   -3.16945776E-09
   1.63761997E+00    1.40003585E-10   -2.49127826E-09
   1.65125265E+00    1.09838135E-10   -1.95418937E-09
   1.66499881E+00    8.60183950E-11   -1.53015477E-09
   1.67885941E+00    6.72179736E-11   -1.19552779E-09
   1.69283539E+00    5.24295023E-11   -9.32352881E-10
   1.70692772E+00    4.08055327E-11   -7.25527218E-10
   1.72113736E+00    3.16957997E-11   -5.63464399E-10
   1.73546529E+00    2.45670564E-11   -4.36664447E-10
   1.74991250E+00    1.90063848E-11   -3.37772601E-10
   1.76447997E+00    1.46708337E-11   -2.60681147E-10
   1.77916872E+00    1.12997692E-11   -2.00749417E-10
   1.79397975E+00    8.68385045E-12   -1.54250573E-10
   1.80891407E+00    6.66332299E-12   -1.18341152E-10
   1.82397272E+00    5.09871951E-12   -9.05390296E-11
   1.83915672E+00    3.89446554E-12   -6.91437300E-11
   1.85446713E+00    2.96527261E-12   -5.26379335E-11
   1.86990499E+00    2.25488447E-12   -4.00210743E-11
   1.88547137E+00    1.71179848E-12   -3.03772299E-11
   1.90116733E+00    1.29506442E-12   -2.29782374E-11
   1.91699395E+00    9.78376181E-13   -1.73564882E-11
   1.93295233E+00    7.36614809E-13   -1.30655026E-11
   1.94904356E+00    5.53409536E-13   -9.81436343E-12
   1.96526874E+00    4.15586280E-13   -7.36900418E-12
   1.98162899E+00    3.10549988E-13   -5.50565477E-12
   1.99812543E+00    2.31326579E-13   -4.10045072E-12
   2.01475921E+00    1.72500958E-13   -3.05724030E-12
   2.03153145E+00    1.28389494E-13   -2.27510417E-12
   2.04844331E+00    9.46563690E-14   -1.67706219E-12
   2.06549597E+00    6.94737948E-14   -1.23067921E-12
   2.08269058E+00    5.11709983E-14   -9.06310305E-13
   2.10002833E+00    3.79865895E-14   -6.72702862E-13
   2.11751041E+00    2.81294413E-14   -4.98077027E-13
   2.13513803E+00    2.06002523E-14   -3.64706041E-13
   2.15291238E+00    1.49955455E-14   -2.65437761E-13
   2.17083471E+00    1.09043721E-14   -1.92987935E-13
   2.18890623E+00    7.89589031E-15   -1.39719726E-13
   2.20712820E+00    5.64724937E-15   -9.99108092E-14
   2.22550185E+00    4.02032496E-15   -7.11136895E-14
   2.24402846E+00    2.88662583E-15   -5.10517174E-14
   2.26270930E+00    2.11072065E-15   -3.73252852E-14
   2.28154565E+00    1.55177807E-15   -2.74391220E-14
   2.30053881E+00    1.12095903E-15   -1.98193868E-14
   2.31969008E+00    7.96946509E-16   -1.40888825E-14
   2.33900077E+00    5.61576834E-16   -9.92632753E-15
   2.35847223E+00    3.95690299E-16   -6.99282373E-15
   2.37810577E+00    2.79095512E-16   -4.93122490E-15
   2.39790276E+00    1.92838812E-16   -3.40627548E-15
   2.41786456E+00    1.29503501E-16   -2.28676937E-15
   2.43799253E+00    8.55121811E-17   -1.50940359E-15
   2.45828806E+00    5.70928291E-17   -1.00743146E-15
   2.47875254E+00    4.02688550E-17   -7.10486711E-16
   2.49938738E+00    3.08517991E-17   -5.44454273E-16
   2.52019400E+00    2.45756166E-17   -4.33846975E-16
   2.54117383E+00    1.93522935E-17   -3.41727172E-16
   2.56232831E+00    1.49939276E-17   -2.64787889E-16
   2.58365890E+00    1.13634029E-17   -2.00622058E-16
   2.60516705E+00    8.31603219E-18   -1.46689708E-16
   2.62685426E+00    5.69928585E-18   -1.00313200E-16
   2.64872200E+00    3.35251157E-18   -5.86723062E-17
   2.67077179E+00    0.00000000E+00    0.00000000E+00
   2.69300513E+00    0.00000000E+00    0.00000000E+00
   2.71542356E+00    0.00000000E+00    0.00000000E+00
   2.73802862E+00    0.00000000E+00    0.00000000E+00
   2.76082185E+00    0.00000000E+00    0.00000000E+00
   2.78380484E+00    0.00000000E+00    0.00000000E+00
   2.80697914E+00    0.00000000E+00    0.00000000E+00
   2.83034637E+00    0.00000000E+00    0.00000000E+00
   2.85390812E+00    0.00000000E+00    0.00000000E+00
   2.87766602E+00    0.00000000E+00    0.00000000E+00
   2.90162169E+00    0.00000000E+00    0.00000000E+00
   2.92577679E+00    0.00000000E+00    0.00000000E+00
   2.95013297E+00    0.00000000E+00    0.00000000E+00
   2.97469191E+00    0.00000000E+00    0.00000000E+00
   2.99945529E+00    0.00000000E+00    0.00000000E+00
   3.02442482E+00    0.00000000E+00    0.00000000E+00
   3.04960222E+00    0.00000000E+00    0.00000000E+00
   3.07498921E+00    0.00000000E+00    0.00000000E+00
   3.10058754E+00    0.00000000E+00    0.00000000E+00
   3.12639896E+00    0.00000000E+00    0.00000000E+00
   3.15242526E+00    0.00000000E+00    0.00000000E+00
   3.17866822E+00    0.00000000E+00    0.00000000E+00
   3.20512964E+00    0.00000000E+00    0.00000000E+00
   3.23181135E+00    0.00000000E+00    0.00000000E+00
   3.25871517E+00    0.00000000E+00    0.00000000E+00
   3.28584296E+00    0.00000000E+00    0.00000000E+00
   3.31319658E+00    0.00000000E+00    0.00000000E+00
   3.34077791E+00    0.00000000E+00    0.00000000E+00
   3.36858884E+00    0.00000000E+00    0.00000000E+00
   3.39663130E+00    0.00000000E+00    0.00000000E+00
   3.42490720E+00    0.00000000E+00    0.00000000E+00
   3.45341848E+00    0.00000000E+00    0.00000000E+00
   3.48216712E+00    0.00000000E+00    0.00000000E+00
   3.51115507E+00    0.00000000E+00    0.00000000E+00
   3.54038434E+00    0.00000000E+00    0.00000000E+00
   3.56985694E+00    0.00000000E+00    0.00000000E+00
   3.59957489E+00    0.00000000E+00    0.00000000E+00
   3.62954023E+00    0.00000000E+00    0.00000000E+00
   3.65975502E+00    0.00000000E+00    0.00000000E+00
   3.69022134E+00    0.00000000E+00    0.00000000E+00
   3.72094129E+00    0.00000000E+00    0.00000000E+00
   3.75191696E+00    0.00000000E+00    0.00000000E+00
   3.78315050E+00    0.00000000E+00    0.00000000E+00
   3.81464405E+00    0.00000000E+00    0.00000000E+00
   3.84639978E+00    0.00000000E+00    0.00000000E+00
   3.87841986E+00    0.00000000E+00    0.00000000E+00
   3.91070650E+00    0.00000000E+00    0.00000000E+00
   3.94326191E+00    0.00000000E+00    0.00000000E+00
   3.97608834E+00    0.00000000E+00    0.00000000E+00
   4.00918803E+00    0.00000000E+00    0.00000000E+00
   4.04256328E+00    0.00000000E+00    0.00000000E+00
   4.07621636E+00    0.00000000E+00    0.00000000E+00
   4.11014959E+00    0.00000000E+00    0.00000000E+00
   4.14436530E+00    0.00000000E+00    0.00000000E+00
   4.17886586E+00    0.00000000E+00    0.00000000E+00
   4.21365361E+00    0.00000000E+00    0.00000000E+00
   4.24873097E+00    0.00000000E+00    0.00000000E+00
   4.28410033E+00    0.00000000E+00    0.00000000E+00
   4.31976413E+00    0.00000000E+00    0.00000000E+00
   4.35572482E+00    0.00000000E+00    0.00000000E+00
   4.39198487E+00    0.00000000E+00    0.00000000E+00
   4.42854678E+00    0.00000000E+00    0.00000000E+00
   4.46541305E+00    0.00000000E+00    0.00000000E+00
   4.50258623E+00    0.00000000E+00    0.00000000E+00
   4.54006885E+00    0.00000000E+00    0.00000000E+00
   4.57786351E+00    0.00000000E+00    0.00000000E+00
   4.61597280E+00    0.00000000E+00    0.00000000E+00
   4.65439934E+00    0.00000000E+00    0.00000000E+00
   4.69314576E+00    0.00000000E+00    0.00000000E+00
   4.73221474E+00    0.00000000E+00    0.00000000E+00
   4.77160896E+00    0.00000000E+00    0.00000000E+00
   4.81133111E+00    0.00000000E+00    0.00000000E+00
   4.85138395E+00    0.00000000E+00    0.00000000E+00
   4.89177021E+00    0.00000000E+00    0.00000000E+00
   4.93249267E+00    0.00000000E+00    0.00000000E+00
   4.97355414E+00    0.00000000E+00    0.00000000E+00
   5.01495743E+00    0.00000000E+00    0.00000000E+00
   5.05670539E+00    0.00000000E+00    0.00000000E+00
   5.09880088E+00    0.00000000E+00    0.00000000E+00
   5.14124681E+00    0.00000000E+00    0.00000000E+00
   5.18404609E+00    0.00000000E+00    0.00000000E+00
   5.22720166E+00    0.00000000E+00    0.00000000E+00
   5.27071649E+00    0.00000000E+00    0.00000000E+00
   5.31459356E+00    0.00000000E+00    0.00000000E+00
   5.35883590E+00    0.00000000E+00    0.00000000E+00
   5.40344654E+00    0.00000000E+00    0.00000000E+00
   5.44842855E+00    0.00000000E+00    0.00000000E+00
   5.49378502E+00    0.00000000E+00    0.00000000E+00
   5.53951907E+00    0.00000000E+00    0.00000000E+00
   5.58563384E+00    0.00000000E+00    0.00000000E+00
   5.63213250E+00    0.00000000E+00    0.00000000E+00
   5.67901825E+00    0.00000000E+00    0.00000000E+00
   5.72629431E+00    0.00000000E+00    0.00000000E+00
   5.77396393E+00    0.00000000E+00    0.00000000E+00
   5.82203038E+00    0.00000000E+00    0.00000000E+00
   5.87049697E+00    0.00000000E+00    0.00000000E+00
   5.91936703E+00    0.00000000E+00    0.00000000E+00
   5.96864392E+00    0.00000000E+00    0.00000000E+00
   6.01833102E+00    0.00000000E+00    0.00000000E+00
   6.06843175E+00    0.00000000E+00    0.00000000E+00
   6.11894955E+00    0.00000000E+00    0.00000000E+00
   6.16988790E+00    0.00000000E+00    0.00000000E+00
   6.22125030E+00    0.00000000E+00    0.00000000E+00
   6.27304027E+00    0.00000000E+00    0.00000000E+00
   6.32526138E+00    0.00000000E+00    0.00000000E+00
   6.37791721E+00    0.00000000E+00    0.00000000E+00
   6.43101138E+00    0.00000000E+00    0.00000000E+00
   6.48454755E+00    0.00000000E+00    0.00000000E+00
   6.53852939E+00    0.00000000E+00    0.00000000E+00
   6.59296061E+00    0.00000000E+00    0.00000000E+00
   6.64784496E+00    0.00000000E+00    0.00000000E+00
   6.70318619E+00    0.00000000E+00    0.00000000E+00
   6.75898813E+00    0.00000000E+00    0.00000000E+00
   6.81525460E+00    0.00000000E+00    0.00000000E+00
   6.87198948E+00    0.00000000E+00    0.00000000E+00
   6.92919665E+00    0.00000000E+00    0.00000000E+00
   6.98688005E+00    0.00000000E+00    0.00000000E+00
   7.04504365E+00    0.00000000E+00    0.00000000E+00
   7.10369145E+00    0.00000000E+00    0.00000000E+00
   7.16282747E+00    0.00000000E+00    0.00000000E+00
   7.22245578E+00    0.00000000E+00    0.00000000E+00
   7.28258047E+00    0.00000000E+00    0.00000000E+00
   7.34320569E+00    0.00000000E+00    0.00000000E+00
   7.40433559E+00    0.00000000E+00    0.00000000E+00
   7.46597437E+00    0.00000000E+00    0.00000000E+00
   7.52812629E+00    0.00000000E+00    0.00000000E+00
   7.59079559E+00    0.00000000E+00    0.00000000E+00
   7.65398660E+00    0.00000000E+00    0.00000000E+00
   7.71770366E+00    0.00000000E+00    0.00000000E+00
   7.78195114E+00    0.00000000E+00    0.00000000E+00
   7.84673346E+00    0.00000000E+00    0.00000000E+00
   7.91205507E+00    0.00000000E+00    0.00000000E+00
   7.97792047E+00    0.00000000E+00    0.00000000E+00
   8.04433417E+00    0.00000000E+00    0.00000000E+00
   8.11130075E+00    0.00000000E+00    0.00000000E+00
   8.17882480E+00    0.00000000E+00    0.00000000E+00
   8.24691097E+00    0.00000000E+00    0.00000000E+00
   8.31556394E+00    0.00000000E+00    0.00000000E+00
   8.38478842E+00    0.00000000E+00    0.00000000E+00
   8.45458917E+00    0.00000000E+00    0.00000000E+00
   8.52497099E+00    0.00000000E+00    0.00000000E+00
   8.59593872E+00    0.00000000E+00    0.00000000E+00
   8.66749723E+00    0.00000000E+00    0.00000000E+00
   8.73965145E+00    0.00000000E+00    0.00000000E+00
   8.81240632E+00    0.00000000E+00    0.00000000E+00
   8.88576686E+00    0.00000000E+00    0.00000000E+00
   8.95973811E+00    0.00000000E+00    0.00000000E+00
   9.03432514E+00    0.00000000E+00    0.00000000E+00
   9.10953308E+00    0.00000000E+00    0.00000000E+00
   9.18536711E+00    0.00000000E+00    0.00000000E+00
   9.26183243E+00    0.00000000E+00    0.00000000E+00
   9.33893430E+00    0.00000000E+00    0.00000000E+00
   9.41667802E+00    0.00000000E+00    0.00000000E+00
   9.49506893E+00    0.00000000E+00    0.00000000E+00
   9.57411242E+00    0.00000000E+00    0.00000000E+00
   9.65381393E+00    0.00000000E+00    0.00000000E+00
   9.73417892E+00    0.00000000E+00    0.00000000E+00
   9.81521293E+00    0.00000000E+00    0.00000000E+00
   9.89692152E+00    0.00000000E+00    0.00000000E+00
   9.97931031E+00    0.00000000E+00    0.00000000E+00
   1.00623850E+01    0.00000000E+00    0.00000000E+00
   1.01461512E+01    0.00000000E+00    0.00000000E+00
   1.02306147E+01    0.00000000E+00    0.00000000E+00
   1.03157814E+01    0.00000000E+00    0.00000000E+00
   1.04016571E+01    0.00000000E+00    0.00000000E+00
   1.04882476E+01    0.00000000E+00    0.00000000E+00
   1.05755590E+01    0.00000000E+00    0.00000000E+00
   1.06635973E+01    0.00000000E+00    0.00000000E+00
   1.07523684E+01    0.00000000E+00    0.00000000E+00
   1.08418785E+01    0.00000000E+00    0.00000000E+00
   1.09321338E+01    0.00000000E+00    0.00000000E+00
   1.10231404E+01    0.00000000E+00    0.00000000E+00
   1.11149046E+01    0.00000000E+00    0.00000000E+00
   1.12074327E+01    0.00000000E+00    0.00000000E+00
   1.13007311E+01    0.00000000E+00    0.00000000E+00
   1.13948062E+01    0.00000000E+00    0.00000000E+00
   1.14896644E+01    0.00000000E+00    0.00000000E+00
   1.15853123E+01    0.00000000E+00    0.00000000E+00
   1.16817564E+01    0.00000000E+00    0.00000000E+00
   1.17790034E+01    0.00000000E+00    0.00000000E+00
   1.18770599E+01    0.00000000E+00    0.00000000E+00
   1.19759327E+01    0.00000000E+00    0.00000000E+00
   1.20756286E+01    0.00000000E+00    0.00000000E+00
   1.21761545E+01    0.00000000E+00    0.00000000E+00
   1.22775172E+01    0.00000000E+00    0.00000000E+00
   1.23797237E+01    0.00000000E+00    0.00000000E+00
   1.24827810E+01    0.00000000E+00    0.00000000E+00
   1.25866963E+01    0.00000000E+00    0.00000000E+00
   1.26914766E+01    0.00000000E+00    0.00000000E+00
   1.27971292E+01    0.00000000E+00    0.00000000E+00
   1.29036613E+01    0.00000000E+00    0.00000000E+00
   1.30110803E+01    0.00000000E+00    0.00000000E+00
   1.31193935E+01    0.00000000E+00    0.00000000E+00
   1.32286084E+01    0.00000000E+00    0.00000000E+00
   1.33387324E+01    0.00000000E+00    0.00000000E+00
   1.34497732E+01    0.00000000E+00    0.00000000E+00
   1.35617384E+01    0.00000000E+00    0.00000000E+00
   1.36746356E+01    0.00000000E+00    0.00000000E+00
   1.37884727E+01    0.00000000E+00    0.00000000E+00
   1.39032574E+01    0.00000000E+00    0.00000000E+00
   1.40189977E+01    0.00000000E+00    0.00000000E+00
   1.41357015E+01    0.00000000E+00    0.00000000E+00
   1.42533768E+01    0.00000000E+00    0.00000000E+00
   1.43720318E+01    0.00000000E+00    0.00000000E+00
   1.44916744E+01    0.00000000E+00    0.00000000E+00
   1.46123131E+01    0.00000000E+00    0.00000000E+00
   1.47339561E+01    0.00000000E+00    0.00000000E+00
   1.48566117E+01    0.00000000E+00    0.00000000E+00
   1.49802883E+01    0.00000000E+00    0.00000000E+00
   1.51049946E+01    0.00000000E+00    0.00000000E+00
   1.52307390E+01    0.00000000E+00    0.00000000E+00
   1.53575301E+01    0.00000000E+00    0.00000000E+00
   1.54853768E+01    0.00000000E+00    0.00000000E+00
   1.56142877E+01    0.00000000E+00    0.00000000E+00
   1.57442718E+01    0.00000000E+00    0.00000000E+00
   1.58753380E+01    0.00000000E+00    0.00000000E+00
   1.60074952E+01    0.00000000E+00    0.00000000E+00
   1.61407526E+01    0.00000000E+00    0.00000000E+00
   1.62751193E+01    0.00000000E+00    0.00000000E+00
   1.64106046E+01    0.00000000E+00    0.00000000E+00
   1.65472178E+01    0.00000000E+00    0.00000000E+00
   1.66849683E+01    0.00000000E+00    0.00000000E+00
   1.68238654E+01    0.00000000E+00    0.00000000E+00
   1.69639189E+01    0.00000000E+00    0.00000000E+00
   1.71051382E+01    0.00000000E+00    0.00000000E+00
   1.72475332E+01    0.00000000E+00    0.00000000E+00
   1.73911135E+01    0.00000000E+00    0.00000000E+00
   1.75358891E+01    0.00000000E+00    0.00000000E+00
   1.76818699E+01    0.00000000E+00    0.00000000E+00
   1.78290660E+01    0.00000000E+00    0.00000000E+00
   1.79774874E+01    0.00000000E+00    0.00000000E+00
   1.81271444E+01    0.00000000E+00    0.00000000E+00
   1.82780472E+01    0.00000000E+00    0.00000000E+00
   1.84302063E+01    0.00000000E+00    0.00000000E+00
   1.85836320E+01    0.00000000E+00    0.00000000E+00
   1.87383350E+01    0.00000000E+00    0.00000000E+00
   1.88943258E+01    0.00000000E+00    0.00000000E+00
   1.90516151E+01    0.00000000E+00    0.00000000E+00
   1.92102139E+01    0.00000000E+00    0.00000000E+00
   1.93701329E+01    0.00000000E+00    0.00000000E+00
   1.95313833E+01    0.00000000E+00    0.00000000E+00
   1.96939760E+01    0.00000000E+00    0.00000000E+00
   1.98579222E+01    0.00000000E+00    0.00000000E+00
   2.00232332E+01    0.00000000E+00    0.00000000E+00
   2.01899204E+01    0.00000000E+00    0.00000000E+00
   2.03579952E+01    0.00000000E+00    0.00000000E+00
   2.05274691E+01    0.00000000E+00    0.00000000E+00
   2.06983539E+01    0.00000000E+00    0.00000000E+00
   2.08706613E+01    0.00000000E+00    0.00000000E+00
   2.10444030E+01    0.00000000E+00    0.00000000E+00
   2.12195911E+01    0.00000000E+00    0.00000000E+00
   2.13962376E+01    0.00000000E+00    0.00000000E+00
   2.15743546E+01    0.00000000E+00    0.00000000E+00
   2.17539544E+01    0.00000000E+00    0.00000000E+00
   2.19350493E+01    0.00000000E+00    0.00000000E+00
   2.21176518E+01    0.00000000E+00    0.00000000E+00
   2.23017743E+01    0.00000000E+00    0.00000000E+00
   2.24874297E+01    0.00000000E+00    0.00000000E+00
   2.26746305E+01    0.00000000E+00    0.00000000E+00
   2.28633898E+01    0.00000000E+00    0.00000000E+00
   2.30537204E+01    0.00000000E+00    0.00000000E+00
   2.32456354E+01    0.00000000E+00    0.00000000E+00
   2.34391481E+01    0.00000000E+00    0.00000000E+00
   2.36342717E+01    0.00000000E+00    0.00000000E+00
   2.38310196E+01    0.00000000E+00    0.00000000E+00
   2.40294055E+01    0.00000000E+00    0.00000000E+00
   2.42294428E+01    0.00000000E+00    0.00000000E+00
   2.44311453E+01    0.00000000E+00    0.00000000E+00
   2.46345270E+01    0.00000000E+00    0.00000000E+00
   2.48396018E+01    0.00000000E+00    0.00000000E+00
   2.50463837E+01    0.00000000E+00    0.00000000E+00
   2.52548871E+01    0.00000000E+00    0.00000000E+00
   2.54651262E+01    0.00000000E+00    0.00000000E+00
   2.56771154E+01    0.00000000E+00    0.00000000E+00
   2.58908694E+01    0.00000000E+00    0.00000000E+00
   2.61064028E+01    0.00000000E+00    0.00000000E+00
   2.63237305E+01    0.00000000E+00    0.00000000E+00
   2.65428673E+01    0.00000000E+00    0.00000000E+00
   2.67638285E+01    0.00000000E+00    0.00000000E+00
   2.69866290E+01    0.00000000E+00    0.00000000E+00
   2.72112843E+01    0.00000000E+00    0.00000000E+00
   2.74378097E+01    0.00000000E+00    0.00000000E+00
   2.76662210E+01    0.00000000E+00    0.00000000E+00
   2.78965336E+01    0.00000000E+00    0.00000000E+00
   2.81287636E+01    0.00000000E+00    0.00000000E+00
   2.83629268E+01    0.00000000E+00    0.00000000E+00
   2.85990393E+01    0.00000000E+00    0.00000000E+00
   2.88371174E+01    0.00000000E+00    0.00000000E+00
   2.90771774E+01    0.00000000E+00    0.00000000E+00
   2.93192359E+01    0.00000000E+00    0.00000000E+00
   2.95633094E+01    0.00000000E+00    0.00000000E+00
   2.98094148E+01    0.00000000E+00    0.00000000E+00
   3.00575688E+01    0.00000000E+00    0.00000000E+00
   3.03077887E+01    0.00000000E+00    0.00000000E+00
   3.05600917E+01    0.00000000E+00    0.00000000E+00
   3.08144949E+01    0.00000000E+00    0.00000000E+00
   3.10710160E+01    0.00000000E+00    0.00000000E+00
   3.13296725E+01    0.00000000E+00    0.00000000E+00
   3.15904823E+01    0.00000000E+00    0.00000000E+00
   3.18534632E+01    0.00000000E+00    0.00000000E+00
   3.21186334E+01    0.00000000E+00    0.00000000E+00
   3.23860110E+01    0.00000000E+00    0.00000000E+00
   3.26556144E+01    0.00000000E+00    0.00000000E+00
   3.29274623E+01    0.00000000E+00    0.00000000E+00
   3.32015731E+01    0.00000000E+00    0.00000000E+00
   3.34779659E+01    0.00000000E+00    0.00000000E+00
   3.37566595E+01    0.00000000E+00    0.00000000E+00
   3.40376732E+01    0.00000000E+00    0.00000000E+00
   3.43210262E+01    0.00000000E+00    0.00000000E+00
   3.46067381E+01    0.00000000E+00    0.00000000E+00
   3.48948284E+01    0.00000000E+00    0.00000000E+00
   3.51853170E+01    0.00000000E+00    0.00000000E+00
   3.54782238E+01    0.00000000E+00    0.00000000E+00
   3.57735690E+01    0.00000000E+00    0.00000000E+00
   3.60713728E+01    0.00000000E+00    0.00000000E+00
   3.63716557E+01    0.00000000E+00    0.00000000E+00
   3.66744385E+01    0.00000000E+00    0.00000000E+00
   3.69797417E+01    0.00000000E+00    0.00000000E+00
   3.72875866E+01    0.00000000E+00    0.00000000E+00
   3.75979941E+01    0.00000000E+00    0.00000000E+00
   3.79109857E+01    0.00000000E+00    0.00000000E+00
   3.82265829E+01    0.00000000E+00    0.00000000E+00
   3.85448073E+01    0.00000000E+00    0.00000000E+00
   3.88656808E+01    0.00000000E+00    0.00000000E+00
   3.91892255E+01    0.00000000E+00    0.00000000E+00
   3.95154636E+01    0.00000000E+00    0.00000000E+00
   3.98444175E+01    0.00000000E+00    0.00000000E+00
   4.01761099E+01    0.00000000E+00    0.00000000E+00
   4.05105635E+01    0.00000000E+00    0.00000000E+00
   4.08478013E+01    0.00000000E+00    0.00000000E+00
   4.11878465E+01    0.00000000E+00    0.00000000E+00
   4.15307225E+01    0.00000000E+00    0.00000000E+00
   4.18764528E+01    0.00000000E+00    0.00000000E+00
   4.22250613E+01    0.00000000E+00    0.00000000E+00
   4.25765718E+01    0.00000000E+00    0.00000000E+00
   4.29310085E+01    0.00000000E+00    0.00000000E+00
   4.32883957E+01    0.00000000E+00    0.00000000E+00
   4.36487582E+01    0.00000000E+00    0.00000000E+00
   4.40121205E+01    0.00000000E+00    0.00000000E+00
   4.43785077E+01    0.00000000E+00    0.00000000E+00
   4.47479449E+01    0.00000000E+00    0.00000000E+00
   4.51204576E+01    0.00000000E+00    0.00000000E+00
   4.54960714E+01    0.00000000E+00    0.00000000E+00
   4.58748120E+01    0.00000000E+00    0.00000000E+00
   4.62567056E+01    0.00000000E+00    0.00000000E+00
   4.66417782E+01    0.00000000E+00    0.00000000E+00
   4.70300565E+01    0.00000000E+00    0.00000000E+00
   4.74215671E+01    0.00000000E+00    0.00000000E+00
   4.78163369E+01    0.00000000E+00    0.00000000E+00
   4.82143930E+01    0.00000000E+00    0.00000000E+00
   4.86157628E+01    0.00000000E+00    0.00000000E+00
   4.90204739E+01    0.00000000E+00    0.00000000E+00
   4.94285541E+01    0.00000000E+00    0.00000000E+00
   4.98400314E+01    0.00000000E+00    0.00000000E+00
   5.02549341E+01    0.00000000E+00    0.00000000E+00
   5.06732908E+01    0.00000000E+00    0.00000000E+00
   5.10951302E+01    0.00000000E+00    0.00000000E+00
   5.15204812E+01    0.00000000E+00    0.00000000E+00
   5.19493732E+01    0.00000000E+00    0.00000000E+00
   5.23818355E+01    0.00000000E+00    0.00000000E+00
   5.28178980E+01    0.00000000E+00    0.00000000E+00
   5.32575905E+01    0.00000000E+00    0.00000000E+00
   5.37009434E+01    0.00000000E+00    0.00000000E+00
   5.41479870E+01    0.00000000E+00    0.00000000E+00
   5.45987522E+01    0.00000000E+00    0.00000000E+00
   5.50532698E+01    0.00000000E+00    0.00000000E+00
   5.55115711E+01    0.00000000E+00    0.00000000E+00
   5.59736877E+01    0.00000000E+00    0.00000000E+00
   5.64396512E+01    0.00000000E+00    0.00000000E+00
   5.69094937E+01    0.00000000E+00    0.00000000E+00
   5.73832475E+01    0.00000000E+00    0.00000000E+00
   5.78609452E+01    0.00000000E+00    0.00000000E+00
   5.83426195E+01    0.00000000E+00    0.00000000E+00
   5.88283037E+01    0.00000000E+00    0.00000000E+00
   5.93180310E+01    0.00000000E+00    0.00000000E+00
   5.98118351E+01    0.00000000E+00    0.00000000E+00
   6.03097500E+01    0.00000000E+00    0.00000000E+00
   6.08118099E+01    0.00000000E+00    0.00000000E+00
   6.13180493E+01    0.00000000E+00    0.00000000E+00
   6.18285030E+01    0.00000000E+00    0.00000000E+00
   6.23432060E+01    0.00000000E+00    0.00000000E+00
   6.28621938E+01    0.00000000E+00    0.00000000E+00
   6.33855020E+01    0.00000000E+00    0.00000000E+00
   6.39131665E+01    0.00000000E+00    0.00000000E+00
   6.44452237E+01    0.00000000E+00    0.00000000E+00
   6.49817101E+01    0.00000000E+00    0.00000000E+00
   6.55226626E+01    0.00000000E+00    0.00000000E+00
   6.60681184E+01    0.00000000E+00    0.00000000E+00
   6.66181149E+01    0.00000000E+00    0.00000000E+00
   6.71726900E+01    0.00000000E+00    0.00000000E+00
   6.77318817E+01    0.00000000E+00    0.00000000E+00
   6.82957285E+01    0.00000000E+00    0.00000000E+00
   6.88642692E+01    0.00000000E+00    0.00000000E+00
   6.94375428E+01    0.00000000E+00    0.00000000E+00
   7.00155887E+01    0.00000000E+00    0.00000000E+00
   7.05984467E+01    0.00000000E+00    0.00000000E+00
   7.11861568E+01    0.00000000E+00    0.00000000E+00
   7.17787594E+01    0.00000000E+00    0.00000000E+00
   7.23762952E+01    0.00000000E+00    0.00000000E+00
   7.29788053E+01    0.00000000E+00    0.00000000E+00
   7.35863312E+01    0.00000000E+00    0.00000000E+00
   7.41989144E+01    0.00000000E+00    0.00000000E+00
   7.48165973E+01    0.00000000E+00    0.00000000E+00
   7.54394222E+01    0.00000000E+00    0.00000000E+00
   7.60674319E+01    0.00000000E+00    0.00000000E+00
   7.67006696E+01    0.00000000E+00    0.00000000E+00
   7.73391788E+01    0.00000000E+00    0.00000000E+00
   7.79830033E+01    0.00000000E+00    0.00000000E+00
   7.86321876E+01    0.00000000E+00    0.00000000E+00
   7.92867760E+01    0.00000000E+00    0.00000000E+00
   7.99468138E+01    0.00000000E+00    0.00000000E+00
   8.06123461E+01    0.00000000E+00    0.00000000E+00
   8.12834188E+01    0.00000000E+00    0.00000000E+00
   8.19600779E+01    0.00000000E+00    0.00000000E+00
   8.26423700E+01    0.00000000E+00    0.00000000E+00
   8.33303420E+01    0.00000000E+00    0.00000000E+00
   8.40240412E+01    0.00000000E+00    0.00000000E+00
   8.47235152E+01    0.00000000E+00    0.00000000E+00
   8.54288120E+01    0.00000000E+00    0.00000000E+00
   8.61399803E+01    0.00000000E+00    0.00000000E+00
   8.68570688E+01    0.00000000E+00    0.00000000E+00
   8.75801269E+01    0.00000000E+00    0.00000000E+00
   8.83092042E+01    0.00000000E+00    0.00000000E+00
   8.90443508E+01    0.00000000E+00    0.00000000E+00
   8.97856173E+01    0.00000000E+00    0.00000000E+00
   9.05330546E+01    0.00000000E+00    0.00000000E+00
   9.12867141E+01    0.00000000E+00    0.00000000E+00
   9.20466475E+01    0.00000000E+00    0.00000000E+00
   9.28129072E+01    0.00000000E+00    0.00000000E+00
   9.35855458E+01    0.00000000E+00    0.00000000E+00
   9.43646163E+01    0.00000000E+00    0.00000000E+00
   9.51501723E+01    0.00000000E+00    0.00000000E+00
   9.59422679E+01    0.00000000E+00    0.00000000E+00
   9.67409574E+01    0.00000000E+00    0.00000000E+00
   9.75462957E+01    0.00000000E+00    0.00000000E+00
   9.83583383E+01    0.00000000E+00    0.00000000E+00
   9.91771408E+01    0.00000000E+00    0.00000000E+00
   1.00002760E+02    0.00000000E+00    0.00000000E+00
   1.00835251E+02    0.00000000E+00    0.00000000E+00
   1.01674674E+02    0.00000000E+00    0.00000000E+00
   1.02521084E+02    0.00000000E+00    0.00000000E+00
   1.03374540E+02    0.00000000E+00    0.00000000E+00
   1.04235100E+02    0.00000000E+00    0.00000000E+00
   1.05102825E+02    0.00000000E+00    0.00000000E+00
   1.05977774E+02    0.00000000E+00    0.00000000E+00
   1.06860005E+02    0.00000000E+00    0.00000000E+00
   1.07749582E+02    0.00000000E+00    0.00000000E+00
   1.08646563E+02    0.00000000E+00    0.00000000E+00
   1.09551012E+02    0.00000000E+00    0.00000000E+00
   1.10462990E+02    0.00000000E+00    0.00000000E+00
   1.11382560E+02    0.00000000E+00    0.00000000E+00
   1.12309785E+02    0.00000000E+00    0.00000000E+00
   1.13244729E+02    0.00000000E+00    0.00000000E+00
   1.14187457E+02    0.00000000E+00    0.00000000E+00
   1.15138032E+02    0.00000000E+00    0.00000000E+00
   1.16096520E+02    0.00000000E+00    0.00000000E+00
   1.17062987E+02    0.00000000E+00    0.00000000E+00
   1.18037500E+02    0.00000000E+00    0.00000000E+00
   1.19020126E+02    0.00000000E+00    0.00000000E+00
   1.20010931E+02    0.00000000E+00    0.00000000E+00
   1.21009985E+02    0.00000000E+00    0.00000000E+00
   1.22017355E+02    0.00000000E+00    0.00000000E+00
   1.23033112E+02    0.00000000E+00    0.00000000E+00
   1.24057324E+02    0.00000000E+00    0.00000000E+00
   1.25090063E+02    0.00000000E+00    0.00000000E+00
   1.26131398E+02    0.00000000E+00    0.00000000E+00
   1.27181403E+02    0.00000000E+00    0.00000000E+00
   1.28240149E+02    0.00000000E+00    0.00000000E+00
   1.29307708E+02    0.00000000E+00    0.00000000E+00
   1.30384154E+02    0.00000000E+00    0.00000000E+00
   1.31469562E+02    0.00000000E+00    0.00000000E+00
   1.32564005E+02    0.00000000E+00    0.00000000E+00
   1.33667559E+02    0.00000000E+00    0.00000000E+00
   1.34780300E+02    0.00000000E+00    0.00000000E+00
   1.35902304E+02    0.00000000E+00    0.00000000E+00
   1.37033648E+02    0.00000000E+00    0.00000000E+00
   1.38174411E+02    0.00000000E+00    0.00000000E+00
   1.39324670E+02    0.00000000E+00    0.00000000E+00
   1.40484504E+02    0.00000000E+00    0.00000000E+00
   1.41653994E+02    0.00000000E+00    0.00000000E+00
   1.42833219E+02    0.00000000E+00    0.00000000E+00
   1.44022261E+02    0.00000000E+00    0.00000000E+00
   1.45221202E+02    0.00000000E+00    0.00000000E+00
   1.46430123E+02    0.00000000E+00    0.00000000E+00
   1.47649108E+02    0.00000000E+00    0.00000000E+00
   1.48878241E+02    0.00000000E+00    0.00000000E+00
   1.50117606E+02    0.00000000E+00    0.00000000E+00
   1.51367288E+02    0.00000000E+00    0.00000000E+00
   1.52627374E+02    0.00000000E+00    0.00000000E+00
   1.53897949E+02    0.00000000E+00    0.00000000E+00
   1.55179102E+02    0.00000000E+00    0.00000000E+00
   1.56470920E+02    0.00000000E+00    0.00000000E+00
   1.57773491E+02    0.00000000E+00    0.00000000E+00
   1.59086906E+02    0.00000000E+00    0.00000000E+00
   1.60411255E+02    0.00000000E+00    0.00000000E+00
   1.61746629E+02    0.00000000E+00    0.00000000E+00
   1.63093119E+02    0.00000000E+00    0.00000000E+00
   1.64450819E+02    0.00000000E+00    0.00000000E+00
   1.65819821E+02    0.00000000E+00    0.00000000E+00
   1.67200219E+02    0.00000000E+00    0.00000000E+00
   1.68592109E+02    0.00000000E+00    0.00000000E+00
   1.69995586E+02    0.00000000E+00    0.00000000E+00
   1.71410746E+02    0.00000000E+00    0.00000000E+00
   1.72837687E+02    0.00000000E+00    0.00000000E+00
   1.74276507E+02    0.00000000E+00    0.00000000E+00
   1.75727305E+02    0.00000000E+00    0.00000000E+00
   1.77190180E+02    0.00000000E+00    0.00000000E+00
   1.78665233E+02    0.00000000E+00    0.00000000E+00
   1.80152565E+02    0.00000000E+00    0.00000000E+00
   1.81652279E+02    0.00000000E+00    0.00000000E+00
   1.83164478E+02    0.00000000E+00    0.00000000E+00
   1.84689265E+02    0.00000000E+00    0.00000000E+00
   1.86226746E+02    0.00000000E+00    0.00000000E+00
   1.87777025E+02    0.00000000E+00    0.00000000E+00
   1.89340211E+02    0.00000000E+00    0.00000000E+00
   1.90916409E+02    0.00000000E+00    0.00000000E+00
   1.92505729E+02    0.00000000E+00    0.00000000E+00
   1.94108279E+02    0.00000000E+00    0.00000000E+00
   1.95724170E+02    0.00000000E+00    0.00000000E+00
   1.97353513E+02    0.00000000E+00    0.00000000E+00
   1.98996419E+02    0.00000000E+00    0.00000000E+00
   2.00653002E+02    0.00000000E+00    0.00000000E+00
   2.02323376E+02    0.00000000E+00    0.00000000E+00
   2.04007655E+02    0.00000000E+00    0.00000000E+00
   2.05705955E+02    0.00000000E+00    0.00000000E+00
   2.07418394E+02    0.00000000E+00    0.00000000E+00
   2.09145087E+02    0.00000000E+00    0.00000000E+00
   2.10886155E+02    0.00000000E+00    0.00000000E+00
   2.12641716E+02    0.00000000E+00    0.00000000E+00
   2.14411892E+02    0.00000000E+00    0.00000000E+00
   2.16196805E+02    0.00000000E+00    0.00000000E+00
   2.17996576E+02    0.00000000E+00    0.00000000E+00
   2.19811329E+02    0.00000000E+00    0.00000000E+00
   2.21641190E+02    0.00000000E+00    0.00000000E+00
   2.23486284E+02    0.00000000E+00    0.00000000E+00
   2.25346738E+02    0.00000000E+00    0.00000000E+00
   2.27222679E+02    0.00000000E+00    0.00000000E+00
   2.29114237E+02    0.00000000E+00    0.00000000E+00
   2.31021542E+02    0.00000000E+00    0.00000000E+00
   2.32944724E+02    0.00000000E+00    0.00000000E+00
   2.34883917E+02    0.00000000E+00    0.00000000E+00
   2.36839252E+02    0.00000000E+00    0.00000000E+00
   2.38810865E+02    0.00000000E+00    0.00000000E+00
   2.40798891E+02    0.00000000E+00    0.00000000E+00
   2.42803467E+02    0.00000000E+00    0.00000000E+00
   2.44824730E+02    0.00000000E+00    0.00000000E+00
   2.46862820E+02    0.00000000E+00    0.00000000E+00
   2.48917876E+02    0.00000000E+00    0.00000000E+00
   2.50990040E+02    0.00000000E+00    0.00000000E+00
   2.53079454E+02    0.00000000E+00    0.00000000E+00
   2.55186261E+02    0.00000000E+00    0.00000000E+00
   2.57310608E+02    0.00000000E+00    0.00000000E+00
   2.59452638E+02    0.00000000E+00    0.00000000E+00
   2.61612501E+02    0.00000000E+00    0.00000000E+00
   2.63790343E+02    0.00000000E+00    0.00000000E+00
   2.65986316E+02    0.00000000E+00    0.00000000E+00
   2.68200569E+02    0.00000000E+00    0.00000000E+00
   2.70433255E+02    0.00000000E+00    0.00000000E+00
   2.72684528E+02    0.00000000E+00    0.00000000E+00
   2.74954542E+02    0.00000000E+00    0.00000000E+00
