# Peaks:     0.006131      0.041614      0.124305      0.289554      0.641753      1.571126      5.539519  
   9.16515116E-05    1.88094496E+01   -4.37170404E+04
   9.24144819E-05    1.87773309E+01   -4.33115348E+04
   9.31838037E-05    1.87449693E+01   -4.29093681E+04
   9.39595298E-05    1.87123883E+01   -4.25105421E+04
   9.47417136E-05    1.86796126E+01   -4.21150594E+04
   9.55304089E-05    1.86466683E+01   -4.17229235E+04
   9.63256698E-05    1.86135827E+01   -4.13341387E+04
   9.71275510E-05    1.85803845E+01   -4.09487099E+04
   9.79361076E-05    1.85471039E+01   -4.05666431E+04
   9.87513952E-05    1.85137727E+01   -4.01879447E+04
   9.95734699E-05    1.84804239E+01   -3.98126224E+04
   1.00402388E-04    1.84470924E+01   -3.94406844E+04
   1.01238207E-04    1.84138147E+01   -3.90721399E+04
   1.02080983E-04    1.83806288E+01   -3.87069989E+04
   1.02930776E-04    1.83475677E+01   -3.83452653E+04
   1.03787642E-04    1.83146329E+01   -3.79869117E+04
   1.04651642E-04    1.82818163E+01   -3.76319017E+04
   1.05522834E-04    1.82491094E+01   -3.72801986E+04
   1.06401279E-04    1.82165026E+01   -3.69317660E+04
   1.07287037E-04    1.81839860E+01   -3.65865675E+04
   1.08180168E-04    1.81515489E+01   -3.62445665E+04
   1.09080734E-04    1.81191799E+01   -3.59057265E+04
   1.09988797E-04    1.80868668E+01   -3.55700110E+04
   1.10904420E-04    1.80545966E+01   -3.52373834E+04
   1.11827664E-04    1.80223556E+01   -3.49078071E+04
   1.12758595E-04    1.79901292E+01   -3.45812455E+04
   1.13697275E-04    1.79579073E+01   -3.42576660E+04
   1.14643769E-04    1.79256917E+01   -3.39370455E+04
   1.15598143E-04    1.78934863E+01   -3.36193627E+04
   1.16560462E-04    1.78612949E+01   -3.33045962E+04
   1.17530791E-04    1.78291214E+01   -3.29927250E+04
   1.18509198E-04    1.77969696E+01   -3.26837282E+04
   1.19495751E-04    1.77648438E+01   -3.23775854E+04
   1.20490516E-04    1.77327478E+01   -3.20742759E+04
   1.21493562E-04    1.77006861E+01   -3.17737797E+04
   1.22504958E-04    1.76686627E+01   -3.14760768E+04
   1.23524773E-04    1.76366821E+01   -3.11811472E+04
   1.24553079E-04    1.76047461E+01   -3.08889691E+04
   1.25589944E-04    1.75728545E+01   -3.05995183E+04
   1.26635441E-04    1.75410063E+01   -3.03127707E+04
   1.27689642E-04    1.75092007E+01   -3.00287021E+04
   1.28752618E-04    1.74774364E+01   -2.97472887E+04
   1.29824444E-04    1.74457121E+01   -2.94685064E+04
   1.30905192E-04    1.74140261E+01   -2.91923316E+04
   1.31994937E-04    1.73823768E+01   -2.89187405E+04
   1.33093754E-04    1.73507620E+01   -2.86477096E+04
   1.34201718E-04    1.73191796E+01   -2.83792154E+04
   1.35318905E-04    1.72876291E+01   -2.81132356E+04
   1.36445393E-04    1.72561112E+01   -2.78497488E+04
   1.37581258E-04    1.72246266E+01   -2.75887336E+04
   1.38726580E-04    1.71931760E+01   -2.73301688E+04
   1.39881435E-04    1.71617599E+01   -2.70740335E+04
   1.41045904E-04    1.71303785E+01   -2.68203065E+04
   1.42220068E-04    1.70990322E+01   -2.65689671E+04
   1.43404006E-04    1.70677211E+01   -2.63199944E+04
   1.44597799E-04    1.70364452E+01   -2.60733678E+04
   1.45801531E-04    1.70052047E+01   -2.58290666E+04
   1.47015283E-04    1.69739999E+01   -2.55870705E+04
   1.48239140E-04    1.69428309E+01   -2.53473591E+04
   1.49473184E-04    1.69116978E+01   -2.51099121E+04
   1.50717502E-04    1.68806005E+01   -2.48747094E+04
   1.51972178E-04    1.68495388E+01   -2.46417308E+04
   1.53237299E-04    1.68185124E+01   -2.44109563E+04
   1.54512952E-04    1.67875207E+01   -2.41823660E+04
   1.55799224E-04    1.67565631E+01   -2.39559400E+04
   1.57096204E-04    1.67256388E+01   -2.37316586E+04
   1.58403981E-04    1.66947482E+01   -2.35095026E+04
   1.59722645E-04    1.66638915E+01   -2.32894533E+04
   1.61052287E-04    1.66330692E+01   -2.30714919E+04
   1.62392997E-04    1.66022815E+01   -2.28555997E+04
   1.63744868E-04    1.65715285E+01   -2.26417582E+04
   1.65107993E-04    1.65408101E+01   -2.24299487E+04
   1.66482465E-04    1.65101262E+01   -2.22201529E+04
   1.67868380E-04    1.64794764E+01   -2.20123523E+04
   1.69265832E-04    1.64488604E+01   -2.18065285E+04
   1.70674917E-04    1.64182774E+01   -2.16026634E+04
   1.72095733E-04    1.63877272E+01   -2.14007389E+04
   1.73528376E-04    1.63572101E+01   -2.12007376E+04
   1.74972946E-04    1.63267266E+01   -2.10026423E+04
   1.76429541E-04    1.62962769E+01   -2.08064357E+04
   1.77898262E-04    1.62658609E+01   -2.06121006E+04
   1.79379210E-04    1.62354788E+01   -2.04196199E+04
   1.80872486E-04    1.62051303E+01   -2.02289765E+04
   1.82378193E-04    1.61748151E+01   -2.00401535E+04
   1.83896435E-04    1.61445327E+01   -1.98531337E+04
   1.85427315E-04    1.61142826E+01   -1.96679004E+04
   1.86970940E-04    1.60840644E+01   -1.94844368E+04
   1.88527415E-04    1.60538783E+01   -1.93027269E+04
   1.90096847E-04    1.60237247E+01   -1.91227548E+04
   1.91679344E-04    1.59936038E+01   -1.89445046E+04
   1.93275015E-04    1.59635157E+01   -1.87679605E+04
   1.94883969E-04    1.59334603E+01   -1.85931066E+04
   1.96506318E-04    1.59034375E+01   -1.84199274E+04
   1.98142171E-04    1.58734468E+01   -1.82484069E+04
   1.99791643E-04    1.58434879E+01   -1.80785297E+04
   2.01454847E-04    1.58135601E+01   -1.79102800E+04
   2.03131895E-04    1.57836632E+01   -1.77436427E+04
   2.04822905E-04    1.57537976E+01   -1.75786030E+04
   2.06527992E-04    1.57239635E+01   -1.74151463E+04
   2.08247273E-04    1.56941610E+01   -1.72532579E+04
   2.09980867E-04    1.56643902E+01   -1.70929234E+04
   2.11728892E-04    1.56346510E+01   -1.69341280E+04
   2.13491469E-04    1.56049432E+01   -1.67768575E+04
   2.15268719E-04    1.55752663E+01   -1.66210972E+04
   2.17060765E-04    1.55456198E+01   -1.64668328E+04
   2.18867728E-04    1.55160031E+01   -1.63140498E+04
   2.20689733E-04    1.54864161E+01   -1.61627343E+04
   2.22526907E-04    1.54568590E+01   -1.60128729E+04
   2.24379374E-04    1.54273323E+01   -1.58644521E+04
   2.26247262E-04    1.53978360E+01   -1.57174586E+04
   2.28130700E-04    1.53683703E+01   -1.55718791E+04
   2.30029817E-04    1.53389351E+01   -1.54277003E+04
   2.31944744E-04    1.53095302E+01   -1.52849089E+04
   2.33875612E-04    1.52801553E+01   -1.51434916E+04
   2.35822553E-04    1.52508100E+01   -1.50034354E+04
   2.37785703E-04    1.52214937E+01   -1.48647269E+04
   2.39765195E-04    1.51922056E+01   -1.47273530E+04
   2.41761165E-04    1.51629458E+01   -1.45913012E+04
   2.43773752E-04    1.51337146E+01   -1.44565594E+04
   2.45803092E-04    1.51045122E+01   -1.43231152E+04
   2.47849327E-04    1.50753388E+01   -1.41909566E+04
   2.49912595E-04    1.50461944E+01   -1.40600715E+04
   2.51993040E-04    1.50170788E+01   -1.39304477E+04
   2.54090803E-04    1.49879919E+01   -1.38020732E+04
   2.56206030E-04    1.49589333E+01   -1.36749359E+04
   2.58338865E-04    1.49299023E+01   -1.35490238E+04
   2.60489456E-04    1.49008985E+01   -1.34243248E+04
   2.62657950E-04    1.48719215E+01   -1.33008275E+04
   2.64844495E-04    1.48429718E+01   -1.31785207E+04
   2.67049243E-04    1.48140496E+01   -1.30573932E+04
   2.69272345E-04    1.47851549E+01   -1.29374339E+04
   2.71513953E-04    1.47562877E+01   -1.28186317E+04
   2.73774223E-04    1.47274480E+01   -1.27009756E+04
   2.76053308E-04    1.46986354E+01   -1.25844545E+04
   2.78351365E-04    1.46698496E+01   -1.24690574E+04
   2.80668554E-04    1.46410900E+01   -1.23547733E+04
   2.83005032E-04    1.46123559E+01   -1.22415912E+04
   2.85360961E-04    1.45836470E+01   -1.21295004E+04
   2.87736502E-04    1.45549638E+01   -1.20184908E+04
   2.90131819E-04    1.45263065E+01   -1.19085523E+04
   2.92547076E-04    1.44976751E+01   -1.17996748E+04
   2.94982439E-04    1.44690699E+01   -1.16918482E+04
   2.97438076E-04    1.44404907E+01   -1.15850625E+04
   2.99914156E-04    1.44119373E+01   -1.14793076E+04
   3.02410848E-04    1.43834094E+01   -1.13745735E+04
   3.04928324E-04    1.43549065E+01   -1.12708502E+04
   3.07466757E-04    1.43264281E+01   -1.11681277E+04
   3.10026322E-04    1.42979735E+01   -1.10663960E+04
   3.12607195E-04    1.42695422E+01   -1.09656455E+04
   3.15209552E-04    1.42411348E+01   -1.08658670E+04
   3.17833574E-04    1.42127514E+01   -1.07670515E+04
   3.20479439E-04    1.41843922E+01   -1.06691897E+04
   3.23147331E-04    1.41560572E+01   -1.05722726E+04
   3.25837432E-04    1.41277463E+01   -1.04762912E+04
   3.28549927E-04    1.40994595E+01   -1.03812363E+04
   3.31285003E-04    1.40711962E+01   -1.02870990E+04
   3.34042847E-04    1.40429562E+01   -1.01938701E+04
   3.36823650E-04    1.40147387E+01   -1.01015406E+04
   3.39627602E-04    1.39865432E+01   -1.00101016E+04
   3.42454896E-04    1.39583696E+01   -9.91954444E+03
   3.45305726E-04    1.39302181E+01   -9.82986088E+03
   3.48180289E-04    1.39020888E+01   -9.74104263E+03
   3.51078781E-04    1.38739820E+01   -9.65308144E+03
   3.54001403E-04    1.38458974E+01   -9.56596904E+03
   3.56948354E-04    1.38178349E+01   -9.47969720E+03
   3.59919838E-04    1.37897942E+01   -9.39425767E+03
   3.62916059E-04    1.37617748E+01   -9.30964222E+03
   3.65937222E-04    1.37337763E+01   -9.22584263E+03
   3.68983535E-04    1.37057978E+01   -9.14285070E+03
   3.72055208E-04    1.36778395E+01   -9.06065867E+03
   3.75152452E-04    1.36499015E+01   -8.97925901E+03
   3.78275479E-04    1.36219840E+01   -8.89864423E+03
   3.81424505E-04    1.35940872E+01   -8.81880683E+03
   3.84599745E-04    1.35662111E+01   -8.73973934E+03
   3.87801418E-04    1.35383554E+01   -8.66143428E+03
   3.91029744E-04    1.35105200E+01   -8.58388419E+03
   3.94284945E-04    1.34827044E+01   -8.50708159E+03
   3.97567245E-04    1.34549082E+01   -8.43101903E+03
   4.00876868E-04    1.34271307E+01   -8.35568905E+03
   4.04214043E-04    1.33993712E+01   -8.28108422E+03
   4.07578999E-04    1.33716296E+01   -8.20719756E+03
   4.10971968E-04    1.33439062E+01   -8.13402230E+03
   4.14393181E-04    1.33162013E+01   -8.06155169E+03
   4.17842875E-04    1.32885148E+01   -7.98977900E+03
   4.21321287E-04    1.32608468E+01   -7.91869749E+03
   4.24828656E-04    1.32331971E+01   -7.84830045E+03
   4.28365222E-04    1.32055655E+01   -7.77858114E+03
   4.31931229E-04    1.31779516E+01   -7.70953285E+03
   4.35526922E-04    1.31503549E+01   -7.64114885E+03
   4.39152548E-04    1.31227748E+01   -7.57342244E+03
   4.42808356E-04    1.30952106E+01   -7.50634691E+03
   4.46494598E-04    1.30676621E+01   -7.43991598E+03
   4.50211527E-04    1.30401297E+01   -7.37412357E+03
   4.53959397E-04    1.30126136E+01   -7.30896363E+03
   4.57738468E-04    1.29851139E+01   -7.24443010E+03
   4.61548998E-04    1.29576305E+01   -7.18051694E+03
   4.65391250E-04    1.29301633E+01   -7.11721811E+03
   4.69265487E-04    1.29027121E+01   -7.05452757E+03
   4.73171976E-04    1.28752766E+01   -6.99243927E+03
   4.77110985E-04    1.28478563E+01   -6.93094719E+03
   4.81082786E-04    1.28204505E+01   -6.87004527E+03
   4.85087650E-04    1.27930585E+01   -6.80972748E+03
   4.89125854E-04    1.27656801E+01   -6.74998807E+03
   4.93197674E-04    1.27383155E+01   -6.69082156E+03
   4.97303391E-04    1.27109648E+01   -6.63222248E+03
   5.01443287E-04    1.26836281E+01   -6.57418539E+03
   5.05617646E-04    1.26563053E+01   -6.51670482E+03
   5.09826756E-04    1.26289962E+01   -6.45977533E+03
   5.14070905E-04    1.26017006E+01   -6.40339145E+03
   5.18350385E-04    1.25744180E+01   -6.34754773E+03
   5.22665491E-04    1.25471479E+01   -6.29223873E+03
   5.27016518E-04    1.25198896E+01   -6.23745897E+03
   5.31403767E-04    1.24926428E+01   -6.18320317E+03
   5.35827537E-04    1.24654075E+01   -6.12946636E+03
   5.40288135E-04    1.24381842E+01   -6.07624363E+03
   5.44785865E-04    1.24109727E+01   -6.02353003E+03
   5.49321038E-04    1.23837731E+01   -5.97132065E+03
   5.53893965E-04    1.23565853E+01   -5.91961056E+03
   5.58504959E-04    1.23294092E+01   -5.86839485E+03
   5.63154339E-04    1.23022442E+01   -5.81766859E+03
   5.67842424E-04    1.22750900E+01   -5.76742685E+03
   5.72569535E-04    1.22479460E+01   -5.71766471E+03
   5.77335998E-04    1.22208115E+01   -5.66837722E+03
   5.82142141E-04    1.21936859E+01   -5.61955956E+03
   5.86988293E-04    1.21665693E+01   -5.57120726E+03
   5.91874787E-04    1.21394619E+01   -5.52331588E+03
   5.96801961E-04    1.21123639E+01   -5.47588102E+03
   6.01770151E-04    1.20852751E+01   -5.42889826E+03
   6.06779700E-04    1.20581956E+01   -5.38236320E+03
   6.11830952E-04    1.20311251E+01   -5.33627143E+03
   6.16924255E-04    1.20040634E+01   -5.29061852E+03
   6.22059957E-04    1.19770098E+01   -5.24540006E+03
   6.27238412E-04    1.19499640E+01   -5.20061163E+03
   6.32459977E-04    1.19229253E+01   -5.15624880E+03
   6.37725009E-04    1.18958930E+01   -5.11230723E+03
   6.43033871E-04    1.18688672E+01   -5.06878290E+03
   6.48386928E-04    1.18418482E+01   -5.02567183E+03
   6.53784547E-04    1.18148361E+01   -4.98297009E+03
   6.59227100E-04    1.17878308E+01   -4.94067369E+03
   6.64714960E-04    1.17608323E+01   -4.89877870E+03
   6.70248505E-04    1.17338403E+01   -4.85728113E+03
   6.75828116E-04    1.17068545E+01   -4.81617703E+03
   6.81454174E-04    1.16798745E+01   -4.77546243E+03
   6.87127068E-04    1.16528997E+01   -4.73513335E+03
   6.92847187E-04    1.16259295E+01   -4.69518582E+03
   6.98614924E-04    1.15989633E+01   -4.65561589E+03
   7.04430676E-04    1.15720008E+01   -4.61641992E+03
   7.10294842E-04    1.15450425E+01   -4.57759436E+03
   7.16207825E-04    1.15180883E+01   -4.53913565E+03
   7.22170032E-04    1.14911383E+01   -4.50104026E+03
   7.28181873E-04    1.14641924E+01   -4.46330462E+03
   7.34243760E-04    1.14372503E+01   -4.42592519E+03
   7.40356111E-04    1.14103118E+01   -4.38889841E+03
   7.46519345E-04    1.13833764E+01   -4.35222072E+03
   7.52733886E-04    1.13564436E+01   -4.31588854E+03
   7.59000161E-04    1.13295127E+01   -4.27989832E+03
   7.65318601E-04    1.13025832E+01   -4.24424651E+03
   7.71689640E-04    1.12756549E+01   -4.20892985E+03
   7.78113716E-04    1.12487281E+01   -4.17394516E+03
   7.84591271E-04    1.12218029E+01   -4.13928924E+03
   7.91122749E-04    1.11948791E+01   -4.10495891E+03
   7.97708599E-04    1.11679567E+01   -4.07095096E+03
   8.04349275E-04    1.11410355E+01   -4.03726219E+03
   8.11045232E-04    1.11141150E+01   -4.00388942E+03
   8.17796931E-04    1.10871949E+01   -3.97082943E+03
   8.24604836E-04    1.10602746E+01   -3.93807900E+03
   8.31469414E-04    1.10333534E+01   -3.90563492E+03
   8.38391138E-04    1.10064308E+01   -3.87349407E+03
   8.45370484E-04    1.09795069E+01   -3.84165354E+03
   8.52407930E-04    1.09525818E+01   -3.81011046E+03
   8.59503960E-04    1.09256555E+01   -3.77886197E+03
   8.66659063E-04    1.08987281E+01   -3.74790520E+03
   8.73873730E-04    1.08717992E+01   -3.71723726E+03
   8.81148457E-04    1.08448687E+01   -3.68685527E+03
   8.88483743E-04    1.08179362E+01   -3.65675636E+03
   8.95880094E-04    1.07910012E+01   -3.62693763E+03
   9.03338016E-04    1.07640630E+01   -3.59739617E+03
   9.10858024E-04    1.07371211E+01   -3.56812911E+03
   9.18440633E-04    1.07101753E+01   -3.53913376E+03
   9.26086366E-04    1.06832256E+01   -3.51040751E+03
   9.33795746E-04    1.06562722E+01   -3.48194775E+03
   9.41569305E-04    1.06293148E+01   -3.45375187E+03
   9.49407576E-04    1.06023533E+01   -3.42581726E+03
   9.57311099E-04    1.05753873E+01   -3.39814131E+03
   9.65280416E-04    1.05484165E+01   -3.37072138E+03
   9.73316075E-04    1.05214404E+01   -3.34355484E+03
   9.81418628E-04    1.04944583E+01   -3.31663906E+03
   9.89588632E-04    1.04674698E+01   -3.28997147E+03
   9.97826650E-04    1.04404749E+01   -3.26354971E+03
   1.00613325E-03    1.04134737E+01   -3.23737141E+03
   1.01450899E-03    1.03864663E+01   -3.21143423E+03
   1.02295446E-03    1.03594526E+01   -3.18573581E+03
   1.03147024E-03    1.03324323E+01   -3.16027379E+03
   1.04005691E-03    1.03054054E+01   -3.13504581E+03
   1.04871506E-03    1.02783712E+01   -3.11004949E+03
   1.05744529E-03    1.02513295E+01   -3.08528245E+03
   1.06624819E-03    1.02242796E+01   -3.06074232E+03
   1.07512437E-03    1.01972207E+01   -3.03642669E+03
   1.08407445E-03    1.01701525E+01   -3.01233327E+03
   1.09309903E-03    1.01430749E+01   -2.98845991E+03
   1.10219874E-03    1.01159880E+01   -2.96480450E+03
   1.11137420E-03    1.00888919E+01   -2.94136494E+03
   1.12062604E-03    1.00617863E+01   -2.91813910E+03
   1.12995491E-03    1.00346712E+01   -2.89512486E+03
   1.13936143E-03    1.00075461E+01   -2.87232009E+03
   1.14884626E-03    9.98041081E+00   -2.84972265E+03
   1.15841005E-03    9.95326468E+00   -2.82733041E+03
   1.16805345E-03    9.92610714E+00   -2.80514120E+03
   1.17777713E-03    9.89893771E+00   -2.78315295E+03
   1.18758176E-03    9.87175643E+00   -2.76136371E+03
   1.19746801E-03    9.84456332E+00   -2.73977157E+03
   1.20743656E-03    9.81735832E+00   -2.71837460E+03
   1.21748809E-03    9.79014127E+00   -2.69717087E+03
   1.22762330E-03    9.76291195E+00   -2.67615845E+03
   1.23784288E-03    9.73567000E+00   -2.65533539E+03
   1.24814754E-03    9.70841498E+00   -2.63469974E+03
   1.25853798E-03    9.68114635E+00   -2.61424956E+03
   1.26901491E-03    9.65386343E+00   -2.59398288E+03
   1.27957907E-03    9.62656588E+00   -2.57389783E+03
   1.29023116E-03    9.59925376E+00   -2.55399267E+03
   1.30097194E-03    9.57192716E+00   -2.53426568E+03
   1.31180212E-03    9.54458602E+00   -2.51471512E+03
   1.32272247E-03    9.51723025E+00   -2.49533925E+03
   1.33373372E-03    9.48985964E+00   -2.47613633E+03
   1.34483664E-03    9.46247389E+00   -2.45710461E+03
   1.35603198E-03    9.43507261E+00   -2.43824233E+03
   1.36732053E-03    9.40765529E+00   -2.41954773E+03
   1.37870305E-03    9.38022133E+00   -2.40101903E+03
   1.39018032E-03    9.35277001E+00   -2.38265446E+03
   1.40175314E-03    9.32530104E+00   -2.36445236E+03
   1.41342230E-03    9.29781451E+00   -2.34641118E+03
   1.42518860E-03    9.27031049E+00   -2.32852936E+03
   1.43705285E-03    9.24278896E+00   -2.31080536E+03
   1.44901586E-03    9.21524980E+00   -2.29323761E+03
   1.46107847E-03    9.18769283E+00   -2.27582456E+03
   1.47324149E-03    9.16011775E+00   -2.25856463E+03
   1.48550577E-03    9.13252418E+00   -2.24145626E+03
   1.49787214E-03    9.10491164E+00   -2.22449785E+03
   1.51034146E-03    9.07727952E+00   -2.20768782E+03
   1.52291458E-03    9.04962715E+00   -2.19102457E+03
   1.53559237E-03    9.02195420E+00   -2.17450661E+03
   1.54837570E-03    8.99426079E+00   -2.15813254E+03
   1.56126545E-03    8.96654697E+00   -2.14190098E+03
   1.57426250E-03    8.93881272E+00   -2.12581054E+03
   1.58736774E-03    8.91105793E+00   -2.10985983E+03
   1.60058208E-03    8.88328242E+00   -2.09404743E+03
   1.61390643E-03    8.85548590E+00   -2.07837195E+03
   1.62734170E-03    8.82766798E+00   -2.06283196E+03
   1.64088881E-03    8.79982821E+00   -2.04742605E+03
   1.65454870E-03    8.77196599E+00   -2.03215279E+03
   1.66832230E-03    8.74408064E+00   -2.01701074E+03
   1.68221057E-03    8.71617183E+00   -2.00199854E+03
   1.69621445E-03    8.68823969E+00   -1.98711497E+03
   1.71033490E-03    8.66028425E+00   -1.97235878E+03
   1.72457291E-03    8.63230552E+00   -1.95772872E+03
   1.73892944E-03    8.60430339E+00   -1.94322354E+03
   1.75340549E-03    8.57627769E+00   -1.92884199E+03
   1.76800204E-03    8.54822814E+00   -1.91458280E+03
   1.78272011E-03    8.52015438E+00   -1.90044470E+03
   1.79756070E-03    8.49205595E+00   -1.88642642E+03
   1.81252483E-03    8.46393228E+00   -1.87252667E+03
   1.82761354E-03    8.43578271E+00   -1.85874416E+03
   1.84282785E-03    8.40760691E+00   -1.84507768E+03
   1.85816882E-03    8.37940497E+00   -1.83152610E+03
   1.87363750E-03    8.35117697E+00   -1.81808833E+03
   1.88923494E-03    8.32292291E+00   -1.80476325E+03
   1.90496224E-03    8.29464270E+00   -1.79154973E+03
   1.92082045E-03    8.26633617E+00   -1.77844665E+03
   1.93681069E-03    8.23800308E+00   -1.76545288E+03
   1.95293403E-03    8.20964309E+00   -1.75256728E+03
   1.96919160E-03    8.18125574E+00   -1.73978870E+03
   1.98558451E-03    8.15284051E+00   -1.72711599E+03
   2.00211388E-03    8.12439674E+00   -1.71454799E+03
   2.01878085E-03    8.09592407E+00   -1.70208359E+03
   2.03558658E-03    8.06742260E+00   -1.68972181E+03
   2.05253220E-03    8.03889243E+00   -1.67746164E+03
   2.06961889E-03    8.01033357E+00   -1.66530209E+03
   2.08684783E-03    7.98174596E+00   -1.65324216E+03
   2.10422018E-03    7.95312946E+00   -1.64128085E+03
   2.12173716E-03    7.92448385E+00   -1.62941713E+03
   2.13939996E-03    7.89580880E+00   -1.61764999E+03
   2.15720980E-03    7.86710390E+00   -1.60597839E+03
   2.17516790E-03    7.83836866E+00   -1.59440131E+03
   2.19327550E-03    7.80960245E+00   -1.58291770E+03
   2.21153383E-03    7.78080484E+00   -1.57152655E+03
   2.22994416E-03    7.75197592E+00   -1.56022696E+03
   2.24850775E-03    7.72311583E+00   -1.54901806E+03
   2.26722588E-03    7.69422461E+00   -1.53789896E+03
   2.28609983E-03    7.66530223E+00   -1.52686876E+03
   2.30513090E-03    7.63634861E+00   -1.51592656E+03
   2.32432040E-03    7.60736355E+00   -1.50507145E+03
   2.34366964E-03    7.57834680E+00   -1.49430254E+03
   2.36317996E-03    7.54929798E+00   -1.48361888E+03
   2.38285270E-03    7.52021665E+00   -1.47301957E+03
   2.40268920E-03    7.49110224E+00   -1.46250366E+03
   2.42269084E-03    7.46195422E+00   -1.45207022E+03
   2.44285899E-03    7.43277257E+00   -1.44171843E+03
   2.46319503E-03    7.40355748E+00   -1.43144752E+03
   2.48370036E-03    7.37430904E+00   -1.42125668E+03
   2.50437639E-03    7.34502728E+00   -1.41114513E+03
   2.52522455E-03    7.31571215E+00   -1.40111207E+03
   2.54624626E-03    7.28636352E+00   -1.39115668E+03
   2.56744296E-03    7.25698119E+00   -1.38127815E+03
   2.58881613E-03    7.22756486E+00   -1.37147567E+03
   2.61036721E-03    7.19811414E+00   -1.36174840E+03
   2.63209771E-03    7.16862854E+00   -1.35209551E+03
   2.65400910E-03    7.13910752E+00   -1.34251615E+03
   2.67610290E-03    7.10955091E+00   -1.33300957E+03
   2.69838062E-03    7.07995892E+00   -1.32357506E+03
   2.72084380E-03    7.05033170E+00   -1.31421192E+03
   2.74349398E-03    7.02066935E+00   -1.30491945E+03
   2.76633271E-03    6.99097187E+00   -1.29569693E+03
   2.78936157E-03    6.96123920E+00   -1.28654365E+03
   2.81258214E-03    6.93147119E+00   -1.27745888E+03
   2.83599601E-03    6.90166762E+00   -1.26844188E+03
   2.85960479E-03    6.87182817E+00   -1.25949193E+03
   2.88341011E-03    6.84195244E+00   -1.25060827E+03
   2.90741360E-03    6.81203991E+00   -1.24179015E+03
   2.93161692E-03    6.78209027E+00   -1.23303685E+03
   2.95602171E-03    6.75210372E+00   -1.22434774E+03
   2.98062967E-03    6.72208047E+00   -1.21572220E+03
   3.00544249E-03    6.69202067E+00   -1.20715961E+03
   3.03046186E-03    6.66192441E+00   -1.19865932E+03
   3.05568951E-03    6.63179169E+00   -1.19022071E+03
   3.08112718E-03    6.60162245E+00   -1.18184313E+03
   3.10677660E-03    6.57141653E+00   -1.17352592E+03
   3.13263955E-03    6.54117369E+00   -1.16526844E+03
   3.15871780E-03    6.51089362E+00   -1.15707002E+03
   3.18501314E-03    6.48057590E+00   -1.14892997E+03
   3.21152738E-03    6.45022012E+00   -1.14084764E+03
   3.23826235E-03    6.41982641E+00   -1.13282245E+03
   3.26521987E-03    6.38939506E+00   -1.12485384E+03
   3.29240181E-03    6.35892629E+00   -1.11694127E+03
   3.31981003E-03    6.32842026E+00   -1.10908418E+03
   3.34744642E-03    6.29787705E+00   -1.10128199E+03
   3.37531287E-03    6.26729667E+00   -1.09353414E+03
   3.40341129E-03    6.23667907E+00   -1.08584006E+03
   3.43174363E-03    6.20602409E+00   -1.07819915E+03
   3.46031183E-03    6.17533151E+00   -1.07061082E+03
   3.48911785E-03    6.14460100E+00   -1.06307447E+03
   3.51816367E-03    6.11383216E+00   -1.05558950E+03
   3.54745129E-03    6.08302501E+00   -1.04815537E+03
   3.57698271E-03    6.05217990E+00   -1.04077159E+03
   3.60675998E-03    6.02129712E+00   -1.03343766E+03
   3.63678513E-03    5.99037693E+00   -1.02615311E+03
   3.66706024E-03    5.95941950E+00   -1.01891742E+03
   3.69758737E-03    5.92842492E+00   -1.01173009E+03
   3.72836864E-03    5.89739324E+00   -1.00459061E+03
   3.75940614E-03    5.86632440E+00   -9.97498469E+02
   3.79070203E-03    5.83521826E+00   -9.90453127E+02
   3.82225844E-03    5.80407462E+00   -9.83454057E+02
   3.85407755E-03    5.77289317E+00   -9.76500716E+02
   3.88616155E-03    5.74167379E+00   -9.69592597E+02
   3.91851264E-03    5.71041690E+00   -9.62729265E+02
   3.95113303E-03    5.67912288E+00   -9.55910291E+02
   3.98402498E-03    5.64779206E+00   -9.49135239E+02
   4.01719075E-03    5.61642472E+00   -9.42403670E+02
   4.05063261E-03    5.58502106E+00   -9.35715136E+02
   4.08435287E-03    5.55358121E+00   -9.29069186E+02
   4.11835384E-03    5.52210522E+00   -9.22465360E+02
   4.15263785E-03    5.49059308E+00   -9.15903192E+02
   4.18720727E-03    5.45904467E+00   -9.09382208E+02
   4.22206446E-03    5.42745980E+00   -9.02901928E+02
   4.25721183E-03    5.39583833E+00   -8.96461879E+02
   4.29265180E-03    5.36418065E+00   -8.90061668E+02
   4.32838679E-03    5.33248726E+00   -8.83700921E+02
   4.36441926E-03    5.30075861E+00   -8.77379256E+02
   4.40075169E-03    5.26899509E+00   -8.71096290E+02
   4.43738658E-03    5.23719703E+00   -8.64851630E+02
   4.47432644E-03    5.20536467E+00   -8.58644881E+02
   4.51157381E-03    5.17349821E+00   -8.52475638E+02
   4.54913126E-03    5.14159774E+00   -8.46343492E+02
   4.58700136E-03    5.10966330E+00   -8.40248025E+02
   4.62518672E-03    5.07769483E+00   -8.34188813E+02
   4.66368996E-03    5.04569220E+00   -8.28165425E+02
   4.70251373E-03    5.01365565E+00   -8.22177481E+02
   4.74166069E-03    4.98158579E+00   -8.16224654E+02
   4.78113354E-03    4.94948322E+00   -8.10306617E+02
   4.82093499E-03    4.91734846E+00   -8.04423036E+02
   4.86106777E-03    4.88518197E+00   -7.98573572E+02
   4.90153464E-03    4.85298415E+00   -7.92757880E+02
   4.94233839E-03    4.82075533E+00   -7.86975609E+02
   4.98348182E-03    4.78849579E+00   -7.81226402E+02
   5.02496776E-03    4.75620569E+00   -7.75509894E+02
   5.06679905E-03    4.72388514E+00   -7.69825715E+02
   5.10897857E-03    4.69153417E+00   -7.64173484E+02
   5.15150923E-03    4.65915287E+00   -7.58552834E+02
   5.19439394E-03    4.62674186E+00   -7.52963469E+02
   5.23763565E-03    4.59430190E+00   -7.47405109E+02
   5.28123734E-03    4.56183365E+00   -7.41877468E+02
   5.32520199E-03    4.52933775E+00   -7.36380256E+02
   5.36953264E-03    4.49681476E+00   -7.30913177E+02
   5.41423233E-03    4.46426518E+00   -7.25475928E+02
   5.45930413E-03    4.43168944E+00   -7.20068203E+02
   5.50475113E-03    4.39908791E+00   -7.14689685E+02
   5.55057647E-03    4.36646087E+00   -7.09340054E+02
   5.59678329E-03    4.33380853E+00   -7.04018981E+02
   5.64337477E-03    4.30113102E+00   -6.98726129E+02
   5.69035411E-03    4.26842878E+00   -6.93461204E+02
   5.73772453E-03    4.23570269E+00   -6.88223966E+02
   5.78548930E-03    4.20295361E+00   -6.83014175E+02
   5.83365170E-03    4.17018233E+00   -6.77831584E+02
   5.88221503E-03    4.13738960E+00   -6.72675943E+02
   5.93118264E-03    4.10457610E+00   -6.67546995E+02
   5.98055789E-03    4.07174244E+00   -6.62444477E+02
   6.03034417E-03    4.03888918E+00   -6.57368120E+02
   6.08054491E-03    4.00601680E+00   -6.52317650E+02
   6.13116355E-03    3.97312570E+00   -6.47292783E+02
   6.18220358E-03    3.94021619E+00   -6.42293229E+02
   6.23366850E-03    3.90728865E+00   -6.37318704E+02
   6.28556185E-03    3.87434396E+00   -6.32368992E+02
   6.33788720E-03    3.84138318E+00   -6.27443891E+02
   6.39064813E-03    3.80840730E+00   -6.22543200E+02
   6.44384829E-03    3.77541724E+00   -6.17666709E+02
   6.49749132E-03    3.74241389E+00   -6.12814203E+02
   6.55158091E-03    3.70939807E+00   -6.07985463E+02
   6.60612078E-03    3.67637054E+00   -6.03180263E+02
   6.66111468E-03    3.64333198E+00   -5.98398370E+02
   6.71656639E-03    3.61028301E+00   -5.93639546E+02
   6.77247971E-03    3.57722417E+00   -5.88903545E+02
   6.82885849E-03    3.54415591E+00   -5.84190112E+02
   6.88570662E-03    3.51107889E+00   -5.79499015E+02
   6.94302798E-03    3.47799427E+00   -5.74830088E+02
   7.00082652E-03    3.44490330E+00   -5.70183170E+02
   7.05910623E-03    3.41180716E+00   -5.65558096E+02
   7.11787109E-03    3.37870697E+00   -5.60954697E+02
   7.17712515E-03    3.34560383E+00   -5.56372796E+02
   7.23687248E-03    3.31249874E+00   -5.51812214E+02
   7.29711719E-03    3.27939267E+00   -5.47272764E+02
   7.35786342E-03    3.24628649E+00   -5.42754252E+02
   7.41911534E-03    3.21318104E+00   -5.38256479E+02
   7.48087716E-03    3.18007705E+00   -5.33779237E+02
   7.54315314E-03    3.14697520E+00   -5.29322314E+02
   7.60594754E-03    3.11387636E+00   -5.24885521E+02
   7.66926468E-03    3.08078191E+00   -5.20468723E+02
   7.73310892E-03    3.04769318E+00   -5.16071788E+02
   7.79748465E-03    3.01461151E+00   -5.11694578E+02
   7.86239628E-03    2.98153815E+00   -5.07336949E+02
   7.92784828E-03    2.94847429E+00   -5.02998754E+02
   7.99384515E-03    2.91542108E+00   -4.98679837E+02
   8.06039142E-03    2.88237957E+00   -4.94380038E+02
   8.12749167E-03    2.84935078E+00   -4.90099189E+02
   8.19515051E-03    2.81633563E+00   -4.85837116E+02
   8.26337258E-03    2.78333531E+00   -4.81593674E+02
   8.33216259E-03    2.75035135E+00   -4.77368757E+02
   8.40152524E-03    2.71738528E+00   -4.73162258E+02
   8.47146533E-03    2.68443858E+00   -4.68974068E+02
   8.54198764E-03    2.65151268E+00   -4.64804068E+02
   8.61309702E-03    2.61860893E+00   -4.60652138E+02
   8.68479837E-03    2.58572864E+00   -4.56518149E+02
   8.75709662E-03    2.55287304E+00   -4.52401967E+02
   8.82999672E-03    2.52004330E+00   -4.48303450E+02
   8.90350369E-03    2.48724048E+00   -4.44222450E+02
   8.97762259E-03    2.45446585E+00   -4.40158835E+02
   9.05235850E-03    2.42172110E+00   -4.36112526E+02
   9.12771657E-03    2.38900798E+00   -4.32083447E+02
   9.20370196E-03    2.35632819E+00   -4.28071516E+02
   9.28031992E-03    2.32368338E+00   -4.24076648E+02
   9.35757569E-03    2.29107511E+00   -4.20098751E+02
   9.43547460E-03    2.25850491E+00   -4.16137727E+02
   9.51402198E-03    2.22597424E+00   -4.12193473E+02
   9.59322325E-03    2.19348448E+00   -4.08265878E+02
   9.67308385E-03    2.16103693E+00   -4.04354825E+02
   9.75360926E-03    2.12863300E+00   -4.00460206E+02
   9.83480502E-03    2.09627456E+00   -3.96581964E+02
   9.91667671E-03    2.06396355E+00   -3.92720049E+02
   9.99922996E-03    2.03170186E+00   -3.88874406E+02
   1.00824704E-02    1.99949131E+00   -3.85044974E+02
   1.01664039E-02    1.96733369E+00   -3.81231688E+02
   1.02510360E-02    1.93523069E+00   -3.77434475E+02
   1.03363727E-02    1.90318397E+00   -3.73653257E+02
   1.04224198E-02    1.87119509E+00   -3.69887950E+02
   1.05091832E-02    1.83926554E+00   -3.66138461E+02
   1.05966688E-02    1.80739680E+00   -3.62404698E+02
   1.06848828E-02    1.77559085E+00   -3.58686620E+02
   1.07738311E-02    1.74384993E+00   -3.54984210E+02
   1.08635199E-02    1.71217623E+00   -3.51297451E+02
   1.09539553E-02    1.68057188E+00   -3.47626316E+02
   1.10451436E-02    1.64903897E+00   -3.43970776E+02
   1.11370910E-02    1.61757950E+00   -3.40330796E+02
   1.12298038E-02    1.58619544E+00   -3.36706336E+02
   1.13232884E-02    1.55488868E+00   -3.33097347E+02
   1.14175513E-02    1.52366103E+00   -3.29503775E+02
   1.15125988E-02    1.49251423E+00   -3.25925559E+02
   1.16084376E-02    1.46144992E+00   -3.22362631E+02
   1.17050743E-02    1.43046978E+00   -3.18814924E+02
   1.18025154E-02    1.39957606E+00   -3.15282431E+02
   1.19007676E-02    1.36877122E+00   -3.11765161E+02
   1.19998378E-02    1.33805765E+00   -3.08263123E+02
   1.20997327E-02    1.30743769E+00   -3.04776317E+02
   1.22004592E-02    1.27691362E+00   -3.01304740E+02
   1.23020243E-02    1.24648767E+00   -2.97848381E+02
   1.24044348E-02    1.21616198E+00   -2.94407226E+02
   1.25076978E-02    1.18593861E+00   -2.90981251E+02
   1.26118205E-02    1.15581958E+00   -2.87570427E+02
   1.27168100E-02    1.12580677E+00   -2.84174718E+02
   1.28226735E-02    1.09590218E+00   -2.80794094E+02
   1.29294183E-02    1.06610832E+00   -2.77428579E+02
   1.30370516E-02    1.03642779E+00   -2.74078201E+02
   1.31455810E-02    1.00686311E+00   -2.70742987E+02
   1.32550139E-02    9.77416753E-01   -2.67422954E+02
   1.33653578E-02    9.48091120E-01   -2.64118118E+02
   1.34766202E-02    9.18888534E-01   -2.60828484E+02
   1.35888089E-02    8.89811238E-01   -2.57554053E+02
   1.37019315E-02    8.60861392E-01   -2.54294818E+02
   1.38159958E-02    8.32041067E-01   -2.51050765E+02
   1.39310097E-02    8.03352444E-01   -2.47821891E+02
   1.40469810E-02    7.74798229E-01   -2.44608240E+02
   1.41639177E-02    7.46381179E-01   -2.41409866E+02
   1.42818279E-02    7.18103981E-01   -2.38226812E+02
   1.44007197E-02    6.89969254E-01   -2.35059120E+02
   1.45206012E-02    6.61979542E-01   -2.31906822E+02
   1.46414807E-02    6.34137305E-01   -2.28769945E+02
   1.47633664E-02    6.06444919E-01   -2.25648510E+02
   1.48862669E-02    5.78904666E-01   -2.22542528E+02
   1.50101904E-02    5.51518735E-01   -2.19452005E+02
   1.51351456E-02    5.24289526E-01   -2.16376966E+02
   1.52611409E-02    4.97219869E-01   -2.13317474E+02
   1.53881852E-02    4.70312576E-01   -2.10273593E+02
   1.55162870E-02    4.43570377E-01   -2.07245380E+02
   1.56454553E-02    4.16995921E-01   -2.04232887E+02
   1.57756988E-02    3.90591769E-01   -2.01236156E+02
   1.59070266E-02    3.64360387E-01   -1.98255224E+02
   1.60394477E-02    3.38304149E-01   -1.95290121E+02
   1.61729711E-02    3.12425601E-01   -1.92340891E+02
   1.63076060E-02    2.86727571E-01   -1.89407607E+02
   1.64433618E-02    2.61212822E-01   -1.86490334E+02
   1.65802476E-02    2.35884032E-01   -1.83589133E+02
   1.67182730E-02    2.10743777E-01   -1.80704057E+02
   1.68574474E-02    1.85794533E-01   -1.77835149E+02
   1.69977804E-02    1.61038768E-01   -1.74982456E+02
   1.71392817E-02    1.36479312E-01   -1.72146055E+02
   1.72819609E-02    1.12119035E-01   -1.69326029E+02
   1.74258278E-02    8.79607142E-02   -1.66522452E+02
   1.75708924E-02    6.40070278E-02   -1.63735394E+02
   1.77171646E-02    4.02605464E-02   -1.60964914E+02
   1.78646545E-02    1.67237278E-02   -1.58211064E+02
   1.80133722E-02   -6.60104818E-03   -1.55473892E+02
   1.81633279E-02   -2.97110572E-02   -1.52753474E+02
   1.83145319E-02   -5.26033894E-02   -1.50049906E+02
   1.84669947E-02   -7.52752310E-02   -1.47363274E+02
   1.86207267E-02   -9.77238758E-02   -1.44693659E+02
   1.87757384E-02   -1.19946732E-01   -1.42041132E+02
   1.89320406E-02   -1.41941327E-01   -1.39405757E+02
   1.90896440E-02   -1.63705315E-01   -1.36787588E+02
   1.92485593E-02   -1.85236178E-01   -1.34186696E+02
   1.94087976E-02   -2.06531008E-01   -1.31603185E+02
   1.95703698E-02   -2.27586955E-01   -1.29037155E+02
   1.97332870E-02   -2.48401287E-01   -1.26488699E+02
   1.98975605E-02   -2.68971390E-01   -1.23957902E+02
   2.00632015E-02   -2.89294780E-01   -1.21444839E+02
   2.02302214E-02   -3.09369108E-01   -1.18949577E+02
   2.03986317E-02   -3.29192157E-01   -1.16472173E+02
   2.05684439E-02   -3.48761458E-01   -1.14012709E+02
   2.07396698E-02   -3.68074185E-01   -1.11571293E+02
   2.09123211E-02   -3.87127609E-01   -1.09148030E+02
   2.10864097E-02   -4.05919129E-01   -1.06743016E+02
   2.12619474E-02   -4.24446281E-01   -1.04356338E+02
   2.14389465E-02   -4.42706746E-01   -1.01988073E+02
   2.16174191E-02   -4.60698356E-01   -9.96382883E+01
   2.17973774E-02   -4.78418938E-01   -9.73070543E+01
   2.19788338E-02   -4.95865874E-01   -9.49944775E+01
   2.21618007E-02   -5.13036550E-01   -9.27006663E+01
   2.23462908E-02   -5.29928495E-01   -9.04257201E+01
   2.25323167E-02   -5.46539385E-01   -8.81697287E+01
   2.27198912E-02   -5.62867057E-01   -8.59327720E+01
   2.29090272E-02   -5.78909514E-01   -8.37149189E+01
   2.30997378E-02   -5.94664746E-01   -8.15162418E+01
   2.32920359E-02   -6.10130317E-01   -7.93368477E+01
   2.34859348E-02   -6.25303823E-01   -7.71768438E+01
   2.36814479E-02   -6.40183017E-01   -7.50363271E+01
   2.38785886E-02   -6.54765820E-01   -7.29153847E+01
   2.40773704E-02   -6.69050327E-01   -7.08140925E+01
   2.42778070E-02   -6.83034799E-01   -6.87325162E+01
   2.44799122E-02   -6.96717265E-01   -6.66707416E+01
   2.46836999E-02   -7.10095493E-01   -6.46288766E+01
   2.48891840E-02   -7.23167397E-01   -6.26070203E+01
   2.50963787E-02   -7.35931072E-01   -6.06052609E+01
   2.53052982E-02   -7.48384799E-01   -5.86236755E+01
   2.55159569E-02   -7.60527051E-01   -5.66623291E+01
   2.57283693E-02   -7.72356229E-01   -5.47212951E+01
   2.59425500E-02   -7.83870372E-01   -5.28006757E+01
   2.61585137E-02   -7.95067643E-01   -5.09005670E+01
   2.63762751E-02   -8.05946392E-01   -4.90210538E+01
   2.65958494E-02   -8.16505173E-01   -4.71622086E+01
   2.68172516E-02   -8.26742749E-01   -4.53240917E+01
   2.70404969E-02   -8.36657783E-01   -4.35067732E+01
   2.72656006E-02   -8.46248629E-01   -4.17103484E+01
   2.74925782E-02   -8.55513791E-01   -3.99349043E+01
   2.77214454E-02   -8.64451983E-01   -3.81805160E+01
   2.79522178E-02   -8.73062137E-01   -3.64472453E+01
   2.81849113E-02   -8.81343375E-01   -3.47351436E+01
   2.84195419E-02   -8.89294521E-01   -3.30442864E+01
   2.86561257E-02   -8.96914261E-01   -3.13747617E+01
   2.88946790E-02   -9.04201491E-01   -2.97266454E+01
   2.91352182E-02   -9.11155336E-01   -2.81000005E+01
   2.93777599E-02   -9.17775158E-01   -2.64948758E+01
   2.96223206E-02   -9.24060413E-01   -2.49113168E+01
   2.98689172E-02   -9.30010228E-01   -2.33493948E+01
   3.01175666E-02   -9.35623833E-01   -2.18091770E+01
   3.03682860E-02   -9.40900697E-01   -2.02907170E+01
   3.06210925E-02   -9.45840481E-01   -1.87940580E+01
   3.08760035E-02   -9.50442670E-01   -1.73192584E+01
   3.11330367E-02   -9.54706808E-01   -1.58663753E+01
   3.13922095E-02   -9.58632696E-01   -1.44354516E+01
   3.16535399E-02   -9.62220344E-01   -1.30265184E+01
   3.19170457E-02   -9.65469553E-01   -1.16396247E+01
   3.21827452E-02   -9.68380134E-01   -1.02748215E+01
   3.24506565E-02   -9.70952159E-01   -8.93214499E+00
   3.27207981E-02   -9.73185970E-01   -7.61161640E+00
   3.29931886E-02   -9.75081861E-01   -6.31326326E+00
   3.32678466E-02   -9.76639916E-01   -5.03713020E+00
   3.35447911E-02   -9.77860454E-01   -3.78324915E+00
   3.38240410E-02   -9.78744079E-01   -2.55163613E+00
   3.41056156E-02   -9.79291641E-01   -1.34229351E+00
   3.43895343E-02   -9.79503722E-01   -1.55244803E-01
   3.46758164E-02   -9.79380802E-01    1.00947656E+00
   3.49644818E-02   -9.78923637E-01    2.15185254E+00
   3.52555502E-02   -9.78133278E-01    3.27188172E+00
   3.55490417E-02   -9.77011066E-01    4.36957847E+00
   3.58449764E-02   -9.75558155E-01    5.44494215E+00
   3.61433747E-02   -9.73775547E-01    6.49795860E+00
   3.64442570E-02   -9.71664523E-01    7.52862930E+00
   3.67476441E-02   -9.69226678E-01    8.53697302E+00
   3.70535568E-02   -9.66463630E-01    9.52300727E+00
   3.73620161E-02   -9.63376798E-01    1.04867333E+01
   3.76730433E-02   -9.59967860E-01    1.14281665E+01
   3.79866596E-02   -9.56238815E-01    1.23473399E+01
   3.83028867E-02   -9.52191746E-01    1.32442892E+01
   3.86217463E-02   -9.47828484E-01    1.41190307E+01
   3.89432603E-02   -9.43151101E-01    1.49715933E+01
   3.92674509E-02   -9.38162001E-01    1.58020246E+01
   3.95943402E-02   -9.32863665E-01    1.66103741E+01
   3.99239507E-02   -9.27258360E-01    1.73966747E+01
   4.02563052E-02   -9.21348620E-01    1.81609734E+01
   4.05914264E-02   -9.15137321E-01    1.89033365E+01
   4.09293374E-02   -9.08627429E-01    1.96238332E+01
   4.12700613E-02   -9.01821533E-01    2.03225058E+01
   4.16136218E-02   -8.94722437E-01    2.09994075E+01
   4.19600422E-02   -8.87333289E-01    2.16546108E+01
   4.23093465E-02   -8.79657599E-01    2.22882086E+01
   4.26615586E-02   -8.71698993E-01    2.29002982E+01
   4.30167028E-02   -8.63460616E-01    2.34909440E+01
   4.33748035E-02   -8.54945788E-01    2.40602187E+01
   4.37358852E-02   -8.46158181E-01    2.46082149E+01
   4.40999728E-02   -8.37101838E-01    2.51350458E+01
   4.44670914E-02   -8.27780860E-01    2.56408263E+01
   4.48372661E-02   -8.18198932E-01    2.61256421E+01
   4.52105223E-02   -8.08359968E-01    2.65895910E+01
   4.55868859E-02   -7.98268247E-01    2.70327917E+01
   4.59663825E-02   -7.87928412E-01    2.74553833E+01
   4.63490383E-02   -7.77344942E-01    2.78574922E+01
   4.67348796E-02   -7.66522056E-01    2.82392264E+01
   4.71239329E-02   -7.55464301E-01    2.86007123E+01
   4.75162250E-02   -7.44176601E-01    2.89420977E+01
   4.79117828E-02   -7.32664114E-01    2.92635431E+01
   4.83106335E-02   -7.20931584E-01    2.95651810E+01
   4.87128044E-02   -7.08983861E-01    2.98471485E+01
   4.91183234E-02   -6.96826166E-01    3.01096043E+01
   4.95272181E-02   -6.84464077E-01    3.03527273E+01
   4.99395168E-02   -6.71902958E-01    3.05766814E+01
   5.03552477E-02   -6.59148002E-01    3.07816179E+01
   5.07744395E-02   -6.46204749E-01    3.09677083E+01
   5.11971209E-02   -6.33079121E-01    3.11351464E+01
   5.16233209E-02   -6.19777005E-01    3.12841224E+01
   5.20530690E-02   -6.06303987E-01    3.14148060E+01
   5.24863946E-02   -5.92665962E-01    3.15273849E+01
   5.29233275E-02   -5.78869200E-01    3.16220692E+01
   5.33638977E-02   -5.64919992E-01    3.16990690E+01
   5.38081356E-02   -5.50824269E-01    3.17585705E+01
   5.42560715E-02   -5.36588239E-01    3.18007765E+01
   5.47077364E-02   -5.22218486E-01    3.18259123E+01
   5.51631613E-02   -5.07721700E-01    3.18342088E+01
   5.56223774E-02   -4.93104215E-01    3.18258741E+01
   5.60854164E-02   -4.78372610E-01    3.18011309E+01
   5.65523100E-02   -4.63533839E-01    3.17602246E+01
   5.70230904E-02   -4.48594986E-01    3.17034088E+01
   5.74977899E-02   -4.33562516E-01    3.16308971E+01
   5.79764411E-02   -4.18442988E-01    3.15429090E+01
   5.84590769E-02   -4.03243312E-01    3.14396860E+01
   5.89457305E-02   -3.87970760E-01    3.13214923E+01
   5.94364354E-02   -3.72632970E-01    3.11886155E+01
   5.99312252E-02   -3.57237400E-01    3.10413317E+01
   6.04301340E-02   -3.41790770E-01    3.08798702E+01
   6.09331960E-02   -3.26300003E-01    3.07044737E+01
   6.14404459E-02   -3.10772351E-01    3.05154067E+01
   6.19519185E-02   -2.95215415E-01    3.03129561E+01
   6.24676489E-02   -2.79637117E-01    3.00974305E+01
   6.29876726E-02   -2.64044959E-01    2.98691120E+01
   6.35120254E-02   -2.48445958E-01    2.96282528E+01
   6.40407432E-02   -2.32847401E-01    2.93751232E+01
   6.45738625E-02   -2.17256892E-01    2.91100157E+01
   6.51114198E-02   -2.01682361E-01    2.88332452E+01
   6.56534521E-02   -1.86131812E-01    2.85451331E+01
   6.61999966E-02   -1.70612466E-01    2.82459509E+01
   6.67510910E-02   -1.55131535E-01    2.79359712E+01
   6.73067730E-02   -1.39696512E-01    2.76154878E+01
   6.78670809E-02   -1.24315186E-01    2.72848155E+01
   6.84320533E-02   -1.08995643E-01    2.69442917E+01
   6.90017288E-02   -9.37457946E-02    2.65942440E+01
   6.95761467E-02   -7.85728088E-02    2.62349533E+01
   7.01553465E-02   -6.34839700E-02    2.58667107E+01
   7.07393679E-02   -4.84868165E-02    2.54898279E+01
   7.13282511E-02   -3.35891472E-02    2.51046374E+01
   7.19220366E-02   -1.87989389E-02    2.47114870E+01
   7.25207651E-02   -4.12354775E-03    2.43106855E+01
   7.31244779E-02    1.04299469E-02    2.39025259E+01
   7.37332164E-02    2.48542563E-02    2.34873203E+01
   7.43470225E-02    3.91418707E-02    2.30654000E+01
   7.49659383E-02    5.32850746E-02    2.26371156E+01
   7.55900064E-02    6.72765338E-02    2.22027946E+01
   7.62192697E-02    8.11094077E-02    2.17627341E+01
   7.68537713E-02    9.47767170E-02    2.13172466E+01
   7.74935551E-02    1.08271303E-01    2.08666628E+01
   7.81386648E-02    1.21585836E-01    2.04113315E+01
   7.87891448E-02    1.34713312E-01    1.99515831E+01
   7.94450399E-02    1.47647214E-01    1.94877175E+01
   8.01063951E-02    1.60380928E-01    1.90200485E+01
   8.07732559E-02    1.72907707E-01    1.85489069E+01
   8.14456681E-02    1.85220695E-01    1.80746389E+01
   8.21236780E-02    1.97313472E-01    1.75975634E+01
   8.28073320E-02    2.09179985E-01    1.71179779E+01
   8.34966773E-02    2.20814109E-01    1.66361938E+01
   8.41917611E-02    2.32209622E-01    1.61525390E+01
   8.48926313E-02    2.43360287E-01    1.56673512E+01
   8.55993360E-02    2.54260350E-01    1.51809365E+01
   8.63119238E-02    2.64904269E-01    1.46935929E+01
   8.70304437E-02    2.75286457E-01    1.42056323E+01
   8.77549451E-02    2.85401321E-01    1.37173778E+01
   8.84854777E-02    2.95243640E-01    1.32291298E+01
   8.92220917E-02    3.04808422E-01    1.27411787E+01
   8.99648378E-02    3.14090673E-01    1.22538280E+01
   9.07137671E-02    3.23085438E-01    1.17673903E+01
   9.14689310E-02    3.31788137E-01    1.12821539E+01
   9.22303813E-02    3.40194414E-01    1.07983992E+01
   9.29981705E-02    3.48299951E-01    1.03164176E+01
   9.37723513E-02    3.56100535E-01    9.83650582E+00
   9.45529770E-02    3.63592315E-01    9.35893589E+00
   9.53401011E-02    3.70771617E-01    8.88397822E+00
   9.61337777E-02    3.77634847E-01    8.41191342E+00
   9.69340615E-02    3.84178609E-01    7.94301729E+00
   9.77410074E-02    3.90399856E-01    7.47754083E+00
   9.85546708E-02    3.96295690E-01    7.01573895E+00
   9.93751078E-02    4.01863342E-01    6.55787533E+00
   1.00202375E-01    4.07100232E-01    6.10421142E+00
   1.01036528E-01    4.12004118E-01    5.65498077E+00
   1.01877626E-01    4.16572957E-01    5.21041665E+00
   1.02725725E-01    4.20804879E-01    4.77075922E+00
   1.03580885E-01    4.24698223E-01    4.33624722E+00
   1.04443164E-01    4.28251601E-01    3.90709887E+00
   1.05312620E-01    4.31463852E-01    3.48353259E+00
   1.06189315E-01    4.34334033E-01    3.06576244E+00
   1.07073308E-01    4.36861441E-01    2.65399119E+00
   1.07964660E-01    4.39045613E-01    2.24842361E+00
   1.08863432E-01    4.40886318E-01    1.84925483E+00
   1.09769686E-01    4.42383573E-01    1.45667257E+00
   1.10683485E-01    4.43537633E-01    1.07085933E+00
   1.11604890E-01    4.44349007E-01    6.91991688E-01
   1.12533966E-01    4.44818430E-01    3.20238319E-01
   1.13470777E-01    4.44946895E-01   -4.42382701E-02
   1.14415386E-01    4.44735650E-01   -4.01280599E-01
   1.15367858E-01    4.44186185E-01   -7.50739502E-01
   1.16328259E-01    4.43300221E-01   -1.09247335E+00
   1.17296656E-01    4.42079745E-01   -1.42634650E+00
   1.18273114E-01    4.40526997E-01   -1.75222957E+00
   1.19257701E-01    4.38644454E-01   -2.07000150E+00
   1.20250484E-01    4.36434836E-01   -2.37954812E+00
   1.21251532E-01    4.33901124E-01   -2.68076210E+00
   1.22260913E-01    4.31046530E-01   -2.97354358E+00
   1.23278697E-01    4.27874524E-01   -3.25779988E+00
   1.24304954E-01    4.24388808E-01   -3.53344566E+00
   1.25339754E-01    4.20593331E-01   -3.80040299E+00
   1.26383169E-01    4.16492281E-01   -4.05860111E+00
   1.27435269E-01    4.12090083E-01   -4.30797685E+00
   1.28496128E-01    4.07391397E-01   -4.54847425E+00
   1.29565818E-01    4.02401117E-01   -4.78004489E+00
   1.30644413E-01    3.97124362E-01   -5.00264760E+00
   1.31731987E-01    3.91566478E-01   -5.21624875E+00
   1.32828615E-01    3.85733045E-01   -5.42082184E+00
   1.33934372E-01    3.79629851E-01   -5.61634798E+00
   1.35049334E-01    3.73262908E-01   -5.80281536E+00
   1.36173578E-01    3.66638404E-01   -5.98021966E+00
   1.37307180E-01    3.59762822E-01   -6.14856363E+00
   1.38450220E-01    3.52642727E-01   -6.30785721E+00
   1.39602775E-01    3.45285014E-01   -6.45811775E+00
   1.40764924E-01    3.37696637E-01   -6.59936919E+00
   1.41936749E-01    3.29884869E-01   -6.73164314E+00
   1.43118328E-01    3.21857045E-01   -6.85497740E+00
   1.44309743E-01    3.13620776E-01   -6.96941738E+00
   1.45511077E-01    3.05183774E-01   -7.07501464E+00
   1.46722411E-01    2.96553982E-01   -7.17182814E+00
   1.47943830E-01    2.87739424E-01   -7.25992257E+00
   1.49175416E-01    2.78748310E-01   -7.33936961E+00
   1.50417255E-01    2.69589071E-01   -7.41024796E+00
   1.51669432E-01    2.60270101E-01   -7.47264072E+00
   1.52932033E-01    2.50800145E-01   -7.52663979E+00
   1.54205144E-01    2.41187869E-01   -7.57234052E+00
   1.55488854E-01    2.31442225E-01   -7.60984662E+00
   1.56783250E-01    2.21572286E-01   -7.63926750E+00
   1.58088422E-01    2.11586846E-01   -7.66071273E+00
   1.59404459E-01    2.01495109E-01   -7.67430219E+00
   1.60731451E-01    1.91306669E-01   -7.68016585E+00
   1.62069491E-01    1.81030700E-01   -7.67843078E+00
   1.63418669E-01    1.70676429E-01   -7.66922911E+00
   1.64779078E-01    1.60253560E-01   -7.65270494E+00
   1.66150813E-01    1.49771659E-01   -7.62900360E+00
   1.67533967E-01    1.39240012E-01   -7.59826922E+00
   1.68928635E-01    1.28668330E-01   -7.56065766E+00
   1.70334913E-01    1.18066444E-01   -7.51633060E+00
   1.71752898E-01    1.07443743E-01   -7.46544508E+00
   1.73182687E-01    9.68099323E-02   -7.40816820E+00
   1.74624379E-01    8.61749281E-02   -7.34467489E+00
   1.76078073E-01    7.55480276E-02   -7.27513098E+00
   1.77543868E-01    6.49386701E-02   -7.19970912E+00
   1.79021865E-01    5.43567228E-02   -7.11859487E+00
   1.80512167E-01    4.38119864E-02   -7.03197596E+00
   1.82014874E-01    3.33135610E-02   -6.94002849E+00
   1.83530091E-01    2.28707864E-02   -6.84293789E+00
   1.85057922E-01    1.24933621E-02   -6.74090173E+00
   1.86598472E-01    2.19058218E-03   -6.63411180E+00
   1.88151846E-01   -8.02868078E-03   -6.52275396E+00
   1.89718152E-01   -1.81552359E-02   -6.40702580E+00
   1.91297496E-01   -2.81797461E-02   -6.28713252E+00
   1.92889988E-01   -3.80936069E-02   -6.16326505E+00
   1.94495737E-01   -4.78882436E-02   -6.03561790E+00
   1.96114854E-01   -5.75547751E-02   -5.90439783E+00
   1.97747449E-01   -6.70845138E-02   -5.76981066E+00
   1.99393635E-01   -7.64695099E-02   -5.63204691E+00
   2.01053525E-01   -8.57016795E-02   -5.49130539E+00
   2.02727233E-01   -9.47727219E-02   -5.34779555E+00
   2.04414874E-01   -1.03674778E-01   -5.20171909E+00
   2.06116564E-01   -1.12400322E-01   -5.05327329E+00
   2.07832420E-01   -1.20941872E-01   -4.90265903E+00
   2.09562560E-01   -1.29292288E-01   -4.75007200E+00
   2.11307103E-01   -1.37444392E-01   -4.59571443E+00
   2.13066169E-01   -1.45391431E-01   -4.43978072E+00
   2.14839879E-01   -1.53126819E-01   -4.28246582E+00
   2.16628354E-01   -1.60644127E-01   -4.12396521E+00
   2.18431717E-01   -1.67937252E-01   -3.96446987E+00
   2.20250094E-01   -1.75000299E-01   -3.80416968E+00
   2.22083607E-01   -1.81827671E-01   -3.64325089E+00
   2.23932384E-01   -1.88413922E-01   -3.48190091E+00
   2.25796551E-01   -1.94753954E-01   -3.32030165E+00
   2.27676237E-01   -2.00842919E-01   -3.15863279E+00
   2.29571571E-01   -2.06676239E-01   -2.99707141E+00
   2.31482683E-01   -2.12249586E-01   -2.83579225E+00
   2.33409704E-01   -2.17558971E-01   -2.67496489E+00
   2.35352767E-01   -2.22600621E-01   -2.51475827E+00
   2.37312006E-01   -2.27371095E-01   -2.35533612E+00
   2.39287554E-01   -2.31867251E-01   -2.19685813E+00
   2.41279549E-01   -2.36086227E-01   -2.03948105E+00
   2.43288126E-01   -2.40025452E-01   -1.88335813E+00
   2.45313424E-01   -2.43682651E-01   -1.72863913E+00
   2.47355581E-01   -2.47055909E-01   -1.57546613E+00
   2.49414740E-01   -2.50143579E-01   -1.42397935E+00
   2.51491040E-01   -2.52944273E-01   -1.27431738E+00
   2.53584624E-01   -2.55456974E-01   -1.12661077E+00
   2.55695637E-01   -2.57680969E-01   -9.80985394E-01
   2.57824224E-01   -2.59615828E-01   -8.37564511E-01
   2.59970530E-01   -2.61261442E-01   -6.96465671E-01
   2.62134704E-01   -2.62618012E-01   -5.57801495E-01
   2.64316894E-01   -2.63686042E-01   -4.21680157E-01
   2.66517250E-01   -2.64466344E-01   -2.88204643E-01
   2.68735923E-01   -2.64960034E-01   -1.57473050E-01
   2.70973066E-01   -2.65168530E-01   -2.95785185E-02
   2.73228832E-01   -2.65093549E-01    9.53909067E-02
   2.75503377E-01   -2.64737105E-01    2.17352282E-01
   2.77796857E-01   -2.64101508E-01    3.36227764E-01
   2.80109429E-01   -2.63189355E-01    4.51944599E-01
   2.82441253E-01   -2.62003531E-01    5.64435353E-01
   2.84792488E-01   -2.60547202E-01    6.73637504E-01
   2.87163297E-01   -2.58823815E-01    7.79493763E-01
   2.89553842E-01   -2.56837084E-01    8.81952096E-01
   2.91964288E-01   -2.54590991E-01    9.80965471E-01
   2.94394799E-01   -2.52089783E-01    1.07649199E+00
   2.96845545E-01   -2.49337960E-01    1.16849480E+00
   2.99316691E-01   -2.46340270E-01    1.25694212E+00
   3.01808410E-01   -2.43101700E-01    1.34180721E+00
   3.04320871E-01   -2.39627481E-01    1.42306815E+00
   3.06854247E-01   -2.35923068E-01    1.50070795E+00
   3.09408713E-01   -2.31994132E-01    1.57471449E+00
   3.11984444E-01   -2.27846561E-01    1.64508034E+00
   3.14581618E-01   -2.23486448E-01    1.71180275E+00
   3.17200412E-01   -2.18920084E-01    1.77488357E+00
   3.19841006E-01   -2.14153947E-01    1.83432915E+00
   3.22503583E-01   -2.09194680E-01    1.89015026E+00
   3.25188325E-01   -2.04049125E-01    1.94236193E+00
   3.27895417E-01   -1.98724274E-01    1.99098346E+00
   3.30625044E-01   -1.93227240E-01    2.03603819E+00
   3.33377394E-01   -1.87565328E-01    2.07755348E+00
   3.36152657E-01   -1.81745950E-01    2.11556052E+00
   3.38951023E-01   -1.75776646E-01    2.15009429E+00
   3.41772685E-01   -1.69665069E-01    2.18119336E+00
   3.44617836E-01   -1.63418976E-01    2.20889977E+00
   3.47486673E-01   -1.57046218E-01    2.23325896E+00
   3.50379391E-01   -1.50554744E-01    2.25431963E+00
   3.53296190E-01   -1.43952541E-01    2.27213340E+00
   3.56237271E-01   -1.37247711E-01    2.28675510E+00
   3.59202835E-01   -1.30448368E-01    2.29824217E+00
   3.62193087E-01   -1.23562686E-01    2.30665475E+00
   3.65208232E-01   -1.16598917E-01    2.31205593E+00
   3.68248477E-01   -1.09565221E-01    2.31451019E+00
   3.71314030E-01   -1.02469866E-01    2.31408506E+00
   3.74405104E-01   -9.53211489E-02    2.31085032E+00
   3.77521910E-01   -8.81273284E-02    2.30487752E+00
   3.80664662E-01   -8.08965720E-02    2.29623927E+00
   3.83833577E-01   -7.36370998E-02    2.28501059E+00
   3.87028872E-01   -6.63571448E-02    2.27126842E+00
   3.90250767E-01   -5.90648317E-02    2.25509055E+00
   3.93499483E-01   -5.17682084E-02    2.23655573E+00
   3.96775244E-01   -4.44752916E-02    2.21574415E+00
   4.00078274E-01   -3.71940929E-02    2.19273762E+00
   4.03408801E-01   -2.99324170E-02    2.16761750E+00
   4.06767054E-01   -2.26981256E-02    2.14046743E+00
   4.10153263E-01   -1.54988292E-02    2.11136987E+00
   4.13567661E-01   -8.34220390E-03    2.08040973E+00
   4.17010483E-01   -1.23564014E-03    2.04767021E+00
   4.20481966E-01    5.81341223E-03    2.01323690E+00
   4.23982347E-01    1.27978152E-02    1.97719320E+00
   4.27511868E-01    1.97103850E-02    1.93962480E+00
   4.31070771E-01    2.65442159E-02    1.90061547E+00
   4.34659301E-01    3.32925296E-02    1.86024908E+00
   4.38277704E-01    3.99485760E-02    1.81861081E+00
   4.41926230E-01    4.65059548E-02    1.77578289E+00
   4.45605128E-01    5.29582580E-02    1.73184943E+00
   4.49314652E-01    5.92994167E-02    1.68689155E+00
   4.53055057E-01    6.55233793E-02    1.64099200E+00
   4.56826599E-01    7.16244164E-02    1.59423066E+00
   4.60629538E-01    7.75968802E-02    1.54668817E+00
   4.64464136E-01    8.34353962E-02    1.49844295E+00
   4.68330655E-01    8.91347291E-02    1.44957332E+00
   4.72229362E-01    9.46898912E-02    1.40015570E+00
   4.76160524E-01    1.00096081E-01    1.35026568E+00
   4.80124412E-01    1.05348698E-01    1.29997774E+00
   4.84121298E-01    1.10443363E-01    1.24936487E+00
   4.88151458E-01    1.15375938E-01    1.19849824E+00
   4.92215166E-01    1.20142464E-01    1.14744831E+00
   4.96312704E-01    1.24739237E-01    1.09628334E+00
   5.00444353E-01    1.29162752E-01    1.04507064E+00
   5.04610397E-01    1.33409756E-01    9.93875264E-01
   5.08811121E-01    1.37477214E-01    9.42760868E-01
   5.13046815E-01    1.41362303E-01    8.91789759E-01
   5.17317770E-01    1.45062430E-01    8.41022525E-01
   5.21624279E-01    1.48575296E-01    7.90516556E-01
   5.25966639E-01    1.51898778E-01    7.40328643E-01
   5.30345148E-01    1.55030959E-01    6.90514394E-01
   5.34760106E-01    1.57970209E-01    6.41126192E-01
   5.39211817E-01    1.60715112E-01    5.92215011E-01
   5.43700588E-01    1.63264479E-01    5.43829927E-01
   5.48226726E-01    1.65617353E-01    4.96018033E-01
   5.52790543E-01    1.67773005E-01    4.48824487E-01
   5.57392352E-01    1.69730933E-01    4.02292488E-01
   5.62032469E-01    1.71490865E-01    3.56463145E-01
   5.66711215E-01    1.73052747E-01    3.11375741E-01
   5.71428909E-01    1.74416748E-01    2.67067458E-01
   5.76185877E-01    1.75583257E-01    2.23573526E-01
   5.80982445E-01    1.76552878E-01    1.80927185E-01
   5.85818943E-01    1.77326428E-01    1.39159694E-01
   5.90695703E-01    1.77904934E-01    9.83003409E-02
   5.95613061E-01    1.78289627E-01    5.83764527E-02
   6.00571354E-01    1.78481944E-01    1.94134100E-02
   6.05570924E-01    1.78483519E-01   -1.85653363E-02
   6.10612113E-01    1.78296178E-01   -5.55382499E-02
   6.15695269E-01    1.77921941E-01   -9.14856828E-02
   6.20820740E-01    1.77363010E-01   -1.26389856E-01
   6.25988879E-01    1.76621772E-01   -1.60234831E-01
   6.31200042E-01    1.75700786E-01   -1.93006487E-01
   6.36454586E-01    1.74602785E-01   -2.24692487E-01
   6.41752872E-01    1.73330665E-01   -2.55282252E-01
   6.47095265E-01    1.71887485E-01   -2.84766925E-01
   6.52482131E-01    1.70276458E-01   -3.13139336E-01
   6.57913842E-01    1.68500947E-01   -3.40393972E-01
   6.63390770E-01    1.66564458E-01   -3.66526934E-01
   6.68913291E-01    1.64470636E-01   -3.91535905E-01
   6.74481786E-01    1.62223257E-01   -4.15420104E-01
   6.80096637E-01    1.59826224E-01   -4.38180255E-01
   6.85758230E-01    1.57283559E-01   -4.59818536E-01
   6.91466954E-01    1.54599398E-01   -4.80338545E-01
   6.97223201E-01    1.51777986E-01   -4.99745253E-01
   7.03027367E-01    1.48823668E-01   -5.18044961E-01
   7.08879851E-01    1.45740882E-01   -5.35245258E-01
   7.14781055E-01    1.42534158E-01   -5.51354972E-01
   7.20731384E-01    1.39208105E-01   -5.66384132E-01
   7.26731249E-01    1.35767409E-01   -5.80343911E-01
   7.32781060E-01    1.32216824E-01   -5.93246593E-01
   7.38881234E-01    1.28561169E-01   -6.05105514E-01
   7.45032190E-01    1.24805316E-01   -6.15935024E-01
   7.51234351E-01    1.20954187E-01   -6.25750435E-01
   7.57488143E-01    1.17012749E-01   -6.34567974E-01
   7.63793996E-01    1.12986003E-01   -6.42404738E-01
   7.70152344E-01    1.08878982E-01   -6.49278643E-01
   7.76563622E-01    1.04696742E-01   -6.55208379E-01
   7.83028272E-01    1.00444356E-01   -6.60213358E-01
   7.89546739E-01    9.61269087E-02   -6.64313674E-01
   7.96119470E-01    9.17494906E-02   -6.67530047E-01
   8.02746916E-01    8.73171898E-02   -6.69883779E-01
   8.09429534E-01    8.28350886E-02   -6.71396713E-01
   8.16167783E-01    7.83082543E-02   -6.72091171E-01
   8.22962126E-01    7.37417371E-02   -6.71989926E-01
   8.29813029E-01    6.91405617E-02   -6.71116142E-01
   8.36720964E-01    6.45097242E-02   -6.69493344E-01
   8.43686406E-01    5.98541816E-02   -6.67145344E-01
   8.50709832E-01    5.51788548E-02   -6.64096243E-01
   8.57791727E-01    5.04886134E-02   -6.60370334E-01
   8.64932576E-01    4.57882829E-02   -6.55992125E-01
   8.72132870E-01    4.10826241E-02   -6.50986214E-01
   8.79393105E-01    3.63763434E-02   -6.45377325E-01
   8.86713779E-01    3.16740787E-02   -6.39190226E-01
   8.94095395E-01    2.69804009E-02   -6.32449713E-01
   9.01538461E-01    2.22998070E-02   -6.25180566E-01
   9.09043487E-01    1.76367124E-02   -6.17407482E-01
   9.16610991E-01    1.29954513E-02   -6.09155074E-01
   9.24241493E-01    8.38027652E-03   -6.00447854E-01
   9.31935515E-01    3.79535336E-03   -5.91310187E-01
   9.39693588E-01   -7.55256081E-04   -5.81766178E-01
   9.47516245E-01   -5.26757755E-03   -5.71839761E-01
   9.55404022E-01   -9.73772761E-03   -5.61554676E-01
   9.63357463E-01   -1.41619453E-02   -5.50934239E-01
   9.71377114E-01   -1.85365467E-02   -5.40001653E-01
   9.79463526E-01   -2.28579705E-02   -5.28779682E-01
   9.87617255E-01   -2.71227702E-02   -5.17290684E-01
   9.95838861E-01   -3.13275906E-02   -5.05556794E-01
   1.00412891E+00   -3.54691941E-02   -4.93599712E-01
   1.01248797E+00   -3.95444695E-02   -4.81440634E-01
   1.02091662E+00   -4.35504058E-02   -4.69100440E-01
   1.02941543E+00   -4.74841136E-02   -4.56599531E-01
   1.03798499E+00   -5.13428242E-02   -4.43957818E-01
   1.04662589E+00   -5.51238819E-02   -4.31194787E-01
   1.05533873E+00   -5.88247545E-02   -4.18329403E-01
   1.06412410E+00   -6.24430256E-02   -4.05380167E-01
   1.07298260E+00   -6.59764018E-02   -3.92365051E-01
   1.08191484E+00   -6.94227087E-02   -3.79301525E-01
   1.09092145E+00   -7.27798926E-02   -3.66206533E-01
   1.10000303E+00   -7.60460202E-02   -3.53096494E-01
   1.10916021E+00   -7.92192781E-02   -3.39987294E-01
   1.11839363E+00   -8.22979730E-02   -3.26894282E-01
   1.12770390E+00   -8.52805307E-02   -3.13832265E-01
   1.13709169E+00   -8.81654957E-02   -3.00815511E-01
   1.14655762E+00   -9.09515303E-02   -2.87857744E-01
   1.15610236E+00   -9.36374139E-02   -2.74972144E-01
   1.16572655E+00   -9.62220420E-02   -2.62171348E-01
   1.17543086E+00   -9.87044246E-02   -2.49467453E-01
   1.18521596E+00   -1.01083686E-01   -2.36872018E-01
   1.19508251E+00   -1.03359061E-01   -2.24396063E-01
   1.20503120E+00   -1.05529898E-01   -2.12050081E-01
   1.21506271E+00   -1.07595652E-01   -1.99844033E-01
   1.22517773E+00   -1.09555888E-01   -1.87787362E-01
   1.23537695E+00   -1.11410274E-01   -1.75888993E-01
   1.24566108E+00   -1.13158584E-01   -1.64157341E-01
   1.25603082E+00   -1.14800694E-01   -1.52600318E-01
   1.26648688E+00   -1.16336581E-01   -1.41225341E-01
   1.27702999E+00   -1.17766317E-01   -1.30039341E-01
   1.28766087E+00   -1.19090073E-01   -1.19048767E-01
   1.29838025E+00   -1.20308112E-01   -1.08259601E-01
   1.30918886E+00   -1.21420791E-01   -9.76773619E-02
   1.32008745E+00   -1.22428553E-01   -8.73071170E-02
   1.33107676E+00   -1.23331930E-01   -7.71534929E-02
   1.34215756E+00   -1.24131539E-01   -6.72206842E-02
   1.35333061E+00   -1.24828078E-01   -5.75124644E-02
   1.36459666E+00   -1.25422325E-01   -4.80321967E-02
   1.37595651E+00   -1.25915135E-01   -3.87828443E-02
   1.38741092E+00   -1.26307439E-01   -2.97669822E-02
   1.39896068E+00   -1.26600238E-01   -2.09868078E-02
   1.41060659E+00   -1.26794605E-01   -1.24441523E-02
   1.42234945E+00   -1.26891679E-01   -4.14049246E-03
   1.43419007E+00   -1.26892663E-01    3.92303821E-03
   1.44612925E+00   -1.26798823E-01    1.17456377E-02
   1.45816783E+00   -1.26611483E-01    1.93268240E-02
   1.47030662E+00   -1.26332026E-01    2.66664235E-02
   1.48254647E+00   -1.25961887E-01    3.37645589E-02
   1.49488821E+00   -1.25502553E-01    4.06216383E-02
   1.50733268E+00   -1.24955562E-01    4.72383429E-02
   1.51988076E+00   -1.24322495E-01    5.36156161E-02
   1.53253329E+00   -1.23604980E-01    5.97546514E-02
   1.54529116E+00   -1.22804686E-01    6.56568817E-02
   1.55815522E+00   -1.21923319E-01    7.13239673E-02
   1.57112638E+00   -1.20962623E-01    7.67577853E-02
   1.58420552E+00   -1.19924377E-01    8.19604187E-02
   1.59739354E+00   -1.18810389E-01    8.69341445E-02
   1.61069134E+00   -1.17622499E-01    9.16814250E-02
   1.62409984E+00   -1.16362571E-01    9.62048940E-02
   1.63761997E+00   -1.15032496E-01    1.00507350E-01
   1.65125265E+00   -1.13634187E-01    1.04591745E-01
   1.66499881E+00   -1.12169576E-01    1.08461172E-01
   1.67885941E+00   -1.10640613E-01    1.12118860E-01
   1.69283539E+00   -1.09049264E-01    1.15568158E-01
   1.70692772E+00   -1.07397509E-01    1.18812534E-01
   1.72113736E+00   -1.05687339E-01    1.21855558E-01
   1.73546529E+00   -1.03920755E-01    1.24700899E-01
   1.74991250E+00   -1.02099765E-01    1.27352312E-01
   1.76447997E+00   -1.00226384E-01    1.29813636E-01
   1.77916872E+00   -9.83026244E-02    1.32088767E-01
   1.79397975E+00   -9.63305115E-02    1.34181689E-01
   1.80891407E+00   -9.43120622E-02    1.36096425E-01
   1.82397272E+00   -9.22492945E-02    1.37837051E-01
   1.83915672E+00   -9.01442228E-02    1.39407685E-01
   1.85446713E+00   -8.79988566E-02    1.40812482E-01
   1.86990499E+00   -8.58151988E-02    1.42055622E-01
   1.88547137E+00   -8.35952441E-02    1.43141310E-01
   1.90116733E+00   -8.13409779E-02    1.44073767E-01
   1.91699395E+00   -7.90543743E-02    1.44857224E-01
   1.93295233E+00   -7.67373950E-02    1.45495915E-01
   1.94904356E+00   -7.43919882E-02    1.45994077E-01
   1.96526874E+00   -7.20200869E-02    1.46355939E-01
   1.98162899E+00   -6.96236075E-02    1.46585718E-01
   1.99812543E+00   -6.72044498E-02    1.46687621E-01
   2.01475921E+00   -6.47644942E-02    1.46665832E-01
   2.03153145E+00   -6.23056019E-02    1.46524511E-01
   2.04844331E+00   -5.98296129E-02    1.46267792E-01
   2.06549597E+00   -5.73383460E-02    1.45899776E-01
   2.08269058E+00   -5.48335970E-02    1.45424531E-01
   2.10002833E+00   -5.23171380E-02    1.44846085E-01
   2.11751041E+00   -4.97907170E-02    1.44168426E-01
   2.13513803E+00   -4.72560560E-02    1.43395494E-01
   2.15291238E+00   -4.47148523E-02    1.42531188E-01
   2.17083471E+00   -4.21687756E-02    1.41579351E-01
   2.18890623E+00   -3.96194680E-02    1.40543778E-01
   2.20712820E+00   -3.70685439E-02    1.39428207E-01
   2.22550185E+00   -3.45175890E-02    1.38236319E-01
   2.24402846E+00   -3.19681593E-02    1.36971738E-01
   2.26270930E+00   -2.94217821E-02    1.35638028E-01
   2.28154565E+00   -2.68799539E-02    1.34238690E-01
   2.30053881E+00   -2.43441404E-02    1.32777160E-01
   2.31969008E+00   -2.18157765E-02    1.31256812E-01
   2.33900077E+00   -1.92962659E-02    1.29680952E-01
   2.35847223E+00   -1.67869798E-02    1.28052819E-01
   2.37810577E+00   -1.42892591E-02    1.26375586E-01
   2.39790276E+00   -1.18044105E-02    1.24652354E-01
   2.41786456E+00   -9.33370931E-03    1.22886156E-01
   2.43799253E+00   -6.87839853E-03    1.21079956E-01
   2.45828806E+00   -4.43968797E-03    1.19236647E-01
   2.47875254E+00   -2.01875411E-03    1.17359047E-01
   2.49938738E+00    3.83258766E-04    1.15449908E-01
   2.52019400E+00    2.76523951E-03    1.13511910E-01
   2.54117383E+00    5.12611004E-03    1.11547659E-01
   2.56232831E+00    7.46482683E-03    1.09559688E-01
   2.58365890E+00    9.78037607E-03    1.07550468E-01
   2.60516705E+00    1.20717798E-02    1.05522388E-01
   2.62685426E+00    1.43380916E-02    1.03477774E-01
   2.64872200E+00    1.65783981E-02    1.01418877E-01
   2.67077179E+00    1.87918190E-02    9.93478792E-02
   2.69300513E+00    2.09775055E-02    9.72668959E-02
   2.71542356E+00    2.31346419E-02    9.51779713E-02
   2.73802862E+00    2.52624444E-02    9.30830821E-02
   2.76082185E+00    2.73601610E-02    9.09841375E-02
   2.78380484E+00    2.94270715E-02    8.88829804E-02
   2.80697914E+00    3.14624872E-02    8.67813871E-02
   2.83034637E+00    3.34657503E-02    8.46810703E-02
   2.85390812E+00    3.54362341E-02    8.25836776E-02
   2.87766602E+00    3.73733425E-02    8.04907941E-02
   2.90162169E+00    3.92765094E-02    7.84039438E-02
   2.92577679E+00    4.11451998E-02    7.63245847E-02
   2.95013297E+00    4.29789066E-02    7.42541224E-02
   2.97469191E+00    4.47771533E-02    7.21938984E-02
   2.99945529E+00    4.65394920E-02    7.01451980E-02
   3.02442482E+00    4.82655035E-02    6.81092493E-02
   3.04960222E+00    4.99547967E-02    6.60872255E-02
   3.07498921E+00    5.16070086E-02    6.40802451E-02
   3.10058754E+00    5.32218036E-02    6.20893737E-02
   3.12639896E+00    5.47988731E-02    6.01156244E-02
   3.15242526E+00    5.63379355E-02    5.81599602E-02
   3.17866822E+00    5.78387354E-02    5.62232940E-02
   3.20512964E+00    5.93010433E-02    5.43064909E-02
   3.23181135E+00    6.07246554E-02    5.24103681E-02
   3.25871517E+00    6.21093930E-02    5.05356974E-02
   3.28584296E+00    6.34551021E-02    4.86832059E-02
   3.31319658E+00    6.47616531E-02    4.68535769E-02
   3.34077791E+00    6.60289402E-02    4.50474515E-02
   3.36858884E+00    6.72568814E-02    4.32654294E-02
   3.39663130E+00    6.84454176E-02    4.15080707E-02
   3.42490720E+00    6.95945124E-02    3.97758964E-02
   3.45341848E+00    7.07041518E-02    3.80693897E-02
   3.48216712E+00    7.17743438E-02    3.63889975E-02
   3.51115507E+00    7.28051177E-02    3.47351311E-02
   3.54038434E+00    7.37965241E-02    3.31081674E-02
   3.56985694E+00    7.47486339E-02    3.15084501E-02
   3.59957489E+00    7.56615388E-02    2.99362907E-02
   3.62954023E+00    7.65353501E-02    2.83919694E-02
   3.65975502E+00    7.73701986E-02    2.68757363E-02
   3.69022134E+00    7.81662341E-02    2.53878122E-02
   3.72094129E+00    7.89236255E-02    2.39283898E-02
   3.75191696E+00    7.96425594E-02    2.24976345E-02
   3.78315050E+00    8.03232409E-02    2.10956854E-02
   3.81464405E+00    8.09658922E-02    1.97226560E-02
   3.84639978E+00    8.15707529E-02    1.83786355E-02
   3.87841986E+00    8.21380792E-02    1.70636891E-02
   3.91070650E+00    8.26681438E-02    1.57778595E-02
   3.94326191E+00    8.31612351E-02    1.45211668E-02
   3.97608834E+00    8.36176575E-02    1.32936105E-02
   4.00918803E+00    8.40377303E-02    1.20951689E-02
   4.04256328E+00    8.44217877E-02    1.09258010E-02
   4.07621636E+00    8.47701786E-02    9.78544665E-03
   4.11014959E+00    8.50832657E-02    8.67402716E-03
   4.14436530E+00    8.53614254E-02    7.59144633E-03
   4.17886586E+00    8.56050477E-02    6.53759086E-03
   4.21365361E+00    8.58145352E-02    5.51233108E-03
   4.24873097E+00    8.59903034E-02    4.51552149E-03
   4.28410033E+00    8.61327797E-02    3.54700146E-03
   4.31976413E+00    8.62424036E-02    2.60659569E-03
   4.35572482E+00    8.63196258E-02    1.69411485E-03
   4.39198487E+00    8.63649082E-02    8.09356095E-04
   4.42854678E+00    8.63787233E-02   -4.78964319E-05
   4.46541305E+00    8.63615539E-02   -8.77871059E-04
   4.50258623E+00    8.63138928E-02   -1.68080811E-03
   4.54006885E+00    8.62362422E-02   -2.45695942E-03
   4.57786351E+00    8.61291136E-02   -3.20658787E-03
   4.61597280E+00    8.59930272E-02   -3.92996694E-03
   4.65439934E+00    8.58285114E-02   -4.62738028E-03
   4.69314576E+00    8.56361027E-02   -5.29912121E-03
   4.73221474E+00    8.54163454E-02   -5.94549245E-03
   4.77160896E+00    8.51697907E-02   -6.56680556E-03
   4.81133111E+00    8.48969967E-02   -7.16338055E-03
   4.85138395E+00    8.45985279E-02   -7.73554572E-03
   4.89177021E+00    8.42749546E-02   -8.28363679E-03
   4.93249267E+00    8.39268532E-02   -8.80799717E-03
   4.97355414E+00    8.35548049E-02   -9.30897706E-03
   5.01495743E+00    8.31593956E-02   -9.78693331E-03
   5.05670539E+00    8.27412160E-02   -1.02422290E-02
   5.09880088E+00    8.23008603E-02   -1.06752332E-02
   5.14124681E+00    8.18389267E-02   -1.10863206E-02
   5.18404609E+00    8.13560163E-02   -1.14758708E-02
   5.22720166E+00    8.08527330E-02   -1.18442687E-02
   5.27071649E+00    8.03296831E-02   -1.21919034E-02
   5.31459356E+00    7.97874746E-02   -1.25191684E-02
   5.35883590E+00    7.92267174E-02   -1.28264610E-02
   5.40344654E+00    7.86480222E-02   -1.31141821E-02
   5.44842855E+00    7.80520004E-02   -1.33827358E-02
   5.49378502E+00    7.74392639E-02   -1.36325290E-02
   5.53951907E+00    7.68104243E-02   -1.38639715E-02
   5.58563384E+00    7.61660927E-02   -1.40774749E-02
   5.63213250E+00    7.55068791E-02   -1.42734531E-02
   5.67901825E+00    7.48333926E-02   -1.44523215E-02
   5.72629431E+00    7.41462400E-02   -1.46144967E-02
   5.77396393E+00    7.34460265E-02   -1.47603965E-02
   5.82203038E+00    7.27333542E-02   -1.48904391E-02
   5.87049697E+00    7.20088228E-02   -1.50050434E-02
   5.91936703E+00    7.12730285E-02   -1.51046281E-02
   5.96864392E+00    7.05265635E-02   -1.51896118E-02
   6.01833102E+00    6.97700165E-02   -1.52604125E-02
   6.06843175E+00    6.90039714E-02   -1.53174473E-02
   6.11894955E+00    6.82290073E-02   -1.53611323E-02
   6.16988790E+00    6.74456983E-02   -1.53918819E-02
   6.22125030E+00    6.66546129E-02   -1.54101090E-02
   6.27304027E+00    6.58563138E-02   -1.54162245E-02
   6.32526138E+00    6.50513575E-02   -1.54106367E-02
   6.37791721E+00    6.42402941E-02   -1.53937517E-02
   6.43101138E+00    6.34236668E-02   -1.53659723E-02
   6.48454755E+00    6.26020115E-02   -1.53276987E-02
   6.53852939E+00    6.17758570E-02   -1.52793272E-02
   6.59296061E+00    6.09457242E-02   -1.52212507E-02
   6.64784496E+00    6.01121261E-02   -1.51538581E-02
   6.70318619E+00    5.92755673E-02   -1.50775344E-02
   6.75898813E+00    5.84365441E-02   -1.49926598E-02
   6.81525460E+00    5.75955440E-02   -1.48996102E-02
   6.87198948E+00    5.67530454E-02   -1.47987564E-02
   6.92919665E+00    5.59095176E-02   -1.46904645E-02
   6.98688005E+00    5.50654205E-02   -1.45750948E-02
   7.04504365E+00    5.42212044E-02   -1.44530027E-02
   7.10369145E+00    5.33773096E-02   -1.43245375E-02
   7.16282747E+00    5.25341669E-02   -1.41900428E-02
   7.22245578E+00    5.16921965E-02   -1.40498564E-02
   7.28258047E+00    5.08518086E-02   -1.39043095E-02
   7.34320569E+00    5.00134031E-02   -1.37537273E-02
   7.40433559E+00    4.91773691E-02   -1.35984284E-02
   7.46597437E+00    4.83440854E-02   -1.34387249E-02
   7.52812629E+00    4.75139199E-02   -1.32749219E-02
   7.59079559E+00    4.66872297E-02   -1.31073181E-02
   7.65398660E+00    4.58643612E-02   -1.29362048E-02
   7.71770366E+00    4.50456498E-02   -1.27618666E-02
   7.78195114E+00    4.42314199E-02   -1.25845808E-02
   7.84673346E+00    4.34219851E-02   -1.24046176E-02
   7.91205507E+00    4.26176479E-02   -1.22222401E-02
   7.97792047E+00    4.18186997E-02   -1.20377037E-02
   8.04433417E+00    4.10254212E-02   -1.18512568E-02
   8.11130075E+00    4.02380820E-02   -1.16631384E-02
   8.17882480E+00    3.94569404E-02   -1.14735890E-02
   8.24691097E+00    3.86821991E-02   -1.12835339E-02
   8.31556394E+00    3.79141416E-02   -1.10917233E-02
   8.38478842E+00    3.71529928E-02   -1.08991779E-02
   8.45458917E+00    3.63989684E-02   -1.07060612E-02
   8.52497099E+00    3.56522733E-02   -1.05125668E-02
   8.59593872E+00    3.49131018E-02   -1.03188843E-02
   8.66749723E+00    3.41816379E-02   -1.01251957E-02
   8.73965145E+00    3.34580551E-02   -9.93167659E-03
   8.81240632E+00    3.27425169E-02   -9.73849488E-03
   8.88576686E+00    3.20351767E-02   -9.54581168E-03
   8.95973811E+00    3.13361778E-02   -9.35378113E-03
   9.03432514E+00    3.06456540E-02   -9.16255045E-03
   9.10953308E+00    2.99637293E-02   -8.97226014E-03
   9.18536711E+00    2.92905183E-02   -8.78304397E-03
   9.26183243E+00    2.86261263E-02   -8.59502922E-03
   9.33893430E+00    2.79706494E-02   -8.40833647E-03
   9.41667802E+00    2.73241750E-02   -8.22308025E-03
   9.49506893E+00    2.66867812E-02   -8.03936865E-03
   9.57411242E+00    2.60585381E-02   -7.85730369E-03
   9.65381393E+00    2.54395070E-02   -7.67698141E-03
   9.73417892E+00    2.48297410E-02   -7.49849197E-03
   9.81521293E+00    2.42292854E-02   -7.32191979E-03
   9.89692152E+00    2.36381776E-02   -7.14734370E-03
   9.97931031E+00    2.30564471E-02   -6.97483708E-03
   1.00623850E+01    2.24841165E-02   -6.80446796E-03
   1.01461512E+01    2.19212006E-02   -6.63629922E-03
   1.02306147E+01    2.13677077E-02   -6.47038866E-03
   1.03157814E+01    2.08236390E-02   -6.30678922E-03
   1.04016571E+01    2.02889892E-02   -6.14554907E-03
   1.04882476E+01    1.97637465E-02   -5.98671175E-03
   1.05755590E+01    1.92478933E-02   -5.83031638E-03
   1.06635973E+01    1.87414055E-02   -5.67639773E-03
   1.07523684E+01    1.82442537E-02   -5.52498639E-03
   1.08418785E+01    1.77564027E-02   -5.37610895E-03
   1.09321338E+01    1.72778122E-02   -5.22978809E-03
   1.10231404E+01    1.68084364E-02   -5.08604276E-03
   1.11149046E+01    1.63482250E-02   -4.94488829E-03
   1.12074327E+01    1.58971227E-02   -4.80633658E-03
   1.13007311E+01    1.54550698E-02   -4.67039619E-03
   1.13948062E+01    1.50220024E-02   -4.53707250E-03
   1.14896644E+01    1.45978523E-02   -4.40636786E-03
   1.15853123E+01    1.41825474E-02   -4.27828169E-03
   1.16817564E+01    1.37760122E-02   -4.15281066E-03
   1.17790034E+01    1.33781672E-02   -4.02994878E-03
   1.18770599E+01    1.29889300E-02   -3.90968753E-03
   1.19759327E+01    1.26082147E-02   -3.79201603E-03
   1.20756286E+01    1.22359327E-02   -3.67692111E-03
   1.21761545E+01    1.18719926E-02   -3.56438749E-03
   1.22775172E+01    1.15163002E-02   -3.45439783E-03
   1.23797237E+01    1.11687591E-02   -3.34693290E-03
   1.24827810E+01    1.08292704E-02   -3.24197170E-03
   1.25866963E+01    1.04977334E-02   -3.13949151E-03
   1.26914766E+01    1.01740453E-02   -3.03946807E-03
   1.27971292E+01    9.85810151E-03   -2.94187565E-03
   1.29036613E+01    9.54979581E-03   -2.84668713E-03
   1.30110803E+01    9.24902059E-03   -2.75387417E-03
   1.31193935E+01    8.95566688E-03   -2.66340724E-03
   1.32286084E+01    8.66962452E-03   -2.57525574E-03
   1.33387324E+01    8.39078233E-03   -2.48938810E-03
   1.34497732E+01    8.11902820E-03   -2.40577185E-03
   1.35617384E+01    7.85424926E-03   -2.32437371E-03
   1.36746356E+01    7.59633194E-03   -2.24515969E-03
   1.37884727E+01    7.34516214E-03   -2.16809511E-03
   1.39032574E+01    7.10062545E-03   -2.09314480E-03
   1.40189977E+01    6.86260715E-03   -2.02027305E-03
   1.41357015E+01    6.63099205E-03   -1.94944366E-03
   1.42533768E+01    6.40566515E-03   -1.88062016E-03
   1.43720318E+01    6.18651138E-03   -1.81376575E-03
   1.44916744E+01    5.97341575E-03   -1.74884337E-03
   1.46123131E+01    5.76626351E-03   -1.68581584E-03
   1.47339561E+01    5.56494011E-03   -1.62464578E-03
   1.48566117E+01    5.36933146E-03   -1.56529580E-03
   1.49802883E+01    5.17932386E-03   -1.50772846E-03
   1.51049946E+01    4.99480415E-03   -1.45190635E-03
   1.52307390E+01    4.81565978E-03   -1.39779215E-03
   1.53575301E+01    4.64177883E-03   -1.34534862E-03
   1.54853768E+01    4.47305014E-03   -1.29453870E-03
   1.56142877E+01    4.30936334E-03   -1.24532550E-03
   1.57442718E+01    4.15060890E-03   -1.19767236E-03
   1.58753380E+01    3.99667821E-03   -1.15154289E-03
   1.60074952E+01    3.84746361E-03   -1.10690096E-03
   1.61407526E+01    3.70285846E-03   -1.06371078E-03
   1.62751193E+01    3.56275716E-03   -1.02193690E-03
   1.64106046E+01    3.42705522E-03   -9.81544215E-04
   1.65472178E+01    3.29564928E-03   -9.42498028E-04
   1.66849683E+01    3.16843716E-03   -9.04764043E-04
   1.68238654E+01    3.04531785E-03   -8.68308378E-04
   1.69639189E+01    2.92619175E-03   -8.33097653E-04
   1.71051382E+01    2.81096028E-03   -7.99098868E-04
   1.72475332E+01    2.69952632E-03   -7.66279546E-04
   1.73911135E+01    2.59179405E-03   -7.34607689E-04
   1.75358891E+01    2.48766898E-03   -7.04051795E-04
   1.76818699E+01    2.38705801E-03   -6.74580872E-04
   1.78290660E+01    2.28986939E-03   -6.46164442E-04
   1.79774874E+01    2.19601282E-03   -6.18772556E-04
   1.81271444E+01    2.10539936E-03   -5.92375792E-04
   1.82780472E+01    2.01794157E-03   -5.66945258E-04
   1.84302063E+01    1.93355340E-03   -5.42452652E-04
   1.85836320E+01    1.85215026E-03   -5.18870015E-04
   1.87383350E+01    1.77364900E-03   -4.96170670E-04
   1.88943258E+01    1.69796804E-03   -4.74325807E-04
   1.90516151E+01    1.62502689E-03   -4.53316944E-04
   1.92102139E+01    1.55474840E-03   -4.33073637E-04
   1.93701329E+01    1.48706320E-03   -4.13576317E-04
   1.95313833E+01    1.42189606E-03   -3.94847435E-04
   1.96939760E+01    1.35917136E-03   -3.76854528E-04
   1.98579222E+01    1.29881545E-03   -3.59575377E-04
   2.00232332E+01    1.24075613E-03   -3.42985861E-04
   2.01899204E+01    1.18492278E-03   -3.27063124E-04
   2.03579952E+01    1.13124631E-03   -3.11784727E-04
   2.05274691E+01    1.07965917E-03   -2.97128862E-04
   2.06983539E+01    1.03009529E-03   -2.83074284E-04
   2.08706613E+01    9.82490141E-04   -2.69600312E-04
   2.10444030E+01    9.36780638E-04   -2.56686822E-04
   2.12195911E+01    8.92905178E-04   -2.44314231E-04
   2.13962376E+01    8.50803614E-04   -2.32463494E-04
   2.15743546E+01    8.10417225E-04   -2.21116087E-04
   2.17539544E+01    7.71688717E-04   -2.10254007E-04
   2.19350493E+01    7.34562193E-04   -1.99859751E-04
   2.21176518E+01    6.98983147E-04   -1.89916316E-04
   2.23017743E+01    6.64898440E-04   -1.80407185E-04
   2.24874297E+01    6.32256284E-04   -1.71316318E-04
   2.26746305E+01    6.01006227E-04   -1.62628143E-04
   2.28633898E+01    5.71099132E-04   -1.54327549E-04
   2.30537204E+01    5.42487160E-04   -1.46399872E-04
   2.32456354E+01    5.15123751E-04   -1.38830891E-04
   2.34391481E+01    4.88963608E-04   -1.31606816E-04
   2.36342717E+01    4.63962673E-04   -1.24714277E-04
   2.38310196E+01    4.40078113E-04   -1.18140322E-04
   2.40294055E+01    4.17268298E-04   -1.11872399E-04
   2.42294428E+01    3.95492784E-04   -1.05898357E-04
   2.44311453E+01    3.74712291E-04   -1.00206429E-04
   2.46345270E+01    3.54888682E-04   -9.47852267E-05
   2.48396018E+01    3.35984947E-04   -8.96237330E-05
   2.50463837E+01    3.17965182E-04   -8.47112918E-05
   2.52548871E+01    3.00794569E-04   -8.00376006E-05
   2.54651262E+01    2.84439353E-04   -7.55927015E-05
   2.56771154E+01    2.68866808E-04   -7.13669676E-05
   2.58908694E+01    2.54045302E-04   -6.73511214E-05
   2.61064028E+01    2.39944106E-04   -6.35361761E-05
   2.63237305E+01    2.26533542E-04   -5.99134764E-05
   2.65428673E+01    2.13784880E-04   -5.64746670E-05
   2.67638285E+01    2.01670334E-04   -5.32116895E-05
   2.69866290E+01    1.90163041E-04   -5.01167745E-05
   2.72112843E+01    1.79237044E-04   -4.71824341E-05
   2.74378097E+01    1.68867266E-04   -4.44014549E-05
   2.76662210E+01    1.59029495E-04   -4.17668893E-05
   2.78965336E+01    1.49700364E-04   -3.92720500E-05
   2.81287636E+01    1.40857327E-04   -3.69105011E-05
   2.83629268E+01    1.32478641E-04   -3.46760525E-05
   2.85990393E+01    1.24543349E-04   -3.25627512E-05
   2.88371174E+01    1.17031261E-04   -3.05648773E-05
   2.90771774E+01    1.09922924E-04   -2.86769332E-05
   2.93192359E+01    1.03199618E-04   -2.68936407E-05
   2.95633094E+01    9.68433262E-05   -2.52099321E-05
   2.98094148E+01    9.08367208E-05   -2.36209452E-05
   3.00575688E+01    8.51631411E-05   -2.21220156E-05
   3.03077887E+01    7.98065796E-05   -2.07086722E-05
   3.05600917E+01    7.47516585E-05   -1.93766295E-05
   3.08144949E+01    6.99836147E-05   -1.81217823E-05
   3.10710160E+01    6.54882757E-05   -1.69401988E-05
   3.13296725E+01    6.12520675E-05   -1.58281210E-05
   3.15904823E+01    5.72619481E-05   -1.47819463E-05
   3.18534632E+01    5.35054377E-05   -1.37982347E-05
   3.21186334E+01    4.99705791E-05   -1.28736970E-05
   3.23860110E+01    4.66459251E-05   -1.20051911E-05
   3.26556144E+01    4.35205220E-05   -1.11897165E-05
   3.29274623E+01    4.05838942E-05   -1.04244093E-05
   3.32015731E+01    3.78260279E-05   -9.70653748E-06
   3.34779659E+01    3.52373550E-05   -9.03349591E-06
   3.37566595E+01    3.28087393E-05   -8.40280178E-06
   3.40376732E+01    3.05314599E-05   -7.81208980E-06
   3.43210262E+01    2.83971989E-05   -7.25910823E-06
   3.46067381E+01    2.63980232E-05   -6.74171363E-06
   3.48948284E+01    2.45263744E-05   -6.25786761E-06
   3.51853170E+01    2.27750531E-05   -5.80563215E-06
   3.54782238E+01    2.11372060E-05   -5.38316573E-06
   3.57735690E+01    1.96063122E-05   -4.98871941E-06
   3.60713728E+01    1.81761712E-05   -4.62063306E-06
   3.63716557E+01    1.68408900E-05   -4.27733167E-06
   3.66744385E+01    1.55948711E-05   -3.95732183E-06
   3.69797417E+01    1.44328004E-05   -3.65918817E-06
   3.72875866E+01    1.33496361E-05   -3.38159009E-06
   3.75979941E+01    1.23405970E-05   -3.12325850E-06
   3.79109857E+01    1.14011519E-05   -2.88299260E-06
   3.82265829E+01    1.05270093E-05   -2.65965693E-06
   3.85448073E+01    9.71410630E-06   -2.45217838E-06
   3.88656808E+01    8.95859955E-06   -2.25954334E-06
   3.91892255E+01    8.25685470E-06   -2.08079489E-06
   3.95154636E+01    7.60543800E-06   -1.91503032E-06
   3.98444175E+01    7.00110646E-06   -1.76139841E-06
   4.01761099E+01    6.44079934E-06   -1.61909697E-06
   4.05105635E+01    5.92162979E-06   -1.48737056E-06
   4.08478013E+01    5.44087643E-06   -1.36550807E-06
   4.11878465E+01    4.99597487E-06   -1.25284043E-06
   4.15307225E+01    4.58451451E-06   -1.14873959E-06
   4.18764528E+01    4.20422171E-06   -1.05261404E-06
   4.22250613E+01    3.85296239E-06   -9.63909378E-07
   4.25765718E+01    3.52873034E-06   -8.82105139E-07
   4.29310085E+01    3.22964167E-06   -8.06713282E-07
   4.32883957E+01    2.95392853E-06   -7.37276447E-07
   4.36487582E+01    2.69993282E-06   -6.73366260E-07
   4.40121205E+01    2.46610114E-06   -6.14581927E-07
   4.43785077E+01    2.25097802E-06   -5.60548424E-07
   4.47479449E+01    2.05320172E-06   -5.10915334E-07
   4.51204576E+01    1.87149746E-06   -4.65355045E-07
   4.54960714E+01    1.70467760E-06   -4.23562739E-07
   4.58748120E+01    1.55162763E-06   -3.85252713E-07
   4.62567056E+01    1.41131065E-06   -3.50159502E-07
   4.66417782E+01    1.28275885E-06   -3.18035637E-07
   4.70300565E+01    1.16507022E-06   -2.88650755E-07
   4.74215671E+01    1.05740471E-06   -2.61790576E-07
   4.78163369E+01    9.58980519E-07   -2.37255916E-07
   4.82143930E+01    8.69070675E-07   -2.14861779E-07
   4.86157628E+01    7.86999475E-07   -1.94436419E-07
   4.90204739E+01    7.12139580E-07   -1.75820566E-07
   4.94285541E+01    6.43908890E-07   -1.58866604E-07
   4.98400314E+01    5.81767624E-07   -1.43437804E-07
   5.02549341E+01    5.25215766E-07   -1.29407651E-07
   5.06732908E+01    4.73790356E-07   -1.16659135E-07
   5.10951302E+01    4.27063154E-07   -1.05084139E-07
   5.15204812E+01    3.84638338E-07   -9.45828421E-08
   5.19493732E+01    3.46150322E-07   -8.50631421E-08
   5.23818355E+01    3.11261717E-07   -7.64401334E-08
   5.28178980E+01    2.79661416E-07   -6.86356049E-08
   5.32575905E+01    2.51062783E-07   -6.15775722E-08
   5.37009434E+01    2.25201914E-07   -5.51998278E-08
   5.41479870E+01    2.01836067E-07   -4.94415338E-08
   5.45987522E+01    1.80742128E-07   -4.42468285E-08
   5.50532698E+01    1.61715240E-07   -3.95644716E-08
   5.55115711E+01    1.44567374E-07   -3.53474775E-08
   5.59736877E+01    1.29126201E-07   -3.15528259E-08
   5.64396512E+01    1.15233838E-07   -2.81411400E-08
   5.69094937E+01    1.02745820E-07   -2.50764242E-08
   5.73832475E+01    9.15300183E-08   -2.23257867E-08
   5.78609452E+01    8.14657370E-08   -1.98592100E-08
   5.83426195E+01    7.24428102E-08   -1.76493206E-08
   5.88283037E+01    6.43607598E-08   -1.56711743E-08
   5.93180310E+01    5.71280419E-08   -1.39020655E-08
   5.98118351E+01    5.06613192E-08   -1.23213423E-08
   6.03097500E+01    4.48848041E-08   -1.09102402E-08
   6.08118099E+01    3.97295739E-08   -9.65170904E-09
   6.13180493E+01    3.51332525E-08   -8.53033155E-09
   6.18285030E+01    3.10390079E-08   -7.53207241E-09
   6.23432060E+01    2.73955041E-08   -6.64426443E-09
   6.28621938E+01    2.41562379E-08   -5.85544238E-09
   6.33855020E+01    2.12791525E-08   -5.15524573E-09
   6.39131665E+01    1.87262514E-08   -4.53432182E-09
   6.44452237E+01    1.64632398E-08   -3.98423592E-09
   6.49817101E+01    1.44591934E-08   -3.49738832E-09
   6.55226626E+01    1.26862579E-08   -3.06693904E-09
   6.60681184E+01    1.11193668E-08   -2.68673760E-09
   6.66181149E+01    9.73598587E-09   -2.35125899E-09
   6.71726900E+01    8.51587747E-09   -2.05554513E-09
   6.77318817E+01    7.44088945E-09   -1.79515219E-09
   6.82957285E+01    6.49474713E-09   -1.56609891E-09
   6.88642692E+01    5.66288949E-09   -1.36482589E-09
   6.94375428E+01    4.93228666E-09   -1.18815032E-09
   7.00155887E+01    4.29130244E-09   -1.03323187E-09
   7.05984467E+01    3.72954936E-09   -8.97536838E-10
   7.11861568E+01    3.23777208E-09   -7.78809254E-10
   7.17787594E+01    2.80773287E-09   -6.75042594E-10
   7.23762952E+01    2.43208959E-09   -5.84449702E-10
   7.29788053E+01    2.10433066E-09   -5.05446685E-10
   7.35863312E+01    1.81867483E-09   -4.36628251E-10
   7.41989144E+01    1.56999649E-09   -3.76749300E-10
   7.48165973E+01    1.35375668E-09   -3.24707985E-10
   7.54394222E+01    1.16594171E-09   -2.79530593E-10
   7.60674319E+01    1.00300465E-09   -2.40357215E-10
   7.67006696E+01    8.61816754E-10   -2.06429807E-10
   7.73391788E+01    7.39619584E-10   -1.77080472E-10
   7.79830033E+01    6.33985039E-10   -1.51721664E-10
   7.86321876E+01    5.42777738E-10   -1.29836991E-10
   7.92867760E+01    4.64124145E-10   -1.10973662E-10
   7.99468138E+01    3.96378424E-10   -9.47341557E-11
   8.06123461E+01    3.38099737E-10   -8.07706756E-11
   8.12834188E+01    2.88028650E-10   -6.87793956E-11
   8.19600779E+01    2.45062271E-10   -5.84944085E-11
   8.26423700E+01    2.08239585E-10   -4.96841509E-11
   8.33303420E+01    1.76722304E-10   -4.21467478E-11
   8.40240412E+01    1.49780787E-10   -3.57065884E-11
   8.47235152E+01    1.26780519E-10   -3.02110440E-11
   8.54288120E+01    1.07170839E-10   -2.55277307E-11
   8.61399803E+01    9.04738457E-11   -2.15418198E-11
   8.68570688E+01    7.62758461E-11   -1.81539660E-11
   8.75801269E+01    6.42190595E-11   -1.52782969E-11
   8.83092042E+01    5.39943159E-11   -1.28406475E-11
   8.90443508E+01    4.53353314E-11   -1.07771747E-11
   8.97856173E+01    3.80121531E-11   -9.03277470E-12
   9.05330546E+01    3.18273098E-11   -7.56015223E-12
   9.12867141E+01    2.66114015E-11   -6.31875627E-12
   9.20466475E+01    2.22186618E-11   -5.27371081E-12
   9.28129072E+01    1.85243944E-11   -4.39519627E-12
   9.35855458E+01    1.54221699E-11   -3.65777428E-12
   9.43646163E+01    1.28206817E-11   -3.03963162E-12
   9.51501723E+01    1.06424617E-11   -2.52227047E-12
   9.59422679E+01    8.82117894E-12   -2.08985979E-12
   9.67409574E+01    7.30071997E-12   -1.72901376E-12
   9.75462957E+01    6.03319523E-12   -1.42831369E-12
   9.83583383E+01    4.97820684E-12   -1.17813180E-12
   9.91771408E+01    4.10139654E-12   -9.70283481E-13
   1.00002760E+02    3.37379693E-12   -7.97871514E-13
   1.00835251E+02    2.77097328E-12   -6.55080588E-13
   1.01674674E+02    2.27229286E-12   -5.37002452E-13
   1.02521084E+02    1.86038840E-12   -4.39507520E-13
   1.03374540E+02    1.52075267E-12   -3.59147828E-13
   1.04235100E+02    1.24110240E-12   -2.93005222E-13
   1.05102825E+02    1.01124432E-12   -2.38659169E-13
   1.05977774E+02    8.22606344E-13   -1.94074961E-13
   1.06860005E+02    6.68053320E-13   -1.57559701E-13
   1.07749582E+02    5.41639012E-13   -1.27703170E-13
   1.08646563E+02    4.38406007E-13   -1.03330150E-13
   1.09551012E+02    3.54253132E-13   -8.34688129E-14
   1.10462990E+02    2.85761747E-13   -6.73093935E-14
   1.11382560E+02    2.30119838E-13   -5.41860929E-14
   1.12309785E+02    1.84985026E-13   -4.35445235E-14
   1.13244729E+02    1.48448119E-13   -3.49330132E-14
   1.14187457E+02    1.18919734E-13   -2.79756876E-14
   1.15138032E+02    9.50911951E-14   -2.23631810E-14
   1.16096520E+02    7.59029127E-14   -1.78451121E-14
   1.17062987E+02    6.04790697E-14   -1.42145996E-14
   1.18037500E+02    4.80998726E-14   -1.13016822E-14
   1.19020126E+02    3.81828266E-14   -8.96887196E-15
   1.20010931E+02    3.02574679E-14   -7.10516556E-15
   1.21009985E+02    2.39299519E-14   -5.61766827E-15
   1.22017355E+02    1.88917511E-14   -4.43363918E-15
   1.23033112E+02    1.48848616E-14   -3.49226859E-15
   1.24057324E+02    1.17053641E-14   -2.74551267E-15
   1.25090063E+02    9.18813641E-15   -2.15448201E-15
   1.26131398E+02    7.19758363E-15   -1.68725156E-15
   1.27181403E+02    5.62715802E-15   -1.31874511E-15
   1.28240149E+02    4.39071156E-15   -1.02869429E-15
   1.29307708E+02    3.41926752E-15   -8.00875784E-16
   1.30384154E+02    2.65745656E-15   -6.22271549E-16
   1.31469562E+02    2.06116834E-15   -4.82513903E-16
   1.32564005E+02    1.59500499E-15   -3.73285782E-16
   1.33667559E+02    1.23229265E-15   -2.88322243E-16
   1.34780300E+02    9.49760901E-16   -2.22158902E-16
   1.35902304E+02    7.30598409E-16   -1.70849825E-16
   1.37033648E+02    5.60550852E-16   -1.31050056E-16
   1.38174411E+02    4.29513477E-16   -1.00389384E-16
   1.39324670E+02    3.28237370E-16   -7.66986795E-17
   1.40484504E+02    2.50344872E-16   -5.84828450E-17
   1.41653994E+02    1.90452664E-16   -4.44802398E-17
   1.42833219E+02    1.44588800E-16   -3.37602766E-17
   1.44022261E+02    1.09583883E-16   -2.55806381E-17
   1.45221202E+02    8.27426086E-17   -1.93101433E-17
   1.46430123E+02    6.24191870E-17   -1.45636003E-17
   1.47649108E+02    4.70194662E-17   -1.09679462E-17
   1.48878241E+02    3.52725109E-17   -8.22581207E-18
   1.50117606E+02    2.64269519E-17   -6.16149916E-18
   1.51367288E+02    1.97481847E-17   -4.60324470E-18
   1.52627374E+02    1.47013482E-17   -3.42602014E-18
   1.53897949E+02    1.09431930E-17    0.00000000E+00
   1.55179102E+02    8.12190535E-18    0.00000000E+00
   1.56470920E+02    5.97200617E-18    0.00000000E+00
   1.57773491E+02    4.37542454E-18    0.00000000E+00
   1.59086906E+02    3.22130958E-18    0.00000000E+00
   1.60411255E+02    2.39280931E-18    0.00000000E+00
   1.61746629E+02    1.77217173E-18    0.00000000E+00
   1.63093119E+02    1.29742091E-18    0.00000000E+00
   1.64450819E+02    9.43474384E-19    0.00000000E+00
   1.65819821E+02    6.84539984E-19    0.00000000E+00
   1.67200219E+02    4.93703048E-19    0.00000000E+00
   1.68592109E+02    3.51805399E-19    0.00000000E+00
   1.69995586E+02    2.50014585E-19    0.00000000E+00
   1.71410746E+02    1.79712951E-19    0.00000000E+00
   1.72837687E+02    1.31818639E-19    0.00000000E+00
   1.74276507E+02    9.70059815E-20    0.00000000E+00
   1.75727305E+02    7.00870236E-20    0.00000000E+00
   1.77190180E+02    4.98307251E-20    0.00000000E+00
   1.78665233E+02    3.50917754E-20    0.00000000E+00
   1.80152565E+02    2.46621161E-20    0.00000000E+00
   1.81652279E+02    1.72687075E-20    0.00000000E+00
   1.83164478E+02    1.17891002E-20    0.00000000E+00
   1.84689265E+02    0.00000000E+00    0.00000000E+00
   1.86226746E+02    0.00000000E+00    0.00000000E+00
   1.87777025E+02    0.00000000E+00    0.00000000E+00
   1.89340211E+02    0.00000000E+00    0.00000000E+00
   1.90916409E+02    0.00000000E+00    0.00000000E+00
   1.92505729E+02    0.00000000E+00    0.00000000E+00
   1.94108279E+02    0.00000000E+00    0.00000000E+00
   1.95724170E+02    0.00000000E+00    0.00000000E+00
   1.97353513E+02    0.00000000E+00    0.00000000E+00
   1.98996419E+02    0.00000000E+00    0.00000000E+00
   2.00653002E+02    0.00000000E+00    0.00000000E+00
   2.02323376E+02    0.00000000E+00    0.00000000E+00
   2.04007655E+02    0.00000000E+00    0.00000000E+00
   2.05705955E+02    0.00000000E+00    0.00000000E+00
   2.07418394E+02    0.00000000E+00    0.00000000E+00
   2.09145087E+02    0.00000000E+00    0.00000000E+00
   2.10886155E+02    0.00000000E+00    0.00000000E+00
   2.12641716E+02    0.00000000E+00    0.00000000E+00
   2.14411892E+02    0.00000000E+00    0.00000000E+00
   2.16196805E+02    0.00000000E+00    0.00000000E+00
   2.17996576E+02    0.00000000E+00    0.00000000E+00
   2.19811329E+02    0.00000000E+00    0.00000000E+00
   2.21641190E+02    0.00000000E+00    0.00000000E+00
   2.23486284E+02    0.00000000E+00    0.00000000E+00
   2.25346738E+02    0.00000000E+00    0.00000000E+00
   2.27222679E+02    0.00000000E+00    0.00000000E+00
   2.29114237E+02    0.00000000E+00    0.00000000E+00
   2.31021542E+02    0.00000000E+00    0.00000000E+00
   2.32944724E+02    0.00000000E+00    0.00000000E+00
   2.34883917E+02    0.00000000E+00    0.00000000E+00
   2.36839252E+02    0.00000000E+00    0.00000000E+00
   2.38810865E+02    0.00000000E+00    0.00000000E+00
   2.40798891E+02    0.00000000E+00    0.00000000E+00
   2.42803467E+02    0.00000000E+00    0.00000000E+00
   2.44824730E+02    0.00000000E+00    0.00000000E+00
   2.46862820E+02    0.00000000E+00    0.00000000E+00
   2.48917876E+02    0.00000000E+00    0.00000000E+00
   2.50990040E+02    0.00000000E+00    0.00000000E+00
   2.53079454E+02    0.00000000E+00    0.00000000E+00
   2.55186261E+02    0.00000000E+00    0.00000000E+00
   2.57310608E+02    0.00000000E+00    0.00000000E+00
   2.59452638E+02    0.00000000E+00    0.00000000E+00
   2.61612501E+02    0.00000000E+00    0.00000000E+00
   2.63790343E+02    0.00000000E+00    0.00000000E+00
   2.65986316E+02    0.00000000E+00    0.00000000E+00
   2.68200569E+02    0.00000000E+00    0.00000000E+00
   2.70433255E+02    0.00000000E+00    0.00000000E+00
   2.72684528E+02    0.00000000E+00    0.00000000E+00
   2.74954542E+02    0.00000000E+00    0.00000000E+00
