# Peaks:     0.040857      0.157987      0.466129  
   8.42614956E-05    7.37556626E-01    5.77101106E+03
   8.50510924E-05    7.42065579E-01    5.75193777E+03
   8.58480883E-05    7.46615240E-01    5.73305447E+03
   8.66525527E-05    7.51204374E-01    5.71434660E+03
   8.74645555E-05    7.55831662E-01    5.69579937E+03
   8.82841675E-05    7.60495695E-01    5.67739770E+03
   8.91114598E-05    7.65194968E-01    5.65912629E+03
   8.99465046E-05    7.69927879E-01    5.64096955E+03
   9.07893744E-05    7.74692726E-01    5.62291160E+03
   9.16401425E-05    7.79487698E-01    5.60493629E+03
   9.24988830E-05    7.84310877E-01    5.58702719E+03
   9.33656706E-05    7.89160260E-01    5.56916777E+03
   9.42405807E-05    7.94034922E-01    5.55134990E+03
   9.51236893E-05    7.98935440E-01    5.53357655E+03
   9.60150734E-05    8.03862525E-01    5.51585153E+03
   9.69148105E-05    8.08816930E-01    5.49817875E+03
   9.78229788E-05    8.13799449E-01    5.48056225E+03
   9.87396574E-05    8.18810917E-01    5.46300619E+03
   9.96649259E-05    8.23852214E-01    5.44551485E+03
   1.00598865E-04    8.28924269E-01    5.42809265E+03
   1.01541556E-04    8.34028057E-01    5.41074411E+03
   1.02493080E-04    8.39164525E-01    5.39347341E+03
   1.03453521E-04    8.44334013E-01    5.37628065E+03
   1.04422963E-04    8.49536536E-01    5.35916387E+03
   1.05401488E-04    8.54772104E-01    5.34212108E+03
   1.06389184E-04    8.60040720E-01    5.32515031E+03
   1.07386134E-04    8.65342380E-01    5.30824956E+03
   1.08392427E-04    8.70677074E-01    5.29141684E+03
   1.09408150E-04    8.76044789E-01    5.27465016E+03
   1.10433390E-04    8.81445500E-01    5.25794751E+03
   1.11468239E-04    8.86879214E-01    5.24130712E+03
   1.12512784E-04    8.92346113E-01    5.22472840E+03
   1.13567118E-04    8.97846442E-01    5.20821120E+03
   1.14631331E-04    9.03380457E-01    5.19175538E+03
   1.15705517E-04    9.08948423E-01    5.17536083E+03
   1.16789769E-04    9.14550613E-01    5.15902750E+03
   1.17884182E-04    9.20187311E-01    5.14275535E+03
   1.18988850E-04    9.25858812E-01    5.12654438E+03
   1.20103869E-04    9.31565420E-01    5.11039462E+03
   1.21229337E-04    9.37307453E-01    5.09430617E+03
   1.22365352E-04    9.43085215E-01    5.07827899E+03
   1.23512012E-04    9.48898920E-01    5.06231264E+03
   1.24669417E-04    9.54748771E-01    5.04640662E+03
   1.25837668E-04    9.60634973E-01    5.03056040E+03
   1.27016866E-04    9.66557737E-01    5.01477353E+03
   1.28207115E-04    9.72517281E-01    4.99904555E+03
   1.29408516E-04    9.78513827E-01    4.98337603E+03
   1.30621176E-04    9.84547604E-01    4.96776458E+03
   1.31845200E-04    9.90618848E-01    4.95221083E+03
   1.33080694E-04    9.96727803E-01    4.93671442E+03
   1.34327765E-04    1.00287471E+00    4.92127502E+03
   1.35586522E-04    1.00905979E+00    4.90589225E+03
   1.36857075E-04    1.01528329E+00    4.89056578E+03
   1.38139534E-04    1.02154545E+00    4.87529530E+03
   1.39434010E-04    1.02784651E+00    4.86008053E+03
   1.40740617E-04    1.03418674E+00    4.84492121E+03
   1.42059468E-04    1.04056640E+00    4.82981711E+03
   1.43390677E-04    1.04698577E+00    4.81476804E+03
   1.44734361E-04    1.05344512E+00    4.79977383E+03
   1.46090636E-04    1.05994474E+00    4.78483431E+03
   1.47459621E-04    1.06648490E+00    4.76994921E+03
   1.48841434E-04    1.07306583E+00    4.75511818E+03
   1.50236196E-04    1.07968778E+00    4.74034090E+03
   1.51644028E-04    1.08635101E+00    4.72561707E+03
   1.53065052E-04    1.09305578E+00    4.71094644E+03
   1.54499392E-04    1.09980236E+00    4.69632875E+03
   1.55947174E-04    1.10659103E+00    4.68176381E+03
   1.57408522E-04    1.11342209E+00    4.66725142E+03
   1.58883564E-04    1.12029581E+00    4.65279142E+03
   1.60372429E-04    1.12721248E+00    4.63838354E+03
   1.61875245E-04    1.13417234E+00    4.62402747E+03
   1.63392144E-04    1.14117568E+00    4.60972294E+03
   1.64923257E-04    1.14822275E+00    4.59546970E+03
   1.66468718E-04    1.15531386E+00    4.58126752E+03
   1.68028662E-04    1.16244928E+00    4.56711620E+03
   1.69603223E-04    1.16962931E+00    4.55301559E+03
   1.71192539E-04    1.17685428E+00    4.53896553E+03
   1.72796748E-04    1.18412448E+00    4.52496589E+03
   1.74415990E-04    1.19144021E+00    4.51101642E+03
   1.76050406E-04    1.19880173E+00    4.49711683E+03
   1.77700137E-04    1.20620934E+00    4.48326687E+03
   1.79365328E-04    1.21366332E+00    4.46946631E+03
   1.81046123E-04    1.22116398E+00    4.45571494E+03
   1.82742668E-04    1.22871162E+00    4.44201258E+03
   1.84455111E-04    1.23630657E+00    4.42835910E+03
   1.86183601E-04    1.24394914E+00    4.41475437E+03
   1.87928288E-04    1.25163968E+00    4.40119825E+03
   1.89689325E-04    1.25937847E+00    4.38769048E+03
   1.91466864E-04    1.26716580E+00    4.37423080E+03
   1.93261059E-04    1.27500199E+00    4.36081898E+03
   1.95072068E-04    1.28288734E+00    4.34745481E+03
   1.96900047E-04    1.29082218E+00    4.33413811E+03
   1.98745156E-04    1.29880683E+00    4.32086873E+03
   2.00607555E-04    1.30684163E+00    4.30764653E+03
   2.02487407E-04    1.31492695E+00    4.29447142E+03
   2.04384874E-04    1.32306310E+00    4.28134322E+03
   2.06300121E-04    1.33125040E+00    4.26826168E+03
   2.08233316E-04    1.33948917E+00    4.25522658E+03
   2.10184627E-04    1.34777973E+00    4.24223772E+03
   2.12154223E-04    1.35612244E+00    4.22929492E+03
   2.14142276E-04    1.36451763E+00    4.21639803E+03
   2.16148958E-04    1.37296566E+00    4.20354693E+03
   2.18174444E-04    1.38146690E+00    4.19074153E+03
   2.20218911E-04    1.39002172E+00    4.17798173E+03
   2.22282536E-04    1.39863045E+00    4.16526731E+03
   2.24365499E-04    1.40729343E+00    4.15259799E+03
   2.26467981E-04    1.41601097E+00    4.13997352E+03
   2.28590165E-04    1.42478342E+00    4.12739370E+03
   2.30732235E-04    1.43361114E+00    4.11485833E+03
   2.32894378E-04    1.44249448E+00    4.10236724E+03
   2.35076783E-04    1.45143381E+00    4.08992030E+03
   2.37279638E-04    1.46042952E+00    4.07751739E+03
   2.39503135E-04    1.46948200E+00    4.06515842E+03
   2.41747469E-04    1.47859165E+00    4.05284334E+03
   2.44012834E-04    1.48775888E+00    4.04057208E+03
   2.46299427E-04    1.49698406E+00    4.02834442E+03
   2.48607447E-04    1.50626752E+00    4.01616011E+03
   2.50937095E-04    1.51560964E+00    4.00401891E+03
   2.53288574E-04    1.52501077E+00    3.99192063E+03
   2.55662088E-04    1.53447131E+00    3.97986508E+03
   2.58057843E-04    1.54399165E+00    3.96785210E+03
   2.60476049E-04    1.55357217E+00    3.95588158E+03
   2.62916915E-04    1.56321331E+00    3.94395341E+03
   2.65380654E-04    1.57291547E+00    3.93206752E+03
   2.67867481E-04    1.58267910E+00    3.92022382E+03
   2.70377611E-04    1.59250458E+00    3.90842210E+03
   2.72911262E-04    1.60239228E+00    3.89666212E+03
   2.75468656E-04    1.61234259E+00    3.88494368E+03
   2.78050015E-04    1.62235593E+00    3.87326660E+03
   2.80655563E-04    1.63243270E+00    3.86163071E+03
   2.83285528E-04    1.64257332E+00    3.85003588E+03
   2.85940137E-04    1.65277824E+00    3.83848201E+03
   2.88619622E-04    1.66304790E+00    3.82696902E+03
   2.91324216E-04    1.67338276E+00    3.81549682E+03
   2.94054154E-04    1.68378323E+00    3.80406523E+03
   2.96809673E-04    1.69424972E+00    3.79267402E+03
   2.99591014E-04    1.70478264E+00    3.78132299E+03
   3.02398419E-04    1.71538244E+00    3.77001196E+03
   3.05232131E-04    1.72604954E+00    3.75874079E+03
   3.08092397E-04    1.73678440E+00    3.74750934E+03
   3.10979466E-04    1.74758749E+00    3.73631753E+03
   3.13893589E-04    1.75845928E+00    3.72516528E+03
   3.16835020E-04    1.76940025E+00    3.71405247E+03
   3.19804014E-04    1.78041083E+00    3.70297887E+03
   3.22800830E-04    1.79149144E+00    3.69194427E+03
   3.25825729E-04    1.80264255E+00    3.68094850E+03
   3.28878973E-04    1.81386460E+00    3.66999138E+03
   3.31960829E-04    1.82515809E+00    3.65907279E+03
   3.35071564E-04    1.83652349E+00    3.64819260E+03
   3.38211450E-04    1.84796130E+00    3.63735075E+03
   3.41380758E-04    1.85947204E+00    3.62654716E+03
   3.44579765E-04    1.87105618E+00    3.61578164E+03
   3.47808750E-04    1.88271417E+00    3.60505398E+03
   3.51067992E-04    1.89444649E+00    3.59436397E+03
   3.54357777E-04    1.90625361E+00    3.58371145E+03
   3.57678389E-04    1.91813604E+00    3.57309626E+03
   3.61030118E-04    1.93009428E+00    3.56251828E+03
   3.64413255E-04    1.94212885E+00    3.55197740E+03
   3.67828095E-04    1.95424029E+00    3.54147357E+03
   3.71274935E-04    1.96642915E+00    3.53100668E+03
   3.74754074E-04    1.97869589E+00    3.52057652E+03
   3.78265816E-04    1.99104102E+00    3.51018288E+03
   3.81810465E-04    2.00346503E+00    3.49982555E+03
   3.85388331E-04    2.01596843E+00    3.48950436E+03
   3.88999724E-04    2.02855175E+00    3.47921916E+03
   3.92644959E-04    2.04121554E+00    3.46896983E+03
   3.96324352E-04    2.05396035E+00    3.45875627E+03
   4.00038224E-04    2.06678674E+00    3.44857841E+03
   4.03786898E-04    2.07969531E+00    3.43843617E+03
   4.07570700E-04    2.09268657E+00    3.42832936E+03
   4.11389960E-04    2.10576103E+00    3.41825775E+03
   4.15245009E-04    2.11891924E+00    3.40822113E+03
   4.19136182E-04    2.13216173E+00    3.39821932E+03
   4.23063819E-04    2.14548906E+00    3.38825218E+03
   4.27028261E-04    2.15890180E+00    3.37831957E+03
   4.31029853E-04    2.17240054E+00    3.36842138E+03
   4.35068944E-04    2.18598589E+00    3.35855755E+03
   4.39145883E-04    2.19965847E+00    3.34872800E+03
   4.43261027E-04    2.21341884E+00    3.33893256E+03
   4.47414733E-04    2.22726754E+00    3.32917098E+03
   4.51607362E-04    2.24120515E+00    3.31944306E+03
   4.55839280E-04    2.25523223E+00    3.30974861E+03
   4.60110854E-04    2.26934937E+00    3.30008745E+03
   4.64422456E-04    2.28355717E+00    3.29045946E+03
   4.68774461E-04    2.29785626E+00    3.28086451E+03
   4.73167248E-04    2.31224727E+00    3.27130251E+03
   4.77601199E-04    2.32673087E+00    3.26177341E+03
   4.82076699E-04    2.34130769E+00    3.25227711E+03
   4.86594139E-04    2.35597831E+00    3.24281336E+03
   4.91153910E-04    2.37074333E+00    3.23338194E+03
   4.95756410E-04    2.38560335E+00    3.22398265E+03
   5.00402039E-04    2.40055898E+00    3.21461529E+03
   5.05091201E-04    2.41561086E+00    3.20527971E+03
   5.09824305E-04    2.43075964E+00    3.19597577E+03
   5.14601761E-04    2.44600599E+00    3.18670337E+03
   5.19423986E-04    2.46135059E+00    3.17746243E+03
   5.24291399E-04    2.47679415E+00    3.16825287E+03
   5.29204423E-04    2.49233733E+00    3.15907455E+03
   5.34163487E-04    2.50798074E+00    3.14992722E+03
   5.39169021E-04    2.52372502E+00    3.14081065E+03
   5.44221460E-04    2.53957082E+00    3.13172463E+03
   5.49321245E-04    2.55551879E+00    3.12266900E+03
   5.54468819E-04    2.57156962E+00    3.11364358E+03
   5.59664630E-04    2.58772402E+00    3.10464826E+03
   5.64909129E-04    2.60398269E+00    3.09568294E+03
   5.70202774E-04    2.62034639E+00    3.08674753E+03
   5.75546024E-04    2.63681584E+00    3.07784197E+03
   5.80939345E-04    2.65339172E+00    3.06896603E+03
   5.86383205E-04    2.67007471E+00    3.06011946E+03
   5.91878079E-04    2.68686547E+00    3.05130205E+03
   5.97424444E-04    2.70376470E+00    3.04251359E+03
   6.03022783E-04    2.72077313E+00    3.03375391E+03
   6.08673583E-04    2.73789147E+00    3.02502286E+03
   6.14377335E-04    2.75512048E+00    3.01632033E+03
   6.20134536E-04    2.77246093E+00    3.00764621E+03
   6.25945686E-04    2.78991362E+00    2.99900043E+03
   6.31811291E-04    2.80747931E+00    2.99038287E+03
   6.37731862E-04    2.82515870E+00    2.98179327E+03
   6.43707913E-04    2.84295251E+00    2.97323139E+03
   6.49739965E-04    2.86086145E+00    2.96469701E+03
   6.55828542E-04    2.87888629E+00    2.95618993E+03
   6.61974173E-04    2.89702778E+00    2.94770999E+03
   6.68177394E-04    2.91528671E+00    2.93925704E+03
   6.74438744E-04    2.93366388E+00    2.93083096E+03
   6.80758767E-04    2.95216013E+00    2.92243167E+03
   6.87138014E-04    2.97077630E+00    2.91405910E+03
   6.93577040E-04    2.98951317E+00    2.90571304E+03
   7.00076405E-04    3.00837147E+00    2.89739324E+03
   7.06636674E-04    3.02735198E+00    2.88909945E+03
   7.13258417E-04    3.04645546E+00    2.88083145E+03
   7.19942212E-04    3.06568273E+00    2.87258905E+03
   7.26688639E-04    3.08503459E+00    2.86437208E+03
   7.33498286E-04    3.10451189E+00    2.85618041E+03
   7.40371744E-04    3.12411550E+00    2.84801392E+03
   7.47309612E-04    3.14384628E+00    2.83987253E+03
   7.54312493E-04    3.16370515E+00    2.83175615E+03
   7.61380997E-04    3.18369290E+00    2.82366458E+03
   7.68515738E-04    3.20381033E+00    2.81559751E+03
   7.75717337E-04    3.22405824E+00    2.80755469E+03
   7.82986422E-04    3.24443746E+00    2.79953591E+03
   7.90323623E-04    3.26494882E+00    2.79154093E+03
   7.97729579E-04    3.28559319E+00    2.78356960E+03
   8.05204935E-04    3.30637146E+00    2.77562175E+03
   8.12750341E-04    3.32728453E+00    2.76769727E+03
   8.20366454E-04    3.34833334E+00    2.75979605E+03
   8.28053936E-04    3.36951884E+00    2.75191803E+03
   8.35813455E-04    3.39084194E+00    2.74406307E+03
   8.43645687E-04    3.41230348E+00    2.73623087E+03
   8.51551313E-04    3.43390431E+00    2.72842116E+03
   8.59531022E-04    3.45564528E+00    2.72063368E+03
   8.67585506E-04    3.47752727E+00    2.71286821E+03
   8.75715468E-04    3.49955120E+00    2.70512455E+03
   8.83921613E-04    3.52171799E+00    2.69740252E+03
   8.92204657E-04    3.54402859E+00    2.68970198E+03
   9.00565319E-04    3.56648396E+00    2.68202281E+03
   9.09004327E-04    3.58908512E+00    2.67436493E+03
   9.17522416E-04    3.61183307E+00    2.66672824E+03
   9.26120325E-04    3.63472870E+00    2.65911250E+03
   9.34798804E-04    3.65777290E+00    2.65151739E+03
   9.43558607E-04    3.68096657E+00    2.64394265E+03
   9.52400496E-04    3.70431063E+00    2.63638802E+03
   9.61325241E-04    3.72780603E+00    2.62885327E+03
   9.70333618E-04    3.75145372E+00    2.62133822E+03
   9.79426410E-04    3.77525470E+00    2.61384268E+03
   9.88604409E-04    3.79920998E+00    2.60636654E+03
   9.97868413E-04    3.82332061E+00    2.59890968E+03
   1.00721923E-03    3.84758763E+00    2.59147202E+03
   1.01665767E-03    3.87201209E+00    2.58405342E+03
   1.02618455E-03    3.89659491E+00    2.57665356E+03
   1.03580071E-03    3.92133701E+00    2.56927214E+03
   1.04550698E-03    3.94623937E+00    2.56190889E+03
   1.05530421E-03    3.97130296E+00    2.55456356E+03
   1.06519324E-03    3.99652878E+00    2.54723594E+03
   1.07517495E-03    4.02191786E+00    2.53992583E+03
   1.08525018E-03    4.04747124E+00    2.53263307E+03
   1.09541984E-03    4.07319000E+00    2.52535754E+03
   1.10568478E-03    4.09907524E+00    2.51809913E+03
   1.11604592E-03    4.12512809E+00    2.51085775E+03
   1.12650416E-03    4.15134952E+00    2.50363313E+03
   1.13706039E-03    4.17774052E+00    2.49642494E+03
   1.14771554E-03    4.20430208E+00    2.48923289E+03
   1.15847054E-03    4.23103520E+00    2.48205670E+03
   1.16932633E-03    4.25794092E+00    2.47489614E+03
   1.18028384E-03    4.28502030E+00    2.46775099E+03
   1.19134403E-03    4.31227442E+00    2.46062107E+03
   1.20250787E-03    4.33970440E+00    2.45350624E+03
   1.21377631E-03    4.36731136E+00    2.44640637E+03
   1.22515036E-03    4.39509649E+00    2.43932138E+03
   1.23663098E-03    4.42306087E+00    2.43225111E+03
   1.24821919E-03    4.45120554E+00    2.42519521E+03
   1.25991599E-03    4.47953149E+00    2.41815335E+03
   1.27172240E-03    4.50803976E+00    2.41112526E+03
   1.28363944E-03    4.53673142E+00    2.40411064E+03
   1.29566816E-03    4.56560754E+00    2.39710928E+03
   1.30780959E-03    4.59466924E+00    2.39012095E+03
   1.32006480E-03    4.62391764E+00    2.38314549E+03
   1.33243485E-03    4.65335392E+00    2.37618276E+03
   1.34492082E-03    4.68297925E+00    2.36923264E+03
   1.35752379E-03    4.71279485E+00    2.36229505E+03
   1.37024486E-03    4.74280181E+00    2.35536971E+03
   1.38308513E-03    4.77300114E+00    2.34845628E+03
   1.39604573E-03    4.80339392E+00    2.34155443E+03
   1.40912778E-03    4.83398122E+00    2.33466387E+03
   1.42233242E-03    4.86476412E+00    2.32778432E+03
   1.43566080E-03    4.89574376E+00    2.32091556E+03
   1.44911408E-03    4.92692128E+00    2.31405737E+03
   1.46269342E-03    4.95829785E+00    2.30720960E+03
   1.47640001E-03    4.98987468E+00    2.30037211E+03
   1.49023505E-03    5.02165300E+00    2.29354480E+03
   1.50419973E-03    5.05363403E+00    2.28672753E+03
   1.51829527E-03    5.08581882E+00    2.27991998E+03
   1.53252289E-03    5.11820844E+00    2.27312178E+03
   1.54688384E-03    5.15080396E+00    2.26633261E+03
   1.56137937E-03    5.18360649E+00    2.25955217E+03
   1.57601072E-03    5.21661715E+00    2.25278021E+03
   1.59077919E-03    5.24983709E+00    2.24601648E+03
   1.60568605E-03    5.28326748E+00    2.23926079E+03
   1.62073259E-03    5.31690952E+00    2.23251298E+03
   1.63592014E-03    5.35076445E+00    2.22577293E+03
   1.65125000E-03    5.38483352E+00    2.21904055E+03
   1.66672352E-03    5.41911792E+00    2.21231563E+03
   1.68234203E-03    5.45361868E+00    2.20559779E+03
   1.69810691E-03    5.48833689E+00    2.19888669E+03
   1.71401951E-03    5.52327363E+00    2.19218198E+03
   1.73008122E-03    5.55843000E+00    2.18548338E+03
   1.74629345E-03    5.59380715E+00    2.17879063E+03
   1.76265760E-03    5.62940622E+00    2.17210349E+03
   1.77917509E-03    5.66522840E+00    2.16542177E+03
   1.79584737E-03    5.70127489E+00    2.15874533E+03
   1.81267588E-03    5.73754695E+00    2.15207404E+03
   1.82966208E-03    5.77404581E+00    2.14540781E+03
   1.84680746E-03    5.81077262E+00    2.13874637E+03
   1.86411351E-03    5.84772840E+00    2.13208934E+03
   1.88158172E-03    5.88491422E+00    2.12543635E+03
   1.89921363E-03    5.92233114E+00    2.11878708E+03
   1.91701076E-03    5.95998026E+00    2.11214124E+03
   1.93497466E-03    5.99786271E+00    2.10549857E+03
   1.95310691E-03    6.03597961E+00    2.09885883E+03
   1.97140906E-03    6.07433215E+00    2.09222185E+03
   1.98988272E-03    6.11292151E+00    2.08558748E+03
   2.00852949E-03    6.15174891E+00    2.07895562E+03
   2.02735100E-03    6.19081558E+00    2.07232614E+03
   2.04634888E-03    6.23012255E+00    2.06569872E+03
   2.06552478E-03    6.26967084E+00    2.05907298E+03
   2.08488038E-03    6.30946144E+00    2.05244853E+03
   2.10441736E-03    6.34949540E+00    2.04582507E+03
   2.12413741E-03    6.38977377E+00    2.03920230E+03
   2.14404226E-03    6.43029763E+00    2.03257997E+03
   2.16413363E-03    6.47106807E+00    2.02595785E+03
   2.18441327E-03    6.51208622E+00    2.01933577E+03
   2.20488294E-03    6.55335322E+00    2.01271359E+03
   2.22554444E-03    6.59487025E+00    2.00609122E+03
   2.24639955E-03    6.63663845E+00    1.99946853E+03
   2.26745009E-03    6.67865881E+00    1.99284518E+03
   2.28869788E-03    6.72093223E+00    1.98622076E+03
   2.31014479E-03    6.76345965E+00    1.97959491E+03
   2.33179267E-03    6.80624201E+00    1.97296728E+03
   2.35364341E-03    6.84928029E+00    1.96633757E+03
   2.37569891E-03    6.89257546E+00    1.95970553E+03
   2.39796108E-03    6.93612853E+00    1.95307092E+03
   2.42043187E-03    6.97994052E+00    1.94643355E+03
   2.44311323E-03    7.02401249E+00    1.93979328E+03
   2.46600713E-03    7.06834550E+00    1.93315001E+03
   2.48911556E-03    7.11294065E+00    1.92650368E+03
   2.51244054E-03    7.15779888E+00    1.91985403E+03
   2.53598410E-03    7.20292097E+00    1.91320064E+03
   2.55974827E-03    7.24830772E+00    1.90654313E+03
   2.58373513E-03    7.29395995E+00    1.89988114E+03
   2.60794677E-03    7.33987847E+00    1.89321435E+03
   2.63238529E-03    7.38606413E+00    1.88654247E+03
   2.65705282E-03    7.43251778E+00    1.87986525E+03
   2.68195150E-03    7.47924028E+00    1.87318249E+03
   2.70708351E-03    7.52623254E+00    1.86649402E+03
   2.73245102E-03    7.57349544E+00    1.85979973E+03
   2.75805624E-03    7.62102994E+00    1.85309953E+03
   2.78390141E-03    7.66883688E+00    1.84639328E+03
   2.80998876E-03    7.71691691E+00    1.83968059E+03
   2.83632058E-03    7.76527067E+00    1.83296109E+03
   2.86289914E-03    7.81389879E+00    1.82623442E+03
   2.88972677E-03    7.86280193E+00    1.81950029E+03
   2.91680579E-03    7.91198075E+00    1.81275842E+03
   2.94413856E-03    7.96143591E+00    1.80600858E+03
   2.97172746E-03    8.01116812E+00    1.79925058E+03
   2.99957490E-03    8.06117806E+00    1.79248428E+03
   3.02768328E-03    8.11146647E+00    1.78570957E+03
   3.05605507E-03    8.16203401E+00    1.77892634E+03
   3.08469272E-03    8.21288118E+00    1.77213426E+03
   3.11359872E-03    8.26400837E+00    1.76533292E+03
   3.14277560E-03    8.31541601E+00    1.75852200E+03
   3.17222589E-03    8.36710452E+00    1.75170117E+03
   3.20195215E-03    8.41907432E+00    1.74487018E+03
   3.23195697E-03    8.47132585E+00    1.73802878E+03
   3.26224296E-03    8.52385956E+00    1.73117678E+03
   3.29281276E-03    8.57667590E+00    1.72431405E+03
   3.32366901E-03    8.62977533E+00    1.71744047E+03
   3.35481442E-03    8.68315832E+00    1.71055600E+03
   3.38625168E-03    8.73682519E+00    1.70366041E+03
   3.41798353E-03    8.79077605E+00    1.69675332E+03
   3.45001273E-03    8.84501104E+00    1.68983437E+03
   3.48234208E-03    8.89953027E+00    1.68290324E+03
   3.51497437E-03    8.95433386E+00    1.67595965E+03
   3.54791246E-03    9.00942193E+00    1.66900336E+03
   3.58115920E-03    9.06479459E+00    1.66203415E+03
   3.61471749E-03    9.12045197E+00    1.65505189E+03
   3.64859025E-03    9.17639420E+00    1.64805644E+03
   3.68278042E-03    9.23262141E+00    1.64104775E+03
   3.71729098E-03    9.28913367E+00    1.63402573E+03
   3.75212493E-03    9.34593082E+00    1.62699004E+03
   3.78728531E-03    9.40301259E+00    1.61994032E+03
   3.82277516E-03    9.46037874E+00    1.61287627E+03
   3.85859758E-03    9.51802901E+00    1.60579760E+03
   3.89475569E-03    9.57596314E+00    1.59870407E+03
   3.93125263E-03    9.63418084E+00    1.59159548E+03
   3.96809157E-03    9.69268184E+00    1.58447167E+03
   4.00527572E-03    9.75146586E+00    1.57733253E+03
   4.04280832E-03    9.81053262E+00    1.57017800E+03
   4.08069262E-03    9.86988181E+00    1.56300802E+03
   4.11893194E-03    9.92951284E+00    1.55582232E+03
   4.15752958E-03    9.98942503E+00    1.54862055E+03
   4.19648892E-03    1.00496177E+01    1.54140243E+03
   4.23581333E-03    1.01100901E+01    1.53416769E+03
   4.27550625E-03    1.01708415E+01    1.52691611E+03
   4.31557112E-03    1.02318712E+01    1.51964752E+03
   4.35601143E-03    1.02931784E+01    1.51236177E+03
   4.39683069E-03    1.03547624E+01    1.50505878E+03
   4.43803247E-03    1.04166224E+01    1.49773851E+03
   4.47962034E-03    1.04787575E+01    1.49040086E+03
   4.52159792E-03    1.05411666E+01    1.48304556E+03
   4.56396886E-03    1.06038484E+01    1.47567231E+03
   4.60673686E-03    1.06668018E+01    1.46828086E+03
   4.64990562E-03    1.07300256E+01    1.46087100E+03
   4.69347891E-03    1.07935183E+01    1.45344256E+03
   4.73746051E-03    1.08572789E+01    1.44599542E+03
   4.78185426E-03    1.09213059E+01    1.43852949E+03
   4.82666401E-03    1.09855981E+01    1.43104473E+03
   4.87189366E-03    1.10501540E+01    1.42354109E+03
   4.91754715E-03    1.11149719E+01    1.41601833E+03
   4.96362845E-03    1.11800501E+01    1.40847618E+03
   5.01014157E-03    1.12453868E+01    1.40091442E+03
   5.05709055E-03    1.13109801E+01    1.39333286E+03
   5.10447949E-03    1.13768282E+01    1.38573135E+03
   5.15231249E-03    1.14429292E+01    1.37810979E+03
   5.20059373E-03    1.15092810E+01    1.37046813E+03
   5.24932740E-03    1.15758819E+01    1.36280634E+03
   5.29851774E-03    1.16427297E+01    1.35512439E+03
   5.34816904E-03    1.17098221E+01    1.34742206E+03
   5.39828561E-03    1.17771566E+01    1.33969914E+03
   5.44887180E-03    1.18447308E+01    1.33195548E+03
   5.49993204E-03    1.19125422E+01    1.32419095E+03
   5.55147074E-03    1.19805884E+01    1.31640547E+03
   5.60349241E-03    1.20488666E+01    1.30859900E+03
   5.65600156E-03    1.21173743E+01    1.30077151E+03
   5.70900276E-03    1.21861086E+01    1.29292284E+03
   5.76250062E-03    1.22550665E+01    1.28505285E+03
   5.81649981E-03    1.23242449E+01    1.27716143E+03
   5.87100500E-03    1.23936409E+01    1.26924852E+03
   5.92602096E-03    1.24632513E+01    1.26131410E+03
   5.98155245E-03    1.25330730E+01    1.25335818E+03
   6.03760432E-03    1.26031025E+01    1.24538072E+03
   6.09418144E-03    1.26733363E+01    1.23738154E+03
   6.15128874E-03    1.27437708E+01    1.22936048E+03
   6.20893117E-03    1.28144021E+01    1.22131744E+03
   6.26711376E-03    1.28852265E+01    1.21325234E+03
   6.32584156E-03    1.29562402E+01    1.20516515E+03
   6.38511969E-03    1.30274391E+01    1.19705588E+03
   6.44495331E-03    1.30988194E+01    1.18892458E+03
   6.50534761E-03    1.31703771E+01    1.18077134E+03
   6.56630786E-03    1.32421079E+01    1.17259619E+03
   6.62783935E-03    1.33140072E+01    1.16439899E+03
   6.68994743E-03    1.33860704E+01    1.15617963E+03
   6.75263753E-03    1.34582929E+01    1.14793805E+03
   6.81591507E-03    1.35306697E+01    1.13967422E+03
   6.87978558E-03    1.36031962E+01    1.13138816E+03
   6.94425460E-03    1.36758673E+01    1.12307992E+03
   7.00932775E-03    1.37486782E+01    1.11474960E+03
   7.07501069E-03    1.38216237E+01    1.10639730E+03
   7.14130913E-03    1.38946984E+01    1.09802296E+03
   7.20822883E-03    1.39678966E+01    1.08962654E+03
   7.27577563E-03    1.40412128E+01    1.08120802E+03
   7.34395539E-03    1.41146412E+01    1.07276744E+03
   7.41277406E-03    1.41881759E+01    1.06430486E+03
   7.48223760E-03    1.42618111E+01    1.05582039E+03
   7.55235208E-03    1.43355408E+01    1.04731417E+03
   7.62312358E-03    1.44093588E+01    1.03878626E+03
   7.69455827E-03    1.44832585E+01    1.03023664E+03
   7.76666236E-03    1.45572334E+01    1.02166538E+03
   7.83944212E-03    1.46312769E+01    1.01307253E+03
   7.91290388E-03    1.47053821E+01    1.00445823E+03
   7.98705404E-03    1.47795423E+01    9.95822635E+02
   8.06189904E-03    1.48537505E+01    9.87165925E+02
   8.13744540E-03    1.49279994E+01    9.78488171E+02
   8.21369969E-03    1.50022816E+01    9.69789408E+02
   8.29066855E-03    1.50765894E+01    9.61069702E+02
   8.36835866E-03    1.51509150E+01    9.52329161E+02
   8.44677679E-03    1.52252507E+01    9.43567926E+02
   8.52592976E-03    1.52995886E+01    9.34786183E+02
   8.60582445E-03    1.53739206E+01    9.25984156E+02
   8.68646782E-03    1.54482388E+01    9.17162097E+02
   8.76786689E-03    1.55225347E+01    9.08320167E+02
   8.85002873E-03    1.55967995E+01    8.99458491E+02
   8.93296048E-03    1.56710245E+01    8.90577229E+02
   9.01666938E-03    1.57452008E+01    8.81676579E+02
   9.10116269E-03    1.58193193E+01    8.72756766E+02
   9.18644777E-03    1.58933709E+01    8.63817979E+02
   9.27253204E-03    1.59673460E+01    8.54860411E+02
   9.35942299E-03    1.60412351E+01    8.45884295E+02
   9.44712818E-03    1.61150286E+01    8.36889902E+02
   9.53565523E-03    1.61887166E+01    8.27877504E+02
   9.62501185E-03    1.62622890E+01    8.18847323E+02
   9.71520581E-03    1.63357355E+01    8.09799607E+02
   9.80624496E-03    1.64090458E+01    8.00734636E+02
   9.89813722E-03    1.64822094E+01    7.91652727E+02
   9.99089058E-03    1.65552155E+01    7.82554150E+02
   1.00845131E-02    1.66280530E+01    7.73439169E+02
   1.01790130E-02    1.67007108E+01    7.64308085E+02
   1.02743984E-02    1.67731777E+01    7.55161232E+02
   1.03706776E-02    1.68454424E+01    7.45998976E+02
   1.04678590E-02    1.69174932E+01    7.36821641E+02
   1.05659511E-02    1.69893182E+01    7.27629545E+02
   1.06649624E-02    1.70609053E+01    7.18423040E+02
   1.07649016E-02    1.71322426E+01    7.09202511E+02
   1.08657772E-02    1.72033175E+01    6.99968329E+02
   1.09675981E-02    1.72741175E+01    6.90720864E+02
   1.10703732E-02    1.73446298E+01    6.81460518E+02
   1.11741113E-02    1.74148417E+01    6.72187698E+02
   1.12788215E-02    1.74847398E+01    6.62902804E+02
   1.13845130E-02    1.75543111E+01    6.53606265E+02
   1.14911949E-02    1.76235419E+01    6.44298524E+02
   1.15988765E-02    1.76924185E+01    6.34980009E+02
   1.17075671E-02    1.77609272E+01    6.25651178E+02
   1.18172762E-02    1.78290539E+01    6.16312507E+02
   1.19280135E-02    1.78967843E+01    6.06964455E+02
   1.20397884E-02    1.79641040E+01    5.97607505E+02
   1.21526107E-02    1.80309985E+01    5.88242167E+02
   1.22664902E-02    1.80974528E+01    5.78868942E+02
   1.23814369E-02    1.81634519E+01    5.69488337E+02
   1.24974608E-02    1.82289808E+01    5.60100887E+02
   1.26145719E-02    1.82940240E+01    5.50707136E+02
   1.27327804E-02    1.83585658E+01    5.41307621E+02
   1.28520966E-02    1.84225907E+01    5.31902910E+02
   1.29725309E-02    1.84860827E+01    5.22493574E+02
   1.30940937E-02    1.85490255E+01    5.13080185E+02
   1.32167957E-02    1.86114028E+01    5.03663342E+02
   1.33406475E-02    1.86731982E+01    4.94243655E+02
   1.34656599E-02    1.87343950E+01    4.84821727E+02
   1.35918438E-02    1.87949762E+01    4.75398188E+02
   1.37192101E-02    1.88549248E+01    4.65973681E+02
   1.38477700E-02    1.89142235E+01    4.56548848E+02
   1.39775345E-02    1.89728550E+01    4.47124351E+02
   1.41085150E-02    1.90308014E+01    4.37700859E+02
   1.42407230E-02    1.90880451E+01    4.28279057E+02
   1.43741698E-02    1.91445681E+01    4.18859638E+02
   1.45088671E-02    1.92003522E+01    4.09443299E+02
   1.46448266E-02    1.92553790E+01    4.00030762E+02
   1.47820602E-02    1.93096301E+01    3.90622757E+02
   1.49205798E-02    1.93630866E+01    3.81220017E+02
   1.50603974E-02    1.94157299E+01    3.71823296E+02
   1.52015253E-02    1.94675408E+01    3.62433351E+02
   1.53439755E-02    1.95185002E+01    3.53050957E+02
   1.54877607E-02    1.95685886E+01    3.43676898E+02
   1.56328933E-02    1.96177865E+01    3.34311965E+02
   1.57793858E-02    1.96660743E+01    3.24956972E+02
   1.59272511E-02    1.97134321E+01    3.15612727E+02
   1.60765021E-02    1.97598399E+01    3.06280063E+02
   1.62271516E-02    1.98052776E+01    2.96959823E+02
   1.63792128E-02    1.98497248E+01    2.87652852E+02
   1.65326990E-02    1.98931611E+01    2.78360016E+02
   1.66876234E-02    1.99355658E+01    2.69082187E+02
   1.68439996E-02    1.99769184E+01    2.59820244E+02
   1.70018412E-02    2.00171978E+01    2.50575090E+02
   1.71611619E-02    2.00563832E+01    2.41347626E+02
   1.73219755E-02    2.00944533E+01    2.32138765E+02
   1.74842961E-02    2.01313869E+01    2.22949439E+02
   1.76481378E-02    2.01671628E+01    2.13780586E+02
   1.78135148E-02    2.02017593E+01    2.04633149E+02
   1.79804415E-02    2.02351549E+01    1.95508092E+02
   1.81489324E-02    2.02673280E+01    1.86406380E+02
   1.83190022E-02    2.02982566E+01    1.77328992E+02
   1.84906657E-02    2.03279190E+01    1.68276920E+02
   1.86639379E-02    2.03562932E+01    1.59251158E+02
   1.88388337E-02    2.03833570E+01    1.50252718E+02
   1.90153685E-02    2.04090884E+01    1.41282618E+02
   1.91935575E-02    2.04334651E+01    1.32341886E+02
   1.93734163E-02    2.04564650E+01    1.23431559E+02
   1.95549605E-02    2.04780656E+01    1.14552682E+02
   1.97382059E-02    2.04982446E+01    1.05706313E+02
   1.99231685E-02    2.05169794E+01    9.68935148E+01
   2.01098643E-02    2.05342478E+01    8.81153611E+01
   2.02983096E-02    2.05500272E+01    7.93729335E+01
   2.04885208E-02    2.05642950E+01    7.06673222E+01
   2.06805144E-02    2.05770287E+01    6.19996254E+01
   2.08743072E-02    2.05882057E+01    5.33709487E+01
   2.10699159E-02    2.05978035E+01    4.47824067E+01
   2.12673577E-02    2.06057997E+01    3.62351204E+01
   2.14666496E-02    2.06121715E+01    2.77302185E+01
   2.16678091E-02    2.06168966E+01    1.92688365E+01
   2.18708536E-02    2.06199525E+01    1.08521170E+01
   2.20758007E-02    2.06213166E+01    2.48120888E+00
   2.22826684E-02    2.06209668E+01   -5.84273255E+00
   2.24914746E-02    2.06188806E+01   -1.41185460E+01
   2.27022375E-02    2.06150358E+01   -2.23450643E+01
   2.29149754E-02    2.06094102E+01   -3.05211152E+01
   2.31297068E-02    2.06019818E+01   -3.86455210E+01
   2.33464504E-02    2.05927286E+01   -4.67170991E+01
   2.35652251E-02    2.05816287E+01   -5.47346624E+01
   2.37860499E-02    2.05686604E+01   -6.26970196E+01
   2.40089439E-02    2.05538020E+01   -7.06029758E+01
   2.42339267E-02    2.05370322E+01   -7.84513318E+01
   2.44610177E-02    2.05183297E+01   -8.62408870E+01
   2.46902368E-02    2.04976733E+01   -9.39704346E+01
   2.49216038E-02    2.04750419E+01   -1.01638767E+02
   2.51551389E-02    2.04504149E+01   -1.09244676E+02
   2.53908624E-02    2.04237718E+01   -1.16786950E+02
   2.56287949E-02    2.03950922E+01   -1.24264376E+02
   2.58689569E-02    2.03643559E+01   -1.31675740E+02
   2.61113695E-02    2.03315431E+01   -1.39019827E+02
   2.63560536E-02    2.02966343E+01   -1.46295424E+02
   2.66030307E-02    2.02596100E+01   -1.53501315E+02
   2.68523221E-02    2.02204512E+01   -1.60636288E+02
   2.71039495E-02    2.01791392E+01   -1.67699128E+02
   2.73579350E-02    2.01356556E+01   -1.74688626E+02
   2.76143004E-02    2.00899820E+01   -1.81603570E+02
   2.78730682E-02    2.00421010E+01   -1.88442755E+02
   2.81342609E-02    1.99919949E+01   -1.95204977E+02
   2.83979011E-02    1.99396469E+01   -2.01889036E+02
   2.86640119E-02    1.98850401E+01   -2.08493733E+02
   2.89326163E-02    1.98281584E+01   -2.15017879E+02
   2.92037378E-02    1.97689858E+01   -2.21460283E+02
   2.94773999E-02    1.97075071E+01   -2.27819766E+02
   2.97536264E-02    1.96437072E+01   -2.34095150E+02
   3.00324414E-02    1.95775718E+01   -2.40285266E+02
   3.03138690E-02    1.95090865E+01   -2.46388950E+02
   3.05979339E-02    1.94382382E+01   -2.52405050E+02
   3.08846607E-02    1.93650137E+01   -2.58332414E+02
   3.11740744E-02    1.92894006E+01   -2.64169909E+02
   3.14662001E-02    1.92113868E+01   -2.69916401E+02
   3.17610633E-02    1.91309613E+01   -2.75570774E+02
   3.20586895E-02    1.90481130E+01   -2.81131916E+02
   3.23591047E-02    1.89628318E+01   -2.86598732E+02
   3.26623351E-02    1.88751083E+01   -2.91970134E+02
   3.29684070E-02    1.87849335E+01   -2.97245049E+02
   3.32773470E-02    1.86922991E+01   -3.02422414E+02
   3.35891820E-02    1.85971975E+01   -3.07501184E+02
   3.39039392E-02    1.84996219E+01   -3.12480323E+02
   3.42216459E-02    1.83995660E+01   -3.17358815E+02
   3.45423297E-02    1.82970242E+01   -3.22135653E+02
   3.48660186E-02    1.81919921E+01   -3.26809854E+02
   3.51927407E-02    1.80844654E+01   -3.31380444E+02
   3.55225245E-02    1.79744411E+01   -3.35846475E+02
   3.58553986E-02    1.78619166E+01   -3.40207008E+02
   3.61913920E-02    1.77468906E+01   -3.44461130E+02
   3.65305340E-02    1.76293620E+01   -3.48607941E+02
   3.68728539E-02    1.75093312E+01   -3.52646569E+02
   3.72183817E-02    1.73867989E+01   -3.56576156E+02
   3.75671473E-02    1.72617671E+01   -3.60395872E+02
   3.79191811E-02    1.71342383E+01   -3.64104899E+02
   3.82745138E-02    1.70042165E+01   -3.67702457E+02
   3.86331762E-02    1.68717061E+01   -3.71187775E+02
   3.89951996E-02    1.67367127E+01   -3.74560120E+02
   3.93606154E-02    1.65992427E+01   -3.77818766E+02
   3.97294555E-02    1.64593037E+01   -3.80963036E+02
   4.01017518E-02    1.63169042E+01   -3.83992259E+02
   4.04775369E-02    1.61720537E+01   -3.86905804E+02
   4.08568434E-02    1.60247629E+01   -3.89703062E+02
   4.12397043E-02    1.58750431E+01   -3.92383452E+02
   4.16261529E-02    1.57229073E+01   -3.94946432E+02
   4.20162228E-02    1.55683691E+01   -3.97391471E+02
   4.24099480E-02    1.54114436E+01   -3.99718099E+02
   4.28073627E-02    1.52521464E+01   -4.01925835E+02
   4.32085015E-02    1.50904948E+01   -4.04014268E+02
   4.36133993E-02    1.49265072E+01   -4.05983010E+02
   4.40220913E-02    1.47602026E+01   -4.07831683E+02
   4.44346131E-02    1.45916020E+01   -4.09559985E+02
   4.48510005E-02    1.44207270E+01   -4.11167611E+02
   4.52712898E-02    1.42476004E+01   -4.12654309E+02
   4.56955175E-02    1.40722469E+01   -4.14019877E+02
   4.61237206E-02    1.38946911E+01   -4.15264097E+02
   4.65559363E-02    1.37149598E+01   -4.16386841E+02
   4.69922022E-02    1.35330813E+01   -4.17388016E+02
   4.74325562E-02    1.33490844E+01   -4.18267539E+02
   4.78770367E-02    1.31629995E+01   -4.19025386E+02
   4.83256824E-02    1.29748580E+01   -4.19661554E+02
   4.87785322E-02    1.27846931E+01   -4.20176107E+02
   4.92356256E-02    1.25925388E+01   -4.20569128E+02
   4.96970022E-02    1.23984309E+01   -4.20840761E+02
   5.01627024E-02    1.22024054E+01   -4.20991147E+02
   5.06327665E-02    1.20045008E+01   -4.21020521E+02
   5.11072356E-02    1.18047569E+01   -4.20929161E+02
   5.15861507E-02    1.16032135E+01   -4.20717317E+02
   5.20695537E-02    1.13999127E+01   -4.20385350E+02
   5.25574865E-02    1.11948988E+01   -4.19933692E+02
   5.30499917E-02    1.09882153E+01   -4.19362716E+02
   5.35471120E-02    1.07799079E+01   -4.18672890E+02
   5.40488907E-02    1.05700249E+01   -4.17864783E+02
   5.45553715E-02    1.03586142E+01   -4.16938936E+02
   5.50665984E-02    1.01457261E+01   -4.15895970E+02
   5.55826159E-02    9.93141137E+00   -4.14736532E+02
   5.61034690E-02    9.71572187E+00   -4.13461290E+02
   5.66292028E-02    9.49871230E+00   -4.12071037E+02
   5.71598631E-02    9.28043752E+00   -4.10566560E+02
   5.76954962E-02    9.06095315E+00   -4.08948662E+02
   5.82361485E-02    8.84031768E+00   -4.07218276E+02
   5.87818672E-02    8.61858950E+00   -4.05376311E+02
   5.93326998E-02    8.39582831E+00   -4.03423725E+02
   5.98886940E-02    8.17209638E+00   -4.01361591E+02
   6.04498984E-02    7.94745548E+00   -3.99190941E+02
   6.10163617E-02    7.72196944E+00   -3.96912897E+02
   6.15881332E-02    7.49570403E+00   -3.94528665E+02
   6.21652626E-02    7.26872426E+00   -3.92039398E+02
   6.27478002E-02    7.04109766E+00   -3.89446366E+02
   6.33357967E-02    6.81289364E+00   -3.86750921E+02
   6.39293031E-02    6.58418061E+00   -3.83954356E+02
   6.45283711E-02    6.35502952E+00   -3.81058080E+02
   6.51330529E-02    6.12551282E+00   -3.78063569E+02
   6.57434011E-02    5.89570223E+00   -3.74972258E+02
   6.63594687E-02    5.66567214E+00   -3.71785705E+02
   6.69813093E-02    5.43549767E+00   -3.68505504E+02
   6.76089771E-02    5.20525359E+00   -3.65133221E+02
   6.82425266E-02    4.97501737E+00   -3.61670561E+02
   6.88820129E-02    4.74486660E+00   -3.58119227E+02
   6.95274918E-02    4.51487964E+00   -3.54480963E+02
   7.01790193E-02    4.28513598E+00   -3.50757568E+02
   7.08366521E-02    4.05571520E+00   -3.46950846E+02
   7.15004475E-02    3.82669900E+00   -3.43062714E+02
   7.21704632E-02    3.59816838E+00   -3.39095053E+02
   7.28467574E-02    3.37020615E+00   -3.35049843E+02
   7.35293891E-02    3.14289581E+00   -3.30929107E+02
   7.42184175E-02    2.91631929E+00   -3.26734785E+02
   7.49139027E-02    2.69056087E+00   -3.22468953E+02
   7.56159051E-02    2.46570686E+00   -3.18133808E+02
   7.63244859E-02    2.24184165E+00   -3.13731449E+02
   7.70397066E-02    2.01905067E+00   -3.09264046E+02
   7.77616295E-02    1.79742047E+00   -3.04733842E+02
   7.84903174E-02    1.57703611E+00   -3.00143012E+02
   7.92258336E-02    1.35798456E+00   -2.95493854E+02
   7.99682422E-02    1.14035376E+00   -2.90788742E+02
   8.07176078E-02    9.24229264E-01   -2.86029929E+02
   8.14739956E-02    7.09698068E-01   -2.81219776E+02
   8.22374712E-02    4.96848489E-01   -2.76360744E+02
   8.30081013E-02    2.85766772E-01   -2.71455200E+02
   8.37859528E-02    7.65401300E-02   -2.66505594E+02
   8.45710933E-02   -1.30743736E-01   -2.61514439E+02
   8.53635912E-02   -3.35999488E-01   -2.56484133E+02
   8.61635155E-02   -5.39140642E-01   -2.51417183E+02
   8.69709357E-02   -7.40079441E-01   -2.46316213E+02
   8.77859220E-02   -9.38730824E-01   -2.41183717E+02
   8.86085455E-02   -1.13501019E+00   -2.36022204E+02
   8.94388775E-02   -1.32883157E+00   -2.30834320E+02
   9.02769904E-02   -1.52011068E+00   -2.25622648E+02
   9.11229571E-02   -1.70876471E+00   -2.20389729E+02
   9.19768512E-02   -1.89470980E+00   -2.15138232E+02
   9.28387469E-02   -2.07786346E+00   -2.09870792E+02
   9.37087193E-02   -2.25814556E+00   -2.04589941E+02
   9.45868440E-02   -2.43547532E+00   -1.99298331E+02
   9.54731974E-02   -2.60977190E+00   -1.93998694E+02
   9.63678567E-02   -2.78095780E+00   -1.88693588E+02
   9.72708996E-02   -2.94895631E+00   -1.83385594E+02
   9.81824048E-02   -3.11369041E+00   -1.78077415E+02
   9.91024514E-02   -3.27508504E+00   -1.72771689E+02
   1.00031120E-01   -3.43306702E+00   -1.67471005E+02
   1.00968490E-01   -3.58756399E+00   -1.62177995E+02
   1.01914645E-01   -3.73850558E+00   -1.56895231E+02
   1.02869665E-01   -3.88582225E+00   -1.51625344E+02
   1.03833635E-01   -4.02944669E+00   -1.46370887E+02
   1.04806639E-01   -4.16931299E+00   -1.41134434E+02
   1.05788760E-01   -4.30535690E+00   -1.35918545E+02
   1.06780084E-01   -4.43751644E+00   -1.30725717E+02
   1.07780698E-01   -4.56573088E+00   -1.25558498E+02
   1.08790688E-01   -4.68994199E+00   -1.20419346E+02
   1.09810142E-01   -4.81009335E+00   -1.15310729E+02
   1.10839150E-01   -4.92613053E+00   -1.10235096E+02
   1.11877801E-01   -5.03800151E+00   -1.05194837E+02
   1.12926184E-01   -5.14565626E+00   -1.00192346E+02
   1.13984391E-01   -5.24904723E+00   -9.52299561E+01
   1.15052515E-01   -5.34812906E+00   -9.03100018E+01
   1.16130648E-01   -5.44285895E+00   -8.54347255E+01
   1.17218884E-01   -5.53319648E+00   -8.06063942E+01
   1.18317318E-01   -5.61910374E+00   -7.58272097E+01
   1.19426044E-01   -5.70054550E+00   -7.10993161E+01
   1.20545161E-01   -5.77748917E+00   -6.64248600E+01
   1.21674764E-01   -5.84990470E+00   -6.18058869E+01
   1.22814953E-01   -5.91776501E+00   -5.72444455E+01
   1.23965826E-01   -5.98104568E+00   -5.27425134E+01
   1.25127483E-01   -6.03972527E+00   -4.83020258E+01
   1.26300027E-01   -6.09378520E+00   -4.39248773E+01
   1.27483558E-01   -6.14320934E+00   -3.96128614E+01
   1.28678179E-01   -6.18798524E+00   -3.53677762E+01
   1.29883996E-01   -6.22810340E+00   -3.11913605E+01
   1.31101111E-01   -6.26355704E+00   -2.70852677E+01
   1.32329632E-01   -6.29434253E+00   -2.30511026E+01
   1.33569665E-01   -6.32045945E+00   -1.90904146E+01
   1.34821318E-01   -6.34191056E+00   -1.52046955E+01
   1.36084701E-01   -6.35870173E+00   -1.13953707E+01
   1.37359922E-01   -6.37084208E+00   -7.66380398E+00
   1.38647093E-01   -6.37834379E+00   -4.01129311E+00
   1.39946326E-01   -6.38122246E+00   -4.39073544E-01
   1.41257733E-01   -6.37949681E+00    3.05168609E+00
   1.42581430E-01   -6.37318889E+00    6.45988492E+00
   1.43917530E-01   -6.36232404E+00    9.78448861E+00
   1.45266151E-01   -6.34693074E+00    1.30245338E+01
   1.46627410E-01   -6.32704077E+00    1.61791254E+01
   1.48001424E-01   -6.30268930E+00    1.92474381E+01
   1.49388315E-01   -6.27391452E+00    2.22287185E+01
   1.50788201E-01   -6.24075807E+00    2.51222833E+01
   1.52201206E-01   -6.20326484E+00    2.79275218E+01
   1.53627451E-01   -6.16148253E+00    3.06438951E+01
   1.55067062E-01   -6.11546264E+00    3.32709365E+01
   1.56520162E-01   -6.06525943E+00    3.58082523E+01
   1.57986880E-01   -6.01093023E+00    3.82555208E+01
   1.59467342E-01   -5.95253593E+00    4.06124943E+01
   1.60961677E-01   -5.89013980E+00    4.28789958E+01
   1.62470015E-01   -5.82380889E+00    4.50549234E+01
   1.63992487E-01   -5.75361260E+00    4.71402451E+01
   1.65529226E-01   -5.67962362E+00    4.91350025E+01
   1.67080366E-01   -5.60191772E+00    5.10393108E+01
   1.68646041E-01   -5.52057259E+00    5.28533494E+01
   1.70226387E-01   -5.43566971E+00    5.45773768E+01
   1.71821543E-01   -5.34729290E+00    5.62117174E+01
   1.73431647E-01   -5.25552842E+00    5.77567650E+01
   1.75056838E-01   -5.16046557E+00    5.92129847E+01
   1.76697259E-01   -5.06219547E+00    6.05809043E+01
   1.78353052E-01   -4.96081258E+00    6.18611264E+01
   1.80024361E-01   -4.85641268E+00    6.30543097E+01
   1.81711331E-01   -4.74909489E+00    6.41611889E+01
   1.83414110E-01   -4.63895945E+00    6.51825507E+01
   1.85132845E-01   -4.52610974E+00    6.61192563E+01
   1.86867686E-01   -4.41065020E+00    6.69722173E+01
   1.88618784E-01   -4.29268798E+00    6.77424147E+01
   1.90386291E-01   -4.17233137E+00    6.84308797E+01
   1.92170361E-01   -4.04969093E+00    6.90387080E+01
   1.93971149E-01   -3.92487857E+00    6.95670478E+01
   1.95788811E-01   -3.79800765E+00    7.00170997E+01
   1.97623507E-01   -3.66919318E+00    7.03901212E+01
   1.99475396E-01   -3.53855139E+00    7.06874198E+01
   2.01344638E-01   -3.40619918E+00    7.09103435E+01
   2.03231396E-01   -3.27225591E+00    7.10603104E+01
   2.05135834E-01   -3.13683958E+00    7.11387467E+01
   2.07058119E-01   -3.00007181E+00    7.11471691E+01
   2.08998417E-01   -2.86207348E+00    7.10871099E+01
   2.10956898E-01   -2.72296351E+00    7.09601004E+01
   2.12933730E-01   -2.58286666E+00    7.07678005E+01
   2.14929088E-01   -2.44190497E+00    7.05118531E+01
   2.16943143E-01   -2.30020078E+00    7.01939382E+01
   2.18976071E-01   -2.15787646E+00    6.98157653E+01
   2.21028050E-01   -2.01505475E+00    6.93790817E+01
   2.23099258E-01   -1.87185855E+00    6.88856674E+01
   2.25189874E-01   -1.72840957E+00    6.83373128E+01
   2.27300081E-01   -1.58483020E+00    6.77358517E+01
   2.29430062E-01   -1.44124136E+00    6.70831221E+01
   2.31580003E-01   -1.29776390E+00    6.63809922E+01
   2.33750090E-01   -1.15451769E+00    6.56313449E+01
   2.35940513E-01   -1.01162180E+00    6.48360793E+01
   2.38151462E-01   -8.69193058E-01    6.39970845E+01
   2.40383130E-01   -7.27350095E-01    6.31163195E+01
   2.42635709E-01   -5.86206383E-01    6.21956725E+01
   2.44909398E-01   -4.45877285E-01    6.12371073E+01
   2.47204392E-01   -3.06474604E-01    6.02425488E+01
   2.49520892E-01   -1.68110372E-01    5.92139649E+01
   2.51859100E-01   -3.08928055E-02    5.81532774E+01
   2.54219219E-01    1.05073356E-01    5.70623711E+01
   2.56601454E-01    2.39679876E-01    5.59432496E+01
   2.59006012E-01    3.72823257E-01    5.47978479E+01
   2.61433103E-01    5.04406136E-01    5.36280032E+01
   2.63882937E-01    6.34328410E-01    5.24356610E+01
   2.66355729E-01    7.62492750E-01    5.12227439E+01
   2.68851693E-01    8.88807123E-01    4.99910938E+01
   2.71371045E-01    1.01318043E+00    4.87425760E+01
   2.73914006E-01    1.13552478E+00    4.74790249E+01
   2.76480797E-01    1.25575484E+00    4.62022586E+01
   2.79071640E-01    1.37378883E+00    4.49140555E+01
   2.81686762E-01    1.48954677E+00    4.36162004E+01
   2.84326389E-01    1.60295267E+00    4.23104258E+01
   2.86990752E-01    1.71393370E+00    4.09984344E+01
   2.89680082E-01    1.82241979E+00    3.96819117E+01
   2.92394613E-01    1.92834451E+00    3.83624988E+01
   2.95134582E-01    2.03164439E+00    3.70418164E+01
   2.97900226E-01    2.13225986E+00    3.57214318E+01
   3.00691786E-01    2.23013476E+00    3.44028777E+01
   3.03509506E-01    2.32521562E+00    3.30876742E+01
   3.06353629E-01    2.41745334E+00    3.17772751E+01
   3.09224405E-01    2.50680223E+00    3.04730976E+01
   3.12122082E-01    2.59321997E+00    2.91765261E+01
   3.15046912E-01    2.67666803E+00    2.78888956E+01
   3.17999151E-01    2.75711152E+00    2.66114976E+01
   3.20979054E-01    2.83451912E+00    2.53455824E+01
   3.23986881E-01    2.90886325E+00    2.40923519E+01
   3.27022894E-01    2.98011996E+00    2.28529643E+01
   3.30087357E-01    3.04826903E+00    2.16285272E+01
   3.33180536E-01    3.11329384E+00    2.04201049E+01
   3.36302701E-01    3.17518146E+00    1.92287129E+01
   3.39454123E-01    3.23392259E+00    1.80553157E+01
   3.42635076E-01    3.28951154E+00    1.69008319E+01
   3.45845837E-01    3.34194621E+00    1.57661313E+01
   3.49086686E-01    3.39122807E+00    1.46520317E+01
   3.52357904E-01    3.43736207E+00    1.35593042E+01
   3.55659775E-01    3.48035668E+00    1.24886692E+01
   3.58992588E-01    3.52022378E+00    1.14407985E+01
   3.62356632E-01    3.55697861E+00    1.04163131E+01
   3.65752200E-01    3.59063973E+00    9.41578508E+00
   3.69179587E-01    3.62122895E+00    8.43973810E+00
   3.72639091E-01    3.64877130E+00    7.48864690E+00
   3.76131014E-01    3.67329486E+00    6.56293650E+00
   3.79655659E-01    3.69483080E+00    5.66298528E+00
   3.83213332E-01    3.71341320E+00    4.78912309E+00
   3.86804344E-01    3.72907902E+00    3.94163289E+00
   3.90429006E-01    3.74186801E+00    3.12075159E+00
   3.94087634E-01    3.75182261E+00    2.32667009E+00
   3.97780546E-01    3.75898780E+00    1.55953445E+00
   4.01508064E-01    3.76341109E+00    8.19446646E-01
   4.05270512E-01    3.76514235E+00    1.06465590E-01
   4.09068217E-01    3.76423372E+00   -5.79392080E-01
   4.12901509E-01    3.76073953E+00   -1.23815072E+00
   4.16770722E-01    3.75471612E+00   -1.86987478E+00
   4.20676193E-01    3.74622180E+00   -2.47466751E+00
   4.24618261E-01    3.73531668E+00   -3.05266980E+00
   4.28597269E-01    3.72206260E+00   -3.60405890E+00
   4.32613564E-01    3.70652294E+00   -4.12904707E+00
   4.36667495E-01    3.68876260E+00   -4.62788031E+00
   4.40759414E-01    3.66884776E+00   -5.10083684E+00
   4.44889678E-01    3.64684587E+00   -5.54822579E+00
   4.49058646E-01    3.62282542E+00   -5.97038553E+00
   4.53266680E-01    3.59685597E+00   -6.36768257E+00
   4.57514147E-01    3.56900784E+00   -6.74050966E+00
   4.61801416E-01    3.53935216E+00   -7.08928452E+00
   4.66128860E-01    3.50796057E+00   -7.41444779E+00
   4.70496855E-01    3.47490533E+00   -7.71646249E+00
   4.74905782E-01    3.44025905E+00   -7.99581182E+00
   4.79356024E-01    3.40409442E+00   -8.25299647E+00
   4.83847969E-01    3.36648458E+00   -8.48853613E+00
   4.88382007E-01    3.32750249E+00   -8.70296472E+00
   4.92958532E-01    3.28722112E+00   -8.89683076E+00
   4.97577942E-01    3.24571321E+00   -9.07069514E+00
   5.02240641E-01    3.20305126E+00   -9.22512990E+00
   5.06947032E-01    3.15930736E+00   -9.36071664E+00
   5.11697526E-01    3.11455311E+00   -9.47804532E+00
   5.16492536E-01    3.06885951E+00   -9.57771216E+00
   5.21332479E-01    3.02229696E+00   -9.66031962E+00
   5.26217776E-01    2.97493501E+00   -9.72647344E+00
   5.31148852E-01    2.92684243E+00   -9.77678271E+00
   5.36126136E-01    2.87808697E+00   -9.81185736E+00
   5.41150062E-01    2.82873549E+00   -9.83230852E+00
   5.46221065E-01    2.77885368E+00   -9.83874579E+00
   5.51339588E-01    2.72850611E+00   -9.83177710E+00
   5.56506075E-01    2.67775613E+00   -9.81200722E+00
   5.61720977E-01    2.62666579E+00   -9.78003673E+00
   5.66984746E-01    2.57529585E+00   -9.73646166E+00
   5.72297841E-01    2.52370559E+00   -9.68187133E+00
   5.77660723E-01    2.47195295E+00   -9.61684905E+00
   5.83073861E-01    2.42009429E+00   -9.54196965E+00
   5.88537723E-01    2.36818448E+00   -9.45780015E+00
   5.94052786E-01    2.31627681E+00   -9.36489811E+00
   5.99619530E-01    2.26442294E+00   -9.26381123E+00
   6.05238439E-01    2.21267294E+00   -9.15507702E+00
   6.10910001E-01    2.16107517E+00   -9.03922193E+00
   6.16634710E-01    2.10967629E+00   -8.91676027E+00
   6.22413064E-01    2.05852129E+00   -8.78819520E+00
   6.28245566E-01    2.00765343E+00   -8.65401693E+00
   6.34132723E-01    1.95711418E+00   -8.51470284E+00
   6.40075048E-01    1.90694333E+00   -8.37071726E+00
   6.46073056E-01    1.85717886E+00   -8.22251099E+00
   6.52127271E-01    1.80785701E+00   -8.07052110E+00
   6.58238219E-01    1.75901228E+00   -7.91517073E+00
   6.64406431E-01    1.71067740E+00   -7.75686889E+00
   6.70632444E-01    1.66288333E+00   -7.59601032E+00
   6.76916799E-01    1.61565934E+00   -7.43297542E+00
   6.83260044E-01    1.56903293E+00   -7.26813012E+00
   6.89662731E-01    1.52302992E+00   -7.10182601E+00
   6.96125415E-01    1.47767439E+00   -6.93439990E+00
   7.02648660E-01    1.43298880E+00   -6.76617482E+00
   7.09233033E-01    1.38899390E+00   -6.59745846E+00
   7.15879106E-01    1.34570885E+00   -6.42854499E+00
   7.22587459E-01    1.30315120E+00   -6.25971428E+00
   7.29358674E-01    1.26133689E+00   -6.09123179E+00
   7.36193341E-01    1.22028037E+00   -5.92334945E+00
   7.43092054E-01    1.17999452E+00   -5.75630527E+00
   7.50055413E-01    1.14049077E+00   -5.59032398E+00
   7.57084025E-01    1.10177909E+00   -5.42561652E+00
   7.64178500E-01    1.06386805E+00   -5.26238140E+00
   7.71339456E-01    1.02676484E+00   -5.10080380E+00
   7.78567516E-01    9.90475302E-01   -4.94105668E+00
   7.85863308E-01    9.55004006E-01   -4.78330054E+00
   7.93227468E-01    9.20354255E-01   -4.62768408E+00
   8.00660636E-01    8.86528140E-01   -4.47434421E+00
   8.08163459E-01    8.53526579E-01   -4.32340646E+00
   8.15736588E-01    8.21349362E-01   -4.17498538E+00
   8.23380685E-01    7.89995196E-01   -4.02918487E+00
   8.31096412E-01    7.59461744E-01   -3.88609835E+00
   8.38884442E-01    7.29745671E-01   -3.74580935E+00
   8.46745451E-01    7.00842693E-01   -3.60839153E+00
   8.54680125E-01    6.72747608E-01   -3.47390951E+00
   8.62689153E-01    6.45454359E-01   -3.34241867E+00
   8.70773231E-01    6.18956063E-01   -3.21396594E+00
   8.78933064E-01    5.93245061E-01   -3.08858996E+00
   8.87169361E-01    5.68312961E-01   -2.96632148E+00
   8.95482839E-01    5.44150685E-01   -2.84718371E+00
   9.03874220E-01    5.20748493E-01   -2.73119271E+00
   9.12344235E-01    4.98096089E-01   -2.61835756E+00
   9.20893621E-01    4.76182548E-01   -2.50868113E+00
   9.29523122E-01    4.54996468E-01   -2.40215995E+00
   9.38233487E-01    4.34525984E-01   -2.29878482E+00
   9.47025476E-01    4.14758736E-01   -2.19854115E+00
   9.55899853E-01    3.95682011E-01   -2.10140917E+00
   9.64857389E-01    3.77282712E-01   -2.00736434E+00
   9.73898865E-01    3.59547438E-01   -1.91637764E+00
   9.83025067E-01    3.42462476E-01   -1.82841592E+00
   9.92236788E-01    3.26013884E-01   -1.74344216E+00
   1.00153483E+00    3.10187487E-01   -1.66141579E+00
   1.01092000E+00    2.94968936E-01   -1.58229297E+00
   1.02039312E+00    2.80343718E-01   -1.50602687E+00
   1.02995501E+00    2.66297225E-01   -1.43256800E+00
   1.03960650E+00    2.52814728E-01   -1.36186436E+00
   1.04934844E+00    2.39881461E-01   -1.29386179E+00
   1.05918166E+00    2.27482607E-01   -1.22850417E+00
   1.06910703E+00    2.15603362E-01   -1.16573371E+00
   1.07912541E+00    2.04228922E-01   -1.10549108E+00
   1.08923766E+00    1.93344540E-01   -1.04771572E+00
   1.09944468E+00    1.82935524E-01   -9.92345976E-01
   1.10974735E+00    1.72987285E-01   -9.39319403E-01
   1.12014655E+00    1.63485326E-01   -8.88572812E-01
   1.13064321E+00    1.54415292E-01   -8.40042569E-01
   1.14123823E+00    1.45762962E-01   -7.93664677E-01
   1.15193254E+00    1.37514297E-01   -7.49375048E-01
   1.16272705E+00    1.29655420E-01   -7.07109512E-01
   1.17362272E+00    1.22172657E-01   -6.66804076E-01
   1.18462050E+00    1.15052543E-01   -6.28395003E-01
   1.19572133E+00    1.08281831E-01   -5.91818953E-01
   1.20692618E+00    1.01847510E-01   -5.57013095E-01
   1.21823603E+00    9.57368136E-02   -5.23915231E-01
   1.22965186E+00    8.99372180E-02   -4.92463838E-01
   1.24117467E+00    8.44364827E-02   -4.62598303E-01
   1.25280546E+00    7.92226128E-02   -4.34258801E-01
   1.26454524E+00    7.42839019E-02   -4.07386546E-01
   1.27639502E+00    6.96089202E-02   -3.81923771E-01
   1.28835585E+00    6.51865274E-02   -3.57813835E-01
   1.30042876E+00    6.10058674E-02   -3.35001232E-01
   1.31261481E+00    5.70563927E-02   -3.13431748E-01
   1.32491505E+00    5.33278319E-02   -2.93052331E-01
   1.33733055E+00    4.98102222E-02   -2.73811281E-01
   1.34986239E+00    4.64938950E-02   -2.55658207E-01
   1.36251167E+00    4.33694824E-02   -2.38544085E-01
   1.37527948E+00    4.04279098E-02   -2.22421243E-01
   1.38816693E+00    3.76604120E-02   -2.07243469E-01
   1.40117515E+00    3.50585030E-02   -1.92965872E-01
   1.41430527E+00    3.26139987E-02   -1.79545018E-01
   1.42755843E+00    3.03190032E-02   -1.66938878E-01
   1.44093578E+00    2.81659077E-02   -1.55106838E-01
   1.45443848E+00    2.61473864E-02   -1.44009691E-01
   1.46806772E+00    2.42563983E-02   -1.33609661E-01
   1.48182467E+00    2.24861694E-02   -1.23870319E-01
   1.49571054E+00    2.08302011E-02   -1.14756640E-01
   1.50972653E+00    1.92822584E-02   -1.06234956E-01
   1.52387386E+00    1.78363669E-02   -9.82729369E-02
   1.53815376E+00    1.64868064E-02   -9.08395793E-02
   1.55256748E+00    1.52281053E-02   -8.39051728E-02
   1.56711626E+00    1.40550351E-02   -7.74412857E-02
   1.58180138E+00    1.29626003E-02   -7.14207120E-02
   1.59662411E+00    1.19460436E-02   -6.58175070E-02
   1.61158574E+00    1.10008216E-02   -6.06068617E-02
   1.62668757E+00    1.01226136E-02   -5.57651556E-02
   1.64193091E+00    9.30730672E-03   -5.12698793E-02
   1.65731710E+00    8.55099284E-03   -4.70996218E-02
   1.67284747E+00    7.84996408E-03   -4.32340501E-02
   1.68852338E+00    7.20069721E-03   -3.96538272E-02
   1.70434617E+00    6.59985609E-03   -3.63406279E-02
   1.72031724E+00    6.04428068E-03   -3.32770816E-02
   1.73643797E+00    5.53098149E-03   -3.04467441E-02
   1.75270977E+00    5.05713266E-03   -2.78340615E-02
   1.76913404E+00    4.62006629E-03   -2.54243413E-02
   1.78571223E+00    4.21726374E-03   -2.32037057E-02
   1.80244576E+00    3.84635431E-03   -2.11590861E-02
   1.81933610E+00    3.50510179E-03   -1.92781503E-02
   1.83638472E+00    3.19140439E-03   -1.75493029E-02
   1.85359309E+00    2.90328626E-03   -1.59616402E-02
   1.87096272E+00    2.63889179E-03   -1.45049186E-02
   1.88849512E+00    2.39648078E-03   -1.31695298E-02
   1.90619181E+00    2.17442145E-03   -1.19464618E-02
   1.92405433E+00    1.97118765E-03   -1.08272848E-02
   1.94208424E+00    1.78534959E-03   -9.80410009E-03
   1.96028311E+00    1.61557254E-03   -8.86953333E-03
   1.97865251E+00    1.46060976E-03   -8.01669570E-03
   1.99719404E+00    1.31929853E-03   -7.23916247E-03
   2.01590933E+00    1.19055698E-03   -6.53095543E-03
   2.03479999E+00    1.07337569E-03   -5.88649683E-03
   2.05386767E+00    9.66817558E-04   -5.30060852E-03
   2.07311404E+00    8.70011353E-04   -4.76847677E-03
   2.09254075E+00    7.82148889E-04   -4.28563642E-03
   2.11214951E+00    7.02481482E-04   -3.84795149E-03
   2.13194202E+00    6.30314657E-04   -3.45158591E-03
   2.15192000E+00    5.65006586E-04   -3.09299488E-03
   2.17208519E+00    5.05963902E-04   -2.76890179E-03
   2.19243934E+00    4.52638858E-04   -2.47628243E-03
   2.21298423E+00    4.04526204E-04   -2.21234778E-03
   2.23372164E+00    3.61160552E-04   -1.97452938E-03
   2.25465338E+00    3.22113562E-04   -1.76046373E-03
   2.27578126E+00    2.86991359E-04   -1.56797804E-03
   2.29710713E+00    2.55432524E-04   -1.39507906E-03
   2.31863284E+00    2.27105137E-04   -1.23993670E-03
   2.34036026E+00    2.01705273E-04   -1.10087566E-03
   2.36229128E+00    1.78954683E-04   -9.76362654E-04
   2.38442782E+00    1.58598979E-04   -8.64996281E-04
   2.40677179E+00    1.40405831E-04   -7.65497044E-04
   2.42932514E+00    1.24163295E-04   -6.76698105E-04
   2.45208984E+00    1.09678241E-04   -5.97536546E-04
   2.47506785E+00    9.67749039E-05   -5.27045360E-04
   2.49826119E+00    8.52934107E-05   -4.64345275E-04
   2.52167187E+00    7.50888134E-05   -4.08639393E-04
   2.54530193E+00    6.60293165E-05   -3.59203391E-04
   2.56915342E+00    5.79957342E-05   -3.15382496E-04
   2.59322842E+00    5.08801293E-05   -2.76583959E-04
   2.61752902E+00    4.45851232E-05   -2.42273227E-04
   2.64205733E+00    3.90225662E-05   -2.11966596E-04
   2.66681549E+00    3.41131107E-05   -1.85228843E-04
   2.69180566E+00    2.97852889E-05   -1.61668128E-04
   2.71703001E+00    2.59748442E-05   -1.40932296E-04
   2.74249072E+00    2.26239593E-05   -1.22704615E-04
   2.76819003E+00    1.96809937E-05   -1.06702314E-04
   2.79413015E+00    1.70994067E-05   -9.26706575E-05
   2.82031336E+00    1.48377001E-05   -8.03826085E-05
   2.84674192E+00    1.28587261E-05   -6.96350237E-05
   2.87341814E+00    1.11293616E-05   -6.02468485E-05
   2.90034434E+00    9.62010721E-06   -5.20569095E-05
   2.92752286E+00    8.30463293E-06   -4.49214150E-05
   2.95495606E+00    7.15957505E-06   -3.87128310E-05
   2.98264633E+00    6.16417100E-06   -3.33178743E-05
   3.01059608E+00    5.30001492E-06   -2.86361669E-05
   3.03880774E+00    4.55083741E-06   -2.45790237E-05
   3.06728377E+00    3.90220533E-06   -2.10678051E-05
   3.09602664E+00    3.34140161E-06   -1.80332546E-05
   3.12503886E+00    2.85720403E-06   -1.54142848E-05
   3.15432294E+00    2.43973332E-06   -1.31571443E-05
   3.18388144E+00    2.08029938E-06   -1.12145737E-05
   3.21371692E+00    1.77128443E-06   -9.54516478E-06
   3.24383199E+00    1.50599018E-06   -8.11252449E-06
   3.27422926E+00    1.27856116E-06   -6.88485385E-06
   3.30491137E+00    1.08387798E-06   -5.83436454E-06
   3.33588100E+00    9.17477025E-07   -4.93683913E-06
   3.36714084E+00    7.75457348E-07   -4.17112268E-06
   3.39869361E+00    6.54429899E-07   -3.51884502E-06
   3.43054205E+00    5.51448301E-07   -2.96404286E-06
   3.46268894E+00    4.63955549E-07   -2.49286893E-06
   3.49513707E+00    3.89736734E-07   -2.09333412E-06
   3.52788926E+00    3.26878167E-07   -1.75508455E-06
   3.56094837E+00    2.73723167E-07   -1.46916096E-06
   3.59431727E+00    2.28845635E-07   -1.22785463E-06
   3.62799886E+00    1.91017226E-07   -1.02452877E-06
   3.66199608E+00    1.59182321E-07   -8.53482431E-07
   3.69631187E+00    1.32435091E-07   -7.09825819E-07
   3.73094923E+00    1.09999422E-07   -5.89371231E-07
   3.76591117E+00    9.12116501E-08   -4.88539310E-07
   3.80120074E+00    7.55051557E-08   -4.04275435E-07
   3.83682099E+00    6.23964552E-08   -3.33974314E-07
   3.87277503E+00    5.14752438E-08   -2.75425961E-07
   3.90906599E+00    4.23918070E-08   -2.26747545E-07
   3.94569703E+00    3.48498734E-08   -1.86344660E-07
   3.98267132E+00    2.85992883E-08   -1.52871663E-07
   4.01999210E+00    2.34277994E-08   -1.25187271E-07
   4.05766260E+00    1.91568319E-08   -1.02331700E-07
   4.09568610E+00    1.56360978E-08   -8.34975331E-08
   4.13406592E+00    1.27389507E-08   -6.80046486E-08
   4.17280538E+00    1.03593908E-08   -5.52840401E-08
   4.21190786E+00    8.40858335E-09   -4.48590362E-08
   4.25137676E+00    6.81222534E-09   -3.63311027E-08
   4.29121552E+00    5.50846147E-09   -2.93686048E-08
   4.33142760E+00    4.44565033E-09   -2.36947789E-08
   4.37201650E+00    3.58094351E-09   -1.90800775E-08
   4.41298574E+00    2.87878035E-09   -1.53340699E-08
   4.45433891E+00    2.30972686E-09   -1.22991961E-08
   4.49607958E+00    1.84946478E-09   -9.84533049E-09
   4.53821140E+00    1.47794030E-09   -7.86520789E-09
   4.58073802E+00    1.17863842E-09   -6.27052514E-09
   4.62366315E+00    9.38033574E-10   -4.98899054E-09
   4.66699053E+00    7.44997507E-10   -3.96114762E-09
   4.71072392E+00    5.90451040E-10   -3.13850596E-09
   4.75486712E+00    4.66977800E-10   -2.48147038E-09
   4.79942398E+00    3.68538974E-10   -1.95781214E-09
   4.84439837E+00    2.90226570E-10   -1.54134704E-09
   4.88979421E+00    2.28058950E-10   -1.21084063E-09
   4.93561544E+00    1.78816661E-10   -9.49129304E-10
   4.98186606E+00    1.39896122E-10   -7.42337723E-10
   5.02855008E+00    1.09202760E-10   -5.79307088E-10
   5.07567156E+00    8.50520268E-11   -4.51066112E-10
   5.12323462E+00    6.60924085E-11   -3.50419566E-10
   5.17124337E+00    5.12406900E-11   -2.71602558E-10
   5.21970200E+00    3.96359040E-11   -2.10034558E-10
   5.26861473E+00    3.05871389E-11   -1.62040961E-10
   5.31798581E+00    2.35482678E-11   -1.24718180E-10
   5.36781954E+00    1.80854104E-11   -9.57601542E-11
   5.41812025E+00    1.38577777E-11   -7.33561952E-11
   5.46889232E+00    1.05923629E-11   -5.60561954E-11
   5.52014016E+00    8.07628151E-12   -4.27297728E-11
   5.57186823E+00    6.14240403E-12   -3.24897746E-11
   5.62408103E+00    4.66072866E-12   -2.46463418E-11
   5.67678311E+00    3.52693996E-12   -1.86460827E-11
   5.72997906E+00    2.66252857E-12   -1.40726464E-11
   5.78367348E+00    2.00479635E-12   -1.05936236E-11
   5.83787107E+00    1.50530999E-12   -7.95231368E-12
   5.89257654E+00    1.12777225E-12   -5.95639813E-12
   5.94779463E+00    8.42426874E-13   -4.44825416E-12
   6.00353016E+00    6.27647065E-13   -3.31336219E-12
   6.05978798E+00    4.66291404E-13   -2.46097580E-12
   6.11657298E+00    3.45677155E-13   -1.82397510E-12
   6.17389010E+00    2.55435672E-13   -1.34749771E-12
   6.23174433E+00    1.88226988E-13   -9.92721635E-13
   6.29014069E+00    1.38249041E-13   -7.28965245E-13
   6.34908428E+00    1.01422285E-13   -5.34663363E-13
   6.40858021E+00    7.40890815E-14   -3.90483271E-13
   6.46863367E+00    5.40060263E-14   -2.84572606E-13
   6.52924988E+00    3.92079425E-14   -2.06550836E-13
   6.59043410E+00    2.83973590E-14   -1.49566447E-13
   6.65219168E+00    2.05365915E-14   -1.08141175E-13
   6.71452797E+00    1.47539808E-14   -7.76737889E-14
   6.77744840E+00    1.05876639E-14   -5.57275721E-14
   6.84095844E+00    7.60344780E-15   -4.00121154E-14
   6.90506362E+00    5.40459661E-15   -2.84347066E-14
   6.96976952E+00    3.81419561E-15   -2.00626066E-14
   7.03508177E+00    2.70274683E-15   -1.42133301E-14
   7.10100604E+00    1.93282048E-15   -1.01625902E-14
   7.16754807E+00    1.37216807E-15   -7.21342852E-15
   7.23471366E+00    9.62355621E-16   -5.05802943E-15
   7.30250864E+00    6.72136149E-16   -3.53191421E-15
   7.37093891E+00    4.68398300E-16   -2.46079099E-15
   7.44001043E+00    3.21784604E-16   -1.69013266E-15
   7.50972921E+00    2.19425840E-16   -1.15221856E-15
   7.58010130E+00    1.51275311E-16   -7.94189656E-16
   7.65113283E+00    1.06673954E-16   -5.59965114E-16
   7.72282999E+00    7.50089946E-17   -3.93708637E-16
   7.79519901E+00    5.15406335E-17   -2.70491988E-16
   7.86824618E+00    3.48515660E-17   -1.82872864E-16
   7.94197786E+00    2.34733511E-17   -1.23140878E-16
   8.01640046E+00    1.58477298E-17   -8.31140350E-17
   8.09152047E+00    1.04608697E-17   -5.48435422E-17
   8.16734440E+00    6.66401614E-18   -3.49224239E-17
   8.24387887E+00    4.17389404E-18   -2.18625069E-17
   8.32113053E+00    2.69099648E-18   -1.40903450E-17
   8.39910609E+00    1.89757617E-18   -9.93667076E-18
   8.47781235E+00    1.45745407E-18   -7.63539142E-18
   8.55725615E+00    1.11830990E-18   -5.86109673E-18
   8.63744439E+00    8.41401312E-19   -4.41069751E-18
   8.71838407E+00    6.16066937E-19   -3.22869336E-18
   8.80008221E+00    4.30979734E-19    0.00000000E+00
   8.88254593E+00    2.74120060E-19    0.00000000E+00
   8.96578240E+00    1.32747798E-19    0.00000000E+00
   9.04979887E+00    0.00000000E+00    0.00000000E+00
   9.13460263E+00    0.00000000E+00    0.00000000E+00
   9.22020107E+00    0.00000000E+00    0.00000000E+00
   9.30660163E+00    0.00000000E+00    0.00000000E+00
   9.39381184E+00    0.00000000E+00    0.00000000E+00
   9.48183928E+00    0.00000000E+00    0.00000000E+00
   9.57069160E+00    0.00000000E+00    0.00000000E+00
   9.66037654E+00    0.00000000E+00    0.00000000E+00
   9.75090190E+00    0.00000000E+00    0.00000000E+00
   9.84227555E+00    0.00000000E+00    0.00000000E+00
   9.93450544E+00    0.00000000E+00    0.00000000E+00
   1.00275996E+01    0.00000000E+00    0.00000000E+00
   1.01215661E+01    0.00000000E+00    0.00000000E+00
   1.02164132E+01    0.00000000E+00    0.00000000E+00
   1.03121491E+01    0.00000000E+00    0.00000000E+00
   1.04087820E+01    0.00000000E+00    0.00000000E+00
   1.05063205E+01    0.00000000E+00    0.00000000E+00
   1.06047731E+01    0.00000000E+00    0.00000000E+00
   1.07041482E+01    0.00000000E+00    0.00000000E+00
   1.08044545E+01    0.00000000E+00    0.00000000E+00
   1.09057008E+01    0.00000000E+00    0.00000000E+00
   1.10078958E+01    0.00000000E+00    0.00000000E+00
   1.11110485E+01    0.00000000E+00    0.00000000E+00
   1.12151678E+01    0.00000000E+00    0.00000000E+00
   1.13202627E+01    0.00000000E+00    0.00000000E+00
   1.14263425E+01    0.00000000E+00    0.00000000E+00
   1.15334164E+01    0.00000000E+00    0.00000000E+00
   1.16414936E+01    0.00000000E+00    0.00000000E+00
   1.17505836E+01    0.00000000E+00    0.00000000E+00
   1.18606959E+01    0.00000000E+00    0.00000000E+00
   1.19718399E+01    0.00000000E+00    0.00000000E+00
   1.20840255E+01    0.00000000E+00    0.00000000E+00
   1.21972624E+01    0.00000000E+00    0.00000000E+00
   1.23115604E+01    0.00000000E+00    0.00000000E+00
   1.24269294E+01    0.00000000E+00    0.00000000E+00
   1.25433796E+01    0.00000000E+00    0.00000000E+00
   1.26609209E+01    0.00000000E+00    0.00000000E+00
   1.27795638E+01    0.00000000E+00    0.00000000E+00
   1.28993184E+01    0.00000000E+00    0.00000000E+00
   1.30201952E+01    0.00000000E+00    0.00000000E+00
   1.31422047E+01    0.00000000E+00    0.00000000E+00
   1.32653575E+01    0.00000000E+00    0.00000000E+00
   1.33896644E+01    0.00000000E+00    0.00000000E+00
   1.35151361E+01    0.00000000E+00    0.00000000E+00
   1.36417836E+01    0.00000000E+00    0.00000000E+00
   1.37696179E+01    0.00000000E+00    0.00000000E+00
   1.38986501E+01    0.00000000E+00    0.00000000E+00
   1.40288914E+01    0.00000000E+00    0.00000000E+00
   1.41603532E+01    0.00000000E+00    0.00000000E+00
   1.42930469E+01    0.00000000E+00    0.00000000E+00
   1.44269841E+01    0.00000000E+00    0.00000000E+00
   1.45621763E+01    0.00000000E+00    0.00000000E+00
   1.46986354E+01    0.00000000E+00    0.00000000E+00
   1.48363732E+01    0.00000000E+00    0.00000000E+00
   1.49754017E+01    0.00000000E+00    0.00000000E+00
   1.51157331E+01    0.00000000E+00    0.00000000E+00
   1.52573794E+01    0.00000000E+00    0.00000000E+00
   1.54003531E+01    0.00000000E+00    0.00000000E+00
   1.55446666E+01    0.00000000E+00    0.00000000E+00
   1.56903324E+01    0.00000000E+00    0.00000000E+00
   1.58373632E+01    0.00000000E+00    0.00000000E+00
   1.59857718E+01    0.00000000E+00    0.00000000E+00
   1.61355711E+01    0.00000000E+00    0.00000000E+00
   1.62867742E+01    0.00000000E+00    0.00000000E+00
   1.64393941E+01    0.00000000E+00    0.00000000E+00
   1.65934442E+01    0.00000000E+00    0.00000000E+00
   1.67489379E+01    0.00000000E+00    0.00000000E+00
   1.69058887E+01    0.00000000E+00    0.00000000E+00
   1.70643102E+01    0.00000000E+00    0.00000000E+00
   1.72242162E+01    0.00000000E+00    0.00000000E+00
   1.73856208E+01    0.00000000E+00    0.00000000E+00
   1.75485378E+01    0.00000000E+00    0.00000000E+00
   1.77129814E+01    0.00000000E+00    0.00000000E+00
   1.78789660E+01    0.00000000E+00    0.00000000E+00
   1.80465061E+01    0.00000000E+00    0.00000000E+00
   1.82156161E+01    0.00000000E+00    0.00000000E+00
   1.83863108E+01    0.00000000E+00    0.00000000E+00
   1.85586050E+01    0.00000000E+00    0.00000000E+00
   1.87325138E+01    0.00000000E+00    0.00000000E+00
   1.89080523E+01    0.00000000E+00    0.00000000E+00
   1.90852357E+01    0.00000000E+00    0.00000000E+00
   1.92640794E+01    0.00000000E+00    0.00000000E+00
   1.94445990E+01    0.00000000E+00    0.00000000E+00
   1.96268103E+01    0.00000000E+00    0.00000000E+00
   1.98107290E+01    0.00000000E+00    0.00000000E+00
   1.99963712E+01    0.00000000E+00    0.00000000E+00
   2.01837530E+01    0.00000000E+00    0.00000000E+00
   2.03728907E+01    0.00000000E+00    0.00000000E+00
   2.05638007E+01    0.00000000E+00    0.00000000E+00
   2.07564998E+01    0.00000000E+00    0.00000000E+00
   2.09510046E+01    0.00000000E+00    0.00000000E+00
   2.11473320E+01    0.00000000E+00    0.00000000E+00
   2.13454992E+01    0.00000000E+00    0.00000000E+00
   2.15455234E+01    0.00000000E+00    0.00000000E+00
   2.17474220E+01    0.00000000E+00    0.00000000E+00
   2.19512125E+01    0.00000000E+00    0.00000000E+00
   2.21569127E+01    0.00000000E+00    0.00000000E+00
   2.23645405E+01    0.00000000E+00    0.00000000E+00
   2.25741139E+01    0.00000000E+00    0.00000000E+00
   2.27856512E+01    0.00000000E+00    0.00000000E+00
   2.29991707E+01    0.00000000E+00    0.00000000E+00
   2.32146911E+01    0.00000000E+00    0.00000000E+00
   2.34322311E+01    0.00000000E+00    0.00000000E+00
   2.36518096E+01    0.00000000E+00    0.00000000E+00
   2.38734457E+01    0.00000000E+00    0.00000000E+00
   2.40971588E+01    0.00000000E+00    0.00000000E+00
   2.43229682E+01    0.00000000E+00    0.00000000E+00
   2.45508936E+01    0.00000000E+00    0.00000000E+00
   2.47809549E+01    0.00000000E+00    0.00000000E+00
   2.50131720E+01    0.00000000E+00    0.00000000E+00
   2.52475652E+01    0.00000000E+00    0.00000000E+00
   2.54841548E+01    0.00000000E+00    0.00000000E+00
   2.57229614E+01    0.00000000E+00    0.00000000E+00
   2.59640059E+01    0.00000000E+00    0.00000000E+00
   2.62073092E+01    0.00000000E+00    0.00000000E+00
   2.64528923E+01    0.00000000E+00    0.00000000E+00
   2.67007768E+01    0.00000000E+00    0.00000000E+00
   2.69509842E+01    0.00000000E+00    0.00000000E+00
   2.72035362E+01    0.00000000E+00    0.00000000E+00
   2.74584548E+01    0.00000000E+00    0.00000000E+00
   2.77157622E+01    0.00000000E+00    0.00000000E+00
   2.79754808E+01    0.00000000E+00    0.00000000E+00
   2.82376332E+01    0.00000000E+00    0.00000000E+00
   2.85022421E+01    0.00000000E+00    0.00000000E+00
   2.87693306E+01    0.00000000E+00    0.00000000E+00
   2.90389219E+01    0.00000000E+00    0.00000000E+00
   2.93110396E+01    0.00000000E+00    0.00000000E+00
   2.95857072E+01    0.00000000E+00    0.00000000E+00
   2.98629486E+01    0.00000000E+00    0.00000000E+00
   3.01427880E+01    0.00000000E+00    0.00000000E+00
   3.04252497E+01    0.00000000E+00    0.00000000E+00
   3.07103584E+01    0.00000000E+00    0.00000000E+00
   3.09981387E+01    0.00000000E+00    0.00000000E+00
   3.12886157E+01    0.00000000E+00    0.00000000E+00
   3.15818148E+01    0.00000000E+00    0.00000000E+00
   3.18777613E+01    0.00000000E+00    0.00000000E+00
   3.21764811E+01    0.00000000E+00    0.00000000E+00
   3.24780001E+01    0.00000000E+00    0.00000000E+00
   3.27823446E+01    0.00000000E+00    0.00000000E+00
   3.30895411E+01    0.00000000E+00    0.00000000E+00
   3.33996162E+01    0.00000000E+00    0.00000000E+00
   3.37125970E+01    0.00000000E+00    0.00000000E+00
   3.40285107E+01    0.00000000E+00    0.00000000E+00
   3.43473847E+01    0.00000000E+00    0.00000000E+00
   3.46692468E+01    0.00000000E+00    0.00000000E+00
   3.49941250E+01    0.00000000E+00    0.00000000E+00
   3.53220476E+01    0.00000000E+00    0.00000000E+00
   3.56530431E+01    0.00000000E+00    0.00000000E+00
   3.59871403E+01    0.00000000E+00    0.00000000E+00
   3.63243682E+01    0.00000000E+00    0.00000000E+00
   3.66647562E+01    0.00000000E+00    0.00000000E+00
   3.70083339E+01    0.00000000E+00    0.00000000E+00
   3.73551313E+01    0.00000000E+00    0.00000000E+00
   3.77051783E+01    0.00000000E+00    0.00000000E+00
   3.80585056E+01    0.00000000E+00    0.00000000E+00
   3.84151439E+01    0.00000000E+00    0.00000000E+00
   3.87751241E+01    0.00000000E+00    0.00000000E+00
   3.91384777E+01    0.00000000E+00    0.00000000E+00
   3.95052361E+01    0.00000000E+00    0.00000000E+00
   3.98754314E+01    0.00000000E+00    0.00000000E+00
   4.02490957E+01    0.00000000E+00    0.00000000E+00
   4.06262615E+01    0.00000000E+00    0.00000000E+00
   4.10069616E+01    0.00000000E+00    0.00000000E+00
   4.13912292E+01    0.00000000E+00    0.00000000E+00
   4.17790977E+01    0.00000000E+00    0.00000000E+00
   4.21706009E+01    0.00000000E+00    0.00000000E+00
   4.25657727E+01    0.00000000E+00    0.00000000E+00
   4.29646476E+01    0.00000000E+00    0.00000000E+00
   4.33672603E+01    0.00000000E+00    0.00000000E+00
   4.37736458E+01    0.00000000E+00    0.00000000E+00
   4.41838394E+01    0.00000000E+00    0.00000000E+00
   4.45978769E+01    0.00000000E+00    0.00000000E+00
   4.50157942E+01    0.00000000E+00    0.00000000E+00
   4.54376278E+01    0.00000000E+00    0.00000000E+00
   4.58634142E+01    0.00000000E+00    0.00000000E+00
   4.62931906E+01    0.00000000E+00    0.00000000E+00
   4.67269944E+01    0.00000000E+00    0.00000000E+00
   4.71648632E+01    0.00000000E+00    0.00000000E+00
   4.76068352E+01    0.00000000E+00    0.00000000E+00
   4.80529489E+01    0.00000000E+00    0.00000000E+00
   4.85032430E+01    0.00000000E+00    0.00000000E+00
   4.89577566E+01    0.00000000E+00    0.00000000E+00
   4.94165295E+01    0.00000000E+00    0.00000000E+00
   4.98796014E+01    0.00000000E+00    0.00000000E+00
   5.03470127E+01    0.00000000E+00    0.00000000E+00
   5.08188039E+01    0.00000000E+00    0.00000000E+00
   5.12950163E+01    0.00000000E+00    0.00000000E+00
   5.17756911E+01    0.00000000E+00    0.00000000E+00
   5.22608702E+01    0.00000000E+00    0.00000000E+00
   5.27505958E+01    0.00000000E+00    0.00000000E+00
   5.32449105E+01    0.00000000E+00    0.00000000E+00
   5.37438574E+01    0.00000000E+00    0.00000000E+00
   5.42474798E+01    0.00000000E+00    0.00000000E+00
   5.47558215E+01    0.00000000E+00    0.00000000E+00
   5.52689268E+01    0.00000000E+00    0.00000000E+00
   5.57868403E+01    0.00000000E+00    0.00000000E+00
   5.63096071E+01    0.00000000E+00    0.00000000E+00
   5.68372725E+01    0.00000000E+00    0.00000000E+00
   5.73698827E+01    0.00000000E+00    0.00000000E+00
   5.79074838E+01    0.00000000E+00    0.00000000E+00
   5.84501226E+01    0.00000000E+00    0.00000000E+00
   5.89978465E+01    0.00000000E+00    0.00000000E+00
   5.95507029E+01    0.00000000E+00    0.00000000E+00
   6.01087400E+01    0.00000000E+00    0.00000000E+00
   6.06720063E+01    0.00000000E+00    0.00000000E+00
   6.12405510E+01    0.00000000E+00    0.00000000E+00
   6.18144233E+01    0.00000000E+00    0.00000000E+00
   6.23936733E+01    0.00000000E+00    0.00000000E+00
   6.29783512E+01    0.00000000E+00    0.00000000E+00
   6.35685081E+01    0.00000000E+00    0.00000000E+00
   6.41641953E+01    0.00000000E+00    0.00000000E+00
   6.47654644E+01    0.00000000E+00    0.00000000E+00
   6.53723680E+01    0.00000000E+00    0.00000000E+00
   6.59849587E+01    0.00000000E+00    0.00000000E+00
   6.66032899E+01    0.00000000E+00    0.00000000E+00
   6.72274153E+01    0.00000000E+00    0.00000000E+00
   6.78573893E+01    0.00000000E+00    0.00000000E+00
   6.84932666E+01    0.00000000E+00    0.00000000E+00
   6.91351026E+01    0.00000000E+00    0.00000000E+00
   6.97829531E+01    0.00000000E+00    0.00000000E+00
   7.04368745E+01    0.00000000E+00    0.00000000E+00
   7.10969236E+01    0.00000000E+00    0.00000000E+00
   7.17631580E+01    0.00000000E+00    0.00000000E+00
   7.24356354E+01    0.00000000E+00    0.00000000E+00
   7.31144145E+01    0.00000000E+00    0.00000000E+00
   7.37995543E+01    0.00000000E+00    0.00000000E+00
   7.44911144E+01    0.00000000E+00    0.00000000E+00
   7.51891550E+01    0.00000000E+00    0.00000000E+00
   7.58937368E+01    0.00000000E+00    0.00000000E+00
   7.66049210E+01    0.00000000E+00    0.00000000E+00
   7.73227696E+01    0.00000000E+00    0.00000000E+00
   7.80473451E+01    0.00000000E+00    0.00000000E+00
   7.87787103E+01    0.00000000E+00    0.00000000E+00
   7.95169290E+01    0.00000000E+00    0.00000000E+00
   8.02620655E+01    0.00000000E+00    0.00000000E+00
   8.10141844E+01    0.00000000E+00    0.00000000E+00
   8.17733513E+01    0.00000000E+00    0.00000000E+00
   8.25396322E+01    0.00000000E+00    0.00000000E+00
   8.33130937E+01    0.00000000E+00    0.00000000E+00
   8.40938032E+01    0.00000000E+00    0.00000000E+00
   8.48818286E+01    0.00000000E+00    0.00000000E+00
   8.56772383E+01    0.00000000E+00    0.00000000E+00
   8.64801017E+01    0.00000000E+00    0.00000000E+00
   8.72904886E+01    0.00000000E+00    0.00000000E+00
   8.81084694E+01    0.00000000E+00    0.00000000E+00
   8.89341153E+01    0.00000000E+00    0.00000000E+00
   8.97674982E+01    0.00000000E+00    0.00000000E+00
   9.06086906E+01    0.00000000E+00    0.00000000E+00
   9.14577655E+01    0.00000000E+00    0.00000000E+00
   9.23147970E+01    0.00000000E+00    0.00000000E+00
   9.31798596E+01    0.00000000E+00    0.00000000E+00
   9.40530285E+01    0.00000000E+00    0.00000000E+00
   9.49343796E+01    0.00000000E+00    0.00000000E+00
   9.58239897E+01    0.00000000E+00    0.00000000E+00
   9.67219362E+01    0.00000000E+00    0.00000000E+00
   9.76282971E+01    0.00000000E+00    0.00000000E+00
   9.85431514E+01    0.00000000E+00    0.00000000E+00
   9.94665785E+01    0.00000000E+00    0.00000000E+00
   1.00398659E+02    0.00000000E+00    0.00000000E+00
   1.01339474E+02    0.00000000E+00    0.00000000E+00
   1.02289105E+02    0.00000000E+00    0.00000000E+00
   1.03247634E+02    0.00000000E+00    0.00000000E+00
   1.04215146E+02    0.00000000E+00    0.00000000E+00
   1.05191724E+02    0.00000000E+00    0.00000000E+00
   1.06177454E+02    0.00000000E+00    0.00000000E+00
   1.07172420E+02    0.00000000E+00    0.00000000E+00
   1.08176711E+02    0.00000000E+00    0.00000000E+00
   1.09190412E+02    0.00000000E+00    0.00000000E+00
   1.10213612E+02    0.00000000E+00    0.00000000E+00
   1.11246401E+02    0.00000000E+00    0.00000000E+00
   1.12288867E+02    0.00000000E+00    0.00000000E+00
   1.13341103E+02    0.00000000E+00    0.00000000E+00
   1.14403198E+02    0.00000000E+00    0.00000000E+00
   1.15475247E+02    0.00000000E+00    0.00000000E+00
   1.16557341E+02    0.00000000E+00    0.00000000E+00
   1.17649575E+02    0.00000000E+00    0.00000000E+00
   1.18752045E+02    0.00000000E+00    0.00000000E+00
   1.19864845E+02    0.00000000E+00    0.00000000E+00
   1.20988074E+02    0.00000000E+00    0.00000000E+00
   1.22121827E+02    0.00000000E+00    0.00000000E+00
   1.23266205E+02    0.00000000E+00    0.00000000E+00
   1.24421307E+02    0.00000000E+00    0.00000000E+00
   1.25587233E+02    0.00000000E+00    0.00000000E+00
   1.26764084E+02    0.00000000E+00    0.00000000E+00
   1.27951964E+02    0.00000000E+00    0.00000000E+00
   1.29150975E+02    0.00000000E+00    0.00000000E+00
   1.30361222E+02    0.00000000E+00    0.00000000E+00
   1.31582809E+02    0.00000000E+00    0.00000000E+00
   1.32815844E+02    0.00000000E+00    0.00000000E+00
   1.34060433E+02    0.00000000E+00    0.00000000E+00
   1.35316686E+02    0.00000000E+00    0.00000000E+00
   1.36584710E+02    0.00000000E+00    0.00000000E+00
   1.37864616E+02    0.00000000E+00    0.00000000E+00
   1.39156517E+02    0.00000000E+00    0.00000000E+00
   1.40460523E+02    0.00000000E+00    0.00000000E+00
   1.41776749E+02    0.00000000E+00    0.00000000E+00
   1.43105309E+02    0.00000000E+00    0.00000000E+00
   1.44446319E+02    0.00000000E+00    0.00000000E+00
   1.45799895E+02    0.00000000E+00    0.00000000E+00
   1.47166155E+02    0.00000000E+00    0.00000000E+00
   1.48545218E+02    0.00000000E+00    0.00000000E+00
   1.49937204E+02    0.00000000E+00    0.00000000E+00
   1.51342234E+02    0.00000000E+00    0.00000000E+00
   1.52760431E+02    0.00000000E+00    0.00000000E+00
   1.54191917E+02    0.00000000E+00    0.00000000E+00
   1.55636817E+02    0.00000000E+00    0.00000000E+00
   1.57095256E+02    0.00000000E+00    0.00000000E+00
   1.58567363E+02    0.00000000E+00    0.00000000E+00
   1.60053265E+02    0.00000000E+00    0.00000000E+00
   1.61553090E+02    0.00000000E+00    0.00000000E+00
   1.63066970E+02    0.00000000E+00    0.00000000E+00
   1.64595036E+02    0.00000000E+00    0.00000000E+00
   1.66137422E+02    0.00000000E+00    0.00000000E+00
   1.67694261E+02    0.00000000E+00    0.00000000E+00
   1.69265688E+02    0.00000000E+00    0.00000000E+00
   1.70851841E+02    0.00000000E+00    0.00000000E+00
   1.72452858E+02    0.00000000E+00    0.00000000E+00
   1.74068878E+02    0.00000000E+00    0.00000000E+00
   1.75700041E+02    0.00000000E+00    0.00000000E+00
   1.77346489E+02    0.00000000E+00    0.00000000E+00
   1.79008365E+02    0.00000000E+00    0.00000000E+00
   1.80685815E+02    0.00000000E+00    0.00000000E+00
   1.82378984E+02    0.00000000E+00    0.00000000E+00
   1.84088019E+02    0.00000000E+00    0.00000000E+00
   1.85813069E+02    0.00000000E+00    0.00000000E+00
   1.87554284E+02    0.00000000E+00    0.00000000E+00
   1.89311816E+02    0.00000000E+00    0.00000000E+00
   1.91085817E+02    0.00000000E+00    0.00000000E+00
   1.92876442E+02    0.00000000E+00    0.00000000E+00
   1.94683847E+02    0.00000000E+00    0.00000000E+00
   1.96508188E+02    0.00000000E+00    0.00000000E+00
   1.98349625E+02    0.00000000E+00    0.00000000E+00
   2.00208318E+02    0.00000000E+00    0.00000000E+00
   2.02084428E+02    0.00000000E+00    0.00000000E+00
   2.03978119E+02    0.00000000E+00    0.00000000E+00
   2.05889555E+02    0.00000000E+00    0.00000000E+00
   2.07818902E+02    0.00000000E+00    0.00000000E+00
   2.09766330E+02    0.00000000E+00    0.00000000E+00
   2.11732006E+02    0.00000000E+00    0.00000000E+00
   2.13716102E+02    0.00000000E+00    0.00000000E+00
   2.15718790E+02    0.00000000E+00    0.00000000E+00
   2.17740246E+02    0.00000000E+00    0.00000000E+00
   2.19780644E+02    0.00000000E+00    0.00000000E+00
   2.21840162E+02    0.00000000E+00    0.00000000E+00
   2.23918980E+02    0.00000000E+00    0.00000000E+00
   2.26017277E+02    0.00000000E+00    0.00000000E+00
   2.28135238E+02    0.00000000E+00    0.00000000E+00
   2.30273045E+02    0.00000000E+00    0.00000000E+00
   2.32430885E+02    0.00000000E+00    0.00000000E+00
   2.34608946E+02    0.00000000E+00    0.00000000E+00
   2.36807417E+02    0.00000000E+00    0.00000000E+00
   2.39026490E+02    0.00000000E+00    0.00000000E+00
   2.41266357E+02    0.00000000E+00    0.00000000E+00
   2.43527213E+02    0.00000000E+00    0.00000000E+00
   2.45809256E+02    0.00000000E+00    0.00000000E+00
   2.48112682E+02    0.00000000E+00    0.00000000E+00
   2.50437694E+02    0.00000000E+00    0.00000000E+00
   2.52784493E+02    0.00000000E+00    0.00000000E+00
