# Peaks:     0.008214      0.053050      0.157987      0.376131      0.903874      2.617529      9.842276  
   8.42614956E-05    7.06993604E+00   -1.23286823E+04
   8.50510924E-05    7.06048852E+00   -1.22083619E+04
   8.58480883E-05    7.05096279E+00   -1.20891523E+04
   8.66525527E-05    7.04136886E+00   -1.19710453E+04
   8.74645555E-05    7.03171736E+00   -1.18540329E+04
   8.82841675E-05    7.02201954E+00   -1.17381073E+04
   8.91114598E-05    7.01228728E+00   -1.16232609E+04
   8.99465046E-05    7.00253315E+00   -1.15094861E+04
   9.07893744E-05    6.99277040E+00   -1.13967754E+04
   9.16401425E-05    6.98301301E+00   -1.12851217E+04
   9.24988830E-05    6.97327570E+00   -1.11745178E+04
   9.33656706E-05    6.96357007E+00   -1.10649565E+04
   9.42405807E-05    6.95389548E+00   -1.09564297E+04
   9.51236893E-05    6.94424853E+00   -1.08489291E+04
   9.60150734E-05    6.93462557E+00   -1.07424468E+04
   9.69148105E-05    6.92502265E+00   -1.06369748E+04
   9.78229788E-05    6.91543554E+00   -1.05325053E+04
   9.87396574E-05    6.90585969E+00   -1.04290306E+04
   9.96649259E-05    6.89629024E+00   -1.03265430E+04
   1.00598865E-04    6.88672200E+00   -1.02250352E+04
   1.01541556E-04    6.87715054E+00   -1.01244995E+04
   1.02493080E-04    6.86757601E+00   -1.00249282E+04
   1.03453521E-04    6.85799977E+00   -9.92631331E+03
   1.04422963E-04    6.84842325E+00   -9.82864696E+03
   1.05401488E-04    6.83884789E+00   -9.73192146E+03
   1.06389184E-04    6.82927516E+00   -9.63612916E+03
   1.07386134E-04    6.81970658E+00   -9.54126254E+03
   1.08392427E-04    6.81014370E+00   -9.44731416E+03
   1.09408150E-04    6.80058805E+00   -9.35427666E+03
   1.10433390E-04    6.79104026E+00   -9.26214248E+03
   1.11468239E-04    6.78150016E+00   -9.17090391E+03
   1.12512784E-04    6.77196747E+00   -9.08055331E+03
   1.13567118E-04    6.76244189E+00   -8.99108313E+03
   1.14631331E-04    6.75292299E+00   -8.90248589E+03
   1.15705517E-04    6.74341030E+00   -8.81475421E+03
   1.16789769E-04    6.73390326E+00   -8.72788077E+03
   1.17884182E-04    6.72440121E+00   -8.64185836E+03
   1.18988850E-04    6.71490366E+00   -8.55667974E+03
   1.20103869E-04    6.70541076E+00   -8.47233752E+03
   1.21229337E-04    6.69592275E+00   -8.38882434E+03
   1.22365352E-04    6.68643982E+00   -8.30613292E+03
   1.23512012E-04    6.67696215E+00   -8.22425602E+03
   1.24669417E-04    6.66748984E+00   -8.14318651E+03
   1.25837668E-04    6.65802297E+00   -8.06291729E+03
   1.27016866E-04    6.64856157E+00   -7.98344136E+03
   1.28207115E-04    6.63910560E+00   -7.90475177E+03
   1.29408516E-04    6.62965512E+00   -7.82684152E+03
   1.30621176E-04    6.62021025E+00   -7.74970359E+03
   1.31845200E-04    6.61077106E+00   -7.67333099E+03
   1.33080694E-04    6.60133758E+00   -7.59771682E+03
   1.34327765E-04    6.59190978E+00   -7.52285422E+03
   1.35586522E-04    6.58248760E+00   -7.44873640E+03
   1.36857075E-04    6.57307089E+00   -7.37535661E+03
   1.38139534E-04    6.56365946E+00   -7.30270818E+03
   1.39434010E-04    6.55425309E+00   -7.23078448E+03
   1.40740617E-04    6.54485184E+00   -7.15957886E+03
   1.42059468E-04    6.53545586E+00   -7.08908469E+03
   1.43390677E-04    6.52606523E+00   -7.01929543E+03
   1.44734361E-04    6.51668002E+00   -6.95020453E+03
   1.46090636E-04    6.50730023E+00   -6.88180555E+03
   1.47459621E-04    6.49792581E+00   -6.81409206E+03
   1.48841434E-04    6.48855666E+00   -6.74705770E+03
   1.50236196E-04    6.47919263E+00   -6.68069615E+03
   1.51644028E-04    6.46983356E+00   -6.61500114E+03
   1.53065052E-04    6.46047954E+00   -6.54996642E+03
   1.54499392E-04    6.45113070E+00   -6.48558580E+03
   1.55947174E-04    6.44178711E+00   -6.42185313E+03
   1.57408522E-04    6.43244879E+00   -6.35876229E+03
   1.58883564E-04    6.42311573E+00   -6.29630723E+03
   1.60372429E-04    6.41378784E+00   -6.23448191E+03
   1.61875245E-04    6.40446500E+00   -6.17328036E+03
   1.63392144E-04    6.39514702E+00   -6.11269664E+03
   1.64923257E-04    6.38583373E+00   -6.05272485E+03
   1.66468718E-04    6.37652523E+00   -5.99335918E+03
   1.68028662E-04    6.36722164E+00   -5.93459385E+03
   1.69603223E-04    6.35792304E+00   -5.87642312E+03
   1.71192539E-04    6.34862944E+00   -5.81884130E+03
   1.72796748E-04    6.33934081E+00   -5.76184273E+03
   1.74415990E-04    6.33005709E+00   -5.70542176E+03
   1.76050406E-04    6.32077813E+00   -5.64957283E+03
   1.77700137E-04    6.31150374E+00   -5.59429037E+03
   1.79365328E-04    6.30223376E+00   -5.53956887E+03
   1.81046123E-04    6.29296826E+00   -5.48540293E+03
   1.82742668E-04    6.28370737E+00   -5.43178720E+03
   1.84455111E-04    6.27445114E+00   -5.37871633E+03
   1.86183601E-04    6.26519961E+00   -5.32618505E+03
   1.87928288E-04    6.25595273E+00   -5.27418809E+03
   1.89689325E-04    6.24671044E+00   -5.22272022E+03
   1.91466864E-04    6.23747258E+00   -5.17177624E+03
   1.93261059E-04    6.22823897E+00   -5.12135096E+03
   1.95072068E-04    6.21900941E+00   -5.07143928E+03
   1.96900047E-04    6.20978395E+00   -5.02203617E+03
   1.98745156E-04    6.20056270E+00   -4.97313668E+03
   2.00607555E-04    6.19134573E+00   -4.92473588E+03
   2.02487407E-04    6.18213308E+00   -4.87682888E+03
   2.04384874E-04    6.17292470E+00   -4.82941081E+03
   2.06300121E-04    6.16372054E+00   -4.78247681E+03
   2.08233316E-04    6.15452045E+00   -4.73602208E+03
   2.10184627E-04    6.14532424E+00   -4.69004181E+03
   2.12154223E-04    6.13613169E+00   -4.64453124E+03
   2.14142276E-04    6.12694279E+00   -4.59948573E+03
   2.16148958E-04    6.11775764E+00   -4.55490070E+03
   2.18174444E-04    6.10857633E+00   -4.51077162E+03
   2.20218911E-04    6.09939888E+00   -4.46709397E+03
   2.22282536E-04    6.09022529E+00   -4.42386325E+03
   2.24365499E-04    6.08105548E+00   -4.38107500E+03
   2.26467981E-04    6.07188934E+00   -4.33872477E+03
   2.28590165E-04    6.06272669E+00   -4.29680813E+03
   2.30732235E-04    6.05356729E+00   -4.25532067E+03
   2.32894378E-04    6.04441102E+00   -4.21425807E+03
   2.35076783E-04    6.03525797E+00   -4.17361612E+03
   2.37279638E-04    6.02610825E+00   -4.13339064E+03
   2.39503135E-04    6.01696189E+00   -4.09357750E+03
   2.41747469E-04    6.00781889E+00   -4.05417256E+03
   2.44012834E-04    5.99867920E+00   -4.01517170E+03
   2.46299427E-04    5.98954271E+00   -3.97657083E+03
   2.48607447E-04    5.98040927E+00   -3.93836588E+03
   2.50937095E-04    5.97127866E+00   -3.90055279E+03
   2.53288574E-04    5.96215066E+00   -3.86312754E+03
   2.55662088E-04    5.95302528E+00   -3.82608624E+03
   2.58057843E-04    5.94390264E+00   -3.78942506E+03
   2.60476049E-04    5.93478279E+00   -3.75314021E+03
   2.62916915E-04    5.92566575E+00   -3.71722788E+03
   2.65380654E-04    5.91655148E+00   -3.68168432E+03
   2.67867481E-04    5.90743990E+00   -3.64650577E+03
   2.70377611E-04    5.89833088E+00   -3.61168849E+03
   2.72911262E-04    5.88922422E+00   -3.57722874E+03
   2.75468656E-04    5.88011968E+00   -3.54312284E+03
   2.78050015E-04    5.87101711E+00   -3.50936714E+03
   2.80655563E-04    5.86191662E+00   -3.47595813E+03
   2.83285528E-04    5.85281828E+00   -3.44289235E+03
   2.85940137E-04    5.84372212E+00   -3.41016632E+03
   2.88619622E-04    5.83462814E+00   -3.37777660E+03
   2.91324216E-04    5.82553628E+00   -3.34571975E+03
   2.94054154E-04    5.81644642E+00   -3.31399236E+03
   2.96809673E-04    5.80735841E+00   -3.28259100E+03
   2.99591014E-04    5.79827202E+00   -3.25151229E+03
   3.02398419E-04    5.78918699E+00   -3.22075284E+03
   3.05232131E-04    5.78010331E+00   -3.19030941E+03
   3.08092397E-04    5.77102105E+00   -3.16017881E+03
   3.10979466E-04    5.76194029E+00   -3.13035790E+03
   3.13893589E-04    5.75286104E+00   -3.10084351E+03
   3.16835020E-04    5.74378325E+00   -3.07163251E+03
   3.19804014E-04    5.73470686E+00   -3.04272179E+03
   3.22800830E-04    5.72563174E+00   -3.01410823E+03
   3.25825729E-04    5.71655769E+00   -2.98578872E+03
   3.28878973E-04    5.70748447E+00   -2.95776017E+03
   3.31960829E-04    5.69841185E+00   -2.93001954E+03
   3.35071564E-04    5.68933987E+00   -2.90256389E+03
   3.38211450E-04    5.68026860E+00   -2.87539035E+03
   3.41380758E-04    5.67119809E+00   -2.84849604E+03
   3.44579765E-04    5.66212833E+00   -2.82187813E+03
   3.47808750E-04    5.65305928E+00   -2.79553375E+03
   3.51067992E-04    5.64399084E+00   -2.76946007E+03
   3.54357777E-04    5.63492285E+00   -2.74365428E+03
   3.57678389E-04    5.62585512E+00   -2.71811354E+03
   3.61030118E-04    5.61678738E+00   -2.69283506E+03
   3.64413255E-04    5.60771944E+00   -2.66781608E+03
   3.67828095E-04    5.59865135E+00   -2.64305395E+03
   3.71274935E-04    5.58958320E+00   -2.61854609E+03
   3.74754074E-04    5.58051499E+00   -2.59428988E+03
   3.78265816E-04    5.57144673E+00   -2.57028275E+03
   3.81810465E-04    5.56237833E+00   -2.54652212E+03
   3.85388331E-04    5.55330970E+00   -2.52300542E+03
   3.88999724E-04    5.54424067E+00   -2.49973008E+03
   3.92644959E-04    5.53517102E+00   -2.47669354E+03
   3.96324352E-04    5.52610047E+00   -2.45389328E+03
   4.00038224E-04    5.51702886E+00   -2.43132679E+03
   4.03786898E-04    5.50795626E+00   -2.40899170E+03
   4.07570700E-04    5.49888272E+00   -2.38688566E+03
   4.11389960E-04    5.48980827E+00   -2.36500632E+03
   4.15245009E-04    5.48073287E+00   -2.34335134E+03
   4.19136182E-04    5.47165644E+00   -2.32191839E+03
   4.23063819E-04    5.46257887E+00   -2.30070515E+03
   4.27028261E-04    5.45349999E+00   -2.27970928E+03
   4.31029853E-04    5.44441956E+00   -2.25892849E+03
   4.35068944E-04    5.43533730E+00   -2.23836045E+03
   4.39145883E-04    5.42625305E+00   -2.21800293E+03
   4.43261027E-04    5.41716689E+00   -2.19785380E+03
   4.47414733E-04    5.40807886E+00   -2.17791091E+03
   4.51607362E-04    5.39898896E+00   -2.15817215E+03
   4.55839280E-04    5.38989717E+00   -2.13863541E+03
   4.60110854E-04    5.38080340E+00   -2.11929858E+03
   4.64422456E-04    5.37170751E+00   -2.10015955E+03
   4.68774461E-04    5.36260934E+00   -2.08121623E+03
   4.73167248E-04    5.35350864E+00   -2.06246653E+03
   4.77601199E-04    5.34440512E+00   -2.04390836E+03
   4.82076699E-04    5.33529863E+00   -2.02553968E+03
   4.86594139E-04    5.32618923E+00   -2.00735858E+03
   4.91153910E-04    5.31707694E+00   -1.98936313E+03
   4.95756410E-04    5.30796178E+00   -1.97155142E+03
   5.00402039E-04    5.29884370E+00   -1.95392153E+03
   5.05091201E-04    5.28972261E+00   -1.93647158E+03
   5.09824305E-04    5.28059839E+00   -1.91919965E+03
   5.14601761E-04    5.27147084E+00   -1.90210386E+03
   5.19423986E-04    5.26233974E+00   -1.88518231E+03
   5.24291399E-04    5.25320478E+00   -1.86843312E+03
   5.29204423E-04    5.24406578E+00   -1.85185446E+03
   5.34163487E-04    5.23492278E+00   -1.83544457E+03
   5.39169021E-04    5.22577583E+00   -1.81920173E+03
   5.44221460E-04    5.21662492E+00   -1.80312422E+03
   5.49321245E-04    5.20747000E+00   -1.78721031E+03
   5.54468819E-04    5.19831098E+00   -1.77145829E+03
   5.59664630E-04    5.18914774E+00   -1.75586645E+03
   5.64909129E-04    5.17998007E+00   -1.74043308E+03
   5.70202774E-04    5.17080775E+00   -1.72515647E+03
   5.75546024E-04    5.16163048E+00   -1.71003491E+03
   5.80939345E-04    5.15244803E+00   -1.69506676E+03
   5.86383205E-04    5.14326044E+00   -1.68025042E+03
   5.91878079E-04    5.13406774E+00   -1.66558434E+03
   5.97424444E-04    5.12486992E+00   -1.65106697E+03
   6.03022783E-04    5.11566693E+00   -1.63669676E+03
   6.08673583E-04    5.10645869E+00   -1.62247217E+03
   6.14377335E-04    5.09724506E+00   -1.60839165E+03
   6.20134536E-04    5.08802584E+00   -1.59445365E+03
   6.25945686E-04    5.07880081E+00   -1.58065665E+03
   6.31811291E-04    5.06956967E+00   -1.56699910E+03
   6.37731862E-04    5.06033216E+00   -1.55347950E+03
   6.43707913E-04    5.05108828E+00   -1.54009641E+03
   6.49739965E-04    5.04183805E+00   -1.52684845E+03
   6.55828542E-04    5.03258148E+00   -1.51373420E+03
   6.61974173E-04    5.02331851E+00   -1.50075228E+03
   6.68177394E-04    5.01404905E+00   -1.48790129E+03
   6.74438744E-04    5.00477296E+00   -1.47517984E+03
   6.80758767E-04    4.99549007E+00   -1.46258655E+03
   6.87138014E-04    4.98620013E+00   -1.45012004E+03
   6.93577040E-04    4.97690287E+00   -1.43777890E+03
   7.00076405E-04    4.96759797E+00   -1.42556179E+03
   7.06636674E-04    4.95828540E+00   -1.41346739E+03
   7.13258417E-04    4.94896518E+00   -1.40149444E+03
   7.19942212E-04    4.93963729E+00   -1.38964171E+03
   7.26688639E-04    4.93030171E+00   -1.37790792E+03
   7.33498286E-04    4.92095832E+00   -1.36629182E+03
   7.40371744E-04    4.91160702E+00   -1.35479218E+03
   7.47309612E-04    4.90224760E+00   -1.34340773E+03
   7.54312493E-04    4.89287985E+00   -1.33213723E+03
   7.61380997E-04    4.88350349E+00   -1.32097944E+03
   7.68515738E-04    4.87411818E+00   -1.30993310E+03
   7.75717337E-04    4.86472381E+00   -1.29899705E+03
   7.82986422E-04    4.85532040E+00   -1.28817013E+03
   7.90323623E-04    4.84590795E+00   -1.27745123E+03
   7.97729579E-04    4.83648640E+00   -1.26683922E+03
   8.05204935E-04    4.82705568E+00   -1.25633298E+03
   8.12750341E-04    4.81761565E+00   -1.24593137E+03
   8.20366454E-04    4.80816614E+00   -1.23563328E+03
   8.28053936E-04    4.79870692E+00   -1.22543758E+03
   8.35813455E-04    4.78923774E+00   -1.21534316E+03
   8.43645687E-04    4.77975826E+00   -1.20534888E+03
   8.51551313E-04    4.77026826E+00   -1.19545367E+03
   8.59531022E-04    4.76076776E+00   -1.18565650E+03
   8.67585506E-04    4.75125674E+00   -1.17595636E+03
   8.75715468E-04    4.74173517E+00   -1.16635224E+03
   8.83921613E-04    4.73220296E+00   -1.15684313E+03
   8.92204657E-04    4.72265998E+00   -1.14742801E+03
   9.00565319E-04    4.71310608E+00   -1.13810587E+03
   9.09004327E-04    4.70354103E+00   -1.12887572E+03
   9.17522416E-04    4.69396457E+00   -1.11973653E+03
   9.26120325E-04    4.68437638E+00   -1.11068730E+03
   9.34798804E-04    4.67477618E+00   -1.10172703E+03
   9.43558607E-04    4.66516393E+00   -1.09285481E+03
   9.52400496E-04    4.65553962E+00   -1.08406971E+03
   9.61325241E-04    4.64590322E+00   -1.07537083E+03
   9.70333618E-04    4.63625465E+00   -1.06675726E+03
   9.79426410E-04    4.62659379E+00   -1.05822810E+03
   9.88604409E-04    4.61692047E+00   -1.04978243E+03
   9.97868413E-04    4.60723448E+00   -1.04141935E+03
   1.00721923E-03    4.59753558E+00   -1.03313795E+03
   1.01665767E-03    4.58782345E+00   -1.02493733E+03
   1.02618455E-03    4.57809776E+00   -1.01681657E+03
   1.03580071E-03    4.56835840E+00   -1.00877484E+03
   1.04550698E-03    4.55860536E+00   -1.00081131E+03
   1.05530421E-03    4.54883861E+00   -9.92925165E+02
   1.06519324E-03    4.53905808E+00   -9.85115595E+02
   1.07517495E-03    4.52926364E+00   -9.77381784E+02
   1.08525018E-03    4.51945515E+00   -9.69722915E+02
   1.09541984E-03    4.50963241E+00   -9.62138175E+02
   1.10568478E-03    4.49979516E+00   -9.54626747E+02
   1.11604592E-03    4.48994311E+00   -9.47187815E+02
   1.12650416E-03    4.48007593E+00   -9.39820562E+02
   1.13706039E-03    4.47019339E+00   -9.32524204E+02
   1.14771554E-03    4.46029547E+00   -9.25298007E+02
   1.15847054E-03    4.45038215E+00   -9.18141238E+02
   1.16932633E-03    4.44045336E+00   -9.11053165E+02
   1.18028384E-03    4.43050898E+00   -9.04033058E+02
   1.19134403E-03    4.42054887E+00   -8.97080183E+02
   1.20250787E-03    4.41057284E+00   -8.90193810E+02
   1.21377631E-03    4.40058064E+00   -8.83373206E+02
   1.22515036E-03    4.39057200E+00   -8.76617635E+02
   1.23663098E-03    4.38054658E+00   -8.69926364E+02
   1.24821919E-03    4.37050408E+00   -8.63298671E+02
   1.25991599E-03    4.36044444E+00   -8.56733888E+02
   1.27172240E-03    4.35036763E+00   -8.50231360E+02
   1.28363944E-03    4.34027359E+00   -8.43790428E+02
   1.29566816E-03    4.33016223E+00   -8.37410439E+02
   1.30780959E-03    4.32003338E+00   -8.31090734E+02
   1.32006480E-03    4.30988688E+00   -8.24830656E+02
   1.33243485E-03    4.29972250E+00   -8.18629547E+02
   1.34492082E-03    4.28953996E+00   -8.12486747E+02
   1.35752379E-03    4.27933894E+00   -8.06401596E+02
   1.37024486E-03    4.26911909E+00   -8.00373434E+02
   1.38308513E-03    4.25888027E+00   -7.94401647E+02
   1.39604573E-03    4.24862245E+00   -7.88485645E+02
   1.40912778E-03    4.23834557E+00   -7.82624841E+02
   1.42233242E-03    4.22804954E+00   -7.76818645E+02
   1.43566080E-03    4.21773423E+00   -7.71066468E+02
   1.44911408E-03    4.20739946E+00   -7.65367720E+02
   1.46269342E-03    4.19704501E+00   -7.59721811E+02
   1.47640001E-03    4.18667063E+00   -7.54128147E+02
   1.49023505E-03    4.17627601E+00   -7.48586136E+02
   1.50419973E-03    4.16586080E+00   -7.43095180E+02
   1.51829527E-03    4.15542473E+00   -7.37654710E+02
   1.53252289E-03    4.14496778E+00   -7.32264194E+02
   1.54688384E-03    4.13448989E+00   -7.26923104E+02
   1.56137937E-03    4.12399098E+00   -7.21630914E+02
   1.57601072E-03    4.11347091E+00   -7.16387094E+02
   1.59077919E-03    4.10292954E+00   -7.11191115E+02
   1.60568605E-03    4.09236665E+00   -7.06042447E+02
   1.62073259E-03    4.08178200E+00   -7.00940558E+02
   1.63592014E-03    4.07117530E+00   -6.95884914E+02
   1.65125000E-03    4.06054621E+00   -6.90874981E+02
   1.66672352E-03    4.04989439E+00   -6.85910228E+02
   1.68234203E-03    4.03921973E+00   -6.80990169E+02
   1.69810691E-03    4.02852220E+00   -6.76114332E+02
   1.71401951E-03    4.01780171E+00   -6.71282244E+02
   1.73008122E-03    4.00705816E+00   -6.66493432E+02
   1.74629345E-03    3.99629141E+00   -6.61747421E+02
   1.76265760E-03    3.98550125E+00   -6.57043735E+02
   1.77917509E-03    3.97468746E+00   -6.52381898E+02
   1.79584737E-03    3.96384978E+00   -6.47761431E+02
   1.81267588E-03    3.95298786E+00   -6.43181853E+02
   1.82966208E-03    3.94210137E+00   -6.38642681E+02
   1.84680746E-03    3.93119006E+00   -6.34143461E+02
   1.86411351E-03    3.92025391E+00   -6.29683767E+02
   1.88158172E-03    3.90929284E+00   -6.25263177E+02
   1.89921363E-03    3.89830676E+00   -6.20881266E+02
   1.91701076E-03    3.88729553E+00   -6.16537611E+02
   1.93497466E-03    3.87625899E+00   -6.12231784E+02
   1.95310691E-03    3.86519693E+00   -6.07963357E+02
   1.97140906E-03    3.85410908E+00   -6.03731903E+02
   1.98988272E-03    3.84299516E+00   -5.99536988E+02
   2.00852949E-03    3.83185481E+00   -5.95378179E+02
   2.02735100E-03    3.82068771E+00   -5.91255050E+02
   2.04634888E-03    3.80949376E+00   -5.87167211E+02
   2.06552478E-03    3.79827291E+00   -5.83114284E+02
   2.08488038E-03    3.78702509E+00   -5.79095890E+02
   2.10441736E-03    3.77575017E+00   -5.75111648E+02
   2.12413741E-03    3.76444800E+00   -5.71161178E+02
   2.14404226E-03    3.75311841E+00   -5.67244096E+02
   2.16413363E-03    3.74176114E+00   -5.63360016E+02
   2.18441327E-03    3.73037594E+00   -5.59508554E+02
   2.20488294E-03    3.71896248E+00   -5.55689318E+02
   2.22554444E-03    3.70752041E+00   -5.51901919E+02
   2.24639955E-03    3.69604950E+00   -5.48145989E+02
   2.26745009E-03    3.68454970E+00   -5.44421189E+02
   2.28869788E-03    3.67302097E+00   -5.40727179E+02
   2.31014479E-03    3.66146320E+00   -5.37063620E+02
   2.33179267E-03    3.64987626E+00   -5.33430171E+02
   2.35364341E-03    3.63825999E+00   -5.29826488E+02
   2.37569891E-03    3.62661418E+00   -5.26252227E+02
   2.39796108E-03    3.61493859E+00   -5.22707042E+02
   2.42043187E-03    3.60323292E+00   -5.19190583E+02
   2.44311323E-03    3.59149685E+00   -5.15702500E+02
   2.46600713E-03    3.57973004E+00   -5.12242446E+02
   2.48911556E-03    3.56793240E+00   -5.08810109E+02
   2.51244054E-03    3.55610388E+00   -5.05405186E+02
   2.53598410E-03    3.54424443E+00   -5.02027372E+02
   2.55974827E-03    3.53235392E+00   -4.98676364E+02
   2.58373513E-03    3.52043222E+00   -4.95351855E+02
   2.60794677E-03    3.50847915E+00   -4.92053535E+02
   2.63238529E-03    3.49649449E+00   -4.88781096E+02
   2.65705282E-03    3.48447799E+00   -4.85534225E+02
   2.68195150E-03    3.47242934E+00   -4.82312606E+02
   2.70708351E-03    3.46034821E+00   -4.79115924E+02
   2.73245102E-03    3.44823437E+00   -4.75943880E+02
   2.75805624E-03    3.43608779E+00   -4.72796203E+02
   2.78390141E-03    3.42390843E+00   -4.69672623E+02
   2.80998876E-03    3.41169621E+00   -4.66572866E+02
   2.83632058E-03    3.39945101E+00   -4.63496659E+02
   2.86289914E-03    3.38717270E+00   -4.60443727E+02
   2.88972677E-03    3.37486108E+00   -4.57413792E+02
   2.91680579E-03    3.36251594E+00   -4.54406576E+02
   2.94413856E-03    3.35013700E+00   -4.51421796E+02
   2.97172746E-03    3.33772397E+00   -4.48459167E+02
   2.99957490E-03    3.32527653E+00   -4.45518409E+02
   3.02768328E-03    3.31279459E+00   -4.42599270E+02
   3.05605507E-03    3.30027814E+00   -4.39701507E+02
   3.08469272E-03    3.28772712E+00   -4.36824879E+02
   3.11359872E-03    3.27514147E+00   -4.33969142E+02
   3.14277560E-03    3.26252106E+00   -4.31134048E+02
   3.17222589E-03    3.24986575E+00   -4.28319352E+02
   3.20195215E-03    3.23717536E+00   -4.25524803E+02
   3.23195697E-03    3.22444965E+00   -4.22750150E+02
   3.26224296E-03    3.21168837E+00   -4.19995137E+02
   3.29281276E-03    3.19889121E+00   -4.17259509E+02
   3.32366901E-03    3.18605796E+00   -4.14543024E+02
   3.35481442E-03    3.17318863E+00   -4.11845465E+02
   3.38625168E-03    3.16028321E+00   -4.09166618E+02
   3.41798353E-03    3.14734165E+00   -4.06506263E+02
   3.45001273E-03    3.13436389E+00   -4.03864184E+02
   3.48234208E-03    3.12134982E+00   -4.01240160E+02
   3.51497437E-03    3.10829930E+00   -3.98633968E+02
   3.54791246E-03    3.09521214E+00   -3.96045384E+02
   3.58115920E-03    3.08208815E+00   -3.93474181E+02
   3.61471749E-03    3.06892704E+00   -3.90920129E+02
   3.64859025E-03    3.05572856E+00   -3.88382999E+02
   3.68278042E-03    3.04249262E+00   -3.85862587E+02
   3.71729098E-03    3.02921927E+00   -3.83358702E+02
   3.75212493E-03    3.01590850E+00   -3.80871151E+02
   3.78728531E-03    3.00256029E+00   -3.78399742E+02
   3.82277516E-03    2.98917458E+00   -3.75944277E+02
   3.85859758E-03    2.97575129E+00   -3.73504561E+02
   3.89475569E-03    2.96229028E+00   -3.71080392E+02
   3.93125263E-03    2.94879140E+00   -3.68671569E+02
   3.96809157E-03    2.93525445E+00   -3.66277888E+02
   4.00527572E-03    2.92167917E+00   -3.63899142E+02
   4.04280832E-03    2.90806540E+00   -3.61535133E+02
   4.08069262E-03    2.89441318E+00   -3.59185689E+02
   4.11893194E-03    2.88072258E+00   -3.56850641E+02
   4.15752958E-03    2.86699361E+00   -3.54529816E+02
   4.19648892E-03    2.85322627E+00   -3.52223043E+02
   4.23581333E-03    2.83942054E+00   -3.49930147E+02
   4.27550625E-03    2.82557634E+00   -3.47650950E+02
   4.31557112E-03    2.81169358E+00   -3.45385273E+02
   4.35601143E-03    2.79777211E+00   -3.43132937E+02
   4.39683069E-03    2.78381177E+00   -3.40893755E+02
   4.43803247E-03    2.76981233E+00   -3.38667544E+02
   4.47962034E-03    2.75577378E+00   -3.36454138E+02
   4.52159792E-03    2.74169622E+00   -3.34253388E+02
   4.56396886E-03    2.72757974E+00   -3.32065143E+02
   4.60673686E-03    2.71342440E+00   -3.29889251E+02
   4.64990562E-03    2.69923024E+00   -3.27725559E+02
   4.69347891E-03    2.68499726E+00   -3.25573911E+02
   4.73746051E-03    2.67072542E+00   -3.23434149E+02
   4.78185426E-03    2.65641466E+00   -3.21306114E+02
   4.82666401E-03    2.64206487E+00   -3.19189642E+02
   4.87189366E-03    2.62767592E+00   -3.17084569E+02
   4.91754715E-03    2.61324769E+00   -3.14990734E+02
   4.96362845E-03    2.59878031E+00   -3.12908003E+02
   5.01014157E-03    2.58427394E+00   -3.10836244E+02
   5.05709055E-03    2.56972870E+00   -3.08775324E+02
   5.10447949E-03    2.55514471E+00   -3.06725108E+02
   5.15231249E-03    2.54052204E+00   -3.04685462E+02
   5.20059373E-03    2.52586073E+00   -3.02656246E+02
   5.24932740E-03    2.51116080E+00   -3.00637320E+02
   5.29851774E-03    2.49642222E+00   -2.98628541E+02
   5.34816904E-03    2.48164494E+00   -2.96629765E+02
   5.39828561E-03    2.46682886E+00   -2.94640843E+02
   5.44887180E-03    2.45197405E+00   -2.92661645E+02
   5.49993204E-03    2.43708074E+00   -2.90692057E+02
   5.55147074E-03    2.42214913E+00   -2.88731963E+02
   5.60349241E-03    2.40717942E+00   -2.86781249E+02
   5.65600156E-03    2.39217178E+00   -2.84839797E+02
   5.70900276E-03    2.37712633E+00   -2.82907486E+02
   5.76250062E-03    2.36204319E+00   -2.80984196E+02
   5.81649981E-03    2.34692243E+00   -2.79069802E+02
   5.87100500E-03    2.33176408E+00   -2.77164179E+02
   5.92602096E-03    2.31656815E+00   -2.75267196E+02
   5.98155245E-03    2.30133465E+00   -2.73378726E+02
   6.03760432E-03    2.28606378E+00   -2.71498663E+02
   6.09418144E-03    2.27075586E+00   -2.69626910E+02
   6.15128874E-03    2.25541119E+00   -2.67763369E+02
   6.20893117E-03    2.24003003E+00   -2.65907940E+02
   6.26711376E-03    2.22461263E+00   -2.64060520E+02
   6.32584156E-03    2.20915920E+00   -2.62221008E+02
   6.38511969E-03    2.19366992E+00   -2.60389297E+02
   6.44495331E-03    2.17814495E+00   -2.58565279E+02
   6.50534761E-03    2.16258441E+00   -2.56748844E+02
   6.56630786E-03    2.14698839E+00   -2.54939879E+02
   6.62783935E-03    2.13135700E+00   -2.53138276E+02
   6.68994743E-03    2.11569062E+00   -2.51343950E+02
   6.75263753E-03    2.09998965E+00   -2.49556819E+02
   6.81591507E-03    2.08425446E+00   -2.47776799E+02
   6.87978558E-03    2.06848542E+00   -2.46003806E+02
   6.94425460E-03    2.05268286E+00   -2.44237753E+02
   7.00932775E-03    2.03684708E+00   -2.42478551E+02
   7.07501069E-03    2.02097835E+00   -2.40726111E+02
   7.14130913E-03    2.00507693E+00   -2.38980339E+02
   7.20822883E-03    1.98914302E+00   -2.37241139E+02
   7.27577563E-03    1.97317681E+00   -2.35508415E+02
   7.34395539E-03    1.95717864E+00   -2.33782083E+02
   7.41277406E-03    1.94114904E+00   -2.32062078E+02
   7.48223760E-03    1.92508849E+00   -2.30348331E+02
   7.55235208E-03    1.90899749E+00   -2.28640774E+02
   7.62312358E-03    1.89287649E+00   -2.26939336E+02
   7.69455827E-03    1.87672592E+00   -2.25243945E+02
   7.76666236E-03    1.86054620E+00   -2.23554526E+02
   7.83944212E-03    1.84433770E+00   -2.21871002E+02
   7.91290388E-03    1.82810076E+00   -2.20193294E+02
   7.98705404E-03    1.81183571E+00   -2.18521321E+02
   8.06189904E-03    1.79554286E+00   -2.16855002E+02
   8.13744540E-03    1.77922275E+00   -2.15194276E+02
   8.21369969E-03    1.76287606E+00   -2.13539093E+02
   8.29066855E-03    1.74650340E+00   -2.11889400E+02
   8.36835866E-03    1.73010540E+00   -2.10245145E+02
   8.44677679E-03    1.71368266E+00   -2.08606271E+02
   8.52592976E-03    1.69723575E+00   -2.06972722E+02
   8.60582445E-03    1.68076521E+00   -2.05344438E+02
   8.68646782E-03    1.66427157E+00   -2.03721358E+02
   8.76786689E-03    1.64775531E+00   -2.02103419E+02
   8.85002873E-03    1.63121689E+00   -2.00490555E+02
   8.93296048E-03    1.61465682E+00   -1.98882704E+02
   9.01666938E-03    1.59807580E+00   -1.97279821E+02
   9.10116269E-03    1.58147457E+00   -1.95681866E+02
   9.18644777E-03    1.56485384E+00   -1.94088794E+02
   9.27253204E-03    1.54821430E+00   -1.92500559E+02
   9.35942299E-03    1.53155661E+00   -1.90917115E+02
   9.44712818E-03    1.51488149E+00   -1.89338419E+02
   9.53565523E-03    1.49818971E+00   -1.87764433E+02
   9.62501185E-03    1.48148201E+00   -1.86195116E+02
   9.71520581E-03    1.46475910E+00   -1.84630425E+02
   9.80624496E-03    1.44802170E+00   -1.83070317E+02
   9.89813722E-03    1.43127052E+00   -1.81514751E+02
   9.99089058E-03    1.41450645E+00   -1.79963698E+02
   1.00845131E-02    1.39773033E+00   -1.78417125E+02
   1.01790130E-02    1.38094299E+00   -1.76875002E+02
   1.02743984E-02    1.36414524E+00   -1.75337292E+02
   1.03706776E-02    1.34733786E+00   -1.73803960E+02
   1.04678590E-02    1.33052174E+00   -1.72274979E+02
   1.05659511E-02    1.31369783E+00   -1.70750324E+02
   1.06649624E-02    1.29686705E+00   -1.69229972E+02
   1.07649016E-02    1.28003032E+00   -1.67713896E+02
   1.08657772E-02    1.26318849E+00   -1.66202068E+02
   1.09675981E-02    1.24634250E+00   -1.64694462E+02
   1.10703732E-02    1.22949339E+00   -1.63191063E+02
   1.11741113E-02    1.21264217E+00   -1.61691855E+02
   1.12788215E-02    1.19578985E+00   -1.60196819E+02
   1.13845130E-02    1.17893741E+00   -1.58705934E+02
   1.14911949E-02    1.16208583E+00   -1.57219181E+02
   1.15988765E-02    1.14523620E+00   -1.55736548E+02
   1.17075671E-02    1.12838961E+00   -1.54258024E+02
   1.18172762E-02    1.11154715E+00   -1.52783597E+02
   1.19280135E-02    1.09470987E+00   -1.51313253E+02
   1.20397884E-02    1.07787889E+00   -1.49846982E+02
   1.21526107E-02    1.06105542E+00   -1.48384782E+02
   1.22664902E-02    1.04424064E+00   -1.46926649E+02
   1.23814369E-02    1.02743571E+00   -1.45472576E+02
   1.24974608E-02    1.01064175E+00   -1.44022554E+02
   1.26145719E-02    9.93859943E-01   -1.42576579E+02
   1.27327804E-02    9.77091563E-01   -1.41134654E+02
   1.28520966E-02    9.60337875E-01   -1.39696780E+02
   1.29725309E-02    9.43600116E-01   -1.38262956E+02
   1.30940937E-02    9.26879533E-01   -1.36833184E+02
   1.32167957E-02    9.10177459E-01   -1.35407471E+02
   1.33406475E-02    8.93495229E-01   -1.33985822E+02
   1.34656599E-02    8.76834149E-01   -1.32568244E+02
   1.35918438E-02    8.60195527E-01   -1.31154741E+02
   1.37192101E-02    8.43580761E-01   -1.29745325E+02
   1.38477700E-02    8.26991252E-01   -1.28340008E+02
   1.39775345E-02    8.10428378E-01   -1.26938801E+02
   1.41085150E-02    7.93893540E-01   -1.25541714E+02
   1.42407230E-02    7.77388201E-01   -1.24148764E+02
   1.43741698E-02    7.60913807E-01   -1.22759968E+02
   1.45088671E-02    7.44471788E-01   -1.21375338E+02
   1.46448266E-02    7.28063654E-01   -1.19994896E+02
   1.47820602E-02    7.11690953E-01   -1.18618663E+02
   1.49205798E-02    6.95355201E-01   -1.17246661E+02
   1.50603974E-02    6.79057888E-01   -1.15878907E+02
   1.52015253E-02    6.62800540E-01   -1.14515423E+02
   1.53439755E-02    6.46584780E-01   -1.13156237E+02
   1.54877607E-02    6.30412216E-01   -1.11801377E+02
   1.56328933E-02    6.14284424E-01   -1.10450868E+02
   1.57793858E-02    5.98202981E-01   -1.09104734E+02
   1.59272511E-02    5.82169564E-01   -1.07763009E+02
   1.60765021E-02    5.66185855E-01   -1.06425724E+02
   1.62271516E-02    5.50253499E-01   -1.05092910E+02
   1.63792128E-02    5.34374135E-01   -1.03764598E+02
   1.65326990E-02    5.18549494E-01   -1.02440823E+02
   1.66876234E-02    5.02781322E-01   -1.01121624E+02
   1.68439996E-02    4.87071333E-01   -9.98070348E+01
   1.70018412E-02    4.71421227E-01   -9.84970915E+01
   1.71611619E-02    4.55832794E-01   -9.71918348E+01
   1.73219755E-02    4.40307831E-01   -9.58913066E+01
   1.74842961E-02    4.24848098E-01   -9.45955461E+01
   1.76481378E-02    4.09455360E-01   -9.33045933E+01
   1.78135148E-02    3.94131484E-01   -9.20184952E+01
   1.79804415E-02    3.78878326E-01   -9.07372984E+01
   1.81489324E-02    3.63697702E-01   -8.94610469E+01
   1.83190022E-02    3.48591408E-01   -8.81897834E+01
   1.84906657E-02    3.33561342E-01   -8.69235581E+01
   1.86639379E-02    3.18609422E-01   -8.56624225E+01
   1.88388337E-02    3.03737525E-01   -8.44064259E+01
   1.90153685E-02    2.88947497E-01   -8.31556155E+01
   1.91935575E-02    2.74241275E-01   -8.19100450E+01
   1.93734163E-02    2.59620828E-01   -8.06697706E+01
   1.95549605E-02    2.45088082E-01   -7.94348460E+01
   1.97382059E-02    2.30644917E-01   -7.82053219E+01
   1.99231685E-02    2.16293262E-01   -7.69812528E+01
   2.01098643E-02    2.02035156E-01   -7.57627009E+01
   2.02983096E-02    1.87872605E-01   -7.45497266E+01
   2.04885208E-02    1.73807567E-01   -7.33423874E+01
   2.06805144E-02    1.59841946E-01   -7.21407377E+01
   2.08743072E-02    1.45977693E-01   -7.09448353E+01
   2.10699159E-02    1.32216891E-01   -6.97547473E+01
   2.12673577E-02    1.18561589E-01   -6.85705390E+01
   2.14666496E-02    1.05013783E-01   -6.73922727E+01
   2.16678091E-02    9.15754128E-02   -6.62200074E+01
   2.18708536E-02    7.82484783E-02   -6.50538067E+01
   2.20758007E-02    6.50350498E-02   -6.38937391E+01
   2.22826684E-02    5.19371458E-02   -6.27398706E+01
   2.24914746E-02    3.89567620E-02   -6.15922660E+01
   2.27022375E-02    2.60959641E-02   -6.04509953E+01
   2.29149754E-02    1.33567822E-02   -5.93161269E+01
   2.31297068E-02    7.41196310E-04   -5.81877265E+01
   2.33464504E-02   -1.17487452E-02   -5.70658648E+01
   2.35652251E-02   -2.41109935E-02   -5.59506134E+01
   2.37860499E-02   -3.63435623E-02   -5.48420404E+01
   2.40089439E-02   -4.84444271E-02   -5.37402170E+01
   2.42339267E-02   -6.04115408E-02   -5.26452168E+01
   2.44610177E-02   -7.22429246E-02   -5.15571097E+01
   2.46902368E-02   -8.39365808E-02   -5.04759674E+01
   2.49216038E-02   -9.54904625E-02   -4.94018657E+01
   2.51551389E-02   -1.06902592E-01   -4.83348769E+01
   2.53908624E-02   -1.18171023E-01   -4.72750721E+01
   2.56287949E-02   -1.29293738E-01   -4.62225276E+01
   2.58689569E-02   -1.40268773E-01   -4.51773174E+01
   2.61113695E-02   -1.51094219E-01   -4.41395129E+01
   2.63560536E-02   -1.61768080E-01   -4.31091919E+01
   2.66030307E-02   -1.72288385E-01   -4.20864314E+01
   2.68523221E-02   -1.82653256E-01   -4.10713040E+01
   2.71039495E-02   -1.92860843E-01   -4.00638814E+01
   2.73579350E-02   -2.02909190E-01   -3.90642426E+01
   2.76143004E-02   -2.12796393E-01   -3.80724647E+01
   2.78730682E-02   -2.22520645E-01   -3.70886200E+01
   2.81342609E-02   -2.32080137E-01   -3.61127819E+01
   2.83979011E-02   -2.41472977E-01   -3.51450299E+01
   2.86640119E-02   -2.50697359E-01   -3.41854395E+01
   2.89326163E-02   -2.59751571E-01   -3.32340818E+01
   2.92037378E-02   -2.68633842E-01   -3.22910325E+01
   2.94773999E-02   -2.77342379E-01   -3.13563697E+01
   2.97536264E-02   -2.85875501E-01   -3.04301663E+01
   3.00324414E-02   -2.94231581E-01   -2.95124931E+01
   3.03138690E-02   -3.02408902E-01   -2.86034275E+01
   3.05979339E-02   -3.10405819E-01   -2.77030441E+01
   3.08846607E-02   -3.18220795E-01   -2.68114120E+01
   3.11740744E-02   -3.25852249E-01   -2.59286049E+01
   3.14662001E-02   -3.33298584E-01   -2.50546980E+01
   3.17610633E-02   -3.40558332E-01   -2.41897611E+01
   3.20586895E-02   -3.47630071E-01   -2.33338623E+01
   3.23591047E-02   -3.54512301E-01   -2.24870757E+01
   3.26623351E-02   -3.61203617E-01   -2.16494713E+01
   3.29684070E-02   -3.67702727E-01   -2.08211142E+01
   3.32773470E-02   -3.74008265E-01   -2.00020752E+01
   3.35891820E-02   -3.80118908E-01   -1.91924238E+01
   3.39039392E-02   -3.86033472E-01   -1.83922237E+01
   3.42216459E-02   -3.91750759E-01   -1.76015403E+01
   3.45423297E-02   -3.97269588E-01   -1.68204400E+01
   3.48660186E-02   -4.02588881E-01   -1.60489847E+01
   3.51927407E-02   -4.07707536E-01   -1.52872394E+01
   3.55225245E-02   -4.12624555E-01   -1.45352647E+01
   3.58553986E-02   -4.17338983E-01   -1.37931204E+01
   3.61913920E-02   -4.21849898E-01   -1.30608663E+01
   3.65305340E-02   -4.26156438E-01   -1.23385602E+01
   3.68728539E-02   -4.30257770E-01   -1.16262603E+01
   3.72183817E-02   -4.34153173E-01   -1.09240198E+01
   3.75671473E-02   -4.37841912E-01   -1.02318946E+01
   3.79191811E-02   -4.41323366E-01   -9.54993618E+00
   3.82745138E-02   -4.44596934E-01   -8.87819632E+00
   3.86331762E-02   -4.47662099E-01   -8.21672407E+00
   3.89951996E-02   -4.50518393E-01   -7.56556745E+00
   3.93606154E-02   -4.53165379E-01   -6.92477453E+00
   3.97294555E-02   -4.55602768E-01   -6.29438721E+00
   4.01017518E-02   -4.57830240E-01   -5.67445058E+00
   4.04775369E-02   -4.59847586E-01   -5.06500561E+00
   4.08568434E-02   -4.61654683E-01   -4.46609044E+00
   4.12397043E-02   -4.63251431E-01   -3.87774367E+00
   4.16261529E-02   -4.64637833E-01   -3.30000017E+00
   4.20162228E-02   -4.65813939E-01   -2.73289397E+00
   4.24099480E-02   -4.66779897E-01   -2.17645582E+00
   4.28073627E-02   -4.67535873E-01   -1.63071712E+00
   4.32085015E-02   -4.68082183E-01   -1.09570317E+00
   4.36133993E-02   -4.68419169E-01   -5.71439711E-01
   4.40220913E-02   -4.68547250E-01   -5.79500661E-02
   4.44346131E-02   -4.68466937E-01    4.44745457E-01
   4.48510005E-02   -4.68178813E-01    9.36628521E-01
   4.52712898E-02   -4.67683529E-01    1.41768261E+00
   4.56955175E-02   -4.66981831E-01    1.88789451E+00
   4.61237206E-02   -4.66074536E-01    2.34725285E+00
   4.65559363E-02   -4.64962564E-01    2.79574980E+00
   4.69922022E-02   -4.63646862E-01    3.23337745E+00
   4.74325562E-02   -4.62128525E-01    3.66013359E+00
   4.78770367E-02   -4.60408697E-01    4.07601687E+00
   4.83256824E-02   -4.58488602E-01    4.48102850E+00
   4.87785322E-02   -4.56369578E-01    4.87517361E+00
   4.92356256E-02   -4.54053022E-01    5.25845889E+00
   4.96970022E-02   -4.51540457E-01    5.63089569E+00
   5.01627024E-02   -4.48833382E-01    5.99249258E+00
   5.06327665E-02   -4.45933514E-01    6.34326752E+00
   5.11072356E-02   -4.42842637E-01    6.68324030E+00
   5.15861507E-02   -4.39562538E-01    7.01242919E+00
   5.20695537E-02   -4.36095225E-01    7.33086223E+00
   5.25574865E-02   -4.32442668E-01    7.63856380E+00
   5.30499917E-02   -4.28606905E-01    7.93556028E+00
   5.35471120E-02   -4.24590230E-01    8.22188948E+00
   5.40488907E-02   -4.20394944E-01    8.49758794E+00
   5.45553715E-02   -4.16023399E-01    8.76269332E+00
   5.50665984E-02   -4.11478065E-01    9.01724779E+00
   5.55826159E-02   -4.06761478E-01    9.26129548E+00
   5.61034690E-02   -4.01876358E-01    9.49488813E+00
   5.66292028E-02   -3.96825353E-01    9.71807276E+00
   5.71598631E-02   -3.91611314E-01    9.93090502E+00
   5.76954962E-02   -3.86237212E-01    1.01334453E+01
   5.82361485E-02   -3.80706015E-01    1.03257525E+01
   5.87818672E-02   -3.75020825E-01    1.05078911E+01
   5.93326998E-02   -3.69184820E-01    1.06799281E+01
   5.98886940E-02   -3.63201290E-01    1.08419347E+01
   6.04498984E-02   -3.57073532E-01    1.09939816E+01
   6.10163617E-02   -3.50805062E-01    1.11361491E+01
   6.15881332E-02   -3.44399359E-01    1.12685147E+01
   6.21652626E-02   -3.37860059E-01    1.13911626E+01
   6.27478002E-02   -3.31190860E-01    1.15041791E+01
   6.33357967E-02   -3.24395485E-01    1.16076510E+01
   6.39293031E-02   -3.17477879E-01    1.17016750E+01
   6.45283711E-02   -3.10441911E-01    1.17863430E+01
   6.51330529E-02   -3.03291609E-01    1.18617546E+01
   6.57434011E-02   -2.96031097E-01    1.19280130E+01
   6.63594687E-02   -2.88664527E-01    1.19852220E+01
   6.69813093E-02   -2.81196150E-01    1.20334899E+01
   6.76089771E-02   -2.73630244E-01    1.20729257E+01
   6.82425266E-02   -2.65971258E-01    1.21036463E+01
   6.88820129E-02   -2.58223590E-01    1.21257658E+01
   6.95274918E-02   -2.50391814E-01    1.21394064E+01
   7.01790193E-02   -2.42480475E-01    1.21446885E+01
   7.08366521E-02   -2.34494257E-01    1.21417392E+01
   7.15004475E-02   -2.26437853E-01    1.21306860E+01
   7.21704632E-02   -2.18316051E-01    1.21116607E+01
   7.28467574E-02   -2.10133675E-01    1.20847970E+01
   7.35293891E-02   -2.01895573E-01    1.20502295E+01
   7.42184175E-02   -1.93606756E-01    1.20081014E+01
   7.49139027E-02   -1.85272117E-01    1.19585499E+01
   7.56159051E-02   -1.76896734E-01    1.19017217E+01
   7.63244859E-02   -1.68485685E-01    1.18377636E+01
   7.70397066E-02   -1.60044067E-01    1.17668241E+01
   7.77616295E-02   -1.51577055E-01    1.16890558E+01
   7.84903174E-02   -1.43089774E-01    1.16046092E+01
   7.92258336E-02   -1.34587518E-01    1.15136444E+01
   7.99682422E-02   -1.26075477E-01    1.14163163E+01
   8.07176078E-02   -1.17558963E-01    1.13127874E+01
   8.14739956E-02   -1.09043279E-01    1.12032202E+01
   8.22374712E-02   -1.00533630E-01    1.10877732E+01
   8.30081013E-02   -9.20354380E-02    1.09666172E+01
   8.37859528E-02   -8.35540687E-02    1.08399214E+01
   8.45710933E-02   -7.50947629E-02    1.07078493E+01
   8.53635912E-02   -6.66629591E-02    1.05705767E+01
   8.61635155E-02   -5.82639970E-02    1.04282752E+01
   8.69709357E-02   -4.99031470E-02    1.02811144E+01
   8.77859220E-02   -4.15858496E-02    1.01292748E+01
   8.86085455E-02   -3.33173833E-02    9.97292991E+00
   8.94388775E-02   -2.51030322E-02    9.81225550E+00
   9.02769904E-02   -1.69481824E-02    9.64743489E+00
   9.11229571E-02   -8.85800452E-03    9.47864185E+00
   9.19768512E-02   -8.37756148E-04    9.30605724E+00
   9.28387469E-02    7.10725084E-03    9.12986735E+00
   9.37087193E-02    1.49719668E-02    8.95024641E+00
   9.45868440E-02    2.27512628E-02    8.76737590E+00
   9.54731974E-02    3.04398973E-02    8.58144652E+00
   9.63678567E-02    3.80329239E-02    8.39263513E+00
   9.72708996E-02    4.55254649E-02    8.20111792E+00
   9.81824048E-02    5.29124999E-02    8.00708282E+00
   9.91024514E-02    6.01889790E-02    7.81072292E+00
   1.00031120E-01    6.73502696E-02    7.61221005E+00
   1.00968490E-01    7.43917893E-02    7.41171704E+00
   1.01914645E-01    8.13088454E-02    7.20942757E+00
   1.02869665E-01    8.80966713E-02    7.00553422E+00
   1.03833635E-01    9.47507811E-02    6.80021665E+00
   1.04806639E-01    1.01266825E-01    6.59365093E+00
   1.05788760E-01    1.07640497E-01    6.38601521E+00
   1.06780084E-01    1.13867669E-01    6.17748104E+00
   1.07780698E-01    1.19944183E-01    5.96822751E+00
   1.08790688E-01    1.25865955E-01    5.75843457E+00
   1.09810142E-01    1.31629153E-01    5.54827111E+00
   1.10839150E-01    1.37229967E-01    5.33791110E+00
   1.11877801E-01    1.42664751E-01    5.12752332E+00
   1.12926184E-01    1.47929975E-01    4.91727509E+00
   1.13984391E-01    1.53022181E-01    4.70733614E+00
   1.15052515E-01    1.57938111E-01    4.49786875E+00
   1.16130648E-01    1.62674588E-01    4.28903721E+00
   1.17218884E-01    1.67228626E-01    4.08099935E+00
   1.18317318E-01    1.71597323E-01    3.87391545E+00
   1.19426044E-01    1.75777957E-01    3.66793993E+00
   1.20545161E-01    1.79767967E-01    3.46322385E+00
   1.21674764E-01    1.83564886E-01    3.25992115E+00
   1.22814953E-01    1.87166464E-01    3.05817627E+00
   1.23965826E-01    1.90570580E-01    2.85813454E+00
   1.25127483E-01    1.93775266E-01    2.65993874E+00
   1.26300027E-01    1.96778750E-01    2.46372469E+00
   1.27483558E-01    1.99579390E-01    2.26963038E+00
   1.28678179E-01    2.02175740E-01    2.07778596E+00
   1.29883996E-01    2.04566516E-01    1.88832040E+00
   1.31101111E-01    2.06750605E-01    1.70135976E+00
   1.32329632E-01    2.08727080E-01    1.51702325E+00
   1.33569665E-01    2.10495185E-01    1.33543083E+00
   1.34821318E-01    2.12054347E-01    1.15669623E+00
   1.36084701E-01    2.13404175E-01    9.80929100E-01
   1.37359922E-01    2.14544462E-01    8.08236345E-01
   1.38647093E-01    2.15475188E-01    6.38720483E-01
   1.39946326E-01    2.16196513E-01    4.72479413E-01
   1.41257733E-01    2.16708791E-01    3.09607640E-01
   1.42581430E-01    2.17012560E-01    1.50195556E-01
   1.43917530E-01    2.17108551E-01   -5.67086470E-03
   1.45266151E-01    2.16997672E-01   -1.57910510E-01
   1.46627410E-01    2.16681038E-01   -3.06445377E-01
   1.48001424E-01    2.16159936E-01   -4.51202969E-01
   1.49388315E-01    2.15435853E-01   -5.92114370E-01
   1.50788201E-01    2.14510459E-01   -7.29115622E-01
   1.52201206E-01    2.13385611E-01   -8.62146981E-01
   1.53627451E-01    2.12063355E-01   -9.91153308E-01
   1.55067062E-01    2.10545921E-01   -1.11608390E+00
   1.56520162E-01    2.08835740E-01   -1.23689235E+00
   1.57986880E-01    2.06935380E-01   -1.35353752E+00
   1.59467342E-01    2.04847625E-01   -1.46598238E+00
   1.60961677E-01    2.02575467E-01   -1.57419383E+00
   1.62470015E-01    2.00121979E-01   -1.67814452E+00
   1.63992487E-01    1.97490513E-01   -1.77781071E+00
   1.65529226E-01    1.94684545E-01   -1.87317350E+00
   1.67080366E-01    1.91707712E-01   -1.96421856E+00
   1.68646041E-01    1.88563831E-01   -2.05093599E+00
   1.70226387E-01    1.85256870E-01   -2.13332027E+00
   1.71821543E-01    1.81790968E-01   -2.21137039E+00
   1.73431647E-01    1.78170411E-01   -2.28508963E+00
   1.75056838E-01    1.74399643E-01   -2.35448573E+00
   1.76697259E-01    1.70483240E-01   -2.41957057E+00
   1.78353052E-01    1.66425934E-01   -2.48036040E+00
   1.80024361E-01    1.62232590E-01   -2.53687554E+00
   1.81711331E-01    1.57908215E-01   -2.58914062E+00
   1.83414110E-01    1.53457923E-01   -2.63718405E+00
   1.85132845E-01    1.48886945E-01   -2.68103828E+00
   1.86867686E-01    1.44200694E-01   -2.72074012E+00
   1.88618784E-01    1.39404591E-01   -2.75632936E+00
   1.90386291E-01    1.34504284E-01   -2.78785068E+00
   1.92170361E-01    1.29505382E-01   -2.81535099E+00
   1.93971149E-01    1.24413723E-01   -2.83888225E+00
   1.95788811E-01    1.19235143E-01   -2.85849890E+00
   1.97623507E-01    1.13975609E-01   -2.87425933E+00
   1.99475396E-01    1.08641119E-01   -2.88622472E+00
   2.01344638E-01    1.03237782E-01   -2.89445991E+00
   2.03231396E-01    9.77717594E-02   -2.89903283E+00
   2.05135834E-01    9.22492429E-02   -2.90001391E+00
   2.07058119E-01    8.66764440E-02   -2.89747614E+00
   2.08998417E-01    8.10597389E-02   -2.89149698E+00
   2.10956898E-01    7.54054288E-02   -2.88215501E+00
   2.12933730E-01    6.97198549E-02   -2.86953149E+00
   2.14929088E-01    6.40093938E-02   -2.85371034E+00
   2.16943143E-01    5.82804456E-02   -2.83477791E+00
   2.18976071E-01    5.25393939E-02   -2.81282245E+00
   2.21028050E-01    4.67926280E-02   -2.78793429E+00
   2.23099258E-01    4.10465061E-02   -2.76020540E+00
   2.25189874E-01    3.53074134E-02   -2.72973022E+00
   2.27300081E-01    2.95816738E-02   -2.69660433E+00
   2.29430062E-01    2.38756063E-02   -2.66092522E+00
   2.31580003E-01    1.81953614E-02   -2.62278946E+00
   2.33750090E-01    1.25472838E-02   -2.58229943E+00
   2.35940513E-01    6.93745166E-03   -2.53955452E+00
   2.38151462E-01    1.37191605E-03   -2.49465591E+00
   2.40383130E-01   -4.14318913E-03   -2.44770861E+00
   2.42635709E-01   -9.60206579E-03   -2.39881315E+00
   2.44909398E-01   -1.49987936E-02   -2.34807494E+00
   2.47204392E-01   -2.03275657E-02   -2.29559929E+00
   2.49520892E-01   -2.55828907E-02   -2.24148731E+00
   2.51859100E-01   -3.07591152E-02   -2.18584606E+00
   2.54219219E-01   -3.58507535E-02   -2.12878138E+00
   2.56601454E-01   -4.08526406E-02   -2.07039463E+00
   2.59006012E-01   -4.57594846E-02   -2.01079269E+00
   2.61433103E-01   -5.05662415E-02   -1.95007934E+00
   2.63882937E-01   -5.52681268E-02   -1.88835507E+00
   2.66355729E-01   -5.98602686E-02   -1.82572536E+00
   2.68851693E-01   -6.43380812E-02   -1.76229161E+00
   2.71371045E-01   -6.86971233E-02   -1.69815476E+00
   2.73914006E-01   -7.29331378E-02   -1.63341409E+00
   2.76480797E-01   -7.70420106E-02   -1.56816847E+00
   2.79071640E-01   -8.10197859E-02   -1.50251586E+00
   2.81686762E-01   -8.48627154E-02   -1.43655216E+00
   2.84326389E-01   -8.85672363E-02   -1.37037165E+00
   2.86990752E-01   -9.21299506E-02   -1.30406773E+00
   2.89680082E-01   -9.55476799E-02   -1.23773118E+00
   2.92394613E-01   -9.88174166E-02   -1.17145185E+00
   2.95134582E-01   -1.01936373E-01   -1.10531695E+00
   2.97900226E-01   -1.04901943E-01   -1.03941241E+00
   3.00691786E-01   -1.07711753E-01   -9.73821159E-01
   3.03509506E-01   -1.10363613E-01   -9.08624766E-01
   3.06353629E-01   -1.12855549E-01   -8.43902377E-01
   3.09224405E-01   -1.15185809E-01   -7.79730509E-01
   3.12122082E-01   -1.17352843E-01   -7.16183578E-01
   3.15046912E-01   -1.19355325E-01   -6.53333376E-01
   3.17999151E-01   -1.21192137E-01   -5.91249358E-01
   3.20979054E-01   -1.22862385E-01   -5.29998213E-01
   3.23986881E-01   -1.24365388E-01   -4.69644117E-01
   3.27022894E-01   -1.25700680E-01   -4.10248646E-01
   3.30087357E-01   -1.26868016E-01   -3.51870620E-01
   3.33180536E-01   -1.27867367E-01   -2.94565811E-01
   3.36302701E-01   -1.28698915E-01   -2.38387683E-01
   3.39454123E-01   -1.29363059E-01   -1.83386740E-01
   3.42635076E-01   -1.29860410E-01   -1.29610462E-01
   3.45845837E-01   -1.30191789E-01   -7.71036747E-02
   3.49086686E-01   -1.30358223E-01   -2.59082342E-02
   3.52357904E-01   -1.30360948E-01    2.39368157E-02
   3.55659775E-01   -1.30201399E-01    7.23954250E-02
   3.58992588E-01   -1.29881212E-01    1.19434305E-01
   3.62356632E-01   -1.29402219E-01    1.65023139E-01
   3.65752200E-01   -1.28766442E-01    2.09134456E-01
   3.69179587E-01   -1.27976092E-01    2.51743662E-01
   3.72639091E-01   -1.27033564E-01    2.92829014E-01
   3.76131014E-01   -1.25941429E-01    3.32371573E-01
   3.79655659E-01   -1.24702434E-01    3.70355221E-01
   3.83213332E-01   -1.23319493E-01    4.06766603E-01
   3.86804344E-01   -1.21795682E-01    4.41595091E-01
   3.90429006E-01   -1.20134236E-01    4.74832753E-01
   3.94087634E-01   -1.18338540E-01    5.06474302E-01
   3.97780546E-01   -1.16412124E-01    5.36517049E-01
   4.01508064E-01   -1.14358656E-01    5.64960847E-01
   4.05270512E-01   -1.12181936E-01    5.91808039E-01
   4.09068217E-01   -1.09885891E-01    6.17063390E-01
   4.12901509E-01   -1.07474563E-01    6.40734026E-01
   4.16770722E-01   -1.04952108E-01    6.62829368E-01
   4.20676193E-01   -1.02322785E-01    6.83361053E-01
   4.24618261E-01   -9.95909506E-02    7.02342865E-01
   4.28597269E-01   -9.67610502E-02    7.19790656E-01
   4.32613564E-01   -9.38376115E-02    7.35722264E-01
   4.36667495E-01   -9.08252379E-02    7.50157438E-01
   4.40759414E-01   -8.77285974E-02    7.63117736E-01
   4.44889678E-01   -8.45524207E-02    7.74626462E-01
   4.49058646E-01   -8.13014874E-02    7.84708554E-01
   4.53266680E-01   -7.79806282E-02    7.93390541E-01
   4.57514147E-01   -7.45946985E-02    8.00700348E-01
   4.61801416E-01   -7.11485964E-02    8.06667358E-01
   4.66128860E-01   -6.76472330E-02    8.11322177E-01
   4.70496855E-01   -6.40955386E-02    8.14696633E-01
   4.74905782E-01   -6.04984525E-02    8.16823669E-01
   4.79356024E-01   -5.68609107E-02    8.17737214E-01
   4.83847969E-01   -5.31878420E-02    8.17472111E-01
   4.88382007E-01   -4.94841641E-02    8.16064051E-01
   4.92958532E-01   -4.57547739E-02    8.13549467E-01
   4.97577942E-01   -4.20045421E-02    8.09965451E-01
   5.02240641E-01   -3.82383041E-02    8.05349652E-01
   5.06947032E-01   -3.44608507E-02    7.99740159E-01
   5.11697526E-01   -3.06769354E-02    7.93175536E-01
   5.16492536E-01   -2.68912597E-02    7.85694675E-01
   5.21332479E-01   -2.31084505E-02    7.77336550E-01
   5.26217776E-01   -1.93330951E-02    7.68140521E-01
   5.31148852E-01   -1.55697047E-02    7.58145982E-01
   5.36126136E-01   -1.18226868E-02    7.47392038E-01
   5.41150062E-01   -8.09642847E-03    7.35918346E-01
   5.46221065E-01   -4.39516243E-03    7.23763705E-01
   5.51339588E-01   -7.23102077E-04    7.10967477E-01
   5.56506075E-01    2.91569240E-03    6.97568113E-01
   5.61720977E-01    6.51720087E-03    6.83604406E-01
   5.66984746E-01    1.00775663E-02    6.69114075E-01
   5.72297841E-01    1.35929879E-02    6.54134999E-01
   5.77660723E-01    1.70597810E-02    6.38704470E-01
   5.83073861E-01    2.04744176E-02    6.22858761E-01
   5.88537723E-01    2.38334028E-02    6.06634546E-01
   5.94052786E-01    2.71334173E-02    5.90067210E-01
   5.99619530E-01    3.03712659E-02    5.73191427E-01
   6.05238439E-01    3.35438399E-02    5.56041652E-01
   6.10910001E-01    3.66481787E-02    5.38651321E-01
   6.16634710E-01    3.96814429E-02    5.21053195E-01
   6.22413064E-01    4.26409169E-02    5.03279321E-01
   6.28245566E-01    4.55240218E-02    4.85360844E-01
   6.34132723E-01    4.83283036E-02    4.67328170E-01
   6.40075048E-01    5.10514383E-02    4.49210886E-01
   6.46073056E-01    5.36912443E-02    4.31037570E-01
   6.52127271E-01    5.62456632E-02    4.12836062E-01
   6.58238219E-01    5.87127718E-02    3.94633295E-01
   6.64406431E-01    6.10907845E-02    3.76455226E-01
   6.70632444E-01    6.33780461E-02    3.58326953E-01
   6.76916799E-01    6.55730374E-02    3.40272606E-01
   6.83260044E-01    6.76743700E-02    3.22315432E-01
   6.89662731E-01    6.96807918E-02    3.04477668E-01
   6.96125415E-01    7.15911798E-02    2.86780674E-01
   7.02648660E-01    7.34045430E-02    2.69244857E-01
   7.09233033E-01    7.51200220E-02    2.51889647E-01
   7.15879106E-01    7.67368850E-02    2.34733568E-01
   7.22587459E-01    7.82545285E-02    2.17794201E-01
   7.29358674E-01    7.96724759E-02    2.01088177E-01
   7.36193341E-01    8.09903741E-02    1.84631232E-01
   7.43092054E-01    8.22079937E-02    1.68438159E-01
   7.50055413E-01    8.33252259E-02    1.52522859E-01
   7.57084025E-01    8.43420812E-02    1.36898327E-01
   7.64178500E-01    8.52586865E-02    1.21576677E-01
   7.71339456E-01    8.60752834E-02    1.06569147E-01
   7.78567516E-01    8.67922258E-02    9.18861169E-02
   7.85863308E-01    8.74099770E-02    7.75371210E-02
   7.93227468E-01    8.79291075E-02    6.35308629E-02
   8.00660636E-01    8.83502924E-02    4.98752378E-02
   8.08163459E-01    8.86743083E-02    3.65773416E-02
   8.15736588E-01    8.89020307E-02    2.36434942E-02
   8.23380685E-01    8.90344315E-02    1.10792605E-02
   8.31096412E-01    8.90725740E-02   -1.11054619E-03
   8.38884442E-01    8.90176131E-02   -1.29218201E-02
   8.46745451E-01    8.88707905E-02   -2.43511558E-02
   8.54680125E-01    8.86334308E-02   -3.53958297E-02
   8.62689153E-01    8.83069398E-02   -4.60537753E-02
   8.70773231E-01    8.78928001E-02   -5.63235620E-02
   8.78933064E-01    8.73925691E-02   -6.62043725E-02
   8.87169361E-01    8.68078745E-02   -7.56959828E-02
   8.95482839E-01    8.61404120E-02   -8.47987390E-02
   9.03874220E-01    8.53919410E-02   -9.35135360E-02
   9.12344235E-01    8.45642827E-02   -1.01841795E-01
   9.20893621E-01    8.36593152E-02   -1.09785441E-01
   9.29523122E-01    8.26789714E-02   -1.17346882E-01
   9.38233487E-01    8.16252349E-02   -1.24528985E-01
   9.47025476E-01    8.05001372E-02   -1.31335058E-01
   9.55899853E-01    7.93057557E-02   -1.37768824E-01
   9.64857389E-01    7.80442034E-02   -1.43834397E-01
   9.73898865E-01    7.67176393E-02   -1.49536275E-01
   9.83025067E-01    7.53282514E-02   -1.54879302E-01
   9.92236788E-01    7.38782612E-02   -1.59868655E-01
   1.00153483E+00    7.23699175E-02   -1.64509823E-01
   1.01092000E+00    7.08054954E-02   -1.68808589E-01
   1.02039312E+00    6.91872911E-02   -1.72771006E-01
   1.02995501E+00    6.75176203E-02   -1.76403379E-01
   1.03960650E+00    6.57988144E-02   -1.79712248E-01
   1.04934844E+00    6.40332181E-02   -1.82704367E-01
   1.05918166E+00    6.22231858E-02   -1.85386685E-01
   1.06910703E+00    6.03710795E-02   -1.87766333E-01
   1.07912541E+00    5.84792653E-02   -1.89850599E-01
   1.08923766E+00    5.65501112E-02   -1.91646917E-01
   1.09944468E+00    5.45859840E-02   -1.93162848E-01
   1.10974735E+00    5.25892469E-02   -1.94406064E-01
   1.12014655E+00    5.05622569E-02   -1.95384332E-01
   1.13064321E+00    4.85073621E-02   -1.96105500E-01
   1.14123823E+00    4.64268998E-02   -1.96577479E-01
   1.15193254E+00    4.43231934E-02   -1.96808232E-01
   1.16272705E+00    4.21985506E-02   -1.96805760E-01
   1.17362272E+00    4.00552613E-02   -1.96578087E-01
   1.18462050E+00    3.78955950E-02   -1.96133246E-01
   1.19572133E+00    3.57217990E-02   -1.95479270E-01
   1.20692618E+00    3.35360965E-02   -1.94624178E-01
   1.21823603E+00    3.13406844E-02   -1.93575964E-01
   1.22965186E+00    2.91377321E-02   -1.92342585E-01
   1.24117467E+00    2.69293786E-02   -1.90931952E-01
   1.25280546E+00    2.47177322E-02   -1.89351922E-01
   1.26454524E+00    2.25048678E-02   -1.87610281E-01
   1.27639502E+00    2.02928261E-02   -1.85714747E-01
   1.28835585E+00    1.80836113E-02   -1.83672948E-01
   1.30042876E+00    1.58791914E-02   -1.81492428E-01
   1.31261481E+00    1.36814946E-02   -1.79180626E-01
   1.32491505E+00    1.14924110E-02   -1.76744884E-01
   1.33733055E+00    9.31378738E-03   -1.74192420E-01
   1.34986239E+00    7.14743066E-03   -1.71530344E-01
   1.36251167E+00    4.99510428E-03   -1.68765640E-01
   1.37527948E+00    2.85852735E-03   -1.65905161E-01
   1.38816693E+00    7.39375311E-04   -1.62955632E-01
   1.40117515E+00   -1.36071848E-03   -1.59923657E-01
   1.41430527E+00   -3.44018210E-03   -1.56815618E-01
   1.42755843E+00   -5.49746705E-03   -1.53637876E-01
   1.44093578E+00   -7.53108823E-03   -1.50396557E-01
   1.45443848E+00   -9.53960345E-03   -1.47097663E-01
   1.46806772E+00   -1.15216195E-02   -1.43747040E-01
   1.48182467E+00   -1.34757902E-02   -1.40350383E-01
   1.49571054E+00   -1.54008197E-02   -1.36913227E-01
   1.50972653E+00   -1.72954605E-02   -1.33440951E-01
   1.52387386E+00   -1.91585140E-02   -1.29938775E-01
   1.53815376E+00   -2.09888319E-02   -1.26411758E-01
   1.55256748E+00   -2.27853130E-02   -1.22864808E-01
   1.56711626E+00   -2.45469101E-02   -1.19302649E-01
   1.58180138E+00   -2.62726196E-02   -1.15729878E-01
   1.59662411E+00   -2.79614909E-02   -1.12150910E-01
   1.61158574E+00   -2.96126213E-02   -1.08570006E-01
   1.62668757E+00   -3.12251572E-02   -1.04991271E-01
   1.64193091E+00   -3.27982937E-02   -1.01418650E-01
   1.65731710E+00   -3.43312742E-02   -9.78559319E-02
   1.67284747E+00   -3.58233904E-02   -9.43067509E-02
   1.68852338E+00   -3.72739814E-02   -9.07745870E-02
   1.70434617E+00   -3.86824337E-02   -8.72627679E-02
   1.72031724E+00   -4.00481809E-02   -8.37744706E-02
   1.73643797E+00   -4.13707026E-02   -8.03127236E-02
   1.75270977E+00   -4.26495246E-02   -7.68804076E-02
   1.76913404E+00   -4.38842178E-02   -7.34802595E-02
   1.78571223E+00   -4.50743979E-02   -7.01148723E-02
   1.80244576E+00   -4.62197246E-02   -6.67866994E-02
   1.81933610E+00   -4.73199012E-02   -6.34980552E-02
   1.83638472E+00   -4.83746735E-02   -6.02511187E-02
   1.85359309E+00   -4.93838295E-02   -5.70479348E-02
   1.87096272E+00   -5.03471986E-02   -5.38904181E-02
   1.88849512E+00   -5.12646505E-02   -5.07803552E-02
   1.90619181E+00   -5.21360947E-02   -4.77194056E-02
   1.92405433E+00   -5.29614796E-02   -4.47091077E-02
   1.94208424E+00   -5.37407918E-02   -4.17508787E-02
   1.96028311E+00   -5.44740547E-02   -3.88460186E-02
   1.97865251E+00   -5.51613286E-02   -3.59957133E-02
   1.99719404E+00   -5.58027086E-02   -3.32010372E-02
   2.01590933E+00   -5.63983247E-02   -3.04629560E-02
   2.03479999E+00   -5.69483404E-02   -2.77823305E-02
   2.05386767E+00   -5.74529514E-02   -2.51599184E-02
   2.07311404E+00   -5.79123857E-02   -2.25963791E-02
   2.09254075E+00   -5.83269014E-02   -2.00922754E-02
   2.11214951E+00   -5.86967866E-02   -1.76480777E-02
   2.13194202E+00   -5.90223582E-02   -1.52641664E-02
   2.15192000E+00   -5.93039606E-02   -1.29408361E-02
   2.17208519E+00   -5.95419650E-02   -1.06782981E-02
   2.19243934E+00   -5.97367685E-02   -8.47668418E-03
   2.21298423E+00   -5.98887929E-02   -6.33604975E-03
   2.23372164E+00   -5.99984838E-02   -4.25637731E-03
   2.25465338E+00   -6.00663098E-02   -2.23757973E-03
   2.27578126E+00   -6.00927612E-02   -2.79503609E-04
   2.29710713E+00   -6.00783494E-02    1.61806737E-03
   2.31863284E+00   -6.00236059E-02    3.45540912E-03
   2.34036026E+00   -5.99290809E-02    5.23285385E-03
   2.36229128E+00   -5.97953434E-02    6.95078685E-03
   2.38442782E+00   -5.96229793E-02    8.60964323E-03
   2.40677179E+00   -5.94125912E-02    1.02099047E-02
   2.42932514E+00   -5.91647971E-02    1.17520967E-02
   2.45208984E+00   -5.88802302E-02    1.32367850E-02
   2.47506785E+00   -5.85595374E-02    1.46645731E-02
   2.49826119E+00   -5.82033790E-02    1.60360993E-02
   2.52167187E+00   -5.78124278E-02    1.73520335E-02
   2.54530193E+00   -5.73873685E-02    1.86130751E-02
   2.56915342E+00   -5.69288967E-02    1.98199504E-02
   2.59322842E+00   -5.64377188E-02    2.09734095E-02
   2.61752902E+00   -5.59145505E-02    2.20742248E-02
   2.64205733E+00   -5.53601175E-02    2.31231884E-02
   2.66681549E+00   -5.47751525E-02    2.41211086E-02
   2.69180566E+00   -5.41603982E-02    2.50688118E-02
   2.71703001E+00   -5.35166035E-02    2.59671362E-02
   2.74249072E+00   -5.28445245E-02    2.68169324E-02
   2.76819003E+00   -5.21449238E-02    2.76190616E-02
   2.79413015E+00   -5.14185697E-02    2.83743935E-02
   2.82031336E+00   -5.06662361E-02    2.90838055E-02
   2.84674192E+00   -4.98887018E-02    2.97481808E-02
   2.87341814E+00   -4.90867502E-02    3.03684079E-02
   2.90034434E+00   -4.82611684E-02    3.09453784E-02
   2.92752286E+00   -4.74127478E-02    3.14799878E-02
   2.95495606E+00   -4.65422824E-02    3.19731326E-02
   2.98264633E+00   -4.56505693E-02    3.24257107E-02
   3.01059608E+00   -4.47384081E-02    3.28386203E-02
   3.03880774E+00   -4.38066001E-02    3.32127590E-02
   3.06728377E+00   -4.28559487E-02    3.35490237E-02
   3.09602664E+00   -4.18872581E-02    3.38483093E-02
   3.12503886E+00   -4.09013335E-02    3.41115088E-02
   3.15432294E+00   -3.98989809E-02    3.43395124E-02
   3.18388144E+00   -3.88810060E-02    3.45332074E-02
   3.21371692E+00   -3.78482144E-02    3.46934772E-02
   3.24383199E+00   -3.68014113E-02    3.48212020E-02
   3.27422926E+00   -3.57414006E-02    3.49172573E-02
   3.30491137E+00   -3.46689851E-02    3.49825142E-02
   3.33588100E+00   -3.35849656E-02    3.50178392E-02
   3.36714084E+00   -3.24901410E-02    3.50240933E-02
   3.39869361E+00   -3.13853078E-02    3.50021325E-02
   3.43054205E+00   -3.02712596E-02    3.49528071E-02
   3.46268894E+00   -2.91487867E-02    3.48769613E-02
   3.49513707E+00   -2.80186760E-02    3.47754334E-02
   3.52788926E+00   -2.68817103E-02    3.46490553E-02
   3.56094837E+00   -2.57386683E-02    3.44986525E-02
   3.59431727E+00   -2.45903240E-02    3.43250435E-02
   3.62799886E+00   -2.34374462E-02    3.41290400E-02
   3.66199608E+00   -2.22807983E-02    3.39114465E-02
   3.69631187E+00   -2.11211383E-02    3.36730603E-02
   3.73094923E+00   -1.99592177E-02    3.34146708E-02
   3.76591117E+00   -1.87957815E-02    3.31370600E-02
   3.80120074E+00   -1.76315681E-02    3.28410018E-02
   3.83682099E+00   -1.64673084E-02    3.25272621E-02
   3.87277503E+00   -1.53037258E-02    3.21965984E-02
   3.90906599E+00   -1.41415359E-02    3.18497600E-02
   3.94569703E+00   -1.29814457E-02    3.14874872E-02
   3.98267132E+00   -1.18241539E-02    3.11105119E-02
   4.01999210E+00   -1.06703498E-02    3.07195568E-02
   4.05766260E+00   -9.52071360E-03    3.03153356E-02
   4.09568610E+00   -8.37591573E-03    2.98985526E-02
   4.13406592E+00   -7.23661655E-03    2.94699029E-02
   4.17280538E+00   -6.10346601E-03    2.90300720E-02
   4.21190786E+00   -4.97710337E-03    2.85797355E-02
   4.25137676E+00   -3.85815678E-03    2.81195594E-02
   4.29121552E+00   -2.74724286E-03    2.76501993E-02
   4.33142760E+00   -1.64496695E-03    2.71723014E-02
   4.37201650E+00   -5.51921810E-04    2.66865009E-02
   4.41298574E+00    5.31310875E-04    2.61934247E-02
   4.45433891E+00    1.60416543E-03    2.56936834E-02
   4.49607958E+00    2.66608448E-03    2.51878851E-02
   4.53821140E+00    3.71652697E-03    2.46766219E-02
   4.58073802E+00    4.75496459E-03    2.41604763E-02
   4.62366315E+00    5.78088306E-03    2.36400196E-02
   4.66699053E+00    6.79378171E-03    2.31158130E-02
   4.71072392E+00    7.79317459E-03    2.25884058E-02
   4.75486712E+00    8.77859034E-03    2.20583361E-02
   4.79942398E+00    9.74957236E-03    2.15261310E-02
   4.84439837E+00    1.07056793E-02    2.09923058E-02
   4.88979421E+00    1.16464849E-02    2.04573645E-02
   4.93561544E+00    1.25715789E-02    1.99217996E-02
   4.98186606E+00    1.34805663E-02    1.93860916E-02
   5.02855008E+00    1.43730685E-02    1.88507095E-02
   5.07567156E+00    1.52487229E-02    1.83161102E-02
   5.12323462E+00    1.61071831E-02    1.77827390E-02
   5.17124337E+00    1.69481195E-02    1.72510288E-02
   5.21970200E+00    1.77712191E-02    1.67214007E-02
   5.26861473E+00    1.85761856E-02    1.61942636E-02
   5.31798581E+00    1.93627397E-02    1.56700139E-02
   5.36781954E+00    2.01306192E-02    1.51490361E-02
   5.41812025E+00    2.08795791E-02    1.46317021E-02
   5.46889232E+00    2.16093915E-02    1.41183715E-02
   5.52014016E+00    2.23198459E-02    1.36093913E-02
   5.57186823E+00    2.30107492E-02    1.31050963E-02
   5.62408103E+00    2.36819257E-02    1.26058083E-02
   5.67678311E+00    2.43332171E-02    1.21118369E-02
   5.72997906E+00    2.49644826E-02    1.16234788E-02
   5.78367348E+00    2.55755988E-02    1.11410183E-02
   5.83787107E+00    2.61664596E-02    1.06647267E-02
   5.89257654E+00    2.67369765E-02    1.01948630E-02
   5.94779463E+00    2.72870781E-02    9.73167314E-03
   6.00353016E+00    2.78167101E-02    9.27539064E-03
   6.05978798E+00    2.83258356E-02    8.82623621E-03
   6.11657298E+00    2.88144344E-02    8.38441792E-03
   6.17389010E+00    2.92825033E-02    7.95013122E-03
   6.23174433E+00    2.97300557E-02    7.52355896E-03
   6.29014069E+00    3.01571215E-02    7.10487146E-03
   6.34908428E+00    3.05637470E-02    6.69422653E-03
   6.40858021E+00    3.09499944E-02    6.29176960E-03
   6.46863367E+00    3.13159420E-02    5.89763375E-03
   6.52924988E+00    3.16616834E-02    5.51193982E-03
   6.59043410E+00    3.19873278E-02    5.13479652E-03
   6.65219168E+00    3.22929992E-02    4.76630058E-03
   6.71452797E+00    3.25788365E-02    4.40653679E-03
   6.77744840E+00    3.28449930E-02    4.05557837E-03
   6.84095844E+00    3.30916359E-02    3.71348699E-03
   6.90506362E+00    3.33189462E-02    3.38031272E-03
   6.96976952E+00    3.35271183E-02    3.05609445E-03
   7.03508177E+00    3.37163594E-02    2.74086000E-03
   7.10100604E+00    3.38868893E-02    2.43462637E-03
   7.16754807E+00    3.40389399E-02    2.13739996E-03
   7.23471366E+00    3.41727549E-02    1.84917678E-03
   7.30250864E+00    3.42885890E-02    1.56994271E-03
   7.37093891E+00    3.43867079E-02    1.29967373E-03
   7.44001043E+00    3.44673876E-02    1.03833625E-03
   7.50972921E+00    3.45309137E-02    7.85887291E-04
   7.58010130E+00    3.45775815E-02    5.42274880E-04
   7.65113283E+00    3.46076950E-02    3.07438254E-04
   7.72282999E+00    3.46215666E-02    8.13082198E-05
   7.79519901E+00    3.46195166E-02   -1.36192547E-04
   7.86824618E+00    3.46018727E-02   -3.45149177E-04
   7.94197786E+00    3.45689693E-02   -5.45654277E-04
   8.01640046E+00    3.45211475E-02   -7.37807594E-04
   8.09152047E+00    3.44587538E-02   -9.21715672E-04
   8.16734440E+00    3.43821403E-02   -1.09749151E-03
   8.24387887E+00    3.42916638E-02   -1.26525421E-03
   8.32113053E+00    3.41876856E-02   -1.42512862E-03
   8.39910609E+00    3.40705706E-02   -1.57724502E-03
   8.47781235E+00    3.39406868E-02   -1.72173856E-03
   8.55725615E+00    3.37984055E-02   -1.85874934E-03
   8.63744439E+00    3.36440999E-02   -1.98842156E-03
   8.71838407E+00    3.34781452E-02   -2.11090352E-03
   8.80008221E+00    3.33009178E-02   -2.22634703E-03
   8.88254593E+00    3.31127951E-02   -2.33490724E-03
   8.96578240E+00    3.29141548E-02   -2.43674217E-03
   9.04979887E+00    3.27053746E-02   -2.53201245E-03
   9.13460263E+00    3.24868317E-02   -2.62088093E-03
   9.22020107E+00    3.22589024E-02   -2.70351234E-03
   9.30660163E+00    3.20219617E-02   -2.78007305E-03
   9.39381184E+00    3.17763829E-02   -2.85073066E-03
   9.48183928E+00    3.15225370E-02   -2.91565375E-03
   9.57069160E+00    3.12607926E-02   -2.97501152E-03
   9.66037654E+00    3.09915157E-02   -3.02897358E-03
   9.75090190E+00    3.07150686E-02   -3.07770963E-03
   9.84227555E+00    3.04318105E-02   -3.12138912E-03
   9.93450544E+00    3.01420965E-02   -3.16018116E-03
   1.00275996E+01    2.98462777E-02   -3.19425409E-03
   1.01215661E+01    2.95447006E-02   -3.22377531E-03
   1.02164132E+01    2.92377071E-02   -3.24891110E-03
   1.03121491E+01    2.89256340E-02   -3.26982634E-03
   1.04087820E+01    2.86088132E-02   -3.28668433E-03
   1.05063205E+01    2.82875707E-02   -3.29964658E-03
   1.06047731E+01    2.79622273E-02   -3.30887267E-03
   1.07041482E+01    2.76330978E-02   -3.31452001E-03
   1.08044545E+01    2.73004908E-02   -3.31674373E-03
   1.09057008E+01    2.69647090E-02   -3.31569652E-03
   1.10078958E+01    2.66260486E-02   -3.31152851E-03
   1.11110485E+01    2.62847996E-02   -3.30438713E-03
   1.12151678E+01    2.59412450E-02   -3.29441694E-03
   1.13202627E+01    2.55956615E-02   -3.28175968E-03
   1.14263425E+01    2.52483190E-02   -3.26655398E-03
   1.15334164E+01    2.48994802E-02   -3.24893541E-03
   1.16414936E+01    2.45494013E-02   -3.22903639E-03
   1.17505836E+01    2.41983314E-02   -3.20698610E-03
   1.18606959E+01    2.38465125E-02   -3.18291041E-03
   1.19718399E+01    2.34941797E-02   -3.15693187E-03
   1.20840255E+01    2.31415610E-02   -3.12916968E-03
   1.21972624E+01    2.27888773E-02   -3.09973963E-03
   1.23115604E+01    2.24363426E-02   -3.06875410E-03
   1.24269294E+01    2.20841637E-02   -3.03632204E-03
   1.25433796E+01    2.17325406E-02   -3.00254897E-03
   1.26609209E+01    2.13816661E-02   -2.96753698E-03
   1.27795638E+01    2.10317262E-02   -2.93138475E-03
   1.28993184E+01    2.06829002E-02   -2.89418755E-03
   1.30201952E+01    2.03353602E-02   -2.85603727E-03
   1.31422047E+01    1.99892719E-02   -2.81702245E-03
   1.32653575E+01    1.96447942E-02   -2.77722828E-03
   1.33896644E+01    1.93020795E-02   -2.73673670E-03
   1.35151361E+01    1.89612734E-02   -2.69562637E-03
   1.36417836E+01    1.86225155E-02   -2.65397279E-03
   1.37696179E+01    1.82859388E-02   -2.61184827E-03
   1.38986501E+01    1.79516702E-02   -2.56932206E-03
   1.40288914E+01    1.76198305E-02   -2.52646030E-03
   1.41603532E+01    1.72905345E-02   -2.48332621E-03
   1.42930469E+01    1.69638912E-02   -2.43996759E-03
   1.44269841E+01    1.66400041E-02   -2.39641839E-03
   1.45621763E+01    1.63189689E-02   -2.35287916E-03
   1.46986354E+01    1.60010200E-02   -2.30832684E-03
   1.48363732E+01    1.56861021E-02   -2.26456786E-03
   1.49754017E+01    1.53742956E-02   -2.22100130E-03
   1.51157331E+01    1.50656771E-02   -2.17751158E-03
   1.52573794E+01    1.47603177E-02   -2.13415578E-03
   1.54003531E+01    1.44582837E-02   -2.09097281E-03
   1.55446666E+01    1.41596365E-02   -2.04799968E-03
   1.56903324E+01    1.38644330E-02   -2.00527121E-03
   1.58373632E+01    1.35727256E-02   -1.96282007E-03
   1.59857718E+01    1.32845623E-02   -1.92067686E-03
   1.61355711E+01    1.29999868E-02   -1.87887016E-03
   1.62867742E+01    1.27190387E-02   -1.83742662E-03
   1.64393941E+01    1.24417537E-02   -1.79637101E-03
   1.65934442E+01    1.21681635E-02   -1.75572632E-03
   1.67489379E+01    1.18982961E-02   -1.71551378E-03
   1.69058887E+01    1.16321760E-02   -1.67575300E-03
   1.70643102E+01    1.13698241E-02   -1.63646194E-03
   1.72242162E+01    1.11112579E-02   -1.59765708E-03
   1.73856208E+01    1.08564916E-02   -1.55935340E-03
   1.75485378E+01    1.06055366E-02   -1.52156447E-03
   1.77129814E+01    1.03584007E-02   -1.48430255E-03
   1.78789660E+01    1.01150894E-02   -1.44757857E-03
   1.80465061E+01    9.87560495E-03   -1.41140227E-03
   1.82156161E+01    9.63994712E-03   -1.37578220E-03
   1.83863108E+01    9.40811307E-03   -1.34072579E-03
   1.85586050E+01    9.18009747E-03   -1.30623943E-03
   1.87325138E+01    8.95589262E-03   -1.27232848E-03
   1.89080523E+01    8.73548855E-03   -1.23899735E-03
   1.90852357E+01    8.51887314E-03   -1.20624954E-03
   1.92640794E+01    8.30603216E-03   -1.17408768E-03
   1.94445990E+01    8.09694944E-03   -1.14251359E-03
   1.96268103E+01    7.89160687E-03   -1.11152832E-03
   1.98107290E+01    7.68998460E-03   -1.08113218E-03
   1.99963712E+01    7.49206102E-03   -1.05132480E-03
   2.01837530E+01    7.29781294E-03   -1.02210517E-03
   2.03728907E+01    7.10721558E-03   -9.93471653E-04
   2.05638007E+01    6.92024274E-03   -9.65422051E-04
   2.07564998E+01    6.73686682E-03   -9.37953629E-04
   2.09510046E+01    6.55705891E-03   -9.11063148E-04
   2.11473320E+01    6.38078888E-03   -8.84746902E-04
   2.13454992E+01    6.20802542E-03   -8.59000747E-04
   2.15455234E+01    6.03873616E-03   -8.33820134E-04
   2.17474220E+01    5.87288769E-03   -8.09200136E-04
   2.19512125E+01    5.71044565E-03   -7.85135477E-04
   2.21569127E+01    5.55137477E-03   -7.61620559E-04
   2.23645405E+01    5.39563897E-03   -7.38649488E-04
   2.25741139E+01    5.24320140E-03   -7.16216096E-04
   2.27856512E+01    5.09402446E-03   -6.94313970E-04
   2.29991707E+01    4.94806994E-03   -6.72936468E-04
   2.32146911E+01    4.80529898E-03   -6.52076746E-04
   2.34322311E+01    4.66567221E-03   -6.31727773E-04
   2.36518096E+01    4.52914971E-03   -6.11882353E-04
   2.38734457E+01    4.39569114E-03   -5.92533147E-04
   2.40971588E+01    4.26525574E-03   -5.73672683E-04
   2.43229682E+01    4.13780237E-03   -5.55293376E-04
   2.45508936E+01    4.01328958E-03   -5.37387555E-04
   2.47809549E+01    3.89167564E-03   -5.19947425E-04
   2.50131720E+01    3.77291857E-03   -5.02965286E-04
   2.52475652E+01    3.65697622E-03   -4.86432767E-04
   2.54841548E+01    3.54380613E-03   -4.70343745E-04
   2.57229614E+01    3.43336620E-03   -4.54683600E-04
   2.59640059E+01    3.32561246E-03   -4.39469017E-04
   2.62073092E+01    3.22051013E-03   -4.24545259E-04
   2.64528923E+01    3.11805671E-03   -4.09919346E-04
   2.67007768E+01    3.01821306E-03   -3.95738097E-04
   2.69509842E+01    2.92093064E-03   -3.81966064E-04
   2.72035362E+01    2.82616316E-03   -3.68600213E-04
   2.74584548E+01    2.73386426E-03   -3.55629132E-04
   2.77157622E+01    2.64398808E-03   -3.43043852E-04
   2.79754808E+01    2.55648916E-03   -3.30834980E-04
   2.82376332E+01    2.47132248E-03   -3.18993450E-04
   2.85022421E+01    2.38844340E-03   -3.07510324E-04
   2.87693306E+01    2.30780773E-03   -2.96376839E-04
   2.90389219E+01    2.22937170E-03   -2.85584394E-04
   2.93110396E+01    2.15309197E-03   -2.75124548E-04
   2.95857072E+01    2.07892562E-03   -2.64989022E-04
   2.98629486E+01    2.00683017E-03   -2.55169689E-04
   3.01427880E+01    1.93676359E-03   -2.45658579E-04
   3.04252497E+01    1.86868428E-03   -2.36447874E-04
   3.07103584E+01    1.80255109E-03   -2.27529907E-04
   3.09981387E+01    1.73832331E-03   -2.18897154E-04
   3.12886157E+01    1.67596070E-03   -2.10542243E-04
   3.15818148E+01    1.61542343E-03   -2.02457941E-04
   3.18777613E+01    1.55667218E-03   -1.94637159E-04
   3.21764811E+01    1.49966806E-03   -1.87072948E-04
   3.24780001E+01    1.44437263E-03   -1.79758495E-04
   3.27823446E+01    1.39074794E-03   -1.72687124E-04
   3.30895411E+01    1.33875649E-03   -1.65852293E-04
   3.33996162E+01    1.28836125E-03   -1.59247592E-04
   3.37125970E+01    1.23952567E-03   -1.52866741E-04
   3.40285107E+01    1.19221365E-03   -1.46703589E-04
   3.43473847E+01    1.14638960E-03   -1.40752111E-04
   3.46692468E+01    1.10201836E-03   -1.35006408E-04
   3.49941250E+01    1.05906530E-03   -1.29460702E-04
   3.53220476E+01    1.01749623E-03   -1.24109339E-04
   3.56530431E+01    9.77277448E-04   -1.18946784E-04
   3.59871403E+01    9.38375750E-04   -1.13967619E-04
   3.63243682E+01    9.00758405E-04   -1.09166543E-04
   3.66647562E+01    8.64393165E-04   -1.04538371E-04
   3.70083339E+01    8.29248268E-04   -1.00078030E-04
   3.73551313E+01    7.95292450E-04   -9.57805591E-05
   3.77051783E+01    7.62494912E-04   -9.16411065E-05
   3.80585056E+01    7.30825359E-04   -8.76549299E-05
   3.84151439E+01    7.00253977E-04   -8.38173929E-05
   3.87751241E+01    6.70751443E-04   -8.01239658E-05
   3.91384777E+01    6.42288917E-04   -7.65702214E-05
   3.95052361E+01    6.14838047E-04   -7.31518347E-05
   3.98754314E+01    5.88370975E-04   -6.98645832E-05
   4.02490957E+01    5.62860320E-04   -6.67043416E-05
   4.06262615E+01    5.38279191E-04   -6.36670837E-05
   4.10069616E+01    5.14601182E-04   -6.07488791E-05
   4.13912292E+01    4.91800370E-04   -5.79458926E-05
   4.17790977E+01    4.69851314E-04   -5.52543821E-05
   4.21706009E+01    4.48729057E-04   -5.26706978E-05
   4.25657727E+01    4.28409115E-04   -5.01912802E-05
   4.29646476E+01    4.08867491E-04   -4.78126592E-05
   4.33672603E+01    3.90080655E-04   -4.55314520E-05
   4.37736458E+01    3.72025559E-04   -4.33443630E-05
   4.41838394E+01    3.54679618E-04   -4.12481804E-05
   4.45978769E+01    3.38020726E-04   -3.92397769E-05
   4.50157942E+01    3.22027235E-04   -3.73161069E-05
   4.54376278E+01    3.06677963E-04   -3.54742053E-05
   4.58634142E+01    2.91952194E-04   -3.37111873E-05
   4.62931906E+01    2.77829664E-04   -3.20242455E-05
   4.67269944E+01    2.64290565E-04   -3.04106493E-05
   4.71648632E+01    2.51315538E-04   -2.88677433E-05
   4.76068352E+01    2.38885684E-04   -2.73929477E-05
   4.80529489E+01    2.26982528E-04   -2.59837527E-05
   4.85032430E+01    2.15588049E-04   -2.46377219E-05
   4.89577566E+01    2.04684659E-04   -2.33524885E-05
   4.94165295E+01    1.94255198E-04   -2.21257542E-05
   4.98796014E+01    1.84282938E-04   -2.09552884E-05
   5.03470127E+01    1.74751572E-04   -1.98389267E-05
   5.08188039E+01    1.65645211E-04   -1.87745695E-05
   5.12950163E+01    1.56948381E-04   -1.77601808E-05
   5.17756911E+01    1.48646015E-04   -1.67937871E-05
   5.22608702E+01    1.40723450E-04   -1.58734757E-05
   5.27505958E+01    1.33166422E-04   -1.49973937E-05
   5.32449105E+01    1.25961065E-04   -1.41637477E-05
   5.37438574E+01    1.19093891E-04   -1.33708000E-05
   5.42474798E+01    1.12551803E-04   -1.26168704E-05
   5.47558215E+01    1.06322077E-04   -1.19003328E-05
   5.52689268E+01    1.00392364E-04   -1.12196151E-05
   5.57868403E+01    9.47506764E-05   -1.05731976E-05
   5.63096071E+01    8.93853894E-05   -9.95961183E-06
   5.68372725E+01    8.42852319E-05   -9.37743950E-06
   5.73698827E+01    7.94392795E-05   -8.82531102E-06
   5.79074838E+01    7.48369510E-05   -8.30190471E-06
   5.84501226E+01    7.04680004E-05   -7.80594540E-06
   5.89978465E+01    6.63225119E-05   -7.33620340E-06
   5.95507029E+01    6.23908929E-05   -6.89149328E-06
   6.01087400E+01    5.86638681E-05   -6.47067281E-06
   6.06720063E+01    5.51324735E-05   -6.07264188E-06
   6.12405510E+01    5.17880486E-05   -5.69634121E-06
   6.18144233E+01    4.86222328E-05   -5.34075160E-06
   6.23936733E+01    4.56269564E-05   -5.00489254E-06
   6.29783512E+01    4.27944353E-05   -4.68782131E-06
   6.35685081E+01    4.01171645E-05   -4.38863186E-06
   6.41641953E+01    3.75879119E-05   -4.10645387E-06
   6.47654644E+01    3.51997116E-05   -3.84045163E-06
   6.53723680E+01    3.29458576E-05   -3.58982309E-06
   6.59849587E+01    3.08198972E-05   -3.35379885E-06
   6.66032899E+01    2.88156252E-05   -3.13164119E-06
   6.72274153E+01    2.69270767E-05   -2.92264307E-06
   6.78573893E+01    2.51485217E-05   -2.72612727E-06
   6.84932666E+01    2.34744586E-05   -2.54144538E-06
   6.91351026E+01    2.18996063E-05   -2.36797679E-06
   6.97829531E+01    2.04189022E-05   -2.20512817E-06
   7.04368745E+01    1.90274905E-05   -2.05233204E-06
   7.10969236E+01    1.77207206E-05   -1.90904635E-06
   7.17631580E+01    1.64941384E-05   -1.77475333E-06
   7.24356354E+01    1.53434823E-05   -1.64895891E-06
   7.31144145E+01    1.42646756E-05   -1.53119167E-06
   7.37995543E+01    1.32538218E-05   -1.42100218E-06
   7.44911144E+01    1.23071980E-05   -1.31796215E-06
   7.51891550E+01    1.14212500E-05   -1.22166369E-06
   7.58937368E+01    1.05925861E-05   -1.13171851E-06
   7.66049210E+01    9.81797216E-06   -1.04775727E-06
   7.73227696E+01    9.09432546E-06   -9.69428783E-07
   7.80473451E+01    8.41871025E-06   -8.96399361E-07
   7.87787103E+01    7.78833148E-06   -8.28352065E-07
   7.95169290E+01    7.20053093E-06   -7.64986165E-07
   8.02620655E+01    6.65278072E-06   -7.06016321E-07
   8.10141844E+01    6.14267965E-06   -6.51172100E-07
   8.17733513E+01    5.66794746E-06   -6.00197256E-07
   8.25396322E+01    5.22642113E-06   -5.52849249E-07
   8.33130937E+01    4.81604890E-06   -5.08898505E-07
   8.40938032E+01    4.43488669E-06   -4.68127961E-07
   8.48818286E+01    4.08109397E-06   -4.30332548E-07
   8.56772383E+01    3.75292827E-06   -3.95318517E-07
   8.64801017E+01    3.44874233E-06   -3.62903085E-07
   8.72904886E+01    3.16697901E-06   -3.32913809E-07
   8.81084694E+01    2.90616803E-06   -3.05188193E-07
   8.89341153E+01    2.66492163E-06   -2.79573157E-07
   8.97674982E+01    2.44193141E-06   -2.55924656E-07
   9.06086906E+01    2.23596399E-06   -2.34107163E-07
   9.14577655E+01    2.04585797E-06   -2.13993296E-07
   9.23147970E+01    1.87052071E-06   -1.95463440E-07
   9.31798596E+01    1.70892444E-06   -1.78405284E-07
   9.40530285E+01    1.56010369E-06   -1.62713520E-07
   9.49343796E+01    1.42315179E-06   -1.48289425E-07
   9.58239897E+01    1.29721819E-06   -1.35040551E-07
   9.67219362E+01    1.18150544E-06   -1.22880373E-07
   9.76282971E+01    1.07526658E-06   -1.11727981E-07
   9.85431514E+01    9.77802331E-07   -1.01507757E-07
   9.94665785E+01    8.88458730E-07   -9.21491043E-08
   1.00398659E+02    8.06624611E-07   -8.35861517E-08
   1.01339474E+02    7.31729149E-07   -7.57574768E-08
   1.02289105E+02    6.63239856E-07   -6.86058743E-08
   1.03247634E+02    6.00660350E-07   -6.20781020E-08
   1.04215146E+02    5.43527960E-07   -5.61246105E-08
   1.05191724E+02    4.91412289E-07   -5.06993782E-08
   1.06177454E+02    4.43913018E-07   -4.57596644E-08
   1.07172420E+02    4.00658174E-07   -4.12658147E-08
   1.08176711E+02    3.61302417E-07   -3.71810682E-08
   1.09190412E+02    3.25525419E-07   -3.34713763E-08
   1.10213612E+02    2.93030306E-07   -3.01052292E-08
   1.11246401E+02    2.63542181E-07   -2.70534908E-08
   1.12288867E+02    2.36806740E-07   -2.42892457E-08
   1.13341103E+02    2.12588913E-07   -2.17876490E-08
   1.14403198E+02    1.90671614E-07   -1.95257878E-08
   1.15475247E+02    1.70854601E-07   -1.74825555E-08
   1.16557341E+02    1.52953220E-07   -1.56385145E-08
   1.17649575E+02    1.36797484E-07   -1.39757952E-08
   1.18752045E+02    1.22230966E-07   -1.24779743E-08
   1.19864845E+02    1.09109894E-07   -1.11299769E-08
   1.20988074E+02    9.73022414E-08   -9.91797700E-09
   1.22121827E+02    8.66868869E-08   -8.82930659E-09
   1.23266205E+02    7.71528138E-08   -7.85236882E-09
   1.24421307E+02    6.85983919E-08   -6.97656040E-09
   1.25587233E+02    6.09306502E-08   -6.19219307E-09
   1.26764084E+02    5.40646297E-08   -5.49042406E-09
   1.27951964E+02    4.79227826E-08   -4.86319149E-09
   1.29150975E+02    4.24344034E-08   -4.30315330E-09
   1.30361222E+02    3.75350568E-08   -3.80362623E-09
   1.31582809E+02    3.31661257E-08   -3.35853733E-09
   1.32815844E+02    2.92743160E-08   -2.96237134E-09
   1.34060433E+02    2.58112330E-08   -2.61012556E-09
   1.35316686E+02    2.27329779E-08   -2.29726696E-09
   1.36584710E+02    1.99997721E-08   -2.01969240E-09
   1.37864616E+02    1.75756103E-08   -1.77369191E-09
   1.39156517E+02    1.54279390E-08   -1.55591475E-09
   1.40460523E+02    1.35273553E-08   -1.36333752E-09
   1.41776749E+02    1.18473416E-08   -1.19323641E-09
   1.43105309E+02    1.03639939E-08   -1.04315845E-09
   1.44446319E+02    9.05580284E-09   -9.10898702E-10
   1.45799895E+02    7.90343079E-09   -7.94476753E-10
   1.47166155E+02    6.88950796E-09   -6.92115471E-10
   1.48545218E+02    5.99846575E-09   -6.02223549E-10
   1.49937204E+02    5.21634658E-09   -5.23375697E-10
   1.51342234E+02    4.53066522E-09   -4.54298173E-10
   1.52760431E+02    3.93026682E-09   -3.93854022E-10
   1.54191917E+02    3.40519097E-09   -3.41028960E-10
   1.55636817E+02    2.94655980E-09   -2.94919762E-10
   1.57095256E+02    2.54646824E-09   -2.54722891E-10
   1.58567363E+02    2.19788687E-09   -2.19724453E-10
   1.60053265E+02    1.89457265E-09   -1.89290973E-10
   1.61553090E+02    1.63098809E-09   -1.62861048E-10
   1.63066970E+02    1.40222792E-09   -1.39937798E-10
   1.64595036E+02    1.20395271E-09   -1.20082032E-10
   1.66137422E+02    1.03232782E-09   -1.02905968E-10
   1.67694261E+02    8.83970941E-10   -8.80678506E-11
   1.69265688E+02    7.55900941E-10   -7.52667038E-11
   1.70851841E+02    6.45494750E-10   -6.42379148E-11
   1.72452858E+02    5.50447377E-10   -5.47491432E-11
   1.74068878E+02    4.68736715E-10   -4.65967227E-11
   1.75700041E+02    3.98589673E-10   -3.96022059E-11
   1.77346489E+02    3.38455309E-10   -3.36096230E-11
   1.79008365E+02    2.86978156E-10   -2.84827650E-11
   1.80685815E+02    2.42975711E-10   -2.41028929E-11
   1.82378984E+02    2.05417545E-10   -2.03666143E-11
   1.84088019E+02    1.73407144E-10   -1.71840394E-11
   1.85813069E+02    1.46165548E-10   -1.44771216E-11
   1.87554284E+02    1.23017010E-10   -1.21782038E-11
   1.89311816E+02    1.03376497E-10   -1.02287526E-11
   1.91085817E+02    8.67378265E-11   -8.57815923E-12
   1.92876442E+02    7.26639353E-11   -7.18275542E-12
   1.94683847E+02    6.07780517E-11   -6.00492257E-12
   1.96508188E+02    5.07558071E-11   -5.01229603E-12
   1.98349625E+02    4.23183625E-11   -4.17707245E-12
   2.00208318E+02    3.52265699E-11   -3.47542182E-12
   2.02084428E+02    2.92754696E-11   -2.88693412E-12
   2.03978119E+02    2.42896772E-11   -2.39415562E-12
   2.05889555E+02    2.01195089E-11   -1.98219977E-12
   2.07818902E+02    1.66373939E-11   -1.63838717E-12
   2.09766330E+02    1.37346431E-11   -1.35192178E-12
   2.11732006E+02    1.13189620E-11   -1.11364167E-12
   2.13716102E+02    9.31209679E-12   -9.15783408E-13
   2.15718790E+02    7.64771280E-12   -7.51769999E-13
   2.17740246E+02    6.26977796E-12   -6.16049220E-13
   2.19780644E+02    5.13100378E-12   -5.03937999E-13
   2.21840162E+02    4.19155130E-12   -4.11493290E-13
   2.23918980E+02    3.41792305E-12   -3.35401594E-13
   2.26017277E+02    2.78200008E-12   -2.72883016E-13
   2.28135238E+02    2.26022343E-12   -2.21609776E-13
   2.30273045E+02    1.83290342E-12   -1.79637486E-13
   2.32430885E+02    1.48358509E-12   -1.45342075E-13
   2.34608946E+02    1.19856846E-12   -1.17372116E-13
   2.36807417E+02    9.66456240E-13   -9.46039355E-14
   2.39026490E+02    7.77792835E-13   -7.61057824E-14
   2.41266357E+02    6.24741096E-13   -6.11058056E-14
   2.43527213E+02    5.00819660E-13   -4.89659670E-14
   2.45809256E+02    4.00682937E-13   -3.91604405E-14
   2.48112682E+02    3.19926088E-13   -3.12557646E-14
   2.50437694E+02    2.54928731E-13   -2.48970428E-14
   2.52784493E+02    2.02722417E-13   -1.97898124E-14
