# Peaks:     0.026322  
   6.08276238E-05    5.58297328E+02   -3.47326718E+05
   6.15889718E-05    5.58038854E+02   -3.43432217E+05
   6.23598493E-05    5.57777648E+02   -3.39584548E+05
   6.31403754E-05    5.57514210E+02   -3.35781549E+05
   6.39306709E-05    5.57249077E+02   -3.32021018E+05
   6.47308582E-05    5.56982830E+02   -3.28300717E+05
   6.55410610E-05    5.56716093E+02   -3.24618366E+05
   6.63614048E-05    5.56449525E+02   -3.20971671E+05
   6.71920163E-05    5.56183470E+02   -3.17359455E+05
   6.80330242E-05    5.55917803E+02   -3.13782047E+05
   6.88845585E-05    5.55652354E+02   -3.10239913E+05
   6.97467510E-05    5.55386937E+02   -3.06733550E+05
   7.06197352E-05    5.55121348E+02   -3.03263492E+05
   7.15036461E-05    5.54855364E+02   -2.99830305E+05
   7.23986204E-05    5.54588851E+02   -2.96434228E+05
   7.33047966E-05    5.54321848E+02   -2.93074899E+05
   7.42223150E-05    5.54054414E+02   -2.89751907E+05
   7.51513175E-05    5.53786608E+02   -2.86464850E+05
   7.60919479E-05    5.53518493E+02   -2.83213333E+05
   7.70443516E-05    5.53250132E+02   -2.79996972E+05
   7.80086761E-05    5.52981568E+02   -2.76815442E+05
   7.89850705E-05    5.52712796E+02   -2.73668513E+05
   7.99736859E-05    5.52443805E+02   -2.70555980E+05
   8.09746754E-05    5.52174578E+02   -2.67477649E+05
   8.19881937E-05    5.51905097E+02   -2.64433340E+05
   8.30143977E-05    5.51635337E+02   -2.61422888E+05
   8.40534462E-05    5.51365285E+02   -2.58446091E+05
   8.51054999E-05    5.51094946E+02   -2.55502660E+05
   8.61707216E-05    5.50824330E+02   -2.52592305E+05
   8.72492761E-05    5.50553442E+02   -2.49714746E+05
   8.83413304E-05    5.50282287E+02   -2.46869711E+05
   8.94470533E-05    5.50010865E+02   -2.44056940E+05
   9.05666160E-05    5.49739177E+02   -2.41276172E+05
   9.17001917E-05    5.49467228E+02   -2.38527121E+05
   9.28479558E-05    5.49195019E+02   -2.35809502E+05
   9.40100859E-05    5.48922550E+02   -2.33123040E+05
   9.51867617E-05    5.48649818E+02   -2.30467468E+05
   9.63781654E-05    5.48376818E+02   -2.27842530E+05
   9.75844812E-05    5.48103541E+02   -2.25247972E+05
   9.88058959E-05    5.47829988E+02   -2.22683510E+05
   1.00042598E-04    5.47556165E+02   -2.20148851E+05
   1.01294780E-04    5.47282073E+02   -2.17643708E+05
   1.02562635E-04    5.47007711E+02   -2.15167803E+05
   1.03846358E-04    5.46733076E+02   -2.12720865E+05
   1.05146150E-04    5.46458160E+02   -2.10302632E+05
   1.06462210E-04    5.46182963E+02   -2.07912828E+05
   1.07794743E-04    5.45907486E+02   -2.05551163E+05
   1.09143954E-04    5.45631734E+02   -2.03217353E+05
   1.10510053E-04    5.45355704E+02   -2.00911118E+05
   1.11893250E-04    5.45079393E+02   -1.98632187E+05
   1.13293760E-04    5.44802794E+02   -1.96380296E+05
   1.14711800E-04    5.44525900E+02   -1.94155181E+05
   1.16147588E-04    5.44248713E+02   -1.91956563E+05
   1.17601348E-04    5.43971236E+02   -1.89784159E+05
   1.19073304E-04    5.43693469E+02   -1.87637693E+05
   1.20563683E-04    5.43415409E+02   -1.85516897E+05
   1.22072716E-04    5.43137051E+02   -1.83421506E+05
   1.23600638E-04    5.42858387E+02   -1.81351262E+05
   1.25147683E-04    5.42579412E+02   -1.79305902E+05
   1.26714092E-04    5.42300128E+02   -1.77285154E+05
   1.28300107E-04    5.42020538E+02   -1.75288748E+05
   1.29905974E-04    5.41740640E+02   -1.73316419E+05
   1.31531940E-04    5.41460430E+02   -1.71367910E+05
   1.33178257E-04    5.41179901E+02   -1.69442967E+05
   1.34845181E-04    5.40899043E+02   -1.67541339E+05
   1.36532969E-04    5.40617854E+02   -1.65662771E+05
   1.38241882E-04    5.40336337E+02   -1.63807003E+05
   1.39972184E-04    5.40054492E+02   -1.61973778E+05
   1.41724144E-04    5.39772317E+02   -1.60162846E+05
   1.43498032E-04    5.39489806E+02   -1.58373960E+05
   1.45294123E-04    5.39206951E+02   -1.56606877E+05
   1.47112695E-04    5.38923742E+02   -1.54861359E+05
   1.48954028E-04    5.38640177E+02   -1.53137159E+05
   1.50818409E-04    5.38356259E+02   -1.51434034E+05
   1.52706126E-04    5.38071988E+02   -1.49751741E+05
   1.54617470E-04    5.37787359E+02   -1.48090042E+05
   1.56552737E-04    5.37502368E+02   -1.46448704E+05
   1.58512227E-04    5.37217003E+02   -1.44827497E+05
   1.60496243E-04    5.36931256E+02   -1.43226194E+05
   1.62505092E-04    5.36645123E+02   -1.41644563E+05
   1.64539084E-04    5.36358608E+02   -1.40082374E+05
   1.66598535E-04    5.36071709E+02   -1.38539400E+05
   1.68683763E-04    5.35784423E+02   -1.37015418E+05
   1.70795091E-04    5.35496742E+02   -1.35510206E+05
   1.72932845E-04    5.35208656E+02   -1.34023549E+05
   1.75097357E-04    5.34920154E+02   -1.32555233E+05
   1.77288960E-04    5.34631233E+02   -1.31105040E+05
   1.79507995E-04    5.34341895E+02   -1.29672755E+05
   1.81754804E-04    5.34052139E+02   -1.28258167E+05
   1.84029735E-04    5.33761960E+02   -1.26861064E+05
   1.86333140E-04    5.33471351E+02   -1.25481242E+05
   1.88665376E-04    5.33180302E+02   -1.24118496E+05
   1.91026804E-04    5.32888800E+02   -1.22772626E+05
   1.93417788E-04    5.32596841E+02   -1.21443431E+05
   1.95838699E-04    5.32304424E+02   -1.20130709E+05
   1.98289911E-04    5.32011550E+02   -1.18834264E+05
   2.00771804E-04    5.31718214E+02   -1.17553898E+05
   2.03284761E-04    5.31424409E+02   -1.16289421E+05
   2.05829172E-04    5.31130125E+02   -1.15040640E+05
   2.08405429E-04    5.30835349E+02   -1.13807370E+05
   2.11013933E-04    5.30540070E+02   -1.12589423E+05
   2.13655086E-04    5.30244290E+02   -1.11386613E+05
   2.16329296E-04    5.29948007E+02   -1.10198756E+05
   2.19036979E-04    5.29651219E+02   -1.09025671E+05
   2.21778552E-04    5.29353918E+02   -1.07867179E+05
   2.24554440E-04    5.29056095E+02   -1.06723101E+05
   2.27365072E-04    5.28757737E+02   -1.05593264E+05
   2.30210883E-04    5.28458829E+02   -1.04477495E+05
   2.33092314E-04    5.28159369E+02   -1.03375622E+05
   2.36009811E-04    5.27859356E+02   -1.02287473E+05
   2.38963824E-04    5.27558788E+02   -1.01212882E+05
   2.41954811E-04    5.27257658E+02   -1.00151682E+05
   2.44983235E-04    5.26955959E+02   -9.91037075E+04
   2.48049564E-04    5.26653677E+02   -9.80687977E+04
   2.51154273E-04    5.26350799E+02   -9.70467919E+04
   2.54297842E-04    5.26047311E+02   -9.60375315E+04
   2.57480757E-04    5.25743214E+02   -9.50408592E+04
   2.60703511E-04    5.25438506E+02   -9.40566193E+04
   2.63966602E-04    5.25133182E+02   -9.30846582E+04
   2.67270536E-04    5.24827234E+02   -9.21248240E+04
   2.70615824E-04    5.24520652E+02   -9.11769665E+04
   2.74002983E-04    5.24213422E+02   -9.02409375E+04
   2.77432537E-04    5.23905528E+02   -8.93165902E+04
   2.80905017E-04    5.23596960E+02   -8.84037798E+04
   2.84420961E-04    5.23287718E+02   -8.75023628E+04
   2.87980911E-04    5.22977798E+02   -8.66121976E+04
   2.91585420E-04    5.22667195E+02   -8.57331439E+04
   2.95235045E-04    5.22355899E+02   -8.48650633E+04
   2.98930350E-04    5.22043898E+02   -8.40078188E+04
   3.02671907E-04    5.21731177E+02   -8.31612750E+04
   3.06460295E-04    5.21417718E+02   -8.23252980E+04
   3.10296101E-04    5.21103514E+02   -8.14997559E+04
   3.14179918E-04    5.20788563E+02   -8.06845182E+04
   3.18112346E-04    5.20472860E+02   -7.98794559E+04
   3.22093994E-04    5.20156398E+02   -7.90844416E+04
   3.26125479E-04    5.19839167E+02   -7.82993491E+04
   3.30207424E-04    5.19521155E+02   -7.75240537E+04
   3.34340460E-04    5.19202343E+02   -7.67584320E+04
   3.38525227E-04    5.18882713E+02   -7.60023621E+04
   3.42762373E-04    5.18562257E+02   -7.52557239E+04
   3.47052553E-04    5.18240973E+02   -7.45183989E+04
   3.51396432E-04    5.17918855E+02   -7.37902701E+04
   3.55794680E-04    5.17595896E+02   -7.30712215E+04
   3.60247978E-04    5.17272084E+02   -7.23611385E+04
   3.64757017E-04    5.16947405E+02   -7.16599078E+04
   3.69322493E-04    5.16621840E+02   -7.09674170E+04
   3.73945112E-04    5.16295371E+02   -7.02835551E+04
   3.78625591E-04    5.15967986E+02   -6.96082130E+04
   3.83364652E-04    5.15639683E+02   -6.89412835E+04
   3.88163030E-04    5.15310456E+02   -6.82826600E+04
   3.93021467E-04    5.14980295E+02   -6.76322376E+04
   3.97940714E-04    5.14649189E+02   -6.69899122E+04
   4.02921533E-04    5.14317123E+02   -6.63555807E+04
   4.07964694E-04    5.13984079E+02   -6.57291412E+04
   4.13070978E-04    5.13650035E+02   -6.51104928E+04
   4.18241175E-04    5.13314977E+02   -6.44995362E+04
   4.23476085E-04    5.12978900E+02   -6.38961742E+04
   4.28776517E-04    5.12641799E+02   -6.33003105E+04
   4.34143292E-04    5.12303663E+02   -6.27118497E+04
   4.39577240E-04    5.11964481E+02   -6.21306974E+04
   4.45079201E-04    5.11624238E+02   -6.15567604E+04
   4.50650029E-04    5.11282914E+02   -6.09899461E+04
   4.56290583E-04    5.10940489E+02   -6.04301629E+04
   4.62001737E-04    5.10596941E+02   -5.98773204E+04
   4.67784375E-04    5.10252264E+02   -5.93313305E+04
   4.73639391E-04    5.09906451E+02   -5.87921059E+04
   4.79567692E-04    5.09559493E+02   -5.82595605E+04
   4.85570193E-04    5.09211377E+02   -5.77336087E+04
   4.91647825E-04    5.08862088E+02   -5.72141659E+04
   4.97801528E-04    5.08511609E+02   -5.67011483E+04
   5.04032254E-04    5.08159915E+02   -5.61944730E+04
   5.10340966E-04    5.07806984E+02   -5.56940578E+04
   5.16728641E-04    5.07452802E+02   -5.51998223E+04
   5.23196267E-04    5.07097361E+02   -5.47116878E+04
   5.29744845E-04    5.06740652E+02   -5.42295761E+04
   5.36375389E-04    5.06382664E+02   -5.37534101E+04
   5.43088923E-04    5.06023380E+02   -5.32831131E+04
   5.49886488E-04    5.05662783E+02   -5.28186093E+04
   5.56769134E-04    5.05300851E+02   -5.23598236E+04
   5.63737926E-04    5.04937559E+02   -5.19066814E+04
   5.70793944E-04    5.04572882E+02   -5.14591095E+04
   5.77938277E-04    5.04206813E+02   -5.10170363E+04
   5.85172033E-04    5.03839340E+02   -5.05803914E+04
   5.92496330E-04    5.03470453E+02   -5.01491049E+04
   5.99912302E-04    5.03100136E+02   -4.97231075E+04
   6.07421095E-04    5.02728372E+02   -4.93023307E+04
   6.15023872E-04    5.02355138E+02   -4.88867066E+04
   6.22721809E-04    5.01980411E+02   -4.84761678E+04
   6.30516097E-04    5.01604163E+02   -4.80706475E+04
   6.38407943E-04    5.01226373E+02   -4.76700804E+04
   6.46398566E-04    5.00847032E+02   -4.72744027E+04
   6.54489204E-04    5.00466127E+02   -4.68835514E+04
   6.62681108E-04    5.00083644E+02   -4.64974640E+04
   6.70975547E-04    4.99699566E+02   -4.61160784E+04
   6.79373802E-04    4.99313872E+02   -4.57393334E+04
   6.87877174E-04    4.98926538E+02   -4.53671679E+04
   6.96486978E-04    4.98537536E+02   -4.49995217E+04
   7.05204547E-04    4.98146838E+02   -4.46363349E+04
   7.14031229E-04    4.97754424E+02   -4.42775495E+04
   7.22968391E-04    4.97360283E+02   -4.39231083E+04
   7.32017414E-04    4.96964401E+02   -4.35729551E+04
   7.41179699E-04    4.96566761E+02   -4.32270339E+04
   7.50456663E-04    4.96167343E+02   -4.28852892E+04
   7.59849743E-04    4.95766123E+02   -4.25476660E+04
   7.69360391E-04    4.95363076E+02   -4.22141099E+04
   7.78990079E-04    4.94958171E+02   -4.18845666E+04
   7.88740296E-04    4.94551377E+02   -4.15589828E+04
   7.98612553E-04    4.94142677E+02   -4.12373065E+04
   8.08608375E-04    4.93732055E+02   -4.09194868E+04
   8.18729309E-04    4.93319496E+02   -4.06054734E+04
   8.28976922E-04    4.92904981E+02   -4.02952160E+04
   8.39352800E-04    4.92488486E+02   -3.99886652E+04
   8.49858546E-04    4.92069987E+02   -3.96857716E+04
   8.60495788E-04    4.91649455E+02   -3.93864865E+04
   8.71266171E-04    4.91226856E+02   -3.90907612E+04
   8.82171361E-04    4.90802159E+02   -3.87985481E+04
   8.93213046E-04    4.90375343E+02   -3.85098006E+04
   9.04392933E-04    4.89946393E+02   -3.82244734E+04
   9.15712754E-04    4.89515291E+02   -3.79425212E+04
   9.27174259E-04    4.89082013E+02   -3.76638993E+04
   9.38779222E-04    4.88646537E+02   -3.73885633E+04
   9.50529438E-04    4.88208833E+02   -3.71164691E+04
   9.62426725E-04    4.87768870E+02   -3.68475728E+04
   9.74472925E-04    4.87326614E+02   -3.65818311E+04
   9.86669901E-04    4.86882029E+02   -3.63192010E+04
   9.99019540E-04    4.86435094E+02   -3.60596411E+04
   1.01152375E-03    4.85985791E+02   -3.58031108E+04
   1.02418447E-03    4.85534098E+02   -3.55495695E+04
   1.03700366E-03    4.85079991E+02   -3.52989772E+04
   1.04998331E-03    4.84623445E+02   -3.50512942E+04
   1.06312541E-03    4.84164427E+02   -3.48064809E+04
   1.07643200E-03    4.83702905E+02   -3.45644981E+04
   1.08990514E-03    4.83238841E+02   -3.43253069E+04
   1.10354693E-03    4.82772197E+02   -3.40888686E+04
   1.11735945E-03    4.82302949E+02   -3.38551463E+04
   1.13134487E-03    4.81831076E+02   -3.36241035E+04
   1.14550533E-03    4.81356555E+02   -3.33957040E+04
   1.15984303E-03    4.80879359E+02   -3.31699119E+04
   1.17436019E-03    4.80399460E+02   -3.29466917E+04
   1.18905905E-03    4.79916824E+02   -3.27260078E+04
   1.20394189E-03    4.79431416E+02   -3.25078251E+04
   1.21901101E-03    4.78943195E+02   -3.22921086E+04
   1.23426874E-03    4.78452121E+02   -3.20788238E+04
   1.24971745E-03    4.77958165E+02   -3.18679374E+04
   1.26535952E-03    4.77461305E+02   -3.16594165E+04
   1.28119737E-03    4.76961514E+02   -3.14532290E+04
   1.29723346E-03    4.76458764E+02   -3.12493426E+04
   1.31347026E-03    4.75953024E+02   -3.10477254E+04
   1.32991029E-03    4.75444258E+02   -3.08483456E+04
   1.34655610E-03    4.74932427E+02   -3.06511716E+04
   1.36341024E-03    4.74417491E+02   -3.04561722E+04
   1.38047535E-03    4.73899405E+02   -3.02633161E+04
   1.39775405E-03    4.73378134E+02   -3.00725733E+04
   1.41524901E-03    4.72853655E+02   -2.98839145E+04
   1.43296296E-03    4.72325938E+02   -2.96973107E+04
   1.45089862E-03    4.71794953E+02   -2.95127331E+04
   1.46905877E-03    4.71260665E+02   -2.93301530E+04
   1.48744622E-03    4.70723038E+02   -2.91495419E+04
   1.50606382E-03    4.70182031E+02   -2.89708715E+04
   1.52491444E-03    4.69637600E+02   -2.87941136E+04
   1.54400101E-03    4.69089697E+02   -2.86192401E+04
   1.56332648E-03    4.68538283E+02   -2.84462239E+04
   1.58289383E-03    4.67983330E+02   -2.82750385E+04
   1.60270610E-03    4.67424806E+02   -2.81056582E+04
   1.62276634E-03    4.66862679E+02   -2.79380568E+04
   1.64307768E-03    4.66296913E+02   -2.77722088E+04
   1.66364323E-03    4.65727467E+02   -2.76080884E+04
   1.68446620E-03    4.65154299E+02   -2.74456703E+04
   1.70554979E-03    4.64577364E+02   -2.72849291E+04
   1.72689728E-03    4.63996610E+02   -2.71258394E+04
   1.74851197E-03    4.63411992E+02   -2.69683767E+04
   1.77039719E-03    4.62823479E+02   -2.68125172E+04
   1.79255634E-03    4.62231036E+02   -2.66582376E+04
   1.81499285E-03    4.61634628E+02   -2.65055145E+04
   1.83771018E-03    4.61034216E+02   -2.63543249E+04
   1.86071185E-03    4.60429760E+02   -2.62046457E+04
   1.88400142E-03    4.59821213E+02   -2.60564540E+04
   1.90758250E-03    4.59208528E+02   -2.59097269E+04
   1.93145872E-03    4.58591652E+02   -2.57644417E+04
   1.95563380E-03    4.57970534E+02   -2.56205760E+04
   1.98011146E-03    4.57345136E+02   -2.54781082E+04
   2.00489549E-03    4.56715423E+02   -2.53370174E+04
   2.02998974E-03    4.56081358E+02   -2.51972827E+04
   2.05539808E-03    4.55442899E+02   -2.50588832E+04
   2.08112443E-03    4.54800002E+02   -2.49217981E+04
   2.10717280E-03    4.54152620E+02   -2.47860068E+04
   2.13354719E-03    4.53500702E+02   -2.46514886E+04
   2.16025171E-03    4.52844195E+02   -2.45182231E+04
   2.18729046E-03    4.52183041E+02   -2.43861897E+04
   2.21466765E-03    4.51517198E+02   -2.42553691E+04
   2.24238751E-03    4.50846628E+02   -2.41257423E+04
   2.27045432E-03    4.50171290E+02   -2.39972903E+04
   2.29887242E-03    4.49491142E+02   -2.38699945E+04
   2.32764623E-03    4.48806138E+02   -2.37438361E+04
   2.35678018E-03    4.48116227E+02   -2.36187964E+04
   2.38627878E-03    4.47421359E+02   -2.34948568E+04
   2.41614660E-03    4.46721476E+02   -2.33719987E+04
   2.44638826E-03    4.46016519E+02   -2.32502037E+04
   2.47700845E-03    4.45306436E+02   -2.31294537E+04
   2.50801189E-03    4.44591188E+02   -2.30097318E+04
   2.53940338E-03    4.43870732E+02   -2.28910208E+04
   2.57118778E-03    4.43145023E+02   -2.27733038E+04
   2.60337002E-03    4.42414013E+02   -2.26565640E+04
   2.63595506E-03    4.41677652E+02   -2.25407843E+04
   2.66894795E-03    4.40935884E+02   -2.24259481E+04
   2.70235380E-03    4.40188654E+02   -2.23120385E+04
   2.73617777E-03    4.39435898E+02   -2.21990387E+04
   2.77042510E-03    4.38677558E+02   -2.20869322E+04
   2.80510108E-03    4.37913591E+02   -2.19757034E+04
   2.84021109E-03    4.37143951E+02   -2.18653370E+04
   2.87576055E-03    4.36368592E+02   -2.17558176E+04
   2.91175496E-03    4.35587465E+02   -2.16471300E+04
   2.94819990E-03    4.34800517E+02   -2.15392588E+04
   2.98510100E-03    4.34007692E+02   -2.14321889E+04
   3.02246397E-03    4.33208932E+02   -2.13259049E+04
   3.06029460E-03    4.32404173E+02   -2.12203917E+04
   3.09859873E-03    4.31593353E+02   -2.11156341E+04
   3.13738229E-03    4.30776421E+02   -2.10116178E+04
   3.17665129E-03    4.29953333E+02   -2.09083290E+04
   3.21641180E-03    4.29124039E+02   -2.08057538E+04
   3.25666997E-03    4.28288490E+02   -2.07038783E+04
   3.29743203E-03    4.27446631E+02   -2.06026887E+04
   3.33870429E-03    4.26598407E+02   -2.05021711E+04
   3.38049313E-03    4.25743757E+02   -2.04023118E+04
   3.42280502E-03    4.24882617E+02   -2.03030969E+04
   3.46564651E-03    4.24014922E+02   -2.02045126E+04
   3.50902422E-03    4.23140615E+02   -2.01065456E+04
   3.55294487E-03    4.22259649E+02   -2.00091833E+04
   3.59741525E-03    4.21371975E+02   -1.99124133E+04
   3.64244225E-03    4.20477542E+02   -1.98162229E+04
   3.68803282E-03    4.19576297E+02   -1.97205997E+04
   3.73419403E-03    4.18668183E+02   -1.96255310E+04
   3.78093301E-03    4.17753139E+02   -1.95310045E+04
   3.82825700E-03    4.16831103E+02   -1.94370074E+04
   3.87617333E-03    4.15902008E+02   -1.93435273E+04
   3.92468939E-03    4.14965790E+02   -1.92505519E+04
   3.97381271E-03    4.14022401E+02   -1.91580696E+04
   4.02355087E-03    4.13071792E+02   -1.90660691E+04
   4.07391159E-03    4.12113911E+02   -1.89745390E+04
   4.12490264E-03    4.11148706E+02   -1.88834680E+04
   4.17653193E-03    4.10176121E+02   -1.87928448E+04
   4.22880742E-03    4.09196095E+02   -1.87026580E+04
   4.28173723E-03    4.08208567E+02   -1.86128962E+04
   4.33532953E-03    4.07213472E+02   -1.85235480E+04
   4.38959262E-03    4.06210742E+02   -1.84346021E+04
   4.44453489E-03    4.05200326E+02   -1.83460479E+04
   4.50016484E-03    4.04182177E+02   -1.82578751E+04
   4.55649109E-03    4.03156246E+02   -1.81700736E+04
   4.61352234E-03    4.02122479E+02   -1.80826331E+04
   4.67126742E-03    4.01080822E+02   -1.79955433E+04
   4.72973527E-03    4.00031219E+02   -1.79087939E+04
   4.78893493E-03    3.98973608E+02   -1.78223747E+04
   4.84887557E-03    3.97907927E+02   -1.77362754E+04
   4.90956644E-03    3.96834109E+02   -1.76504855E+04
   4.97101696E-03    3.95752098E+02   -1.75649954E+04
   5.03323662E-03    3.94661849E+02   -1.74797957E+04
   5.09623505E-03    3.93563315E+02   -1.73948772E+04
   5.16002200E-03    3.92456446E+02   -1.73102308E+04
   5.22460734E-03    3.91341191E+02   -1.72258473E+04
   5.29000106E-03    3.90217498E+02   -1.71417174E+04
   5.35621328E-03    3.89085309E+02   -1.70578319E+04
   5.42325424E-03    3.87944566E+02   -1.69741816E+04
   5.49113432E-03    3.86795205E+02   -1.68907570E+04
   5.55986402E-03    3.85637168E+02   -1.68075491E+04
   5.62945398E-03    3.84470411E+02   -1.67245496E+04
   5.69991495E-03    3.83294890E+02   -1.66417502E+04
   5.77125785E-03    3.82110561E+02   -1.65591428E+04
   5.84349371E-03    3.80917379E+02   -1.64767191E+04
   5.91663372E-03    3.79715294E+02   -1.63944710E+04
   5.99068917E-03    3.78504256E+02   -1.63123901E+04
   6.06567155E-03    3.77284211E+02   -1.62304683E+04
   6.14159243E-03    3.76055103E+02   -1.61486973E+04
   6.21846358E-03    3.74816875E+02   -1.60670687E+04
   6.29629689E-03    3.73569484E+02   -1.59855750E+04
   6.37510439E-03    3.72312895E+02   -1.59042091E+04
   6.45489829E-03    3.71047070E+02   -1.58229636E+04
   6.53569093E-03    3.69771969E+02   -1.57418316E+04
   6.61749481E-03    3.68487553E+02   -1.56608056E+04
   6.70032258E-03    3.67193776E+02   -1.55798785E+04
   6.78418707E-03    3.65890595E+02   -1.54990430E+04
   6.86910125E-03    3.64577960E+02   -1.54182918E+04
   6.95507825E-03    3.63255822E+02   -1.53376177E+04
   7.04213138E-03    3.61924138E+02   -1.52570137E+04
   7.13027412E-03    3.60582881E+02   -1.51764736E+04
   7.21952009E-03    3.59232023E+02   -1.50959911E+04
   7.30988310E-03    3.57871535E+02   -1.50155602E+04
   7.40137714E-03    3.56501385E+02   -1.49351747E+04
   7.49401637E-03    3.55121541E+02   -1.48548283E+04
   7.58781511E-03    3.53731970E+02   -1.47745149E+04
   7.68278789E-03    3.52332634E+02   -1.46942282E+04
   7.77894939E-03    3.50923495E+02   -1.46139620E+04
   7.87631449E-03    3.49504516E+02   -1.45337102E+04
   7.97489826E-03    3.48075675E+02   -1.44534673E+04
   8.07471596E-03    3.46636958E+02   -1.43732282E+04
   8.17578302E-03    3.45188348E+02   -1.42929878E+04
   8.27811509E-03    3.43729827E+02   -1.42127411E+04
   8.38172799E-03    3.42261376E+02   -1.41324828E+04
   8.48663776E-03    3.40782974E+02   -1.40522079E+04
   8.59286064E-03    3.39294601E+02   -1.39719112E+04
   8.70041305E-03    3.37796231E+02   -1.38915876E+04
   8.80931164E-03    3.36287839E+02   -1.38112320E+04
   8.91957326E-03    3.34769414E+02   -1.37308397E+04
   9.03121496E-03    3.33240957E+02   -1.36504069E+04
   9.14425403E-03    3.31702466E+02   -1.35699294E+04
   9.25870795E-03    3.30153941E+02   -1.34894034E+04
   9.37459443E-03    3.28595381E+02   -1.34088249E+04
   9.49193140E-03    3.27026783E+02   -1.33281899E+04
   9.61073702E-03    3.25448143E+02   -1.32474946E+04
   9.73102966E-03    3.23859456E+02   -1.31667349E+04
   9.85282795E-03    3.22260715E+02   -1.30859069E+04
   9.97615072E-03    3.20651917E+02   -1.30050067E+04
   1.01010171E-02    3.19033078E+02   -1.29240315E+04
   1.02274463E-02    3.17404218E+02   -1.28429785E+04
   1.03554580E-02    3.15765357E+02   -1.27618449E+04
   1.04850719E-02    3.14116515E+02   -1.26806280E+04
   1.06163082E-02    3.12457709E+02   -1.25993252E+04
   1.07491870E-02    3.10788959E+02   -1.25179337E+04
   1.08837291E-02    3.09110281E+02   -1.24364509E+04
   1.10199551E-02    3.07421691E+02   -1.23548741E+04
   1.11578862E-02    3.05723206E+02   -1.22732006E+04
   1.12975437E-02    3.04014861E+02   -1.21914286E+04
   1.14389492E-02    3.02296699E+02   -1.21095567E+04
   1.15821247E-02    3.00568766E+02   -1.20275834E+04
   1.17270922E-02    2.98831108E+02   -1.19455075E+04
   1.18738741E-02    2.97083768E+02   -1.18633276E+04
   1.20224933E-02    2.95326791E+02   -1.17810423E+04
   1.21729727E-02    2.93560223E+02   -1.16986505E+04
   1.23253355E-02    2.91784105E+02   -1.16161509E+04
   1.24796054E-02    2.89998482E+02   -1.15335421E+04
   1.26358062E-02    2.88203400E+02   -1.14508232E+04
   1.27939620E-02    2.86398929E+02   -1.13679940E+04
   1.29540975E-02    2.84585144E+02   -1.12850545E+04
   1.31162373E-02    2.82762119E+02   -1.12020050E+04
   1.32804064E-02    2.80929930E+02   -1.11188455E+04
   1.34466304E-02    2.79088652E+02   -1.10355763E+04
   1.36149350E-02    2.77238361E+02   -1.09521975E+04
   1.37853461E-02    2.75379132E+02   -1.08687095E+04
   1.39578902E-02    2.73511039E+02   -1.07851125E+04
   1.41325939E-02    2.71634158E+02   -1.07014069E+04
   1.43094843E-02    2.69748584E+02   -1.06175936E+04
   1.44885888E-02    2.67854426E+02   -1.05336744E+04
   1.46699350E-02    2.65951793E+02   -1.04496511E+04
   1.48535510E-02    2.64040795E+02   -1.03655254E+04
   1.50394653E-02    2.62121543E+02   -1.02812990E+04
   1.52277065E-02    2.60194148E+02   -1.01969739E+04
   1.54183039E-02    2.58258720E+02   -1.01125520E+04
   1.56112868E-02    2.56315369E+02   -1.00280350E+04
   1.58066853E-02    2.54364206E+02   -9.94342488E+03
   1.60045294E-02    2.52405345E+02   -9.85872374E+03
   1.62048499E-02    2.50438928E+02   -9.77393473E+03
   1.64076776E-02    2.48465102E+02   -9.68906126E+03
   1.66130441E-02    2.46484016E+02   -9.60410681E+03
   1.68209810E-02    2.44495821E+02   -9.51907491E+03
   1.70315205E-02    2.42500664E+02   -9.43396910E+03
   1.72446953E-02    2.40498697E+02   -9.34879296E+03
   1.74605383E-02    2.38490068E+02   -9.26355006E+03
   1.76790829E-02    2.36474926E+02   -9.17824397E+03
   1.79003628E-02    2.34453422E+02   -9.09287834E+03
   1.81244125E-02    2.32425729E+02   -9.00745773E+03
   1.83512664E-02    2.30392036E+02   -8.92198732E+03
   1.85809597E-02    2.28352533E+02   -8.83647231E+03
   1.88135280E-02    2.26307408E+02   -8.75091796E+03
   1.90490073E-02    2.24256853E+02   -8.66532953E+03
   1.92874339E-02    2.22201057E+02   -8.57971230E+03
   1.95288448E-02    2.20140210E+02   -8.49407152E+03
   1.97732773E-02    2.18074500E+02   -8.40841244E+03
   2.00207692E-02    2.16004116E+02   -8.32274033E+03
   2.02713589E-02    2.13929272E+02   -8.23706144E+03
   2.05250850E-02    2.11850195E+02   -8.15138251E+03
   2.07819869E-02    2.09767110E+02   -8.06571031E+03
   2.10421044E-02    2.07680244E+02   -7.98005161E+03
   2.13054776E-02    2.05589823E+02   -7.89441316E+03
   2.15721472E-02    2.03496072E+02   -7.80880166E+03
   2.18421547E-02    2.01399214E+02   -7.72322380E+03
   2.21155417E-02    1.99299490E+02   -7.63768695E+03
   2.23923506E-02    1.97197157E+02   -7.55219908E+03
   2.26726241E-02    1.95092470E+02   -7.46676817E+03
   2.29564056E-02    1.92985685E+02   -7.38140213E+03
   2.32437391E-02    1.90877056E+02   -7.29610886E+03
   2.35346691E-02    1.88766832E+02   -7.21089611E+03
   2.38292404E-02    1.86655268E+02   -7.12577182E+03
   2.41274987E-02    1.84542644E+02   -7.04074485E+03
   2.44294902E-02    1.82429243E+02   -6.95582432E+03
   2.47352615E-02    1.80315349E+02   -6.87101925E+03
   2.50448601E-02    1.78201241E+02   -6.78633859E+03
   2.53583337E-02    1.76087197E+02   -6.70179116E+03
   2.56757309E-02    1.73973491E+02   -6.61738567E+03
   2.59971008E-02    1.71860419E+02   -6.53313164E+03
   2.63224931E-02    1.69748290E+02   -6.44903921E+03
   2.66519582E-02    1.67637413E+02   -6.36511842E+03
   2.69855471E-02    1.65528092E+02   -6.28137916E+03
   2.73233112E-02    1.63420628E+02   -6.19783115E+03
   2.76653031E-02    1.61315318E+02   -6.11448400E+03
   2.80115754E-02    1.59212474E+02   -6.03134792E+03
   2.83621819E-02    1.57112417E+02   -5.94843346E+03
   2.87171767E-02    1.55015464E+02   -5.86575095E+03
   2.90766148E-02    1.52921926E+02   -5.78331054E+03
   2.94405518E-02    1.50832130E+02   -5.70112308E+03
   2.98090441E-02    1.48746422E+02   -5.61920001E+03
   3.01821485E-02    1.46665141E+02   -5.53755259E+03
   3.05599229E-02    1.44588620E+02   -5.45619181E+03
   3.09424257E-02    1.42517184E+02   -5.37512838E+03
   3.13297162E-02    1.40451150E+02   -5.29437265E+03
   3.17218541E-02    1.38390834E+02   -5.21393496E+03
   3.21189002E-02    1.36336588E+02   -5.13382707E+03
   3.25209159E-02    1.34288772E+02   -5.05406103E+03
   3.29279635E-02    1.32247738E+02   -4.97464853E+03
   3.33401058E-02    1.30213827E+02   -4.89560092E+03
   3.37574068E-02    1.28187370E+02   -4.81692916E+03
   3.41799309E-02    1.26168694E+02   -4.73864389E+03
   3.46077435E-02    1.24158147E+02   -4.66075681E+03
   3.50409108E-02    1.22156089E+02   -4.58327987E+03
   3.54794998E-02    1.20162864E+02   -4.50622457E+03
   3.59235784E-02    1.18178807E+02   -4.42960193E+03
   3.63732154E-02    1.16204262E+02   -4.35342340E+03
   3.68284802E-02    1.14239588E+02   -4.27770099E+03
   3.72894433E-02    1.12285132E+02   -4.20244626E+03
   3.77561760E-02    1.10341228E+02   -4.12767021E+03
   3.82287507E-02    1.08408200E+02   -4.05338354E+03
   3.87072402E-02    1.06486401E+02   -3.97959799E+03
   3.91917188E-02    1.04576180E+02   -3.90632523E+03
   3.96822614E-02    1.02677871E+02   -3.83357629E+03
   4.01789438E-02    1.00791793E+02   -3.76136162E+03
   4.06818430E-02    9.89182811E+01   -3.68969239E+03
   4.11910367E-02    9.70576802E+01   -3.61858003E+03
   4.17066036E-02    9.52103153E+01   -3.54803527E+03
   4.22286237E-02    9.33764936E+01   -3.47806816E+03
   4.27571777E-02    9.15565386E+01   -3.40868937E+03
   4.32923472E-02    8.97507821E+01   -3.33990989E+03
   4.38342153E-02    8.79595354E+01   -3.27173996E+03
   4.43828656E-02    8.61830916E+01   -3.20418906E+03
   4.49383830E-02    8.44217612E+01   -3.13726742E+03
   4.55008536E-02    8.26758538E+01   -3.07098521E+03
   4.60703644E-02    8.09456549E+01   -3.00535166E+03
   4.66470034E-02    7.92314403E+01   -2.94037567E+03
   4.72308599E-02    7.75335159E+01   -2.87606728E+03
   4.78220243E-02    7.58521744E+01   -2.81243608E+03
   4.84205879E-02    7.41876816E+01   -2.74949058E+03
   4.90266435E-02    7.25402800E+01   -2.68723842E+03
   4.96402848E-02    7.09102357E+01   -2.62568816E+03
   5.02616066E-02    6.92978168E+01   -2.56484847E+03
   5.08907053E-02    6.77032624E+01   -2.50472688E+03
   5.15276780E-02    6.61268056E+01   -2.44533074E+03
   5.21726234E-02    6.45686970E+01   -2.38666806E+03
   5.28256413E-02    6.30291611E+01   -2.32874587E+03
   5.34868327E-02    6.15083973E+01   -2.27157025E+03
   5.41562998E-02    6.00066180E+01   -2.21514780E+03
   5.48341463E-02    5.85240375E+01   -2.15948519E+03
   5.55204771E-02    5.70608413E+01   -2.10458801E+03
   5.62153983E-02    5.56171944E+01   -2.05046109E+03
   5.69190175E-02    5.41932943E+01   -1.99711051E+03
   5.76314435E-02    5.27893210E+01   -1.94454171E+03
   5.83527866E-02    5.14054161E+01   -1.89275866E+03
   5.90831584E-02    5.00416988E+01   -1.84176449E+03
   5.98226719E-02    4.86983294E+01   -1.79156393E+03
   6.05714415E-02    4.73754520E+01   -1.74216112E+03
   6.13295830E-02    4.60731700E+01   -1.69355864E+03
   6.20972138E-02    4.47915711E+01   -1.64575850E+03
   6.28744527E-02    4.35307754E+01   -1.59876396E+03
   6.36614198E-02    4.22908734E+01   -1.55257720E+03
   6.44582370E-02    4.10719135E+01   -1.50719877E+03
   6.52650276E-02    3.98739629E+01   -1.46262999E+03
   6.60819163E-02    3.86971140E+01   -1.41887315E+03
   6.69090296E-02    3.75414186E+01   -1.37592902E+03
   6.77464955E-02    3.64068810E+01   -1.33379657E+03
   6.85944435E-02    3.52934891E+01   -1.29247419E+03
   6.94530048E-02    3.42012908E+01   -1.25196255E+03
   7.03223123E-02    3.31303098E+01   -1.21226146E+03
   7.12025005E-02    3.20805208E+01   -1.17336885E+03
   7.20937055E-02    3.10518661E+01   -1.13528148E+03
   7.29960653E-02    3.00443387E+01   -1.09799803E+03
   7.39097195E-02    2.90579179E+01   -1.06151670E+03
   7.48348094E-02    2.80925321E+01   -1.02583379E+03
   7.57714781E-02    2.71480787E+01   -9.90944439E+02
   7.67198707E-02    2.62245165E+01   -9.56846142E+02
   7.76801338E-02    2.53217892E+01   -9.23535859E+02
   7.86524161E-02    2.44397887E+01   -8.91008602E+02
   7.96368679E-02    2.35783594E+01   -8.59257620E+02
   8.06336415E-02    2.27373926E+01   -8.28277954E+02
   8.16428913E-02    2.19167967E+01   -7.98065334E+02
   8.26647733E-02    2.11164287E+01   -7.68613562E+02
   8.36994457E-02    2.03361001E+01   -7.39914764E+02
   8.47470686E-02    1.95756700E+01   -7.11962871E+02
   8.58078040E-02    1.88349998E+01   -6.84751952E+02
   8.68818161E-02    1.81138971E+01   -6.58274060E+02
   8.79692710E-02    1.74121421E+01   -6.32520243E+02
   8.90703371E-02    1.67295687E+01   -6.07483609E+02
   9.01851847E-02    1.60659820E+01   -5.83156209E+02
   9.13139862E-02    1.54211421E+01   -5.59528418E+02
   9.24569163E-02    1.47948389E+01   -5.36591771E+02
   9.36141519E-02    1.41868483E+01   -5.14337307E+02
   9.47858721E-02    1.35969126E+01   -4.92754820E+02
   9.59722580E-02    1.30248131E+01   -4.71835598E+02
   9.71734933E-02    1.24703017E+01   -4.51569861E+02
   9.83897639E-02    1.19330907E+01   -4.31946363E+02
   9.96212579E-02    1.14129323E+01   -4.12955388E+02
   1.00868166E-01    1.09095593E+01   -3.94586511E+02
   1.02130681E-01    1.04226801E+01   -3.76828423E+02
   1.03408998E-01    9.95202989E+00   -3.59670846E+02
   1.04703315E-01    9.49730580E+00   -3.43102104E+02
   1.06013833E-01    9.05821799E+00   -3.27111031E+02
   1.07340753E-01    8.63449194E+00   -3.11687055E+02
   1.08684282E-01    8.22580509E+00   -2.96817841E+02
   1.10044627E-01    7.83184865E+00   -2.82491589E+02
   1.11421999E-01    7.45233820E+00   -2.68697428E+02
   1.12816611E-01    7.08694478E+00   -2.55422854E+02
   1.14228678E-01    6.73535643E+00   -2.42656018E+02
   1.15658420E-01    6.39727590E+00   -2.30385637E+02
   1.17106057E-01    6.07236539E+00   -2.18598946E+02
   1.18571813E-01    5.76031623E+00   -2.07284279E+02
   1.20055915E-01    5.46081854E+00   -1.96429948E+02
   1.21558593E-01    5.17353310E+00   -1.86023195E+02
   1.23080080E-01    4.89815780E+00   -1.76052657E+02
   1.24620610E-01    4.63436800E+00   -1.66506157E+02
   1.26180422E-01    4.38183659E+00   -1.57371442E+02
   1.27759757E-01    4.14026220E+00   -1.48637229E+02
   1.29358860E-01    3.90931296E+00   -1.40291128E+02
   1.30977978E-01    3.68868074E+00   -1.32321638E+02
   1.32617362E-01    3.47804900E+00   -1.24716969E+02
   1.34277266E-01    3.27710444E+00   -1.17465463E+02
   1.35957945E-01    3.08555360E+00   -1.10556207E+02
   1.37659661E-01    2.90307232E+00   -1.03977176E+02
   1.39382676E-01    2.72936500E+00   -9.77174079E+01
   1.41127257E-01    2.56413976E+00   -9.17660907E+01
   1.42893674E-01    2.40708721E+00   -8.61117851E+01
   1.44682201E-01    2.25792817E+00   -8.07441714E+01
   1.46493113E-01    2.11636341E+00   -7.56522093E+01
   1.48326692E-01    1.98211458E+00   -7.08256341E+01
   1.50183221E-01    1.85492185E+00   -6.62548710E+01
   1.52062987E-01    1.73449441E+00   -6.19292245E+01
   1.53966281E-01    1.62055600E+00   -5.78385399E+01
   1.55893398E-01    1.51286440E+00   -5.39739191E+01
   1.57844635E-01    1.41115194E+00   -5.03255443E+01
   1.59820295E-01    1.31516018E+00   -4.68839434E+01
   1.61820683E-01    1.22466029E+00   -4.36407352E+01
   1.63846109E-01    1.13940113E+00   -4.05867325E+01
   1.65896887E-01    1.05914528E+00   -3.77132579E+01
   1.67973333E-01    9.83678322E-01   -3.50124789E+01
   1.70075768E-01    9.12766273E-01   -3.24758601E+01
   1.72204519E-01    8.46196791E-01   -3.00956593E+01
   1.74359915E-01    7.83767915E-01   -2.78645197E+01
   1.76542288E-01    7.25264760E-01   -2.57746216E+01
   1.78751977E-01    6.70500195E-01   -2.38191591E+01
   1.80989323E-01    6.19282454E-01   -2.19911649E+01
   1.83254673E-01    5.71422307E-01   -2.02837690E+01
   1.85548378E-01    5.26751431E-01   -1.86908649E+01
   1.87870791E-01    4.85090870E-01   -1.72059661E+01
   1.90222273E-01    4.46279905E-01   -1.58232512E+01
   1.92603187E-01    4.10159791E-01   -1.45369751E+01
   1.95013902E-01    3.76576227E-01   -1.33415577E+01
   1.97454791E-01    3.45385812E-01   -1.22318167E+01
   1.99926231E-01    3.16445269E-01   -1.12025786E+01
   2.02428605E-01    2.89623911E-01   -1.02491276E+01
   2.04962299E-01    2.64789806E-01   -9.36670677E+00
   2.07527707E-01    2.41823251E-01   -8.55100293E+00
   2.10125224E-01    2.20604052E-01   -7.79768852E+00
   2.12755253E-01    2.01024904E-01   -7.10290261E+00
   2.15418201E-01    1.82975557E-01   -6.46268122E+00
   2.18114480E-01    1.66357748E-01   -5.87349363E+00
   2.20844507E-01    1.51074083E-01   -5.33184289E+00
   2.23608704E-01    1.37034518E-01   -4.83449806E+00
   2.26407499E-01    1.24152705E-01   -4.37836292E+00
   2.29241325E-01    1.12347109E-01   -3.96051567E+00
   2.32110620E-01    1.01541108E-01   -3.57821251E+00
   2.35015829E-01    9.16618610E-02   -3.22884661E+00
   2.37957401E-01    8.26411256E-02   -2.90997731E+00
   2.40935792E-01    7.44146941E-02   -2.61930970E+00
   2.43951461E-01    6.69217190E-02   -2.35467035E+00
   2.47004876E-01    6.01059910E-02   -2.11405277E+00
   2.50096509E-01    5.39138491E-02   -1.89554257E+00
   2.53226838E-01    4.82962215E-02   -1.69739021E+00
   2.56396348E-01    4.32059861E-02   -1.51791660E+00
   2.59605529E-01    3.86001196E-02   -1.35558969E+00
   2.62854878E-01    3.44381591E-02   -1.20896945E+00
   2.66144897E-01    3.06823696E-02   -1.07671370E+00
   2.69476095E-01    2.72979761E-02   -9.57586310E-01
   2.72848989E-01    2.42523229E-02   -8.50427124E-01
   2.76264099E-01    2.15157493E-02   -7.54183040E-01
   2.79721955E-01    1.90601613E-02   -6.67857100E-01
   2.83223090E-01    1.68599978E-02   -5.90542794E-01
   2.86768048E-01    1.48917092E-02   -5.21405412E-01
   2.90357376E-01    1.31332831E-02   -4.59665150E-01
   2.93991630E-01    1.15649462E-02   -4.04621952E-01
   2.97671371E-01    1.01681260E-02   -3.55618605E-01
   3.01397171E-01    8.92606269E-03   -3.12062402E-01
   3.05169604E-01    7.82338300E-03   -2.73409949E-01
   3.08989255E-01    6.84589327E-03   -2.39159827E-01
   3.12856714E-01    5.98087468E-03   -2.08862969E-01
   3.16772580E-01    5.21659898E-03   -1.82105497E-01
   3.20737460E-01    4.54240888E-03   -1.58511536E-01
   3.24751965E-01    3.94873764E-03   -1.37743853E-01
   3.28816718E-01    3.42682257E-03   -1.19493717E-01
   3.32932348E-01    2.96875657E-03   -1.03482694E-01
   3.37099491E-01    2.56745824E-03   -8.94615548E-02
   3.41318791E-01    2.21649652E-03   -7.72040764E-02
   3.45590903E-01    1.91008369E-03   -6.65067703E-02
   3.49916486E-01    1.64306321E-03   -5.71884361E-02
   3.54296211E-01    1.41079493E-03   -4.90861001E-02
   3.58730754E-01    1.20911621E-03   -4.20536343E-02
   3.63220802E-01    1.03432470E-03   -3.59611351E-02
   3.67767050E-01    8.83128276E-04   -3.06931508E-02
   3.72370201E-01    7.52589842E-04   -2.61467308E-02
   3.77030967E-01    6.40100103E-04   -2.22304596E-02
   3.81750069E-01    5.43352610E-04   -1.88635722E-02
   3.86528238E-01    4.60311677E-04   -1.59748196E-02
   3.91366213E-01    3.89178222E-04   -1.35012644E-02
   3.96264742E-01    3.28367223E-04   -1.13874845E-02
   4.01224584E-01    2.76486261E-04   -9.58481569E-03
   4.06246506E-01    2.32315846E-04   -8.05065806E-03
   4.11331284E-01    1.94789687E-04   -6.74778104E-03
   4.16479706E-01    1.62976217E-04   -5.64367336E-03
   4.21692568E-01    1.36063682E-04   -4.71001850E-03
   4.26970677E-01    1.13346495E-04   -3.92221489E-03
   4.32314849E-01    9.42127882E-05   -3.25893865E-03
   4.37725911E-01    7.81331712E-05   -2.70174875E-03
   4.43204701E-01    6.46506599E-05   -2.23473380E-03
   4.48752066E-01    5.33716604E-05   -1.84419583E-03
   4.54368864E-01    4.39578800E-05   -1.51836685E-03
   4.60055966E-01    3.61192542E-05   -1.24716117E-03
   4.65814249E-01    2.96076773E-05   -1.02195591E-03
   4.71644606E-01    2.42114480E-05   -8.35396789E-04
   4.77547939E-01    1.97503696E-05   -6.81226744E-04
   4.83525161E-01    1.60714386E-05   -5.54135358E-04
   4.89577196E-01    1.30450641E-05   -4.49626822E-04
   4.95704982E-01    1.05617614E-05   -3.63904543E-04
   5.01909466E-01    8.52926737E-06   -2.93770550E-04
   5.08191608E-01    6.87003217E-06   -2.36538035E-04
   5.14552381E-01    5.51904243E-06   -1.89955527E-04
   5.20992768E-01    4.42193829E-06   -1.52141322E-04
   5.27513766E-01    3.53338881E-06   -1.21526946E-04
   5.34116384E-01    2.81569421E-06   -9.68085344E-05
   5.40801644E-01    2.23758711E-06   -7.69051610E-05
   5.47570580E-01    1.77320975E-06   -6.09232992E-05
   5.54424239E-01    1.40123664E-06   -4.81263552E-05
   5.61363681E-01    1.10412829E-06   -3.79087661E-05
   5.68389981E-01    8.67499977E-07   -2.97741019E-05
   5.75504226E-01    6.79588289E-07   -2.33165696E-05
   5.82707516E-01    5.30801330E-07   -1.82054258E-05
   5.90000966E-01    4.13342291E-07   -1.41719383E-05
   5.97385704E-01    3.20898386E-07   -1.09986167E-05
   6.04862873E-01    2.48362670E-07   -8.50958798E-06
   6.12433631E-01    1.91624692E-07   -6.56335577E-06
   6.20099147E-01    1.47382597E-07   -5.04630560E-06
   6.27860609E-01    1.12993615E-07   -3.86753930E-06
   6.35719217E-01    8.63488833E-08   -2.95455231E-06
   6.43676187E-01    6.57711572E-08   -2.24970312E-06
   6.51732750E-01    4.99313227E-08   -1.70733299E-06
   6.59890153E-01    3.77793002E-08   -1.29138339E-06
   6.68149658E-01    2.84879647E-08   -9.73463218E-07
   6.76512544E-01    2.14080071E-08   -7.31293852E-07
   6.84980103E-01    1.60315565E-08   -5.47456533E-07
   6.93553646E-01    1.19631034E-08   -4.08391619E-07
   7.02234500E-01    8.89540422E-09   -3.03569708E-07
   7.11024008E-01    6.59051374E-09   -2.24839475E-07
   7.19923529E-01    4.86497360E-09   -1.65918604E-07
   7.28934441E-01    3.57797062E-09   -1.21986976E-07
   7.38058138E-01    2.62160791E-09   -8.93526285E-08
   7.47296032E-01    1.91358121E-09   -6.52003870E-08
   7.56649551E-01    1.39141650E-09   -4.73941683E-08
   7.66120144E-01    1.00781977E-09   -3.43175235E-08
   7.75709275E-01    7.27113591E-10   -2.47514966E-08
   7.85418429E-01    5.22500796E-10   -1.77808737E-08
   7.95249107E-01    3.73952846E-10   -1.27218636E-08
   8.05202830E-01    2.66547099E-10   -9.06518001E-09
   8.15281140E-01    1.89202238E-10   -6.43277134E-09
   8.25485594E-01    1.33744426E-10   -4.54587826E-09
   8.35817772E-01    9.41417467E-11   -3.19886153E-09
   8.46279273E-01    6.59789093E-11   -2.24124930E-09
   8.56871714E-01    4.60443299E-11   -1.56363002E-09
   8.67596736E-01    3.19910355E-11   -1.08607481E-09
   8.78455998E-01    2.21278144E-11   -7.51007686E-10
   8.89451179E-01    1.52374718E-11   -5.17004230E-10
   9.00583982E-01    1.04443408E-11   -3.54273199E-10
   9.11856128E-01    7.12468789E-12   -2.41601597E-10
   9.23269361E-01    4.83904929E-12   -1.64048402E-10
   9.34825448E-01    3.27069924E-12   -1.10848857E-10
   9.46526177E-01    2.19970175E-12   -7.45304348E-11
   9.58373358E-01    1.47267148E-12   -4.98834299E-11
   9.70368824E-01    9.81019175E-13   -3.32207306E-11
   9.82514431E-01    6.49714097E-13   -2.19955588E-11
   9.94812058E-01    4.28901714E-13   -1.45162629E-11
   1.00726361E+00    2.81353293E-13   -9.51990244E-12
   1.01987101E+00    1.83512355E-13   -6.20768391E-12
   1.03263621E+00    1.19214962E-13   -4.03163278E-12
   1.04556118E+00    7.69546376E-14   -2.60178471E-12
   1.05864793E+00    4.94032707E-14   -1.66985317E-12
   1.07189849E+00    3.16117902E-14   -1.06822316E-12
   1.08531489E+00    1.99560948E-14   -6.74172193E-13
   1.09889921E+00    1.26580339E-14   -4.27517908E-13
   1.11265357E+00    7.99600681E-15   -2.69997466E-13
   1.12658008E+00    4.96890648E-15   -1.67739227E-13
   1.14068090E+00    3.09649293E-15   -1.04505026E-13
   1.15495822E+00    1.90448935E-15   -6.42591816E-14
   1.16941424E+00    1.15125301E-15   -3.88334297E-14
   1.18405119E+00    7.07924276E-16   -2.38738621E-14
   1.19887135E+00    4.38862919E-16   -1.47975710E-14
   1.21387701E+00    2.62482655E-16   -8.84842955E-15
   1.22907048E+00    1.55008456E-16   -5.22404448E-15
   1.24445412E+00    9.34083314E-17   -3.14722914E-15
   1.26003032E+00    5.50531874E-17   -1.85440365E-15
   1.27580147E+00    3.08347526E-17   -1.03825591E-15
   1.29177002E+00    1.72577535E-17   -5.80889863E-16
   1.30793844E+00    1.05557581E-17   -3.55265106E-16
   1.32430923E+00    6.83134435E-18   -2.29925359E-16
   1.34088492E+00    4.24508015E-18   -1.42843138E-16
   1.35766809E+00    2.53485016E-18   -8.52038471E-17
   1.37466132E+00    1.45459208E-18   -4.87368675E-17
   1.39186725E+00    7.38046782E-19   -2.44928081E-17
   1.40928854E+00    0.00000000E+00    0.00000000E+00
   1.42692788E+00    0.00000000E+00    0.00000000E+00
   1.44478800E+00    0.00000000E+00    0.00000000E+00
   1.46287166E+00    0.00000000E+00    0.00000000E+00
   1.48118168E+00    0.00000000E+00    0.00000000E+00
   1.49972086E+00    0.00000000E+00    0.00000000E+00
   1.51849210E+00    0.00000000E+00    0.00000000E+00
   1.53749828E+00    0.00000000E+00    0.00000000E+00
   1.55674236E+00    0.00000000E+00    0.00000000E+00
   1.57622730E+00    0.00000000E+00    0.00000000E+00
   1.59595612E+00    0.00000000E+00    0.00000000E+00
   1.61593188E+00    0.00000000E+00    0.00000000E+00
   1.63615767E+00    0.00000000E+00    0.00000000E+00
   1.65663661E+00    0.00000000E+00    0.00000000E+00
   1.67737188E+00    0.00000000E+00    0.00000000E+00
   1.69836668E+00    0.00000000E+00    0.00000000E+00
   1.71962426E+00    0.00000000E+00    0.00000000E+00
   1.74114791E+00    0.00000000E+00    0.00000000E+00
   1.76294097E+00    0.00000000E+00    0.00000000E+00
   1.78500679E+00    0.00000000E+00    0.00000000E+00
   1.80734880E+00    0.00000000E+00    0.00000000E+00
   1.82997046E+00    0.00000000E+00    0.00000000E+00
   1.85287525E+00    0.00000000E+00    0.00000000E+00
   1.87606674E+00    0.00000000E+00    0.00000000E+00
   1.89954850E+00    0.00000000E+00    0.00000000E+00
   1.92332417E+00    0.00000000E+00    0.00000000E+00
   1.94739743E+00    0.00000000E+00    0.00000000E+00
   1.97177200E+00    0.00000000E+00    0.00000000E+00
   1.99645165E+00    0.00000000E+00    0.00000000E+00
   2.02144021E+00    0.00000000E+00    0.00000000E+00
   2.04674154E+00    0.00000000E+00    0.00000000E+00
   2.07235955E+00    0.00000000E+00    0.00000000E+00
   2.09829820E+00    0.00000000E+00    0.00000000E+00
   2.12456152E+00    0.00000000E+00    0.00000000E+00
   2.15115357E+00    0.00000000E+00    0.00000000E+00
   2.17807845E+00    0.00000000E+00    0.00000000E+00
   2.20534033E+00    0.00000000E+00    0.00000000E+00
   2.23294344E+00    0.00000000E+00    0.00000000E+00
   2.26089205E+00    0.00000000E+00    0.00000000E+00
   2.28919047E+00    0.00000000E+00    0.00000000E+00
   2.31784309E+00    0.00000000E+00    0.00000000E+00
   2.34685433E+00    0.00000000E+00    0.00000000E+00
   2.37622870E+00    0.00000000E+00    0.00000000E+00
   2.40597073E+00    0.00000000E+00    0.00000000E+00
   2.43608503E+00    0.00000000E+00    0.00000000E+00
   2.46657625E+00    0.00000000E+00    0.00000000E+00
   2.49744911E+00    0.00000000E+00    0.00000000E+00
   2.52870840E+00    0.00000000E+00    0.00000000E+00
   2.56035894E+00    0.00000000E+00    0.00000000E+00
   2.59240563E+00    0.00000000E+00    0.00000000E+00
   2.62485344E+00    0.00000000E+00    0.00000000E+00
   2.65770738E+00    0.00000000E+00    0.00000000E+00
   2.69097253E+00    0.00000000E+00    0.00000000E+00
   2.72465405E+00    0.00000000E+00    0.00000000E+00
   2.75875714E+00    0.00000000E+00    0.00000000E+00
   2.79328709E+00    0.00000000E+00    0.00000000E+00
   2.82824922E+00    0.00000000E+00    0.00000000E+00
   2.86364896E+00    0.00000000E+00    0.00000000E+00
   2.89949178E+00    0.00000000E+00    0.00000000E+00
   2.93578323E+00    0.00000000E+00    0.00000000E+00
   2.97252891E+00    0.00000000E+00    0.00000000E+00
   3.00973453E+00    0.00000000E+00    0.00000000E+00
   3.04740582E+00    0.00000000E+00    0.00000000E+00
   3.08554863E+00    0.00000000E+00    0.00000000E+00
   3.12416886E+00    0.00000000E+00    0.00000000E+00
   3.16327247E+00    0.00000000E+00    0.00000000E+00
   3.20286552E+00    0.00000000E+00    0.00000000E+00
   3.24295414E+00    0.00000000E+00    0.00000000E+00
   3.28354453E+00    0.00000000E+00    0.00000000E+00
   3.32464296E+00    0.00000000E+00    0.00000000E+00
   3.36625581E+00    0.00000000E+00    0.00000000E+00
   3.40838950E+00    0.00000000E+00    0.00000000E+00
   3.45105055E+00    0.00000000E+00    0.00000000E+00
   3.49424558E+00    0.00000000E+00    0.00000000E+00
   3.53798125E+00    0.00000000E+00    0.00000000E+00
   3.58226434E+00    0.00000000E+00    0.00000000E+00
   3.62710170E+00    0.00000000E+00    0.00000000E+00
   3.67250026E+00    0.00000000E+00    0.00000000E+00
   3.71846706E+00    0.00000000E+00    0.00000000E+00
   3.76500919E+00    0.00000000E+00    0.00000000E+00
   3.81213387E+00    0.00000000E+00    0.00000000E+00
   3.85984839E+00    0.00000000E+00    0.00000000E+00
   3.90816013E+00    0.00000000E+00    0.00000000E+00
   3.95707655E+00    0.00000000E+00    0.00000000E+00
   4.00660524E+00    0.00000000E+00    0.00000000E+00
   4.05675386E+00    0.00000000E+00    0.00000000E+00
   4.10753016E+00    0.00000000E+00    0.00000000E+00
   4.15894200E+00    0.00000000E+00    0.00000000E+00
   4.21099733E+00    0.00000000E+00    0.00000000E+00
   4.26370422E+00    0.00000000E+00    0.00000000E+00
   4.31707081E+00    0.00000000E+00    0.00000000E+00
   4.37110536E+00    0.00000000E+00    0.00000000E+00
   4.42581623E+00    0.00000000E+00    0.00000000E+00
   4.48121190E+00    0.00000000E+00    0.00000000E+00
   4.53730092E+00    0.00000000E+00    0.00000000E+00
   4.59409198E+00    0.00000000E+00    0.00000000E+00
   4.65159386E+00    0.00000000E+00    0.00000000E+00
   4.70981547E+00    0.00000000E+00    0.00000000E+00
   4.76876580E+00    0.00000000E+00    0.00000000E+00
   4.82845399E+00    0.00000000E+00    0.00000000E+00
   4.88888926E+00    0.00000000E+00    0.00000000E+00
   4.95008097E+00    0.00000000E+00    0.00000000E+00
   5.01203858E+00    0.00000000E+00    0.00000000E+00
   5.07477169E+00    0.00000000E+00    0.00000000E+00
   5.13828999E+00    0.00000000E+00    0.00000000E+00
   5.20260332E+00    0.00000000E+00    0.00000000E+00
   5.26772163E+00    0.00000000E+00    0.00000000E+00
   5.33365499E+00    0.00000000E+00    0.00000000E+00
   5.40041360E+00    0.00000000E+00    0.00000000E+00
   5.46800780E+00    0.00000000E+00    0.00000000E+00
   5.53644803E+00    0.00000000E+00    0.00000000E+00
   5.60574490E+00    0.00000000E+00    0.00000000E+00
   5.67590913E+00    0.00000000E+00    0.00000000E+00
   5.74695156E+00    0.00000000E+00    0.00000000E+00
   5.81888319E+00    0.00000000E+00    0.00000000E+00
   5.89171516E+00    0.00000000E+00    0.00000000E+00
   5.96545872E+00    0.00000000E+00    0.00000000E+00
   6.04012529E+00    0.00000000E+00    0.00000000E+00
   6.11572643E+00    0.00000000E+00    0.00000000E+00
   6.19227383E+00    0.00000000E+00    0.00000000E+00
   6.26977933E+00    0.00000000E+00    0.00000000E+00
   6.34825493E+00    0.00000000E+00    0.00000000E+00
   6.42771277E+00    0.00000000E+00    0.00000000E+00
   6.50816514E+00    0.00000000E+00    0.00000000E+00
   6.58962449E+00    0.00000000E+00    0.00000000E+00
   6.67210343E+00    0.00000000E+00    0.00000000E+00
   6.75561471E+00    0.00000000E+00    0.00000000E+00
   6.84017126E+00    0.00000000E+00    0.00000000E+00
   6.92578616E+00    0.00000000E+00    0.00000000E+00
   7.01247266E+00    0.00000000E+00    0.00000000E+00
   7.10024417E+00    0.00000000E+00    0.00000000E+00
   7.18911427E+00    0.00000000E+00    0.00000000E+00
   7.27909671E+00    0.00000000E+00    0.00000000E+00
   7.37020542E+00    0.00000000E+00    0.00000000E+00
   7.46245449E+00    0.00000000E+00    0.00000000E+00
   7.55585819E+00    0.00000000E+00    0.00000000E+00
   7.65043097E+00    0.00000000E+00    0.00000000E+00
   7.74618748E+00    0.00000000E+00    0.00000000E+00
   7.84314252E+00    0.00000000E+00    0.00000000E+00
   7.94131109E+00    0.00000000E+00    0.00000000E+00
   8.04070839E+00    0.00000000E+00    0.00000000E+00
   8.14134980E+00    0.00000000E+00    0.00000000E+00
   8.24325088E+00    0.00000000E+00    0.00000000E+00
   8.34642741E+00    0.00000000E+00    0.00000000E+00
   8.45089534E+00    0.00000000E+00    0.00000000E+00
   8.55667085E+00    0.00000000E+00    0.00000000E+00
   8.66377029E+00    0.00000000E+00    0.00000000E+00
   8.77221024E+00    0.00000000E+00    0.00000000E+00
   8.88200748E+00    0.00000000E+00    0.00000000E+00
   8.99317899E+00    0.00000000E+00    0.00000000E+00
   9.10574199E+00    0.00000000E+00    0.00000000E+00
   9.21971387E+00    0.00000000E+00    0.00000000E+00
   9.33511228E+00    0.00000000E+00    0.00000000E+00
   9.45195507E+00    0.00000000E+00    0.00000000E+00
   9.57026033E+00    0.00000000E+00    0.00000000E+00
   9.69004635E+00    0.00000000E+00    0.00000000E+00
   9.81133167E+00    0.00000000E+00    0.00000000E+00
   9.93413505E+00    0.00000000E+00    0.00000000E+00
   1.00584755E+01    0.00000000E+00    0.00000000E+00
   1.01843723E+01    0.00000000E+00    0.00000000E+00
   1.03118448E+01    0.00000000E+00    0.00000000E+00
   1.04409129E+01    0.00000000E+00    0.00000000E+00
   1.05715964E+01    0.00000000E+00    0.00000000E+00
   1.07039156E+01    0.00000000E+00    0.00000000E+00
   1.08378910E+01    0.00000000E+00    0.00000000E+00
   1.09735433E+01    0.00000000E+00    0.00000000E+00
   1.11108935E+01    0.00000000E+00    0.00000000E+00
   1.12499628E+01    0.00000000E+00    0.00000000E+00
   1.13907728E+01    0.00000000E+00    0.00000000E+00
   1.15333453E+01    0.00000000E+00    0.00000000E+00
   1.16777022E+01    0.00000000E+00    0.00000000E+00
   1.18238660E+01    0.00000000E+00    0.00000000E+00
   1.19718592E+01    0.00000000E+00    0.00000000E+00
   1.21217048E+01    0.00000000E+00    0.00000000E+00
   1.22734260E+01    0.00000000E+00    0.00000000E+00
   1.24270461E+01    0.00000000E+00    0.00000000E+00
   1.25825891E+01    0.00000000E+00    0.00000000E+00
   1.27400789E+01    0.00000000E+00    0.00000000E+00
   1.28995399E+01    0.00000000E+00    0.00000000E+00
   1.30609968E+01    0.00000000E+00    0.00000000E+00
   1.32244745E+01    0.00000000E+00    0.00000000E+00
   1.33899985E+01    0.00000000E+00    0.00000000E+00
   1.35575942E+01    0.00000000E+00    0.00000000E+00
   1.37272876E+01    0.00000000E+00    0.00000000E+00
   1.38991050E+01    0.00000000E+00    0.00000000E+00
   1.40730729E+01    0.00000000E+00    0.00000000E+00
   1.42492183E+01    0.00000000E+00    0.00000000E+00
   1.44275685E+01    0.00000000E+00    0.00000000E+00
   1.46081509E+01    0.00000000E+00    0.00000000E+00
   1.47909936E+01    0.00000000E+00    0.00000000E+00
   1.49761249E+01    0.00000000E+00    0.00000000E+00
   1.51635733E+01    0.00000000E+00    0.00000000E+00
   1.53533680E+01    0.00000000E+00    0.00000000E+00
   1.55455382E+01    0.00000000E+00    0.00000000E+00
   1.57401136E+01    0.00000000E+00    0.00000000E+00
   1.59371245E+01    0.00000000E+00    0.00000000E+00
   1.61366013E+01    0.00000000E+00    0.00000000E+00
   1.63385749E+01    0.00000000E+00    0.00000000E+00
   1.65430764E+01    0.00000000E+00    0.00000000E+00
   1.67501376E+01    0.00000000E+00    0.00000000E+00
   1.69597904E+01    0.00000000E+00    0.00000000E+00
   1.71720674E+01    0.00000000E+00    0.00000000E+00
   1.73870013E+01    0.00000000E+00    0.00000000E+00
   1.76046254E+01    0.00000000E+00    0.00000000E+00
   1.78249735E+01    0.00000000E+00    0.00000000E+00
   1.80480795E+01    0.00000000E+00    0.00000000E+00
   1.82739780E+01    0.00000000E+00    0.00000000E+00
   1.85027040E+01    0.00000000E+00    0.00000000E+00
   1.87342928E+01    0.00000000E+00    0.00000000E+00
   1.89687803E+01    0.00000000E+00    0.00000000E+00
   1.92062027E+01    0.00000000E+00    0.00000000E+00
   1.94465969E+01    0.00000000E+00    0.00000000E+00
   1.96899999E+01    0.00000000E+00    0.00000000E+00
   1.99364495E+01    0.00000000E+00    0.00000000E+00
   2.01859838E+01    0.00000000E+00    0.00000000E+00
   2.04386413E+01    0.00000000E+00    0.00000000E+00
   2.06944613E+01    0.00000000E+00    0.00000000E+00
   2.09534832E+01    0.00000000E+00    0.00000000E+00
   2.12157472E+01    0.00000000E+00    0.00000000E+00
   2.14812937E+01    0.00000000E+00    0.00000000E+00
   2.17501640E+01    0.00000000E+00    0.00000000E+00
   2.20223996E+01    0.00000000E+00    0.00000000E+00
   2.22980427E+01    0.00000000E+00    0.00000000E+00
   2.25771358E+01    0.00000000E+00    0.00000000E+00
   2.28597222E+01    0.00000000E+00    0.00000000E+00
   2.31458455E+01    0.00000000E+00    0.00000000E+00
   2.34355502E+01    0.00000000E+00    0.00000000E+00
   2.37288809E+01    0.00000000E+00    0.00000000E+00
   2.40258831E+01    0.00000000E+00    0.00000000E+00
   2.43266027E+01    0.00000000E+00    0.00000000E+00
   2.46310862E+01    0.00000000E+00    0.00000000E+00
   2.49393809E+01    0.00000000E+00    0.00000000E+00
   2.52515343E+01    0.00000000E+00    0.00000000E+00
   2.55675947E+01    0.00000000E+00    0.00000000E+00
   2.58876111E+01    0.00000000E+00    0.00000000E+00
   2.62116330E+01    0.00000000E+00    0.00000000E+00
   2.65397105E+01    0.00000000E+00    0.00000000E+00
   2.68718944E+01    0.00000000E+00    0.00000000E+00
   2.72082361E+01    0.00000000E+00    0.00000000E+00
   2.75487876E+01    0.00000000E+00    0.00000000E+00
   2.78936016E+01    0.00000000E+00    0.00000000E+00
   2.82427314E+01    0.00000000E+00    0.00000000E+00
   2.85962311E+01    0.00000000E+00    0.00000000E+00
   2.89541554E+01    0.00000000E+00    0.00000000E+00
   2.93165597E+01    0.00000000E+00    0.00000000E+00
   2.96835000E+01    0.00000000E+00    0.00000000E+00
   3.00550330E+01    0.00000000E+00    0.00000000E+00
   3.04312164E+01    0.00000000E+00    0.00000000E+00
   3.08121083E+01    0.00000000E+00    0.00000000E+00
   3.11977676E+01    0.00000000E+00    0.00000000E+00
   3.15882540E+01    0.00000000E+00    0.00000000E+00
   3.19836279E+01    0.00000000E+00    0.00000000E+00
   3.23839505E+01    0.00000000E+00    0.00000000E+00
   3.27892837E+01    0.00000000E+00    0.00000000E+00
   3.31996903E+01    0.00000000E+00    0.00000000E+00
   3.36152337E+01    0.00000000E+00    0.00000000E+00
   3.40359783E+01    0.00000000E+00    0.00000000E+00
   3.44619891E+01    0.00000000E+00    0.00000000E+00
   3.48933321E+01    0.00000000E+00    0.00000000E+00
   3.53300739E+01    0.00000000E+00    0.00000000E+00
   3.57722823E+01    0.00000000E+00    0.00000000E+00
   3.62200255E+01    0.00000000E+00    0.00000000E+00
   3.66733729E+01    0.00000000E+00    0.00000000E+00
   3.71323946E+01    0.00000000E+00    0.00000000E+00
   3.75971617E+01    0.00000000E+00    0.00000000E+00
   3.80677460E+01    0.00000000E+00    0.00000000E+00
   3.85442204E+01    0.00000000E+00    0.00000000E+00
   3.90266585E+01    0.00000000E+00    0.00000000E+00
   3.95151351E+01    0.00000000E+00    0.00000000E+00
   4.00097257E+01    0.00000000E+00    0.00000000E+00
   4.05105069E+01    0.00000000E+00    0.00000000E+00
   4.10175560E+01    0.00000000E+00    0.00000000E+00
   4.15309516E+01    0.00000000E+00    0.00000000E+00
   4.20507732E+01    0.00000000E+00    0.00000000E+00
   4.25771011E+01    0.00000000E+00    0.00000000E+00
   4.31100167E+01    0.00000000E+00    0.00000000E+00
   4.36496026E+01    0.00000000E+00    0.00000000E+00
   4.41959422E+01    0.00000000E+00    0.00000000E+00
   4.47491200E+01    0.00000000E+00    0.00000000E+00
   4.53092217E+01    0.00000000E+00    0.00000000E+00
   4.58763339E+01    0.00000000E+00    0.00000000E+00
   4.64505444E+01    0.00000000E+00    0.00000000E+00
   4.70319419E+01    0.00000000E+00    0.00000000E+00
   4.76206165E+01    0.00000000E+00    0.00000000E+00
   4.82166592E+01    0.00000000E+00    0.00000000E+00
   4.88201623E+01    0.00000000E+00    0.00000000E+00
   4.94312192E+01    0.00000000E+00    0.00000000E+00
   5.00499243E+01    0.00000000E+00    0.00000000E+00
   5.06763734E+01    0.00000000E+00    0.00000000E+00
   5.13106635E+01    0.00000000E+00    0.00000000E+00
   5.19528926E+01    0.00000000E+00    0.00000000E+00
   5.26031602E+01    0.00000000E+00    0.00000000E+00
   5.32615669E+01    0.00000000E+00    0.00000000E+00
   5.39282145E+01    0.00000000E+00    0.00000000E+00
   5.46032062E+01    0.00000000E+00    0.00000000E+00
   5.52866464E+01    0.00000000E+00    0.00000000E+00
   5.59786409E+01    0.00000000E+00    0.00000000E+00
   5.66792967E+01    0.00000000E+00    0.00000000E+00
   5.73887223E+01    0.00000000E+00    0.00000000E+00
   5.81070274E+01    0.00000000E+00    0.00000000E+00
   5.88343231E+01    0.00000000E+00    0.00000000E+00
   5.95707220E+01    0.00000000E+00    0.00000000E+00
   6.03163381E+01    0.00000000E+00    0.00000000E+00
   6.10712866E+01    0.00000000E+00    0.00000000E+00
   6.18356845E+01    0.00000000E+00    0.00000000E+00
   6.26096499E+01    0.00000000E+00    0.00000000E+00
   6.33933027E+01    0.00000000E+00    0.00000000E+00
   6.41867640E+01    0.00000000E+00    0.00000000E+00
   6.49901566E+01    0.00000000E+00    0.00000000E+00
   6.58036050E+01    0.00000000E+00    0.00000000E+00
   6.66272348E+01    0.00000000E+00    0.00000000E+00
   6.74611736E+01    0.00000000E+00    0.00000000E+00
   6.83055504E+01    0.00000000E+00    0.00000000E+00
   6.91604958E+01    0.00000000E+00    0.00000000E+00
   7.00261421E+01    0.00000000E+00    0.00000000E+00
   7.09026232E+01    0.00000000E+00    0.00000000E+00
   7.17900749E+01    0.00000000E+00    0.00000000E+00
   7.26886343E+01    0.00000000E+00    0.00000000E+00
   7.35984405E+01    0.00000000E+00    0.00000000E+00
   7.45196342E+01    0.00000000E+00    0.00000000E+00
   7.54523581E+01    0.00000000E+00    0.00000000E+00
   7.63967564E+01    0.00000000E+00    0.00000000E+00
   7.73529753E+01    0.00000000E+00    0.00000000E+00
   7.83211627E+01    0.00000000E+00    0.00000000E+00
   7.93014683E+01    0.00000000E+00    0.00000000E+00
   8.02940440E+01    0.00000000E+00    0.00000000E+00
   8.12990432E+01    0.00000000E+00    0.00000000E+00
   8.23166214E+01    0.00000000E+00    0.00000000E+00
   8.33469362E+01    0.00000000E+00    0.00000000E+00
   8.43901469E+01    0.00000000E+00    0.00000000E+00
   8.54464149E+01    0.00000000E+00    0.00000000E+00
   8.65159037E+01    0.00000000E+00    0.00000000E+00
   8.75987787E+01    0.00000000E+00    0.00000000E+00
   8.86952075E+01    0.00000000E+00    0.00000000E+00
   8.98053597E+01    0.00000000E+00    0.00000000E+00
   9.09294072E+01    0.00000000E+00    0.00000000E+00
   9.20675237E+01    0.00000000E+00    0.00000000E+00
   9.32198855E+01    0.00000000E+00    0.00000000E+00
   9.43866708E+01    0.00000000E+00    0.00000000E+00
   9.55680602E+01    0.00000000E+00    0.00000000E+00
   9.67642364E+01    0.00000000E+00    0.00000000E+00
   9.79753845E+01    0.00000000E+00    0.00000000E+00
   9.92016919E+01    0.00000000E+00    0.00000000E+00
   1.00443348E+02    0.00000000E+00    0.00000000E+00
   1.01700546E+02    0.00000000E+00    0.00000000E+00
   1.02973479E+02    0.00000000E+00    0.00000000E+00
   1.04262345E+02    0.00000000E+00    0.00000000E+00
   1.05567344E+02    0.00000000E+00    0.00000000E+00
   1.06888676E+02    0.00000000E+00    0.00000000E+00
   1.08226546E+02    0.00000000E+00    0.00000000E+00
   1.09581162E+02    0.00000000E+00    0.00000000E+00
   1.10952733E+02    0.00000000E+00    0.00000000E+00
   1.12341471E+02    0.00000000E+00    0.00000000E+00
   1.13747592E+02    0.00000000E+00    0.00000000E+00
   1.15171312E+02    0.00000000E+00    0.00000000E+00
   1.16612852E+02    0.00000000E+00    0.00000000E+00
   1.18072435E+02    0.00000000E+00    0.00000000E+00
   1.19550287E+02    0.00000000E+00    0.00000000E+00
   1.21046636E+02    0.00000000E+00    0.00000000E+00
   1.22561714E+02    0.00000000E+00    0.00000000E+00
   1.24095756E+02    0.00000000E+00    0.00000000E+00
   1.25648999E+02    0.00000000E+00    0.00000000E+00
   1.27221683E+02    0.00000000E+00    0.00000000E+00
   1.28814051E+02    0.00000000E+00    0.00000000E+00
   1.30426350E+02    0.00000000E+00    0.00000000E+00
   1.32058830E+02    0.00000000E+00    0.00000000E+00
   1.33711742E+02    0.00000000E+00    0.00000000E+00
   1.35385343E+02    0.00000000E+00    0.00000000E+00
   1.37079892E+02    0.00000000E+00    0.00000000E+00
   1.38795650E+02    0.00000000E+00    0.00000000E+00
   1.40532884E+02    0.00000000E+00    0.00000000E+00
   1.42291861E+02    0.00000000E+00    0.00000000E+00
   1.44072855E+02    0.00000000E+00    0.00000000E+00
   1.45876141E+02    0.00000000E+00    0.00000000E+00
   1.47701998E+02    0.00000000E+00    0.00000000E+00
   1.49550707E+02    0.00000000E+00    0.00000000E+00
   1.51422557E+02    0.00000000E+00    0.00000000E+00
   1.53317835E+02    0.00000000E+00    0.00000000E+00
   1.55236835E+02    0.00000000E+00    0.00000000E+00
   1.57179855E+02    0.00000000E+00    0.00000000E+00
   1.59147194E+02    0.00000000E+00    0.00000000E+00
   1.61139158E+02    0.00000000E+00    0.00000000E+00
   1.63156053E+02    0.00000000E+00    0.00000000E+00
   1.65198194E+02    0.00000000E+00    0.00000000E+00
   1.67265894E+02    0.00000000E+00    0.00000000E+00
   1.69359475E+02    0.00000000E+00    0.00000000E+00
   1.71479261E+02    0.00000000E+00    0.00000000E+00
   1.73625578E+02    0.00000000E+00    0.00000000E+00
   1.75798760E+02    0.00000000E+00    0.00000000E+00
   1.77999143E+02    0.00000000E+00    0.00000000E+00
   1.80227067E+02    0.00000000E+00    0.00000000E+00
   1.82482876E+02    0.00000000E+00    0.00000000E+00
