# Peaks:     0.179481  
   5.09901938E-05    6.88095406E-02    9.89308802E+02
   5.17571397E-05    6.95620480E-02    9.85444603E+02
   5.25356213E-05    7.03254100E-02    9.81649007E+02
   5.33258120E-05    7.10992933E-02    9.77911968E+02
   5.41278881E-05    7.18833223E-02    9.74223134E+02
   5.49420282E-05    7.26770764E-02    9.70571833E+02
   5.57684138E-05    7.34800871E-02    9.66947059E+02
   5.66072291E-05    7.42918352E-02    9.63337460E+02
   5.74586611E-05    7.51118903E-02    9.59733810E+02
   5.83228995E-05    7.59403628E-02    9.56136621E+02
   5.92001370E-05    7.67775179E-02    9.52548976E+02
   6.00905690E-05    7.76236412E-02    9.48974094E+02
   6.09943941E-05    7.84790391E-02    9.45415342E+02
   6.19118136E-05    7.93440411E-02    9.41876238E+02
   6.28430321E-05    8.02189854E-02    9.38360215E+02
   6.37882571E-05    8.11040496E-02    9.34868009E+02
   6.47476993E-05    8.19992979E-02    9.31398552E+02
   6.57215725E-05    8.29047908E-02    9.27950738E+02
   6.67100937E-05    8.38205869E-02    9.24523455E+02
   6.77134833E-05    8.47467432E-02    9.21115585E+02
   6.87319650E-05    8.56833162E-02    9.17726032E+02
   6.97657657E-05    8.66304017E-02    9.14354317E+02
   7.08151159E-05    8.75881354E-02    9.11000552E+02
   7.18802494E-05    8.85566598E-02    9.07664910E+02
   7.29614036E-05    8.95361234E-02    9.04347600E+02
   7.40588194E-05    9.05266808E-02    9.01048874E+02
   7.51727416E-05    9.15284925E-02    8.97769013E+02
   7.63034183E-05    9.25417054E-02    8.94508095E+02
   7.74511016E-05    9.35664474E-02    8.91265934E+02
   7.86160473E-05    9.46028486E-02    8.88042350E+02
   7.97985149E-05    9.56510430E-02    8.84837194E+02
   8.09987681E-05    9.67111685E-02    8.81650338E+02
   8.22170744E-05    9.77833674E-02    8.78481685E+02
   8.34537053E-05    9.88677834E-02    8.75331141E+02
   8.47089364E-05    9.99645602E-02    8.72198612E+02
   8.59830474E-05    1.01073846E-01    8.69084028E+02
   8.72763225E-05    1.02195793E-01    8.65987349E+02
   8.85890497E-05    1.03330559E-01    8.62908564E+02
   8.99215218E-05    1.04478307E-01    8.59847694E+02
   9.12740356E-05    1.05639199E-01    8.56804719E+02
   9.26468927E-05    1.06813390E-01    8.53779530E+02
   9.40403989E-05    1.08001036E-01    8.50772032E+02
   9.54548650E-05    1.09202300E-01    8.47782161E+02
   9.68906061E-05    1.10417352E-01    8.44809880E+02
   9.83479422E-05    1.11646363E-01    8.41855181E+02
   9.98271982E-05    1.12889507E-01    8.38918037E+02
   1.01328704E-04    1.14146953E-01    8.35998351E+02
   1.02852794E-04    1.15418872E-01    8.33096038E+02
   1.04399807E-04    1.16705440E-01    8.30211044E+02
   1.05970090E-04    1.18006840E-01    8.27343343E+02
   1.07563991E-04    1.19323260E-01    8.24492941E+02
   1.09181866E-04    1.20654891E-01    8.21659824E+02
   1.10824075E-04    1.22001914E-01    8.18843897E+02
   1.12490985E-04    1.23364514E-01    8.16045078E+02
   1.14182968E-04    1.24742883E-01    8.13263311E+02
   1.15900399E-04    1.26137219E-01    8.10498568E+02
   1.17643662E-04    1.27547725E-01    8.07750852E+02
   1.19413146E-04    1.28974607E-01    8.05020156E+02
   1.21209245E-04    1.30418063E-01    8.02306388E+02
   1.23032359E-04    1.31878294E-01    7.99609468E+02
   1.24882894E-04    1.33355508E-01    7.96929341E+02
   1.26761264E-04    1.34849919E-01    7.94265981E+02
   1.28667886E-04    1.36361748E-01    7.91619393E+02
   1.30603186E-04    1.37891220E-01    7.88989573E+02
   1.32567594E-04    1.39438548E-01    7.86376432E+02
   1.34561550E-04    1.41003952E-01    7.83779888E+02
   1.36585496E-04    1.42587657E-01    7.81199887E+02
   1.38639885E-04    1.44189896E-01    7.78636406E+02
   1.40725174E-04    1.45810910E-01    7.76089450E+02
   1.42841828E-04    1.47450940E-01    7.73559014E+02
   1.44990319E-04    1.49110220E-01    7.71045009E+02
   1.47171125E-04    1.50788989E-01    7.68547354E+02
   1.49384732E-04    1.52487491E-01    7.66065997E+02
   1.51631635E-04    1.54205981E-01    7.63600914E+02
   1.53912334E-04    1.55944718E-01    7.61152111E+02
   1.56227336E-04    1.57703967E-01    7.58719582E+02
   1.58577159E-04    1.59483981E-01    7.56303235E+02
   1.60962326E-04    1.61285019E-01    7.53902991E+02
   1.63383367E-04    1.63107349E-01    7.51518797E+02
   1.65840824E-04    1.64951247E-01    7.49150630E+02
   1.68335244E-04    1.66816995E-01    7.46798499E+02
   1.70867182E-04    1.68704881E-01    7.44462390E+02
   1.73437204E-04    1.70615179E-01    7.42142211E+02
   1.76045881E-04    1.72548174E-01    7.39837880E+02
   1.78693795E-04    1.74504156E-01    7.37549348E+02
   1.81381537E-04    1.76483425E-01    7.35276591E+02
   1.84109705E-04    1.78486291E-01    7.33019620E+02
   1.86878908E-04    1.80513062E-01    7.30778413E+02
   1.89689762E-04    1.82564041E-01    7.28552871E+02
   1.92542895E-04    1.84639536E-01    7.26342918E+02
   1.95438941E-04    1.86739865E-01    7.24148501E+02
   1.98378548E-04    1.88865354E-01    7.21969600E+02
   2.01362369E-04    1.91016341E-01    7.19806227E+02
   2.04391069E-04    1.93193161E-01    7.17658345E+02
   2.07465325E-04    1.95396143E-01    7.15525855E+02
   2.10585821E-04    1.97625623E-01    7.13408678E+02
   2.13753252E-04    1.99881949E-01    7.11306765E+02
   2.16968325E-04    2.02165477E-01    7.09220098E+02
   2.20231755E-04    2.04476575E-01    7.07148687E+02
   2.23544271E-04    2.06815606E-01    7.05092480E+02
   2.26906611E-04    2.09182929E-01    7.03051373E+02
   2.30319524E-04    2.11578911E-01    7.01025290E+02
   2.33783771E-04    2.14003931E-01    6.99014185E+02
   2.37300124E-04    2.16458382E-01    6.97018041E+02
   2.40869366E-04    2.18942661E-01    6.95036865E+02
   2.44492293E-04    2.21457162E-01    6.93070584E+02
   2.48169713E-04    2.24002277E-01    6.91119094E+02
   2.51902446E-04    2.26578409E-01    6.89182320E+02
   2.55691322E-04    2.29185973E-01    6.87260219E+02
   2.59537187E-04    2.31825395E-01    6.85352781E+02
   2.63440898E-04    2.34497110E-01    6.83460002E+02
   2.67403325E-04    2.37201544E-01    6.81581785E+02
   2.71425351E-04    2.39939126E-01    6.79718029E+02
   2.75507873E-04    2.42710295E-01    6.77868659E+02
   2.79651799E-04    2.45515507E-01    6.76033638E+02
   2.83858055E-04    2.48355229E-01    6.74212958E+02
   2.88127578E-04    2.51229933E-01    6.72406600E+02
   2.92461318E-04    2.54140079E-01    6.70614451E+02
   2.96860242E-04    2.57086138E-01    6.68836409E+02
   3.01325331E-04    2.60068593E-01    6.67072403E+02
   3.05857580E-04    2.63087939E-01    6.65322397E+02
   3.10457998E-04    2.66144690E-01    6.63586388E+02
   3.15127611E-04    2.69239354E-01    6.61864331E+02
   3.19867460E-04    2.72372435E-01    6.60156103E+02
   3.24678602E-04    2.75544448E-01    6.58461604E+02
   3.29562108E-04    2.78755922E-01    6.56780766E+02
   3.34519067E-04    2.82007399E-01    6.55113556E+02
   3.39550584E-04    2.85299439E-01    6.53459971E+02
   3.44657780E-04    2.88632593E-01    6.51819935E+02
   3.49841794E-04    2.92007411E-01    6.50193320E+02
   3.55103781E-04    2.95424457E-01    6.48580027E+02
   3.60444913E-04    2.98884310E-01    6.46979991E+02
   3.65866382E-04    3.02387564E-01    6.45393184E+02
   3.71369396E-04    3.05934829E-01    6.43819599E+02
   3.76955180E-04    3.09526702E-01    6.42259126E+02
   3.82624981E-04    3.13163785E-01    6.40711636E+02
   3.88380061E-04    3.16846694E-01    6.39177032E+02
   3.94221704E-04    3.20576065E-01    6.37655254E+02
   4.00151211E-04    3.24352548E-01    6.36146280E+02
   4.06169904E-04    3.28176805E-01    6.34650084E+02
   4.12279124E-04    3.32049483E-01    6.33166530E+02
   4.18480234E-04    3.35971243E-01    6.31695489E+02
   4.24774615E-04    3.39942759E-01    6.30236867E+02
   4.31163670E-04    3.43964727E-01    6.28790610E+02
   4.37648823E-04    3.48037859E-01    6.27356702E+02
   4.44231519E-04    3.52162870E-01    6.25935086E+02
   4.50913226E-04    3.56340468E-01    6.24525610E+02
   4.57695433E-04    3.60571373E-01    6.23128145E+02
   4.64579651E-04    3.64856326E-01    6.21742601E+02
   4.71567416E-04    3.69196086E-01    6.20368929E+02
   4.78660283E-04    3.73591432E-01    6.19007114E+02
   4.85859835E-04    3.78043139E-01    6.17657064E+02
   4.93167676E-04    3.82551977E-01    6.16318617E+02
   5.00585434E-04    3.87118736E-01    6.14991650E+02
   5.08114763E-04    3.91744226E-01    6.13676076E+02
   5.15757341E-04    3.96429279E-01    6.12371853E+02
   5.23514871E-04    4.01174744E-01    6.11078960E+02
   5.31389083E-04    4.05981456E-01    6.09797260E+02
   5.39381731E-04    4.10850259E-01    6.08526592E+02
   5.47494597E-04    4.15782017E-01    6.07266836E+02
   5.55729489E-04    4.20777618E-01    6.06017911E+02
   5.64088242E-04    4.25837968E-01    6.04779785E+02
   5.72572720E-04    4.30963991E-01    6.03552415E+02
   5.81184813E-04    4.36156593E-01    6.02335635E+02
   5.89926441E-04    4.41416698E-01    6.01129286E+02
   5.98799552E-04    4.46745249E-01    5.99933248E+02
   6.07806124E-04    4.52143215E-01    5.98747450E+02
   6.16948164E-04    4.57611589E-01    5.97571864E+02
   6.26227711E-04    4.63151368E-01    5.96406414E+02
   6.35646831E-04    4.68763540E-01    5.95250917E+02
   6.45207625E-04    4.74449114E-01    5.94105214E+02
   6.54912223E-04    4.80209120E-01    5.92969195E+02
   6.64762788E-04    4.86044618E-01    5.91842793E+02
   6.74761517E-04    4.91956689E-01    5.90725986E+02
   6.84910636E-04    4.97946412E-01    5.89618654E+02
   6.95212409E-04    5.04014862E-01    5.88520603E+02
   7.05669131E-04    5.10163140E-01    5.87431678E+02
   7.16283134E-04    5.16392373E-01    5.86351772E+02
   7.27056782E-04    5.22703715E-01    5.85280826E+02
   7.37992477E-04    5.29098342E-01    5.84218815E+02
   7.49092657E-04    5.35577423E-01    5.83165586E+02
   7.60359794E-04    5.42142131E-01    5.82120943E+02
   7.71796402E-04    5.48793666E-01    5.81084730E+02
   7.83405028E-04    5.55533256E-01    5.80056844E+02
   7.95188259E-04    5.62362157E-01    5.79037232E+02
   8.07148723E-04    5.69281648E-01    5.78025859E+02
   8.19289085E-04    5.76292994E-01    5.77022540E+02
   8.31612050E-04    5.83397473E-01    5.76027078E+02
   8.44120366E-04    5.90596392E-01    5.75039321E+02
   8.56816820E-04    5.97891088E-01    5.74059167E+02
   8.69704242E-04    6.05282929E-01    5.73086572E+02
   8.82785504E-04    6.12773300E-01    5.72121484E+02
   8.96063523E-04    6.20363573E-01    5.71163697E+02
   9.09541256E-04    6.28055140E-01    5.70213012E+02
   9.23221709E-04    6.35849421E-01    5.69269278E+02
   9.37107930E-04    6.43747872E-01    5.68332400E+02
   9.51203014E-04    6.51751978E-01    5.67402337E+02
   9.65510103E-04    6.59863239E-01    5.66479019E+02
   9.80032386E-04    6.68083143E-01    5.65562223E+02
   9.94773099E-04    6.76413202E-01    5.64651749E+02
   1.00973553E-03    6.84854960E-01    5.63747444E+02
   1.02492301E-03    6.93409996E-01    5.62849213E+02
   1.04033892E-03    7.02079921E-01    5.61957019E+02
   1.05598671E-03    7.10866361E-01    5.61070785E+02
   1.07186985E-03    7.19770930E-01    5.60190280E+02
   1.08799190E-03    7.28795268E-01    5.59315296E+02
   1.10435644E-03    7.37941050E-01    5.58445679E+02
   1.12096711E-03    7.47209984E-01    5.57581328E+02
   1.13782763E-03    7.56603817E-01    5.56722206E+02
   1.15494175E-03    7.66124310E-01    5.55868239E+02
   1.17231328E-03    7.75773213E-01    5.55019191E+02
   1.18994610E-03    7.85552302E-01    5.54174842E+02
   1.20784414E-03    7.95463387E-01    5.53335030E+02
   1.22601138E-03    8.05508319E-01    5.52499648E+02
   1.24445187E-03    8.15688983E-01    5.51668650E+02
   1.26316973E-03    8.26007290E-01    5.50841983E+02
   1.28216913E-03    8.36465135E-01    5.50019414E+02
   1.30145429E-03    8.47064438E-01    5.49200714E+02
   1.32102953E-03    8.57807156E-01    5.48385707E+02
   1.34089919E-03    8.68695285E-01    5.47574276E+02
   1.36106772E-03    8.79730861E-01    5.46766365E+02
   1.38153960E-03    8.90915952E-01    5.45961943E+02
   1.40231941E-03    9.02252609E-01    5.45160795E+02
   1.42341176E-03    9.13742903E-01    5.44362667E+02
   1.44482136E-03    9.25388944E-01    5.43567363E+02
   1.46655299E-03    9.37192880E-01    5.42774741E+02
   1.48861148E-03    9.49156902E-01    5.41984722E+02
   1.51100175E-03    9.61283240E-01    5.41197289E+02
   1.53372880E-03    9.73574135E-01    5.40412330E+02
   1.55679769E-03    9.86031814E-01    5.39629574E+02
   1.58021356E-03    9.98658546E-01    5.38848787E+02
   1.60398162E-03    1.01145664E+00    5.38069791E+02
   1.62810719E-03    1.02442844E+00    5.37292467E+02
   1.65259562E-03    1.03757634E+00    5.36516762E+02
   1.67745239E-03    1.05090277E+00    5.35742659E+02
   1.70268303E-03    1.06441015E+00    5.34969951E+02
   1.72829317E-03    1.07810092E+00    5.34198369E+02
   1.75428850E-03    1.09197754E+00    5.33427697E+02
   1.78067484E-03    1.10604253E+00    5.32657774E+02
   1.80745805E-03    1.12029845E+00    5.31888502E+02
   1.83464411E-03    1.13474791E+00    5.31119849E+02
   1.86223908E-03    1.14939355E+00    5.30351810E+02
   1.89024911E-03    1.16423799E+00    5.29584148E+02
   1.91868043E-03    1.17928388E+00    5.28816561E+02
   1.94753940E-03    1.19453388E+00    5.28048796E+02
   1.97683243E-03    1.20999072E+00    5.27280656E+02
   2.00656606E-03    1.22565716E+00    5.26512003E+02
   2.03674691E-03    1.24153603E+00    5.25742761E+02
   2.06738172E-03    1.25763019E+00    5.24972923E+02
   2.09847730E-03    1.27394253E+00    5.24202502E+02
   2.13004060E-03    1.29047592E+00    5.23431260E+02
   2.16207864E-03    1.30723327E+00    5.22658894E+02
   2.19459856E-03    1.32421750E+00    5.21885155E+02
   2.22760762E-03    1.34143159E+00    5.21109844E+02
   2.26111317E-03    1.35887856E+00    5.20332826E+02
   2.29512268E-03    1.37656150E+00    5.19554024E+02
   2.32964373E-03    1.39448353E+00    5.18773432E+02
   2.36468401E-03    1.41264778E+00    5.17990972E+02
   2.40025133E-03    1.43105739E+00    5.17206355E+02
   2.43635363E-03    1.44971551E+00    5.16419311E+02
   2.47299894E-03    1.46862534E+00    5.15629624E+02
   2.51019543E-03    1.48779015E+00    5.14837132E+02
   2.54795140E-03    1.50721323E+00    5.14041735E+02
   2.58627525E-03    1.52689793E+00    5.13243398E+02
   2.62517554E-03    1.54684765E+00    5.12442059E+02
   2.66466093E-03    1.56706573E+00    5.11637456E+02
   2.70474022E-03    1.58755558E+00    5.10829331E+02
   2.74542234E-03    1.60832065E+00    5.10017483E+02
   2.78671637E-03    1.62936442E+00    5.09201763E+02
   2.82863150E-03    1.65069045E+00    5.08382086E+02
   2.87117708E-03    1.67230231E+00    5.07558409E+02
   2.91436259E-03    1.69420360E+00    5.06730538E+02
   2.95819765E-03    1.71639791E+00    5.05898205E+02
   3.00269204E-03    1.73888888E+00    5.05061185E+02
   3.04785567E-03    1.76168021E+00    5.04219310E+02
   3.09369861E-03    1.78477563E+00    5.03372470E+02
   3.14023108E-03    1.80817893E+00    5.02520614E+02
   3.18746344E-03    1.83189392E+00    5.01663627E+02
   3.23540623E-03    1.85592438E+00    5.00801242E+02
   3.28407012E-03    1.88027417E+00    4.99933221E+02
   3.33346598E-03    1.90494717E+00    4.99059379E+02
   3.38360479E-03    1.92994730E+00    4.98179584E+02
   3.43449775E-03    1.95527855E+00    4.97293765E+02
   3.48615619E-03    1.98094491E+00    4.96401821E+02
   3.53859163E-03    2.00695040E+00    4.95503497E+02
   3.59181576E-03    2.03329902E+00    4.94598555E+02
   3.64584042E-03    2.05999487E+00    4.93686805E+02
   3.70067768E-03    2.08704205E+00    4.92768112E+02
   3.75633975E-03    2.11444473E+00    4.91842398E+02
   3.81283903E-03    2.14220710E+00    4.90909553E+02
   3.87018812E-03    2.17033334E+00    4.89969321E+02
   3.92839980E-03    2.19882766E+00    4.89021471E+02
   3.98748705E-03    2.22769431E+00    4.88065818E+02
   4.04746303E-03    2.25693758E+00    4.87102228E+02
   4.10834111E-03    2.28656181E+00    4.86130624E+02
   4.17013486E-03    2.31657136E+00    4.85150865E+02
   4.23285805E-03    2.34697056E+00    4.84162693E+02
   4.29652467E-03    2.37776379E+00    4.83165881E+02
   4.36114890E-03    2.40895546E+00    4.82160250E+02
   4.42674514E-03    2.44055003E+00    4.81145670E+02
   4.49332802E-03    2.47255198E+00    4.80122062E+02
   4.56091238E-03    2.50496580E+00    4.79089263E+02
   4.62951328E-03    2.53779598E+00    4.78047019E+02
   4.69914600E-03    2.57104703E+00    4.76995111E+02
   4.76982608E-03    2.60472350E+00    4.75933366E+02
   4.84156926E-03    2.63882997E+00    4.74861660E+02
   4.91439153E-03    2.67337106E+00    4.73779911E+02
   4.98830912E-03    2.70835135E+00    4.72687926E+02
   5.06333851E-03    2.74377545E+00    4.71585445E+02
   5.13949642E-03    2.77964798E+00    4.70472250E+02
   5.21679983E-03    2.81597356E+00    4.69348165E+02
   5.29526596E-03    2.85275689E+00    4.68213062E+02
   5.37491230E-03    2.89000266E+00    4.67066858E+02
   5.45575661E-03    2.92771555E+00    4.65909384E+02
   5.53781690E-03    2.96590021E+00    4.64740386E+02
   5.62111146E-03    3.00456134E+00    4.63559644E+02
   5.70565886E-03    3.04370362E+00    4.62366978E+02
   5.79147795E-03    3.08333177E+00    4.61162254E+02
   5.87858784E-03    3.12345052E+00    4.59945376E+02
   5.96700795E-03    3.16406457E+00    4.58716151E+02
   6.05675800E-03    3.20517860E+00    4.57474336E+02
   6.14785798E-03    3.24679730E+00    4.56219719E+02
   6.24032820E-03    3.28892536E+00    4.54952134E+02
   6.33418927E-03    3.33156748E+00    4.53671455E+02
   6.42946211E-03    3.37472837E+00    4.52377572E+02
   6.52616795E-03    3.41841268E+00    4.51070262E+02
   6.62432835E-03    3.46262503E+00    4.49749296E+02
   6.72396518E-03    3.50737006E+00    4.48414479E+02
   6.82510065E-03    3.55265239E+00    4.47065659E+02
   6.92775731E-03    3.59847665E+00    4.45702723E+02
   7.03195803E-03    3.64484740E+00    4.44325519E+02
   7.13772605E-03    3.69176918E+00    4.42933809E+02
   7.24508492E-03    3.73924649E+00    4.41527379E+02
   7.35405858E-03    3.78728382E+00    4.40106051E+02
   7.46467132E-03    3.83588564E+00    4.38669689E+02
   7.57694779E-03    3.88505638E+00    4.37218186E+02
   7.69091302E-03    3.93480042E+00    4.35751353E+02
   7.80659240E-03    3.98512207E+00    4.34268960E+02
   7.92401172E-03    4.03602560E+00    4.32770809E+02
   8.04319715E-03    4.08751526E+00    4.31256737E+02
   8.16417526E-03    4.13959524E+00    4.29726619E+02
   8.28697300E-03    4.19226970E+00    4.28180333E+02
   8.41161775E-03    4.24554268E+00    4.26617667E+02
   8.53813729E-03    4.29941817E+00    4.25038411E+02
   8.66655981E-03    4.35390010E+00    4.23442390E+02
   8.79691394E-03    4.40899234E+00    4.21829462E+02
   8.92922874E-03    4.46469871E+00    4.20199519E+02
   9.06353368E-03    4.52102291E+00    4.18552395E+02
   9.19985872E-03    4.57796855E+00    4.16887872E+02
   9.33823422E-03    4.63553914E+00    4.15205760E+02
   9.47869104E-03    4.69373811E+00    4.13505902E+02
   9.62126048E-03    4.75256885E+00    4.11788174E+02
   9.76597431E-03    4.81203461E+00    4.10052477E+02
   9.91286479E-03    4.87213853E+00    4.08298635E+02
   1.00619646E-02    4.93288359E+00    4.06526449E+02
   1.02133071E-02    4.99427268E+00    4.04735745E+02
   1.03669260E-02    5.05630860E+00    4.02926384E+02
   1.05228554E-02    5.11899403E+00    4.01098258E+02
   1.06811301E-02    5.18233149E+00    3.99251252E+02
   1.08417855E-02    5.24632335E+00    3.97385182E+02
   1.10048573E-02    5.31097182E+00    3.95499877E+02
   1.11703819E-02    5.37627899E+00    3.93595195E+02
   1.13383961E-02    5.44224679E+00    3.91671024E+02
   1.15089375E-02    5.50887703E+00    3.89727277E+02
   1.16820440E-02    5.57617129E+00    3.87763809E+02
   1.18577541E-02    5.64413095E+00    3.85780448E+02
   1.20361072E-02    5.71275724E+00    3.83777049E+02
   1.22171428E-02    5.78205121E+00    3.81753494E+02
   1.24009014E-02    5.85201373E+00    3.79709698E+02
   1.25874240E-02    5.92264549E+00    3.77645589E+02
   1.27767520E-02    5.99394691E+00    3.75561030E+02
   1.29689277E-02    6.06591818E+00    3.73455878E+02
   1.31639940E-02    6.13855927E+00    3.71330015E+02
   1.33619942E-02    6.21186997E+00    3.69183351E+02
   1.35629726E-02    6.28584983E+00    3.67015825E+02
   1.37669739E-02    6.36049814E+00    3.64827362E+02
   1.39740436E-02    6.43581388E+00    3.62617840E+02
   1.41842279E-02    6.51179579E+00    3.60387149E+02
   1.43975735E-02    6.58844234E+00    3.58135210E+02
   1.46141281E-02    6.66575175E+00    3.55861970E+02
   1.48339399E-02    6.74372200E+00    3.53567399E+02
   1.50570578E-02    6.82235067E+00    3.51251423E+02
   1.52835318E-02    6.90163503E+00    3.48913947E+02
   1.55134121E-02    6.98157205E+00    3.46554903E+02
   1.57467500E-02    7.06215839E+00    3.44174247E+02
   1.59835976E-02    7.14339043E+00    3.41771964E+02
   1.62240077E-02    7.22526420E+00    3.39348052E+02
   1.64680337E-02    7.30777532E+00    3.36902460E+02
   1.67157302E-02    7.39091899E+00    3.34435136E+02
   1.69671523E-02    7.47469010E+00    3.31946053E+02
   1.72223560E-02    7.55908320E+00    3.29435212E+02
   1.74813983E-02    7.64409246E+00    3.26902638E+02
   1.77443368E-02    7.72971164E+00    3.24348353E+02
   1.80112302E-02    7.81593399E+00    3.21772341E+02
   1.82821380E-02    7.90275235E+00    3.19174598E+02
   1.85571205E-02    7.99015917E+00    3.16555148E+02
   1.88362390E-02    8.07814650E+00    3.13914038E+02
   1.91195557E-02    8.16670597E+00    3.11251340E+02
   1.94071339E-02    8.25582869E+00    3.08567111E+02
   1.96990375E-02    8.34550521E+00    3.05861383E+02
   1.99953316E-02    8.43572563E+00    3.03134212E+02
   2.02960823E-02    8.52647959E+00    3.00385678E+02
   2.06013567E-02    8.61775631E+00    2.97615886E+02
   2.09112226E-02    8.70954448E+00    2.94824954E+02
   2.12257493E-02    8.80183212E+00    2.92012969E+02
   2.15450068E-02    8.89460668E+00    2.89180026E+02
   2.18690663E-02    8.98785515E+00    2.86326244E+02
   2.21979999E-02    9.08156400E+00    2.83451765E+02
   2.25318811E-02    9.17571921E+00    2.80556758E+02
   2.28707841E-02    9.27030614E+00    2.77641390E+02
   2.32147847E-02    9.36530936E+00    2.74705812E+02
   2.35639593E-02    9.46071293E+00    2.71750191E+02
   2.39183860E-02    9.55650036E+00    2.68774722E+02
   2.42781435E-02    9.65265460E+00    2.65779619E+02
   2.46433122E-02    9.74915787E+00    2.62765096E+02
   2.50139734E-02    9.84599166E+00    2.59731365E+02
   2.53902098E-02    9.94313687E+00    2.56678660E+02
   2.57721051E-02    1.00405739E+01    2.53607239E+02
   2.61597446E-02    1.01382823E+01    2.50517377E+02
   2.65532145E-02    1.02362410E+01    2.47409339E+02
   2.69526026E-02    1.03344282E+01    2.44283406E+02
   2.73579980E-02    1.04328213E+01    2.41139881E+02
   2.77694909E-02    1.05313973E+01    2.37979090E+02
   2.81871731E-02    1.06301322E+01    2.34801357E+02
   2.86111377E-02    1.07290014E+01    2.31607019E+02
   2.90414792E-02    1.08279795E+01    2.28396436E+02
   2.94782935E-02    1.09270406E+01    2.25169982E+02
   2.99216778E-02    1.10261575E+01    2.21928033E+02
   3.03717312E-02    1.11253027E+01    2.18670988E+02
   3.08285538E-02    1.12244479E+01    2.15399267E+02
   3.12922476E-02    1.13235641E+01    2.12113299E+02
   3.17629157E-02    1.14226211E+01    2.08813520E+02
   3.22406632E-02    1.15215883E+01    2.05500391E+02
   3.27255965E-02    1.16204344E+01    2.02174389E+02
   3.32178238E-02    1.17191269E+01    1.98835999E+02
   3.37174546E-02    1.18176330E+01    1.95485726E+02
   3.42246004E-02    1.19159187E+01    1.92124091E+02
   3.47393743E-02    1.20139494E+01    1.88751627E+02
   3.52618908E-02    1.21116897E+01    1.85368886E+02
   3.57922666E-02    1.22091034E+01    1.81976436E+02
   3.63306197E-02    1.23061535E+01    1.78574858E+02
   3.68770703E-02    1.24028021E+01    1.75164752E+02
   3.74317400E-02    1.24990108E+01    1.71746732E+02
   3.79947526E-02    1.25947401E+01    1.68321429E+02
   3.85662334E-02    1.26899497E+01    1.64889490E+02
   3.91463100E-02    1.27845989E+01    1.61451577E+02
   3.97351114E-02    1.28786459E+01    1.58008369E+02
   4.03327691E-02    1.29720482E+01    1.54560561E+02
   4.09394162E-02    1.30647625E+01    1.51108864E+02
   4.15551879E-02    1.31567448E+01    1.47654004E+02
   4.21802214E-02    1.32479505E+01    1.44196724E+02
   4.28146561E-02    1.33383340E+01    1.40737782E+02
   4.34586333E-02    1.34278492E+01    1.37277952E+02
   4.41122967E-02    1.35164490E+01    1.33818023E+02
   4.47757918E-02    1.36040862E+01    1.30358800E+02
   4.54492666E-02    1.36907122E+01    1.26901103E+02
   4.61328711E-02    1.37762782E+01    1.23445765E+02
   4.68267578E-02    1.38607347E+01    1.19993638E+02
   4.75310812E-02    1.39440315E+01    1.16545586E+02
   4.82459985E-02    1.40261177E+01    1.13102485E+02
   4.89716688E-02    1.41069423E+01    1.09665228E+02
   4.97082539E-02    1.41864532E+01    1.06234721E+02
   5.04559181E-02    1.42645977E+01    1.02811887E+02
   5.12148279E-02    1.43413232E+01    9.93976534E+01
   5.19851526E-02    1.44165764E+01    9.59929657E+01
   5.27670637E-02    1.44903035E+01    9.25987806E+01
   5.35607356E-02    1.45624500E+01    8.92160676E+01
   5.43663451E-02    1.46329615E+01    8.58458072E+01
   5.51840718E-02    1.47017831E+01    8.24889866E+01
   5.60140981E-02    1.47688594E+01    7.91466096E+01
   5.68566087E-02    1.48341353E+01    7.58196827E+01
   5.77117916E-02    1.48975547E+01    7.25092284E+01
   5.85798374E-02    1.49590620E+01    6.92162704E+01
   5.94609395E-02    1.50186010E+01    6.59418466E+01
   6.03552943E-02    1.50761158E+01    6.26869960E+01
   6.12631011E-02    1.51315502E+01    5.94527690E+01
   6.21845622E-02    1.51848481E+01    5.62402169E+01
   6.31198832E-02    1.52359535E+01    5.30503996E+01
   6.40692723E-02    1.52848104E+01    4.98843768E+01
   6.50329412E-02    1.53313631E+01    4.67432161E+01
   6.60111047E-02    1.53755560E+01    4.36279821E+01
   6.70039808E-02    1.54173340E+01    4.05397439E+01
   6.80117909E-02    1.54566421E+01    3.74795696E+01
   6.90347594E-02    1.54934258E+01    3.44485264E+01
   7.00731144E-02    1.55276311E+01    3.14476816E+01
   7.11270874E-02    1.55592045E+01    2.84780968E+01
   7.21969133E-02    1.55880931E+01    2.55408320E+01
   7.32828304E-02    1.56142446E+01    2.26369428E+01
   7.43850809E-02    1.56376076E+01    1.97674763E+01
   7.55039104E-02    1.56581314E+01    1.69334741E+01
   7.66395683E-02    1.56757660E+01    1.41359725E+01
   7.77923076E-02    1.56904627E+01    1.13759944E+01
   7.89623854E-02    1.57021736E+01    8.65455275E+00
   8.01500623E-02    1.57108519E+01    5.97265227E+00
   8.13556031E-02    1.57164519E+01    3.33128237E+00
   8.25792766E-02    1.57189294E+01    7.31419706E-01
   8.38213553E-02    1.57182413E+01   -1.82597421E+00
   8.50821163E-02    1.57143458E+01   -4.33995358E+00
   8.63618404E-02    1.57072029E+01   -6.80958983E+00
   8.76608129E-02    1.56967740E+01   -9.23397292E+00
   8.89793232E-02    1.56830220E+01   -1.16122114E+01
   9.03176654E-02    1.56659118E+01   -1.39434358E+01
   9.16761377E-02    1.56454097E+01   -1.62267973E+01
   9.30550427E-02    1.56214843E+01   -1.84614697E+01
   9.44546880E-02    1.55941060E+01   -2.06466515E+01
   9.58753854E-02    1.55632470E+01   -2.27815667E+01
   9.73174515E-02    1.55288821E+01   -2.48654650E+01
   9.87812079E-02    1.54909877E+01   -2.68976204E+01
   1.00266981E-01    1.54495431E+01   -2.88773427E+01
   1.01775101E-01    1.54045294E+01   -3.08039640E+01
   1.03305905E-01    1.53559306E+01   -3.26768499E+01
   1.04859734E-01    1.53037330E+01   -3.44954006E+01
   1.06436934E-01    1.52479253E+01   -3.62590441E+01
   1.08037857E-01    1.51884991E+01   -3.79672454E+01
   1.09662860E-01    1.51254489E+01   -3.96195059E+01
   1.11312304E-01    1.50587715E+01   -4.12153605E+01
   1.12986557E-01    1.49884670E+01   -4.27543818E+01
   1.14685993E-01    1.49145383E+01   -4.42361835E+01
   1.16410991E-01    1.48369913E+01   -4.56604173E+01
   1.18161934E-01    1.47558349E+01   -4.70267738E+01
   1.19939213E-01    1.46710811E+01   -4.83349866E+01
   1.21743225E-01    1.45827453E+01   -4.95848361E+01
   1.23574370E-01    1.44908458E+01   -5.07761341E+01
   1.25433058E-01    1.43954046E+01   -5.19087546E+01
   1.27319703E-01    1.42964464E+01   -5.29826007E+01
   1.29234724E-01    1.41939999E+01   -5.39976312E+01
   1.31178550E-01    1.40880967E+01   -5.49538497E+01
   1.33151612E-01    1.39787721E+01   -5.58513065E+01
   1.35154352E-01    1.38660646E+01   -5.66901010E+01
   1.37187215E-01    1.37500166E+01   -5.74703850E+01
   1.39250654E-01    1.36306731E+01   -5.81923508E+01
   1.41345130E-01    1.35080835E+01   -5.88562505E+01
   1.43471109E-01    1.33823003E+01   -5.94623822E+01
   1.45629064E-01    1.32533793E+01   -6.00110953E+01
   1.47819478E-01    1.31213800E+01   -6.05027888E+01
   1.50042838E-01    1.29863651E+01   -6.09379142E+01
   1.52299639E-01    1.28484011E+01   -6.13169746E+01
   1.54590385E-01    1.27075574E+01   -6.16405195E+01
   1.56915586E-01    1.25639072E+01   -6.19091548E+01
   1.59275761E-01    1.24175265E+01   -6.21235298E+01
   1.61671435E-01    1.22684951E+01   -6.22843519E+01
   1.64103143E-01    1.21168955E+01   -6.23923686E+01
   1.66571426E-01    1.19628135E+01   -6.24483799E+01
   1.69076834E-01    1.18063381E+01   -6.24532365E+01
   1.71619927E-01    1.16475611E+01   -6.24078302E+01
   1.74201270E-01    1.14865771E+01   -6.23131003E+01
   1.76821440E-01    1.13234837E+01   -6.21700300E+01
   1.79481019E-01    1.11583810E+01   -6.19796500E+01
   1.82180602E-01    1.09913717E+01   -6.17430236E+01
   1.84920789E-01    1.08225611E+01   -6.14612638E+01
   1.87702191E-01    1.06520567E+01   -6.11355165E+01
   1.90525428E-01    1.04799683E+01   -6.07669703E+01
   1.93391130E-01    1.03064075E+01   -6.03568396E+01
   1.96299935E-01    1.01314884E+01   -5.99063821E+01
   1.99252492E-01    9.95532643E+00   -5.94168837E+01
   2.02249458E-01    9.77803884E+00   -5.88896583E+01
   2.05291501E-01    9.59974424E+00   -5.83260466E+01
   2.08379301E-01    9.42056278E+00   -5.77274188E+01
   2.11513543E-01    9.24061577E+00   -5.70951680E+01
   2.14694928E-01    9.06002529E+00   -5.64307038E+01
   2.17924165E-01    8.87891446E+00   -5.57354587E+01
   2.21201973E-01    8.69740697E+00   -5.50108803E+01
   2.24529082E-01    8.51562712E+00   -5.42584330E+01
   2.27906234E-01    8.33369938E+00   -5.34795906E+01
   2.31334183E-01    8.15174817E+00   -5.26758327E+01
   2.34813691E-01    7.96989825E+00   -5.18486554E+01
   2.38345535E-01    7.78827405E+00   -5.09995585E+01
   2.41930501E-01    7.60699878E+00   -5.01300264E+01
   2.45569389E-01    7.42619630E+00   -4.92415734E+01
   2.49263010E-01    7.24598869E+00   -4.83356896E+01
   2.53012186E-01    7.06649719E+00   -4.74138649E+01
   2.56817754E-01    6.88784221E+00   -4.64775923E+01
   2.60680562E-01    6.71014207E+00   -4.55283381E+01
   2.64601471E-01    6.53351433E+00   -4.45675785E+01
   2.68581354E-01    6.35807424E+00   -4.35967637E+01
   2.72621099E-01    6.18393496E+00   -4.26173239E+01
   2.76721605E-01    6.01120811E+00   -4.16306891E+01
   2.80883788E-01    5.84000222E+00   -4.06382485E+01
   2.85108574E-01    5.67042404E+00   -3.96413895E+01
   2.89396906E-01    5.50257710E+00   -3.86414624E+01
   2.93749738E-01    5.33656232E+00   -3.76397971E+01
   2.98168042E-01    5.17247783E+00   -3.66377065E+01
   3.02652801E-01    5.01041772E+00   -3.56364424E+01
   3.07205016E-01    4.85047387E+00   -3.46372678E+01
   3.11825701E-01    4.69273404E+00   -3.36413899E+01
   3.16515886E-01    4.53728238E+00   -3.26499818E+01
   3.21276616E-01    4.38419947E+00   -3.16641913E+01
   3.26108953E-01    4.23356185E+00   -3.06851204E+01
   3.31013973E-01    4.08544212E+00   -2.97138373E+01
   3.35992770E-01    3.93990875E+00   -2.87513729E+01
   3.41046453E-01    3.79702596E+00   -2.77987137E+01
   3.46176148E-01    3.65685368E+00   -2.68568062E+01
   3.51383000E-01    3.51944739E+00   -2.59265542E+01
   3.56668168E-01    3.38485811E+00   -2.50088173E+01
   3.62032831E-01    3.25313234E+00   -2.41044102E+01
   3.67478184E-01    3.12431194E+00   -2.32141029E+01
   3.73005440E-01    2.99843415E+00   -2.23386183E+01
   3.78615832E-01    2.87553158E+00   -2.14786320E+01
   3.84310611E-01    2.75563209E+00   -2.06347732E+01
   3.90091045E-01    2.63875892E+00   -1.98076217E+01
   3.95958422E-01    2.52493061E+00   -1.89977101E+01
   4.01914052E-01    2.41416107E+00   -1.82055217E+01
   4.07959260E-01    2.30645955E+00   -1.74314917E+01
   4.14095394E-01    2.20183080E+00   -1.66760067E+01
   4.20323822E-01    2.10027502E+00   -1.59394050E+01
   4.26645933E-01    2.00178797E+00   -1.52219772E+01
   4.33063134E-01    1.90636111E+00   -1.45239665E+01
   4.39576857E-01    1.81398168E+00   -1.38455698E+01
   4.46188553E-01    1.72463265E+00   -1.31869381E+01
   4.52899696E-01    1.63829306E+00   -1.25481778E+01
   4.59711782E-01    1.55493817E+00   -1.19293523E+01
   4.66626328E-01    1.47453906E+00   -1.13304813E+01
   4.73644876E-01    1.39706384E+00   -1.07515459E+01
   4.80768991E-01    1.32247690E+00   -1.01924869E+01
   4.88000260E-01    1.25073881E+00   -9.65320585E+00
   4.95340295E-01    1.18180778E+00   -9.13357047E+00
   5.02790732E-01    1.11563838E+00   -8.63341187E+00
   5.10353230E-01    1.05218322E+00   -8.15253181E+00
   5.18029477E-01    9.91391500E-01   -7.69069811E+00
   5.25821183E-01    9.33210329E-01   -7.24765067E+00
   5.33730084E-01    8.77584465E-01   -6.82310194E+00
   5.41757943E-01    8.24456798E-01   -6.41674003E+00
   5.49906550E-01    7.73768192E-01   -6.02822880E+00
   5.58177720E-01    7.25457813E-01   -5.65721040E+00
   5.66573297E-01    6.79463385E-01   -5.30330753E+00
   5.75095153E-01    6.35721396E-01   -4.96612537E+00
   5.83745186E-01    5.94167088E-01   -4.64525225E+00
   5.92525325E-01    5.54734854E-01   -4.34026266E+00
   6.01437526E-01    5.17358312E-01   -4.05071838E+00
   6.10483776E-01    4.81970541E-01   -3.77617055E+00
   6.19666091E-01    4.48504187E-01   -3.51616090E+00
   6.28986518E-01    4.16891804E-01   -3.27022453E+00
   6.38447133E-01    3.87065764E-01   -3.03788980E+00
   6.48050046E-01    3.58958620E-01   -2.81868125E+00
   6.57797398E-01    3.32503198E-01   -2.61212067E+00
   6.67691359E-01    3.07632875E-01   -2.41772944E+00
   6.77734136E-01    2.84281440E-01   -2.23502801E+00
   6.87927967E-01    2.62383508E-01   -2.06353911E+00
   6.98275124E-01    2.41874529E-01   -1.90278827E+00
   7.08777913E-01    2.22690940E-01   -1.75230518E+00
   7.19438674E-01    2.04770281E-01   -1.61162490E+00
   7.30259785E-01    1.88051297E-01   -1.48028891E+00
   7.41243657E-01    1.72474051E-01   -1.35784618E+00
   7.52392737E-01    1.57979980E-01   -1.24385393E+00
   7.63709512E-01    1.44512077E-01   -1.13787919E+00
   7.75196502E-01    1.32014800E-01   -1.03949835E+00
   7.86856269E-01    1.20434279E-01   -9.48299017E-01
   7.98691411E-01    1.09718314E-01   -8.63880114E-01
   8.10704566E-01    9.98164182E-02   -7.85852487E-01
   8.22898412E-01    9.06799418E-02   -7.13839969E-01
   8.35275665E-01    8.22619225E-02   -6.47478451E-01
   8.47839086E-01    7.45172710E-02   -5.86417439E-01
   8.60591473E-01    6.74027276E-02   -5.30319866E-01
   8.73535670E-01    6.08768404E-02   -4.78862059E-01
   8.86674561E-01    5.49000861E-02   -4.31734793E-01
   9.00011074E-01    4.94346432E-02   -3.88641640E-01
   9.13548183E-01    4.44445841E-02   -3.49300555E-01
   9.27288904E-01    3.98957502E-02   -3.13443001E-01
   9.41236300E-01    3.57557556E-02   -2.80814042E-01
   9.55393479E-01    3.19939538E-02   -2.51172166E-01
   9.69763597E-01    2.85813797E-02   -2.24288878E-01
   9.84349857E-01    2.54907778E-02   -1.99948988E-01
   9.99155509E-01    2.26964159E-02   -1.77949180E-01
   1.01418385E+00    2.01742489E-02   -1.58099352E-01
   1.02943824E+00    1.79016419E-02   -1.40220459E-01
   1.04492207E+00    1.58574793E-02   -1.24145410E-01
   1.06063879E+00    1.40220389E-02   -1.09718091E-01
   1.07659191E+00    1.23769512E-02   -9.67930673E-02
   1.09278498E+00    1.09051447E-02   -8.52351660E-02
   1.10922161E+00    9.59076991E-03   -7.49188856E-02
   1.12590546E+00    8.41918524E-03   -6.57282968E-02
   1.14284026E+00    7.37682573E-03   -5.75560075E-02
   1.16002977E+00    6.45120841E-03   -5.03032114E-02
   1.17747784E+00    5.63084125E-03   -4.38789699E-02
   1.19518833E+00    4.90517924E-03   -3.81998655E-02
   1.21316522E+00    4.26455535E-03   -3.31894552E-02
   1.23141249E+00    3.70015066E-03   -2.87780331E-02
   1.24993423E+00    3.20389796E-03   -2.49018656E-02
   1.26873455E+00    2.76846961E-03   -2.15030930E-02
   1.28781764E+00    2.38720639E-03   -1.85291635E-02
   1.30718777E+00    2.05407448E-03   -1.59324901E-02
   1.32684924E+00    1.76363093E-03   -1.36701736E-02
   1.34680644E+00    1.51094860E-03   -1.17034067E-02
   1.36706382E+00    1.29160424E-03   -9.99737576E-03
   1.38762589E+00    1.10162418E-03   -8.52082859E-03
   1.40849724E+00    9.37449809E-04   -7.24579918E-03
   1.42968251E+00    7.95901307E-04   -6.14731773E-03
   1.45118643E+00    6.74144800E-04   -5.20314918E-03
   1.47301379E+00    5.69658710E-04   -4.39352517E-03
   1.49516946E+00    4.80210439E-04   -3.70095769E-03
   1.51765838E+00    4.03819091E-04   -3.10994358E-03
   1.54048555E+00    3.38739889E-04   -2.60683966E-03
   1.56365606E+00    2.83435170E-04   -2.17963289E-03
   1.58717509E+00    2.36556879E-04   -1.81780101E-03
   1.61104786E+00    1.96921836E-04   -1.51211704E-03
   1.63527971E+00    1.63498820E-04   -1.25454641E-03
   1.65987603E+00    1.35387852E-04   -1.03808357E-03
   1.68484230E+00    1.11808414E-04   -8.56658457E-04
   1.71018409E+00    9.20832655E-05   -7.05009137E-04
   1.73590705E+00    7.56278503E-05   -5.78598043E-04
   1.76201691E+00    6.19384788E-05   -4.73518994E-04
   1.78851949E+00    5.05824023E-05   -3.86419122E-04
   1.81542070E+00    4.11889516E-05   -3.14429248E-04
   1.84272652E+00    3.34415357E-05   -2.55101100E-04
   1.87044306E+00    2.70705641E-05   -2.06351837E-04
   1.89857648E+00    2.18471417E-05   -1.66414698E-04
   1.92713306E+00    1.75776222E-05   -1.33796402E-04
   1.95611916E+00    1.40984705E-05   -1.07237053E-04
   1.98554124E+00    1.12723960E-05   -8.56799431E-05
   2.01540586E+00    8.98397296E-06   -6.82374778E-05
   2.04571967E+00    7.13689307E-06   -5.41697667E-05
   2.07648944E+00    5.65088734E-06   -4.28607131E-05
   2.10772201E+00    4.45934301E-06   -3.37995112E-05
   2.13942436E+00    3.50713992E-06   -2.65638718E-05
   2.17160354E+00    2.74876424E-06   -2.08054201E-05
   2.20426673E+00    2.14686023E-06   -1.62384865E-05
   2.23742121E+00    1.67083002E-06   -1.26292919E-05
   2.27107437E+00    1.29567427E-06   -9.78700257E-06
   2.30523370E+00    1.00109269E-06   -7.55679376E-06
   2.33990683E+00    7.70625496E-07   -5.81324181E-06
   2.37510148E+00    5.90989530E-07   -4.45521757E-06
   2.41082549E+00    4.51501217E-07   -3.40145395E-06
   2.44708683E+00    3.43602996E-07   -2.58691182E-06
   2.48389358E+00    2.60464152E-07   -1.95972060E-06
   2.52125394E+00    1.96655880E-07   -1.47869018E-06
   2.55917624E+00    1.47880573E-07   -1.11124043E-06
   2.59766892E+00    1.10746084E-07   -8.31676658E-07
   2.63674058E+00    8.25922570E-08   -6.19865344E-07
   2.67639992E+00    6.13354370E-08   -4.60048909E-07
   2.71665578E+00    4.53545300E-08   -3.39977683E-07
   2.75751713E+00    3.33914835E-08   -2.50152770E-07
   2.79899307E+00    2.44756389E-08   -1.83250947E-07
   2.84109286E+00    1.78600404E-08   -1.33641061E-07
   2.88382587E+00    1.29734035E-08   -9.70195856E-08
   2.92720163E+00    9.38033999E-09   -7.01091670E-08
   2.97122980E+00    6.75066780E-09   -5.04262224E-08
   3.01592021E+00    4.83511404E-09   -3.60971254E-08
   3.06128281E+00    3.44644433E-09   -2.57155677E-08
   3.10732771E+00    2.44457115E-09   -1.82301058E-08
   3.15406517E+00    1.72534962E-09   -1.28596173E-08
   3.20150561E+00    1.21159054E-09   -9.02555548E-09
   3.24965961E+00    8.46463495E-10   -6.30225772E-09
   3.29853789E+00    5.88307029E-10   -4.37788714E-09
   3.34815135E+00    4.06724696E-10   -3.02507634E-09
   3.39851105E+00    2.79690647E-10   -2.07917847E-09
   3.44962822E+00    1.91286870E-10   -1.42128006E-09
   3.50151424E+00    1.30106884E-10   -9.66224778E-10
   3.55418068E+00    8.79988146E-11   -6.53191849E-10
   3.60763927E+00    5.91824488E-11   -4.39081984E-10
   3.66190195E+00    3.95714805E-11   -2.93444707E-10
   3.71698078E+00    2.63054681E-11   -1.94977295E-10
   3.77288807E+00    1.73832431E-11   -1.28785056E-10
   3.82963625E+00    1.14175281E-11   -8.45485014E-11
   3.88723799E+00    7.45356129E-12   -5.51695510E-11
   3.94570612E+00    4.83568345E-12   -3.57764999E-11
   4.00505367E+00    3.11730393E-12   -2.30529184E-11
   4.06529387E+00    1.99693084E-12   -1.47611199E-11
   4.12644015E+00    1.27091358E-12   -9.39040394E-12
   4.18850613E+00    8.03419544E-13   -5.93369028E-12
   4.25150564E+00    5.04603079E-13   -3.72519866E-12
   4.31545274E+00    3.14667028E-13   -2.32203999E-12
   4.38036166E+00    1.94996829E-13   -1.43836262E-12
   4.44624689E+00    1.19950519E-13   -8.84437358E-13
   4.51312310E+00    7.32117506E-14   -5.39598927E-13
   4.58100519E+00    4.44159720E-14   -3.27234665E-13
   4.64990831E+00    2.67404065E-14   -1.96933385E-13
   4.71984780E+00    1.59631453E-14   -1.17517288E-13
   4.79083925E+00    9.46152339E-15   -6.96274020E-14
   4.86289849E+00    5.56388147E-15   -4.09291835E-14
   4.93604157E+00    3.24648054E-15   -2.38731392E-14
   5.01028480E+00    1.86024833E-15   -1.36740062E-14
   5.08564473E+00    1.08368295E-15   -7.96319169E-15
   5.16213815E+00    6.21128979E-16   -4.56273394E-15
   5.23978211E+00    3.49820776E-16   -2.56880205E-15
   5.31859392E+00    1.93805644E-16   -1.42259817E-15
   5.39859114E+00    1.05332157E-16   -7.72853117E-16
   5.47979160E+00    5.97062603E-17   -4.37975875E-16
   5.56221341E+00    3.34735971E-17   -2.45501012E-16
   5.64587492E+00    1.79188399E-17   -1.31379957E-16
   5.73079479E+00    9.54655063E-18   -6.99642741E-17
   5.81699194E+00    4.85505092E-18   -3.55596011E-17
   5.90448559E+00    2.31107630E-18   -1.69134224E-17
   5.99329523E+00    1.20887061E-18   -8.84430292E-18
   6.08344067E+00    7.80821816E-19   -5.71669839E-18
   6.17494198E+00    4.99913305E-19   -3.66204425E-18
   6.26781957E+00    2.98839055E-19    0.00000000E+00
   6.36209414E+00    1.49974475E-19    0.00000000E+00
   6.45778670E+00    0.00000000E+00    0.00000000E+00
   6.55491857E+00    0.00000000E+00    0.00000000E+00
   6.65351141E+00    0.00000000E+00    0.00000000E+00
   6.75358719E+00    0.00000000E+00    0.00000000E+00
   6.85516821E+00    0.00000000E+00    0.00000000E+00
   6.95827711E+00    0.00000000E+00    0.00000000E+00
   7.06293688E+00    0.00000000E+00    0.00000000E+00
   7.16917085E+00    0.00000000E+00    0.00000000E+00
   7.27700268E+00    0.00000000E+00    0.00000000E+00
   7.38645642E+00    0.00000000E+00    0.00000000E+00
   7.49755646E+00    0.00000000E+00    0.00000000E+00
   7.61032756E+00    0.00000000E+00    0.00000000E+00
   7.72479485E+00    0.00000000E+00    0.00000000E+00
   7.84098385E+00    0.00000000E+00    0.00000000E+00
   7.95892046E+00    0.00000000E+00    0.00000000E+00
   8.07863095E+00    0.00000000E+00    0.00000000E+00
   8.20014202E+00    0.00000000E+00    0.00000000E+00
   8.32348074E+00    0.00000000E+00    0.00000000E+00
   8.44867460E+00    0.00000000E+00    0.00000000E+00
   8.57575151E+00    0.00000000E+00    0.00000000E+00
   8.70473979E+00    0.00000000E+00    0.00000000E+00
   8.83566819E+00    0.00000000E+00    0.00000000E+00
   8.96856589E+00    0.00000000E+00    0.00000000E+00
   9.10346251E+00    0.00000000E+00    0.00000000E+00
   9.24038812E+00    0.00000000E+00    0.00000000E+00
   9.37937323E+00    0.00000000E+00    0.00000000E+00
   9.52044882E+00    0.00000000E+00    0.00000000E+00
   9.66364634E+00    0.00000000E+00    0.00000000E+00
   9.80899770E+00    0.00000000E+00    0.00000000E+00
   9.95653529E+00    0.00000000E+00    0.00000000E+00
   1.01062920E+01    0.00000000E+00    0.00000000E+00
   1.02583012E+01    0.00000000E+00    0.00000000E+00
   1.04125968E+01    0.00000000E+00    0.00000000E+00
   1.05692132E+01    0.00000000E+00    0.00000000E+00
   1.07281852E+01    0.00000000E+00    0.00000000E+00
   1.08895483E+01    0.00000000E+00    0.00000000E+00
   1.10533385E+01    0.00000000E+00    0.00000000E+00
   1.12195923E+01    0.00000000E+00    0.00000000E+00
   1.13883467E+01    0.00000000E+00    0.00000000E+00
   1.15596394E+01    0.00000000E+00    0.00000000E+00
   1.17335085E+01    0.00000000E+00    0.00000000E+00
   1.19099927E+01    0.00000000E+00    0.00000000E+00
   1.20891315E+01    0.00000000E+00    0.00000000E+00
   1.22709647E+01    0.00000000E+00    0.00000000E+00
   1.24555328E+01    0.00000000E+00    0.00000000E+00
   1.26428771E+01    0.00000000E+00    0.00000000E+00
   1.28330392E+01    0.00000000E+00    0.00000000E+00
   1.30260615E+01    0.00000000E+00    0.00000000E+00
   1.32219871E+01    0.00000000E+00    0.00000000E+00
   1.34208597E+01    0.00000000E+00    0.00000000E+00
   1.36227234E+01    0.00000000E+00    0.00000000E+00
   1.38276235E+01    0.00000000E+00    0.00000000E+00
   1.40356054E+01    0.00000000E+00    0.00000000E+00
   1.42467156E+01    0.00000000E+00    0.00000000E+00
   1.44610011E+01    0.00000000E+00    0.00000000E+00
   1.46785097E+01    0.00000000E+00    0.00000000E+00
   1.48992898E+01    0.00000000E+00    0.00000000E+00
   1.51233908E+01    0.00000000E+00    0.00000000E+00
   1.53508624E+01    0.00000000E+00    0.00000000E+00
   1.55817554E+01    0.00000000E+00    0.00000000E+00
   1.58161213E+01    0.00000000E+00    0.00000000E+00
   1.60540124E+01    0.00000000E+00    0.00000000E+00
   1.62954815E+01    0.00000000E+00    0.00000000E+00
   1.65405826E+01    0.00000000E+00    0.00000000E+00
   1.67893703E+01    0.00000000E+00    0.00000000E+00
   1.70419000E+01    0.00000000E+00    0.00000000E+00
   1.72982280E+01    0.00000000E+00    0.00000000E+00
   1.75584115E+01    0.00000000E+00    0.00000000E+00
   1.78225084E+01    0.00000000E+00    0.00000000E+00
   1.80905776E+01    0.00000000E+00    0.00000000E+00
   1.83626788E+01    0.00000000E+00    0.00000000E+00
   1.86388727E+01    0.00000000E+00    0.00000000E+00
   1.89192208E+01    0.00000000E+00    0.00000000E+00
   1.92037857E+01    0.00000000E+00    0.00000000E+00
   1.94926308E+01    0.00000000E+00    0.00000000E+00
   1.97858203E+01    0.00000000E+00    0.00000000E+00
   2.00834198E+01    0.00000000E+00    0.00000000E+00
   2.03854955E+01    0.00000000E+00    0.00000000E+00
   2.06921146E+01    0.00000000E+00    0.00000000E+00
   2.10033457E+01    0.00000000E+00    0.00000000E+00
   2.13192580E+01    0.00000000E+00    0.00000000E+00
   2.16399220E+01    0.00000000E+00    0.00000000E+00
   2.19654091E+01    0.00000000E+00    0.00000000E+00
   2.22957918E+01    0.00000000E+00    0.00000000E+00
   2.26311439E+01    0.00000000E+00    0.00000000E+00
   2.29715400E+01    0.00000000E+00    0.00000000E+00
   2.33170560E+01    0.00000000E+00    0.00000000E+00
   2.36677689E+01    0.00000000E+00    0.00000000E+00
   2.40237569E+01    0.00000000E+00    0.00000000E+00
   2.43850994E+01    0.00000000E+00    0.00000000E+00
   2.47518768E+01    0.00000000E+00    0.00000000E+00
   2.51241709E+01    0.00000000E+00    0.00000000E+00
   2.55020648E+01    0.00000000E+00    0.00000000E+00
   2.58856425E+01    0.00000000E+00    0.00000000E+00
   2.62749897E+01    0.00000000E+00    0.00000000E+00
   2.66701930E+01    0.00000000E+00    0.00000000E+00
   2.70713406E+01    0.00000000E+00    0.00000000E+00
   2.74785219E+01    0.00000000E+00    0.00000000E+00
   2.78918277E+01    0.00000000E+00    0.00000000E+00
   2.83113500E+01    0.00000000E+00    0.00000000E+00
   2.87371823E+01    0.00000000E+00    0.00000000E+00
   2.91694196E+01    0.00000000E+00    0.00000000E+00
   2.96081582E+01    0.00000000E+00    0.00000000E+00
   3.00534959E+01    0.00000000E+00    0.00000000E+00
   3.05055320E+01    0.00000000E+00    0.00000000E+00
   3.09643671E+01    0.00000000E+00    0.00000000E+00
   3.14301036E+01    0.00000000E+00    0.00000000E+00
   3.19028453E+01    0.00000000E+00    0.00000000E+00
   3.23826974E+01    0.00000000E+00    0.00000000E+00
   3.28697671E+01    0.00000000E+00    0.00000000E+00
   3.33641628E+01    0.00000000E+00    0.00000000E+00
   3.38659948E+01    0.00000000E+00    0.00000000E+00
   3.43753748E+01    0.00000000E+00    0.00000000E+00
   3.48924164E+01    0.00000000E+00    0.00000000E+00
   3.54172349E+01    0.00000000E+00    0.00000000E+00
   3.59499471E+01    0.00000000E+00    0.00000000E+00
   3.64906720E+01    0.00000000E+00    0.00000000E+00
   3.70395299E+01    0.00000000E+00    0.00000000E+00
   3.75966432E+01    0.00000000E+00    0.00000000E+00
   3.81621361E+01    0.00000000E+00    0.00000000E+00
   3.87361345E+01    0.00000000E+00    0.00000000E+00
   3.93187666E+01    0.00000000E+00    0.00000000E+00
   3.99101620E+01    0.00000000E+00    0.00000000E+00
   4.05104526E+01    0.00000000E+00    0.00000000E+00
   4.11197722E+01    0.00000000E+00    0.00000000E+00
   4.17382566E+01    0.00000000E+00    0.00000000E+00
   4.23660437E+01    0.00000000E+00    0.00000000E+00
   4.30032733E+01    0.00000000E+00    0.00000000E+00
   4.36500876E+01    0.00000000E+00    0.00000000E+00
   4.43066306E+01    0.00000000E+00    0.00000000E+00
   4.49730487E+01    0.00000000E+00    0.00000000E+00
   4.56494904E+01    0.00000000E+00    0.00000000E+00
   4.63361066E+01    0.00000000E+00    0.00000000E+00
   4.70330501E+01    0.00000000E+00    0.00000000E+00
   4.77404764E+01    0.00000000E+00    0.00000000E+00
   4.84585432E+01    0.00000000E+00    0.00000000E+00
   4.91874104E+01    0.00000000E+00    0.00000000E+00
   4.99272405E+01    0.00000000E+00    0.00000000E+00
   5.06781985E+01    0.00000000E+00    0.00000000E+00
   5.14404517E+01    0.00000000E+00    0.00000000E+00
   5.22141699E+01    0.00000000E+00    0.00000000E+00
   5.29995257E+01    0.00000000E+00    0.00000000E+00
   5.37966940E+01    0.00000000E+00    0.00000000E+00
   5.46058526E+01    0.00000000E+00    0.00000000E+00
   5.54271818E+01    0.00000000E+00    0.00000000E+00
   5.62608647E+01    0.00000000E+00    0.00000000E+00
   5.71070870E+01    0.00000000E+00    0.00000000E+00
   5.79660373E+01    0.00000000E+00    0.00000000E+00
   5.88379072E+01    0.00000000E+00    0.00000000E+00
   5.97228909E+01    0.00000000E+00    0.00000000E+00
   6.06211857E+01    0.00000000E+00    0.00000000E+00
   6.15329918E+01    0.00000000E+00    0.00000000E+00
   6.24585124E+01    0.00000000E+00    0.00000000E+00
   6.33979538E+01    0.00000000E+00    0.00000000E+00
   6.43515254E+01    0.00000000E+00    0.00000000E+00
   6.53194397E+01    0.00000000E+00    0.00000000E+00
   6.63019125E+01    0.00000000E+00    0.00000000E+00
   6.72991627E+01    0.00000000E+00    0.00000000E+00
   6.83114125E+01    0.00000000E+00    0.00000000E+00
   6.93388877E+01    0.00000000E+00    0.00000000E+00
   7.03818171E+01    0.00000000E+00    0.00000000E+00
   7.14404334E+01    0.00000000E+00    0.00000000E+00
   7.25149723E+01    0.00000000E+00    0.00000000E+00
   7.36056734E+01    0.00000000E+00    0.00000000E+00
   7.47127797E+01    0.00000000E+00    0.00000000E+00
   7.58365382E+01    0.00000000E+00    0.00000000E+00
   7.69771991E+01    0.00000000E+00    0.00000000E+00
   7.81350167E+01    0.00000000E+00    0.00000000E+00
   7.93102492E+01    0.00000000E+00    0.00000000E+00
   8.05031584E+01    0.00000000E+00    0.00000000E+00
   8.17140101E+01    0.00000000E+00    0.00000000E+00
   8.29430744E+01    0.00000000E+00    0.00000000E+00
   8.41906251E+01    0.00000000E+00    0.00000000E+00
   8.54569402E+01    0.00000000E+00    0.00000000E+00
   8.67423020E+01    0.00000000E+00    0.00000000E+00
   8.80469971E+01    0.00000000E+00    0.00000000E+00
   8.93713161E+01    0.00000000E+00    0.00000000E+00
   9.07155542E+01    0.00000000E+00    0.00000000E+00
   9.20800111E+01    0.00000000E+00    0.00000000E+00
   9.34649909E+01    0.00000000E+00    0.00000000E+00
   9.48708022E+01    0.00000000E+00    0.00000000E+00
   9.62977584E+01    0.00000000E+00    0.00000000E+00
   9.77461775E+01    0.00000000E+00    0.00000000E+00
   9.92163823E+01    0.00000000E+00    0.00000000E+00
   1.00708701E+02    0.00000000E+00    0.00000000E+00
   1.02223465E+02    0.00000000E+00    0.00000000E+00
   1.03761013E+02    0.00000000E+00    0.00000000E+00
   1.05321687E+02    0.00000000E+00    0.00000000E+00
   1.06905835E+02    0.00000000E+00    0.00000000E+00
   1.08513811E+02    0.00000000E+00    0.00000000E+00
   1.10145972E+02    0.00000000E+00    0.00000000E+00
   1.11802683E+02    0.00000000E+00    0.00000000E+00
   1.13484313E+02    0.00000000E+00    0.00000000E+00
   1.15191235E+02    0.00000000E+00    0.00000000E+00
   1.16923832E+02    0.00000000E+00    0.00000000E+00
   1.18682489E+02    0.00000000E+00    0.00000000E+00
   1.20467598E+02    0.00000000E+00    0.00000000E+00
   1.22279557E+02    0.00000000E+00    0.00000000E+00
   1.24118769E+02    0.00000000E+00    0.00000000E+00
   1.25985645E+02    0.00000000E+00    0.00000000E+00
   1.27880601E+02    0.00000000E+00    0.00000000E+00
   1.29804060E+02    0.00000000E+00    0.00000000E+00
   1.31756449E+02    0.00000000E+00    0.00000000E+00
   1.33738203E+02    0.00000000E+00    0.00000000E+00
   1.35749766E+02    0.00000000E+00    0.00000000E+00
   1.37791585E+02    0.00000000E+00    0.00000000E+00
   1.39864114E+02    0.00000000E+00    0.00000000E+00
   1.41967817E+02    0.00000000E+00    0.00000000E+00
   1.44103162E+02    0.00000000E+00    0.00000000E+00
   1.46270624E+02    0.00000000E+00    0.00000000E+00
   1.48470687E+02    0.00000000E+00    0.00000000E+00
   1.50703842E+02    0.00000000E+00    0.00000000E+00
   1.52970585E+02    0.00000000E+00    0.00000000E+00
