# Peaks:     0.708778  
   5.09901938E-05    1.20565219E-06    3.91877252E-02
   5.17571397E-05    1.23625322E-06    3.95896930E-02
   5.25356213E-05    1.26737673E-06    3.99892729E-02
   5.33258120E-05    1.29909721E-06    4.03882158E-02
   5.41278881E-05    1.33149525E-06    4.07883303E-02
   5.49420282E-05    1.36465791E-06    4.11914848E-02
   5.57684138E-05    1.39867916E-06    4.15996100E-02
   5.66072291E-05    1.43364054E-06    4.20142159E-02
   5.74586611E-05    1.46956017E-06    4.24351780E-02
   5.83228995E-05    1.50644092E-06    4.28620001E-02
   5.92001370E-05    1.54428423E-06    4.32941667E-02
   6.00905690E-05    1.58308999E-06    4.37311419E-02
   6.09943941E-05    1.62285756E-06    4.41723953E-02
   6.19118136E-05    1.66360349E-06    4.46178066E-02
   6.28430321E-05    1.70535964E-06    4.50675950E-02
   6.37882571E-05    1.74815953E-06    4.55219948E-02
   6.47476993E-05    1.79203805E-06    4.59812457E-02
   6.57215725E-05    1.83703120E-06    4.64455872E-02
   6.67100937E-05    1.88317070E-06    4.69151449E-02
   6.77134833E-05    1.93048392E-06    4.73899358E-02
   6.87319650E-05    1.97899857E-06    4.78699708E-02
   6.97657657E-05    2.02874285E-06    4.83552580E-02
   7.08151159E-05    2.07974565E-06    4.88458067E-02
   7.18802494E-05    2.13203850E-06    4.93416669E-02
   7.29614036E-05    2.18565523E-06    4.98429198E-02
   7.40588194E-05    2.24063058E-06    5.03496469E-02
   7.51727416E-05    2.29700019E-06    5.08619297E-02
   7.63034183E-05    2.35480057E-06    5.13798487E-02
   7.74511016E-05    2.41406867E-06    5.19034770E-02
   7.86160473E-05    2.47484212E-06    5.24328834E-02
   7.97985149E-05    2.53715944E-06    5.29681357E-02
   8.09987681E-05    2.60106008E-06    5.35093012E-02
   8.22170744E-05    2.66658454E-06    5.40564478E-02
   8.34537053E-05    2.73377471E-06    5.46096522E-02
   8.47089364E-05    2.80267366E-06    5.51689936E-02
   8.59830474E-05    2.87332553E-06    5.57345507E-02
   8.72763225E-05    2.94577556E-06    5.63064014E-02
   8.85890497E-05    3.02007016E-06    5.68846246E-02
   8.99215218E-05    3.09625706E-06    5.74693035E-02
   9.12740356E-05    3.17438520E-06    5.80605215E-02
   9.26468927E-05    3.25450472E-06    5.86583615E-02
   9.40403989E-05    3.33666706E-06    5.92629057E-02
   9.54548650E-05    3.42092501E-06    5.98742388E-02
   9.68906061E-05    3.50733295E-06    6.04924510E-02
   9.83479422E-05    3.59594663E-06    6.11176322E-02
   9.98271982E-05    3.68682322E-06    6.17498718E-02
   1.01328704E-04    3.78002130E-06    6.23892587E-02
   1.02852794E-04    3.87560112E-06    6.30358859E-02
   1.04399807E-04    3.97362463E-06    6.36898503E-02
   1.05970090E-04    4.07415534E-06    6.43512485E-02
   1.07563991E-04    4.17725836E-06    6.50201762E-02
   1.09181866E-04    4.28300046E-06    6.56967291E-02
   1.10824075E-04    4.39145039E-06    6.63810090E-02
   1.12490985E-04    4.50267874E-06    6.70731202E-02
   1.14182968E-04    4.61675792E-06    6.77731662E-02
   1.15900399E-04    4.73376212E-06    6.84812496E-02
   1.17643662E-04    4.85376756E-06    6.91974746E-02
   1.19413146E-04    4.97685266E-06    6.99219524E-02
   1.21209245E-04    5.10309792E-06    7.06547947E-02
   1.23032359E-04    5.23258588E-06    7.13961123E-02
   1.24882894E-04    5.36540119E-06    7.21460154E-02
   1.26761264E-04    5.50163085E-06    7.29046186E-02
   1.28667886E-04    5.64136437E-06    7.36720419E-02
   1.30603186E-04    5.78469358E-06    7.44484051E-02
   1.32567594E-04    5.93171262E-06    7.52338269E-02
   1.34561550E-04    6.08251811E-06    7.60284264E-02
   1.36585496E-04    6.23720947E-06    7.68323295E-02
   1.38639885E-04    6.39588886E-06    7.76456653E-02
   1.40725174E-04    6.55866105E-06    7.84685622E-02
   1.42841828E-04    6.72563352E-06    7.93011473E-02
   1.44990319E-04    6.89691663E-06    8.01435505E-02
   1.47171125E-04    7.07262402E-06    8.09959095E-02
   1.49384732E-04    7.25287231E-06    8.18583628E-02
   1.51631635E-04    7.43778113E-06    8.27310476E-02
   1.53912334E-04    7.62747321E-06    8.36141005E-02
   1.56227336E-04    7.82207479E-06    8.45076650E-02
   1.58577159E-04    8.02171572E-06    8.54118898E-02
   1.60962326E-04    8.22652920E-06    8.63269230E-02
   1.63383367E-04    8.43665188E-06    8.72529116E-02
   1.65840824E-04    8.65222407E-06    8.81900039E-02
   1.68335244E-04    8.87339023E-06    8.91383579E-02
   1.70867182E-04    9.10029874E-06    9.00981332E-02
   1.73437204E-04    9.33310180E-06    9.10694880E-02
   1.76045881E-04    9.57195560E-06    9.20525797E-02
   1.78693795E-04    9.81702077E-06    9.30475724E-02
   1.81381537E-04    1.00684626E-05    9.40546374E-02
   1.84109705E-04    1.03264507E-05    9.50739452E-02
   1.86878908E-04    1.05911590E-05    9.61056651E-02
   1.89689762E-04    1.08627663E-05    9.71499678E-02
   1.92542895E-04    1.11414566E-05    9.82070345E-02
   1.95438941E-04    1.14274189E-05    9.92770490E-02
   1.98378548E-04    1.17208472E-05    1.00360193E-01
   2.01362369E-04    1.20219406E-05    1.01456649E-01
   2.04391069E-04    1.23309039E-05    1.02566604E-01
   2.07465325E-04    1.26479478E-05    1.03690256E-01
   2.10585821E-04    1.29732886E-05    1.04827801E-01
   2.13753252E-04    1.33071482E-05    1.05979434E-01
   2.16968325E-04    1.36497547E-05    1.07145351E-01
   2.20231755E-04    1.40013429E-05    1.08325761E-01
   2.23544271E-04    1.43621541E-05    1.09520875E-01
   2.26906611E-04    1.47324358E-05    1.10730902E-01
   2.30319524E-04    1.51124423E-05    1.11956051E-01
   2.33783771E-04    1.55024350E-05    1.13196540E-01
   2.37300124E-04    1.59026832E-05    1.14452595E-01
   2.40869366E-04    1.63134631E-05    1.15724441E-01
   2.44492293E-04    1.67350583E-05    1.17012301E-01
   2.48169713E-04    1.71677604E-05    1.18316403E-01
   2.51902446E-04    1.76118694E-05    1.19636988E-01
   2.55691322E-04    1.80676937E-05    1.20974297E-01
   2.59537187E-04    1.85355499E-05    1.22328570E-01
   2.63440898E-04    1.90157632E-05    1.23700046E-01
   2.67403325E-04    1.95086682E-05    1.25088980E-01
   2.71425351E-04    2.00146092E-05    1.26495629E-01
   2.75507873E-04    2.05339396E-05    1.27920252E-01
   2.79651799E-04    2.10670225E-05    1.29363104E-01
   2.83858055E-04    2.16142311E-05    1.30824450E-01
   2.88127578E-04    2.21759498E-05    1.32304566E-01
   2.92461318E-04    2.27525732E-05    1.33803728E-01
   2.96860242E-04    2.33445069E-05    1.35322211E-01
   3.01325331E-04    2.39521674E-05    1.36860291E-01
   3.05857580E-04    2.45759839E-05    1.38418262E-01
   3.10457998E-04    2.52163972E-05    1.39996419E-01
   3.15127611E-04    2.58738604E-05    1.41595057E-01
   3.19867460E-04    2.65488387E-05    1.43214468E-01
   3.24678602E-04    2.72418112E-05    1.44854961E-01
   3.29562108E-04    2.79532705E-05    1.46516852E-01
   3.34519067E-04    2.86837230E-05    1.48200456E-01
   3.39550584E-04    2.94336885E-05    1.49906085E-01
   3.44657780E-04    3.02037019E-05    1.51634062E-01
   3.49841794E-04    3.09943141E-05    1.53384724E-01
   3.55103781E-04    3.18060908E-05    1.55158409E-01
   3.60444913E-04    3.26396132E-05    1.56955450E-01
   3.65866382E-04    3.34954790E-05    1.58776185E-01
   3.71369396E-04    3.43743038E-05    1.60620973E-01
   3.76955180E-04    3.52767202E-05    1.62490175E-01
   3.82624981E-04    3.62033781E-05    1.64384146E-01
   3.88380061E-04    3.71549458E-05    1.66303244E-01
   3.94221704E-04    3.81321111E-05    1.68247847E-01
   4.00151211E-04    3.91355817E-05    1.70218339E-01
   4.06169904E-04    4.01660847E-05    1.72215103E-01
   4.12279124E-04    4.12243671E-05    1.74238517E-01
   4.18480234E-04    4.23111983E-05    1.76288978E-01
   4.24774615E-04    4.34273696E-05    1.78366895E-01
   4.31163670E-04    4.45736946E-05    1.80472677E-01
   4.37648823E-04    4.57510093E-05    1.82606728E-01
   4.44231519E-04    4.69601738E-05    1.84769462E-01
   4.50913226E-04    4.82020737E-05    1.86961317E-01
   4.57695433E-04    4.94776193E-05    1.89182727E-01
   4.64579651E-04    5.07877463E-05    1.91434123E-01
   4.71567416E-04    5.21334169E-05    1.93715942E-01
   4.78660283E-04    5.35156221E-05    1.96028646E-01
   4.85859835E-04    5.49353808E-05    1.98372698E-01
   4.93167676E-04    5.63937405E-05    2.00748558E-01
   5.00585434E-04    5.78917781E-05    2.03156687E-01
   5.08114763E-04    5.94306027E-05    2.05597572E-01
   5.15757341E-04    6.10113549E-05    2.08071707E-01
   5.23514871E-04    6.26352076E-05    2.10579582E-01
   5.31389083E-04    6.43033665E-05    2.13121685E-01
   5.39381731E-04    6.60170730E-05    2.15698527E-01
   5.47494597E-04    6.77776045E-05    2.18310635E-01
   5.55729489E-04    6.95862744E-05    2.20958530E-01
   5.64088242E-04    7.14444330E-05    2.23642730E-01
   5.72572720E-04    7.33534701E-05    2.26363774E-01
   5.81184813E-04    7.53148165E-05    2.29122217E-01
   5.89926441E-04    7.73299433E-05    2.31918617E-01
   5.98799552E-04    7.94003630E-05    2.34753523E-01
   6.07806124E-04    8.15276321E-05    2.37627501E-01
   6.16948164E-04    8.37133532E-05    2.40541140E-01
   6.26227711E-04    8.59591744E-05    2.43495033E-01
   6.35646831E-04    8.82667904E-05    2.46489764E-01
   6.45207625E-04    9.06379447E-05    2.49525927E-01
   6.54912223E-04    9.30744327E-05    2.52604146E-01
   6.64762788E-04    9.55781010E-05    2.55725048E-01
   6.74761517E-04    9.81508488E-05    2.58889257E-01
   6.84910636E-04    1.00794629E-04    2.62097398E-01
   6.95212409E-04    1.03511455E-04    2.65350129E-01
   7.05669131E-04    1.06303394E-04    2.68648115E-01
   7.16283134E-04    1.09172575E-04    2.71992018E-01
   7.27056782E-04    1.12121189E-04    2.75382499E-01
   7.37992477E-04    1.15151488E-04    2.78820250E-01
   7.49092657E-04    1.18265792E-04    2.82305976E-01
   7.60359794E-04    1.21466488E-04    2.85840380E-01
   7.71796402E-04    1.24756029E-04    2.89424161E-01
   7.83405028E-04    1.28136941E-04    2.93058045E-01
   7.95188259E-04    1.31611825E-04    2.96742780E-01
   8.07148723E-04    1.35183355E-04    3.00479111E-01
   8.19289085E-04    1.38854282E-04    3.04267776E-01
   8.31612050E-04    1.42627437E-04    3.08109540E-01
   8.44120366E-04    1.46505737E-04    3.12005194E-01
   8.56816820E-04    1.50492179E-04    3.15955525E-01
   8.69704242E-04    1.54589848E-04    3.19961316E-01
   8.82785504E-04    1.58801918E-04    3.24023371E-01
   8.96063523E-04    1.63131657E-04    3.28142524E-01
   9.09541256E-04    1.67582429E-04    3.32319608E-01
   9.23221709E-04    1.72157691E-04    3.36555453E-01
   9.37107930E-04    1.76861002E-04    3.40850903E-01
   9.51203014E-04    1.81696028E-04    3.45206838E-01
   9.65510103E-04    1.86666537E-04    3.49624140E-01
   9.80032386E-04    1.91776410E-04    3.54103685E-01
   9.94773099E-04    1.97029637E-04    3.58646361E-01
   1.00973553E-03    2.02430326E-04    3.63253095E-01
   1.02492301E-03    2.07982707E-04    3.67924820E-01
   1.04033892E-03    2.13691129E-04    3.72662461E-01
   1.05598671E-03    2.19560066E-04    3.77466953E-01
   1.07186985E-03    2.25594128E-04    3.82339271E-01
   1.08799190E-03    2.31798056E-04    3.87280400E-01
   1.10435644E-03    2.38176728E-04    3.92291317E-01
   1.12096711E-03    2.44735164E-04    3.97373006E-01
   1.13782763E-03    2.51478530E-04    4.02526493E-01
   1.15494175E-03    2.58412145E-04    4.07752815E-01
   1.17231328E-03    2.65541481E-04    4.13053006E-01
   1.18994610E-03    2.72872165E-04    4.18428099E-01
   1.20784414E-03    2.80409995E-04    4.23879174E-01
   1.22601138E-03    2.88160933E-04    4.29407323E-01
   1.24445187E-03    2.96131116E-04    4.35013636E-01
   1.26316973E-03    3.04326859E-04    4.40699202E-01
   1.28216913E-03    3.12754659E-04    4.46465153E-01
   1.30145429E-03    3.21421208E-04    4.52312640E-01
   1.32102953E-03    3.30333385E-04    4.58242810E-01
   1.34089919E-03    3.39498274E-04    4.64256812E-01
   1.36106772E-03    3.48923163E-04    4.70355831E-01
   1.38153960E-03    3.58615555E-04    4.76541079E-01
   1.40231941E-03    3.68583167E-04    4.82813764E-01
   1.42341176E-03    3.78833942E-04    4.89175094E-01
   1.44482136E-03    3.89376056E-04    4.95626312E-01
   1.46655299E-03    4.00217920E-04    5.02168692E-01
   1.48861148E-03    4.11368194E-04    5.08803506E-01
   1.51100175E-03    4.22835782E-04    5.15532023E-01
   1.53372880E-03    4.34629854E-04    5.22355547E-01
   1.55679769E-03    4.46759844E-04    5.29275414E-01
   1.58021356E-03    4.59235461E-04    5.36292962E-01
   1.60398162E-03    4.72066694E-04    5.43409524E-01
   1.62810719E-03    4.85263824E-04    5.50626467E-01
   1.65259562E-03    4.98837431E-04    5.57945194E-01
   1.67745239E-03    5.12798403E-04    5.65367108E-01
   1.70268303E-03    5.27157942E-04    5.72893611E-01
   1.72829317E-03    5.41927574E-04    5.80526132E-01
   1.75428850E-03    5.57119165E-04    5.88266142E-01
   1.78067484E-03    5.72744923E-04    5.96115114E-01
   1.80745805E-03    5.88817409E-04    6.04074520E-01
   1.83464411E-03    6.05349546E-04    6.12145854E-01
   1.86223908E-03    6.22354640E-04    6.20330658E-01
   1.89024911E-03    6.39846376E-04    6.28630474E-01
   1.91868043E-03    6.57838838E-04    6.37046847E-01
   1.94753940E-03    6.76346517E-04    6.45581339E-01
   1.97683243E-03    6.95384327E-04    6.54235563E-01
   2.00656606E-03    7.14967612E-04    6.63011134E-01
   2.03674691E-03    7.35112161E-04    6.71909670E-01
   2.06738172E-03    7.55834217E-04    6.80932805E-01
   2.09847730E-03    7.77150498E-04    6.90082222E-01
   2.13004060E-03    7.99078206E-04    6.99359613E-01
   2.16207864E-03    8.21635037E-04    7.08766670E-01
   2.19459856E-03    8.44839198E-04    7.18305100E-01
   2.22760762E-03    8.68709427E-04    7.27976659E-01
   2.26111317E-03    8.93265002E-04    7.37783116E-01
   2.29512268E-03    9.18525756E-04    7.47726239E-01
   2.32964373E-03    9.44512093E-04    7.57807809E-01
   2.36468401E-03    9.71245013E-04    7.68029658E-01
   2.40025133E-03    9.98746117E-04    7.78393632E-01
   2.43635363E-03    1.02703763E-03    7.88901576E-01
   2.47299894E-03    1.05614241E-03    7.99555347E-01
   2.51019543E-03    1.08608400E-03    8.10356854E-01
   2.54795140E-03    1.11688658E-03    8.21308019E-01
   2.58627525E-03    1.14857506E-03    8.32410768E-01
   2.62517554E-03    1.18117506E-03    8.43667034E-01
   2.66466093E-03    1.21471293E-03    8.55078802E-01
   2.70474022E-03    1.24921577E-03    8.66648074E-01
   2.74542234E-03    1.28471148E-03    8.78376854E-01
   2.78671637E-03    1.32122875E-03    8.90267154E-01
   2.82863150E-03    1.35879708E-03    9.02321033E-01
   2.87117708E-03    1.39744686E-03    9.14540575E-01
   2.91436259E-03    1.43720929E-03    9.26927862E-01
   2.95819765E-03    1.47811651E-03    9.39484984E-01
   3.00269204E-03    1.52020157E-03    9.52214078E-01
   3.04785567E-03    1.56349846E-03    9.65117304E-01
   3.09369861E-03    1.60804215E-03    9.78196824E-01
   3.14023108E-03    1.65386860E-03    9.91454808E-01
   3.18746344E-03    1.70101479E-03    1.00489347E+00
   3.23540623E-03    1.74951879E-03    1.01851504E+00
   3.28407012E-03    1.79941973E-03    1.03232176E+00
   3.33346598E-03    1.85075785E-03    1.04631588E+00
   3.38360479E-03    1.90357456E-03    1.06049969E+00
   3.43449775E-03    1.95791243E-03    1.07487549E+00
   3.48615619E-03    2.01381525E-03    1.08944561E+00
   3.53859163E-03    2.07132806E-03    1.10421237E+00
   3.59181576E-03    2.13049717E-03    1.11917812E+00
   3.64584042E-03    2.19137020E-03    1.13434526E+00
   3.70067768E-03    2.25399615E-03    1.14971617E+00
   3.75633975E-03    2.31842537E-03    1.16529324E+00
   3.81283903E-03    2.38470966E-03    1.18107892E+00
   3.87018812E-03    2.45290229E-03    1.19707564E+00
   3.92839980E-03    2.52305802E-03    1.21328589E+00
   3.98748705E-03    2.59523317E-03    1.22971211E+00
   4.04746303E-03    2.66948564E-03    1.24635681E+00
   4.10834111E-03    2.74587498E-03    1.26322250E+00
   4.17013486E-03    2.82446240E-03    1.28031172E+00
   4.23285805E-03    2.90531083E-03    1.29762700E+00
   4.29652467E-03    2.98848500E-03    1.31517089E+00
   4.36114890E-03    3.07405144E-03    1.33294598E+00
   4.42674514E-03    3.16207853E-03    1.35095485E+00
   4.49332802E-03    3.25263660E-03    1.36920009E+00
   4.56091238E-03    3.34579793E-03    1.38768432E+00
   4.62951328E-03    3.44163683E-03    1.40641017E+00
   4.69914600E-03    3.54022970E-03    1.42538030E+00
   4.76982608E-03    3.64165504E-03    1.44459732E+00
   4.84156926E-03    3.74599358E-03    1.46406392E+00
   4.91439153E-03    3.85332827E-03    1.48378277E+00
   4.98830912E-03    3.96374439E-03    1.50375657E+00
   5.06333851E-03    4.07732958E-03    1.52398799E+00
   5.13949642E-03    4.19417390E-03    1.54447973E+00
   5.21679983E-03    4.31436994E-03    1.56523452E+00
   5.29526596E-03    4.43801285E-03    1.58625509E+00
   5.37491230E-03    4.56520039E-03    1.60754415E+00
   5.45575661E-03    4.69603302E-03    1.62910442E+00
   5.53781690E-03    4.83061401E-03    1.65093867E+00
   5.62111146E-03    4.96904945E-03    1.67304962E+00
   5.70565886E-03    5.11144836E-03    1.69544004E+00
   5.79147795E-03    5.25792272E-03    1.71811264E+00
   5.87858784E-03    5.40858765E-03    1.74107021E+00
   5.96700795E-03    5.56356139E-03    1.76431549E+00
   6.05675800E-03    5.72296540E-03    1.78785124E+00
   6.14785798E-03    5.88692448E-03    1.81168019E+00
   6.24032820E-03    6.05556684E-03    1.83580510E+00
   6.33418927E-03    6.22902420E-03    1.86022874E+00
   6.42946211E-03    6.40743181E-03    1.88495382E+00
   6.52616795E-03    6.59092864E-03    1.90998309E+00
   6.62432835E-03    6.77965741E-03    1.93531927E+00
   6.72396518E-03    6.97376473E-03    1.96096511E+00
   6.82510065E-03    7.17340114E-03    1.98692329E+00
   6.92775731E-03    7.37872125E-03    2.01319651E+00
   7.03195803E-03    7.58988385E-03    2.03978748E+00
   7.13772605E-03    7.80705201E-03    2.06669887E+00
   7.24508492E-03    8.03039314E-03    2.09393333E+00
   7.35405858E-03    8.26007914E-03    2.12149350E+00
   7.46467132E-03    8.49628656E-03    2.14938202E+00
   7.57694779E-03    8.73919662E-03    2.17760148E+00
   7.69091302E-03    8.98899537E-03    2.20615448E+00
   7.80659240E-03    9.24587378E-03    2.23504355E+00
   7.92401172E-03    9.51002797E-03    2.26427124E+00
   8.04319715E-03    9.78165920E-03    2.29384006E+00
   8.16417526E-03    1.00609740E-02    2.32375248E+00
   8.28697300E-03    1.03481845E-02    2.35401094E+00
   8.41161775E-03    1.06435082E-02    2.38461786E+00
   8.53813729E-03    1.09471685E-02    2.41557561E+00
   8.66655981E-03    1.12593945E-02    2.44688654E+00
   8.79691394E-03    1.15804215E-02    2.47855292E+00
   8.92922874E-03    1.19104906E-02    2.51057703E+00
   9.06353368E-03    1.22498496E-02    2.54296108E+00
   9.19985872E-03    1.25987524E-02    2.57570722E+00
   9.33823422E-03    1.29574594E-02    2.60881758E+00
   9.47869104E-03    1.33262382E-02    2.64229420E+00
   9.62126048E-03    1.37053629E-02    2.67613911E+00
   9.76597431E-03    1.40951146E-02    2.71035425E+00
   9.91286479E-03    1.44957818E-02    2.74494151E+00
   1.00619646E-02    1.49076604E-02    2.77990271E+00
   1.02133071E-02    1.53310537E-02    2.81523961E+00
   1.03669260E-02    1.57662727E-02    2.85095391E+00
   1.05228554E-02    1.62136363E-02    2.88704721E+00
   1.06811301E-02    1.66734716E-02    2.92352106E+00
   1.08417855E-02    1.71461138E-02    2.96037693E+00
   1.10048573E-02    1.76319065E-02    2.99761620E+00
   1.11703819E-02    1.81312019E-02    3.03524015E+00
   1.13383961E-02    1.86443611E-02    3.07325000E+00
   1.15089375E-02    1.91717540E-02    3.11164686E+00
   1.16820440E-02    1.97137600E-02    3.15043175E+00
   1.18577541E-02    2.02707673E-02    3.18960558E+00
   1.20361072E-02    2.08431742E-02    3.22916917E+00
   1.22171428E-02    2.14313887E-02    3.26912323E+00
   1.24009014E-02    2.20358284E-02    3.30946834E+00
   1.25874240E-02    2.26569213E-02    3.35020499E+00
   1.27767520E-02    2.32951059E-02    3.39133354E+00
   1.29689277E-02    2.39508312E-02    3.43285422E+00
   1.31639940E-02    2.46245570E-02    3.47476713E+00
   1.33619942E-02    2.53167538E-02    3.51707225E+00
   1.35629726E-02    2.60279039E-02    3.55976942E+00
   1.37669739E-02    2.67585010E-02    3.60285832E+00
   1.39740436E-02    2.75090500E-02    3.64633852E+00
   1.41842279E-02    2.82800680E-02    3.69020939E+00
   1.43975735E-02    2.90720841E-02    3.73447019E+00
   1.46141281E-02    2.98856404E-02    3.77911998E+00
   1.48339399E-02    3.07212908E-02    3.82415769E+00
   1.50570578E-02    3.15796020E-02    3.86958206E+00
   1.52835318E-02    3.24611542E-02    3.91539164E+00
   1.55134121E-02    3.33665411E-02    3.96158482E+00
   1.57467500E-02    3.42963693E-02    4.00815981E+00
   1.59835976E-02    3.52512592E-02    4.05511460E+00
   1.62240077E-02    3.62318455E-02    4.10244700E+00
   1.64680337E-02    3.72387773E-02    4.15015460E+00
   1.67157302E-02    3.82727180E-02    4.19823481E+00
   1.69671523E-02    3.93343450E-02    4.24668481E+00
   1.72223560E-02    4.04243514E-02    4.29550155E+00
   1.74813983E-02    4.15434458E-02    4.34468176E+00
   1.77443368E-02    4.26923517E-02    4.39422193E+00
   1.80112302E-02    4.38718076E-02    4.44411835E+00
   1.82821380E-02    4.50825688E-02    4.49436702E+00
   1.85571205E-02    4.63254071E-02    4.54496369E+00
   1.88362390E-02    4.76011099E-02    4.59590388E+00
   1.91195557E-02    4.89104806E-02    4.64718284E+00
   1.94071339E-02    5.02543402E-02    4.69879554E+00
   1.96990375E-02    5.16335275E-02    4.75073668E+00
   1.99953316E-02    5.30488975E-02    4.80300067E+00
   2.02960823E-02    5.45013221E-02    4.85558165E+00
   2.06013567E-02    5.59916915E-02    4.90847346E+00
   2.09112226E-02    5.75209149E-02    4.96166961E+00
   2.12257493E-02    5.90899187E-02    5.01516331E+00
   2.15450068E-02    6.06996465E-02    5.06894751E+00
   2.18690663E-02    6.23510609E-02    5.12301480E+00
   2.21979999E-02    6.40451451E-02    5.17735739E+00
   2.25318811E-02    6.57828997E-02    5.23196722E+00
   2.28707841E-02    6.75653433E-02    5.28683589E+00
   2.32147847E-02    6.93935139E-02    5.34195465E+00
   2.35639593E-02    7.12684710E-02    5.39731435E+00
   2.39183860E-02    7.31912928E-02    5.45290549E+00
   2.42781435E-02    7.51630754E-02    5.50871826E+00
   2.46433122E-02    7.71849342E-02    5.56474245E+00
   2.50139734E-02    7.92580079E-02    5.62096744E+00
   2.53902098E-02    8.13834541E-02    5.67738219E+00
   2.57721051E-02    8.35624485E-02    5.73397537E+00
   2.61597446E-02    8.57961859E-02    5.79073523E+00
   2.65532145E-02    8.80858852E-02    5.84764954E+00
   2.69526026E-02    9.04327853E-02    5.90470566E+00
   2.73579980E-02    9.28381428E-02    5.96189061E+00
   2.77694909E-02    9.53032328E-02    6.01919101E+00
   2.81871731E-02    9.78293553E-02    6.07659294E+00
   2.86111377E-02    1.00417830E-01    6.13408205E+00
   2.90414792E-02    1.03069995E-01    6.19164363E+00
   2.94782935E-02    1.05787207E-01    6.24926255E+00
   2.99216778E-02    1.08570845E-01    6.30692311E+00
   3.03717312E-02    1.11422311E-01    6.36460919E+00
   3.08285538E-02    1.14343019E-01    6.42230431E+00
   3.12922476E-02    1.17334407E-01    6.47999145E+00
   3.17629157E-02    1.20397937E-01    6.53765305E+00
   3.22406632E-02    1.23535087E-01    6.59527113E+00
   3.27255965E-02    1.26747347E-01    6.65282733E+00
   3.32178238E-02    1.30036233E-01    6.71030277E+00
   3.37174546E-02    1.33403281E-01    6.76767797E+00
   3.42246004E-02    1.36850042E-01    6.82493304E+00
   3.47393743E-02    1.40378080E-01    6.88204775E+00
   3.52618908E-02    1.43988984E-01    6.93900114E+00
   3.57922666E-02    1.47684364E-01    6.99577178E+00
   3.63306197E-02    1.51465838E-01    7.05233782E+00
   3.68770703E-02    1.55335034E-01    7.10867711E+00
   3.74317400E-02    1.59293606E-01    7.16476679E+00
   3.79947526E-02    1.63343225E-01    7.22058340E+00
   3.85662334E-02    1.67485571E-01    7.27610313E+00
   3.91463100E-02    1.71722332E-01    7.33130185E+00
   3.97351114E-02    1.76055217E-01    7.38615471E+00
   4.03327691E-02    1.80485950E-01    7.44063627E+00
   4.09394162E-02    1.85016261E-01    7.49472082E+00
   4.15551879E-02    1.89647882E-01    7.54838227E+00
   4.21802214E-02    1.94382568E-01    7.60159378E+00
   4.28146561E-02    1.99222080E-01    7.65432812E+00
   4.34586333E-02    2.04168179E-01    7.70655775E+00
   4.41122967E-02    2.09222640E-01    7.75825443E+00
   4.47757918E-02    2.14387245E-01    7.80938955E+00
   4.54492666E-02    2.19663767E-01    7.85993424E+00
   4.61328711E-02    2.25053996E-01    7.90985891E+00
   4.68267578E-02    2.30559720E-01    7.95913366E+00
   4.75310812E-02    2.36182719E-01    8.00772830E+00
   4.82459985E-02    2.41924785E-01    8.05561194E+00
   4.89716688E-02    2.47787698E-01    8.10275351E+00
   4.97082539E-02    2.53773231E-01    8.14912160E+00
   5.04559181E-02    2.59883165E-01    8.19468415E+00
   5.12148279E-02    2.66119259E-01    8.23940904E+00
   5.19851526E-02    2.72483267E-01    8.28326367E+00
   5.27670637E-02    2.78976939E-01    8.32621500E+00
   5.35607356E-02    2.85601998E-01    8.36822996E+00
   5.43663451E-02    2.92360165E-01    8.40927490E+00
   5.51840718E-02    2.99253136E-01    8.44931604E+00
   5.60140981E-02    3.06282587E-01    8.48831939E+00
   5.68566087E-02    3.13450184E-01    8.52625044E+00
   5.77117916E-02    3.20757552E-01    8.56307484E+00
   5.85798374E-02    3.28206301E-01    8.59875782E+00
   5.94609395E-02    3.35798015E-01    8.63326436E+00
   6.03552943E-02    3.43534231E-01    8.66655963E+00
   6.12631011E-02    3.51416473E-01    8.69860822E+00
   6.21845622E-02    3.59446213E-01    8.72937498E+00
   6.31198832E-02    3.67624889E-01    8.75882453E+00
   6.40692723E-02    3.75953904E-01    8.78692137E+00
   6.50329412E-02    3.84434598E-01    8.81363023E+00
   6.60111047E-02    3.93068287E-01    8.83891550E+00
   6.70039808E-02    4.01856212E-01    8.86274201E+00
   6.80117909E-02    4.10799581E-01    8.88507421E+00
   6.90347594E-02    4.19899532E-01    8.90587700E+00
   7.00731144E-02    4.29157140E-01    8.92511537E+00
   7.11270874E-02    4.38573436E-01    8.94275412E+00
   7.21969133E-02    4.48149352E-01    8.95875886E+00
   7.32828304E-02    4.57885779E-01    8.97309486E+00
   7.43850809E-02    4.67783516E-01    8.98572796E+00
   7.55039104E-02    4.77843284E-01    8.99662436E+00
   7.66395683E-02    4.88065740E-01    9.00575020E+00
   7.77923076E-02    4.98451424E-01    9.01307267E+00
   7.89623854E-02    5.09000820E-01    9.01855866E+00
   8.01500623E-02    5.19714294E-01    9.02217606E+00
   8.13556031E-02    5.30592125E-01    9.02389305E+00
   8.25792766E-02    5.41634491E-01    9.02367832E+00
   8.38213553E-02    5.52841454E-01    9.02150141E+00
   8.50821163E-02    5.64212994E-01    9.01733192E+00
   8.63618404E-02    5.75748934E-01    9.01114097E+00
   8.76608129E-02    5.87449019E-01    9.00289966E+00
   8.89793232E-02    5.99312834E-01    8.99258065E+00
   9.03176654E-02    6.11339865E-01    8.98015682E+00
   9.16761377E-02    6.23529505E-01    8.96560121E+00
   9.30550427E-02    6.35880936E-01    8.94888934E+00
   9.44546880E-02    6.48393208E-01    8.92999755E+00
   9.58753854E-02    6.61065261E-01    8.90890256E+00
   9.73174515E-02    6.73895891E-01    8.88558214E+00
   9.87812079E-02    6.86883750E-01    8.86001501E+00
   1.00266981E-01    7.00027265E-01    8.83218252E+00
   1.01775101E-01    7.13324780E-01    8.80206573E+00
   1.03305905E-01    7.26774449E-01    8.76964754E+00
   1.04859734E-01    7.40374228E-01    8.73491279E+00
   1.06436934E-01    7.54121933E-01    8.69784716E+00
   1.08037857E-01    7.68015202E-01    8.65843782E+00
   1.09662860E-01    7.82051493E-01    8.61667351E+00
   1.11312304E-01    7.96228047E-01    8.57254518E+00
   1.12986557E-01    8.10541980E-01    8.52604425E+00
   1.14685993E-01    8.24990148E-01    8.47716514E+00
   1.16410991E-01    8.39569250E-01    8.42590335E+00
   1.18161934E-01    8.54275795E-01    8.37225597E+00
   1.19939213E-01    8.69106063E-01    8.31622254E+00
   1.21743225E-01    8.84056159E-01    8.25780387E+00
   1.23574370E-01    8.99121954E-01    8.19700327E+00
   1.25433058E-01    9.14299132E-01    8.13382554E+00
   1.27319703E-01    9.29583158E-01    8.06827763E+00
   1.29234724E-01    9.44969274E-01    8.00036875E+00
   1.31178550E-01    9.60452518E-01    7.93010983E+00
   1.33151612E-01    9.76027710E-01    7.85751398E+00
   1.35154352E-01    9.91689444E-01    7.78259647E+00
   1.37187215E-01    1.00743210E+00    7.70537455E+00
   1.39250654E-01    1.02324982E+00    7.62586801E+00
   1.41345130E-01    1.03913657E+00    7.54409781E+00
   1.43471109E-01    1.05508603E+00    7.46008826E+00
   1.45629064E-01    1.07109170E+00    7.37386485E+00
   1.47819478E-01    1.08714684E+00    7.28545591E+00
   1.50042838E-01    1.10324450E+00    7.19489132E+00
   1.52299639E-01    1.11937749E+00    7.10220361E+00
   1.54590385E-01    1.13553840E+00    7.00742701E+00
   1.56915586E-01    1.15171962E+00    6.91059817E+00
   1.59275761E-01    1.16791330E+00    6.81175568E+00
   1.61671435E-01    1.18411137E+00    6.71094050E+00
   1.64103143E-01    1.20030557E+00    6.60819499E+00
   1.66571426E-01    1.21648741E+00    6.50356422E+00
   1.69076834E-01    1.23264816E+00    6.39709521E+00
   1.71619927E-01    1.24877894E+00    6.28883662E+00
   1.74201270E-01    1.26487064E+00    6.17883937E+00
   1.76821440E-01    1.28091393E+00    6.06715623E+00
   1.79481019E-01    1.29689931E+00    5.95384187E+00
   1.82180602E-01    1.31281708E+00    5.83895294E+00
   1.84920789E-01    1.32865736E+00    5.72254775E+00
   1.87702191E-01    1.34441008E+00    5.60468668E+00
   1.90525428E-01    1.36006500E+00    5.48543177E+00
   1.93391130E-01    1.37561171E+00    5.36484663E+00
   1.96299935E-01    1.39103964E+00    5.24299703E+00
   1.99252492E-01    1.40633807E+00    5.11995004E+00
   2.02249458E-01    1.42149612E+00    4.99577453E+00
   2.05291501E-01    1.43650279E+00    4.87054098E+00
   2.08379301E-01    1.45134693E+00    4.74432141E+00
   2.11513543E-01    1.46601729E+00    4.61718940E+00
   2.14694928E-01    1.48050249E+00    4.48922003E+00
   2.17924165E-01    1.49479107E+00    4.36048980E+00
   2.21201973E-01    1.50887147E+00    4.23107667E+00
   2.24529082E-01    1.52273205E+00    4.10105998E+00
   2.27906234E-01    1.53636111E+00    3.97052033E+00
   2.31334183E-01    1.54974691E+00    3.83953961E+00
   2.34813691E-01    1.56287765E+00    3.70820099E+00
   2.38345535E-01    1.57574151E+00    3.57658878E+00
   2.41930501E-01    1.58832666E+00    3.44478841E+00
   2.45569389E-01    1.60062129E+00    3.31288627E+00
   2.49263010E-01    1.61261360E+00    3.18096984E+00
   2.53012186E-01    1.62429181E+00    3.04912753E+00
   2.56817754E-01    1.63564423E+00    2.91744844E+00
   2.60680562E-01    1.64665921E+00    2.78602250E+00
   2.64601471E-01    1.65732520E+00    2.65494024E+00
   2.68581354E-01    1.66763077E+00    2.52429283E+00
   2.72621099E-01    1.67756459E+00    2.39417177E+00
   2.76721605E-01    1.68711551E+00    2.26466880E+00
   2.80883788E-01    1.69627251E+00    2.13587612E+00
   2.85108574E-01    1.70502480E+00    2.00788568E+00
   2.89396906E-01    1.71336175E+00    1.88078941E+00
   2.93749738E-01    1.72127298E+00    1.75467911E+00
   2.98168042E-01    1.72874837E+00    1.62964601E+00
   3.02652801E-01    1.73577804E+00    1.50578072E+00
   3.07205016E-01    1.74235242E+00    1.38317313E+00
   3.11825701E-01    1.74846224E+00    1.26191207E+00
   3.16515886E-01    1.75409856E+00    1.14208520E+00
   3.21276616E-01    1.75925279E+00    1.02377875E+00
   3.26108953E-01    1.76391670E+00    9.07077335E-01
   3.31013973E-01    1.76808245E+00    7.92063735E-01
   3.35992770E-01    1.77174261E+00    6.78818669E-01
   3.41046453E-01    1.77489016E+00    5.67420590E-01
   3.46176148E-01    1.77751853E+00    4.57945477E-01
   3.51383000E-01    1.77962160E+00    3.50466650E-01
   3.56668168E-01    1.78119369E+00    2.45054567E-01
   3.62032831E-01    1.78222965E+00    1.41776684E-01
   3.67478184E-01    1.78272477E+00    4.06972924E-02
   3.73005440E-01    1.78267488E+00   -5.81226012E-02
   3.78615832E-01    1.78207631E+00   -1.54625364E-01
   3.84310611E-01    1.78092592E+00   -2.48756810E-01
   3.90091045E-01    1.77922110E+00   -3.40466243E-01
   3.95958422E-01    1.77695978E+00   -4.29706462E-01
   4.01914052E-01    1.77414045E+00   -5.16433754E-01
   4.07959260E-01    1.77076214E+00   -6.00607849E-01
   4.14095394E-01    1.76682447E+00   -6.82191866E-01
   4.20323822E-01    1.76232761E+00   -7.61152236E-01
   4.26645933E-01    1.75727231E+00   -8.37458618E-01
   4.33063134E-01    1.75165990E+00   -9.11083803E-01
   4.39576857E-01    1.74549233E+00   -9.82003653E-01
   4.46188553E-01    1.73877212E+00   -1.05019698E+00
   4.52899696E-01    1.73150239E+00   -1.11564553E+00
   4.59711782E-01    1.72368690E+00   -1.17833389E+00
   4.66626328E-01    1.71532999E+00   -1.23824950E+00
   4.73644876E-01    1.70643665E+00   -1.29538261E+00
   4.80768991E-01    1.69701248E+00   -1.34972634E+00
   4.88000260E-01    1.68706371E+00   -1.40127666E+00
   4.95340295E-01    1.67659721E+00   -1.45003252E+00
   5.02790732E-01    1.66562045E+00   -1.49599586E+00
   5.10353230E-01    1.65414156E+00   -1.53917174E+00
   5.18029477E-01    1.64216929E+00   -1.57956841E+00
   5.25821183E-01    1.62971301E+00   -1.61719740E+00
   5.33730084E-01    1.61678268E+00   -1.65207366E+00
   5.41757943E-01    1.60338892E+00   -1.68421568E+00
   5.49906550E-01    1.58954286E+00   -1.71364525E+00
   5.58177720E-01    1.57525630E+00   -1.74038817E+00
   5.66573297E-01    1.56054153E+00   -1.76447368E+00
   5.75095153E-01    1.54541141E+00   -1.78593479E+00
   5.83745186E-01    1.52987934E+00   -1.80480824E+00
   5.92525325E-01    1.51395917E+00   -1.82113446E+00
   6.01437526E-01    1.49766526E+00   -1.83495758E+00
   6.10483776E-01    1.48101240E+00   -1.84632537E+00
   6.19666091E-01    1.46401578E+00   -1.85528905E+00
   6.28986518E-01    1.44669099E+00   -1.86190332E+00
   6.38447133E-01    1.42905396E+00   -1.86622616E+00
   6.48050046E-01    1.41112092E+00   -1.86831869E+00
   6.57797398E-01    1.39290839E+00   -1.86824493E+00
   6.67691359E-01    1.37443312E+00   -1.86607175E+00
   6.77734136E-01    1.35571207E+00   -1.86186852E+00
   6.87927967E-01    1.33676235E+00   -1.85570695E+00
   6.98275124E-01    1.31760119E+00   -1.84766086E+00
   7.08777913E-01    1.29824593E+00   -1.83780590E+00
   7.19438674E-01    1.27871393E+00   -1.82621932E+00
   7.30259785E-01    1.25902257E+00   -1.81297967E+00
   7.41243657E-01    1.23918918E+00   -1.79816659E+00
   7.52392737E-01    1.21923105E+00   -1.78186051E+00
   7.63709512E-01    1.19916536E+00   -1.76414240E+00
   7.75196502E-01    1.17900911E+00   -1.74509343E+00
   7.86856269E-01    1.15877919E+00   -1.72479484E+00
   7.98691411E-01    1.13849223E+00   -1.70332765E+00
   8.10704566E-01    1.11816466E+00   -1.68077232E+00
   8.22898412E-01    1.09781262E+00   -1.65720863E+00
   8.35275665E-01    1.07745197E+00   -1.63271539E+00
   8.47839086E-01    1.05709824E+00   -1.60737027E+00
   8.60591473E-01    1.03676661E+00   -1.58124957E+00
   8.73535670E-01    1.01647191E+00   -1.55442808E+00
   8.86674561E-01    9.96228575E-01   -1.52697883E+00
   9.00011074E-01    9.76050637E-01   -1.49897305E+00
   9.13548183E-01    9.55951701E-01   -1.47047992E+00
   9.27288904E-01    9.35944944E-01   -1.44156654E+00
   9.41236300E-01    9.16043087E-01   -1.41229772E+00
   9.55393479E-01    8.96258402E-01   -1.38273604E+00
   9.69763597E-01    8.76602686E-01   -1.35294160E+00
   9.84349857E-01    8.57087264E-01   -1.32297207E+00
   9.99155509E-01    8.37722986E-01   -1.29288265E+00
   1.01418385E+00    8.18520214E-01   -1.26272596E+00
   1.02943824E+00    7.99488827E-01   -1.23255211E+00
   1.04492207E+00    7.80638219E-01   -1.20240858E+00
   1.06063879E+00    7.61977300E-01   -1.17234037E+00
   1.07659191E+00    7.43514496E-01   -1.14238988E+00
   1.09278498E+00    7.25257755E-01   -1.11259705E+00
   1.10922161E+00    7.07214550E-01   -1.08299929E+00
   1.12590546E+00    6.89391883E-01   -1.05363161E+00
   1.14284026E+00    6.71796295E-01   -1.02452662E+00
   1.16002977E+00    6.54433870E-01   -9.95714599E-01
   1.17747784E+00    6.37310241E-01   -9.67223578E-01
   1.19518833E+00    6.20430602E-01   -9.39079379E-01
   1.21316522E+00    6.03799716E-01   -9.11305690E-01
   1.23141249E+00    5.87421923E-01   -8.83924163E-01
   1.24993423E+00    5.71301150E-01   -8.56954465E-01
   1.26873455E+00    5.55440921E-01   -8.30414361E-01
   1.28781764E+00    5.39844366E-01   -8.04319809E-01
   1.30718777E+00    5.24514236E-01   -7.78685015E-01
   1.32684924E+00    5.09452906E-01   -7.53522532E-01
   1.34680644E+00    4.94662394E-01   -7.28843327E-01
   1.36706382E+00    4.80144364E-01   -7.04656861E-01
   1.38762589E+00    4.65900143E-01   -6.80971168E-01
   1.40849724E+00    4.51930729E-01   -6.57792922E-01
   1.42968251E+00    4.38236800E-01   -6.35127517E-01
   1.45118643E+00    4.24818728E-01   -6.12979127E-01
   1.47301379E+00    4.11676590E-01   -5.91350785E-01
   1.49516946E+00    3.98810177E-01   -5.70244435E-01
   1.51765838E+00    3.86219004E-01   -5.49661006E-01
   1.54048555E+00    3.73902326E-01   -5.29600464E-01
   1.56365606E+00    3.61859139E-01   -5.10061870E-01
   1.58717509E+00    3.50088203E-01   -4.91043442E-01
   1.61104786E+00    3.38588042E-01   -4.72542599E-01
   1.63527971E+00    3.27356963E-01   -4.54556019E-01
   1.65987603E+00    3.16393062E-01   -4.37079683E-01
   1.68484230E+00    3.05694233E-01   -4.20108923E-01
   1.71018409E+00    2.95258185E-01   -4.03638471E-01
   1.73590705E+00    2.85082449E-01   -3.87662500E-01
   1.76201691E+00    2.75164386E-01   -3.72174665E-01
   1.78851949E+00    2.65501203E-01   -3.57168148E-01
   1.81542070E+00    2.56089960E-01   -3.42635697E-01
   1.84272652E+00    2.46927581E-01   -3.28569664E-01
   1.87044306E+00    2.38010865E-01   -3.14962045E-01
   1.89857648E+00    2.29336494E-01   -3.01804515E-01
   1.92713306E+00    2.20901045E-01   -2.89088466E-01
   1.95611916E+00    2.12700999E-01   -2.76805042E-01
   1.98554124E+00    2.04732752E-01   -2.64945174E-01
   2.01540586E+00    1.96992618E-01   -2.53499608E-01
   2.04571967E+00    1.89476848E-01   -2.42458946E-01
   2.07648944E+00    1.82181629E-01   -2.31813666E-01
   2.10772201E+00    1.75103097E-01   -2.21554161E-01
   2.13942436E+00    1.68237344E-01   -2.11670759E-01
   2.17160354E+00    1.61580427E-01   -2.02153756E-01
   2.20426673E+00    1.55128373E-01   -1.92993434E-01
   2.23742121E+00    1.48877186E-01   -1.84180095E-01
   2.27107437E+00    1.42822854E-01   -1.75704069E-01
   2.30523370E+00    1.36961356E-01   -1.67555742E-01
   2.33990683E+00    1.31288666E-01   -1.59725576E-01
   2.37510148E+00    1.25800759E-01   -1.52204122E-01
   2.41082549E+00    1.20493615E-01   -1.44982032E-01
   2.44708683E+00    1.15363230E-01   -1.38050090E-01
   2.48389358E+00    1.10405606E-01   -1.31399193E-01
   2.52125394E+00    1.05616773E-01   -1.25020394E-01
   2.55917624E+00    1.00992776E-01   -1.18904888E-01
   2.59766892E+00    9.65296907E-02   -1.13044035E-01
   2.63674058E+00    9.22236208E-02   -1.07429359E-01
   2.67639992E+00    8.80707016E-02   -1.02052555E-01
   2.71665578E+00    8.40671032E-02   -9.69054954E-02
   2.75751713E+00    8.02090329E-02   -9.19802321E-02
   2.79899307E+00    7.64927369E-02   -8.72689998E-02
   2.84109286E+00    7.29145030E-02   -8.27642185E-02
   2.88382587E+00    6.94706619E-02   -7.84584944E-02
   2.92720163E+00    6.61575890E-02   -7.43446202E-02
   2.97122980E+00    6.29717059E-02   -7.04155759E-02
   3.01592021E+00    5.99094819E-02   -6.66645257E-02
   3.06128281E+00    5.69674356E-02   -6.30848063E-02
   3.10732771E+00    5.41421343E-02   -5.96700176E-02
   3.15406517E+00    5.14301101E-02   -5.64154736E-02
   3.20150561E+00    4.88281222E-02   -5.33119001E-02
   3.24965961E+00    4.63328936E-02   -5.03547484E-02
   3.29853789E+00    4.39412022E-02   -4.75384329E-02
   3.34815135E+00    4.16498772E-02   -4.48573923E-02
   3.39851105E+00    3.94558040E-02   -4.23062271E-02
   3.44962822E+00    3.73559224E-02   -3.98797052E-02
   3.50151424E+00    3.53472276E-02   -3.75727606E-02
   3.55418068E+00    3.34267701E-02   -3.53804877E-02
   3.60763927E+00    3.15916563E-02   -3.32981404E-02
   3.66190195E+00    2.98390488E-02   -3.13211281E-02
   3.71698078E+00    2.81661662E-02   -2.94450117E-02
   3.77288807E+00    2.65702835E-02   -2.76655013E-02
   3.82963625E+00    2.50487318E-02   -2.59784518E-02
   3.88723799E+00    2.35988984E-02   -2.43798599E-02
   3.94570612E+00    2.22182270E-02   -2.28658610E-02
   4.00505367E+00    2.09042175E-02   -2.14327256E-02
   4.06529387E+00    1.96544254E-02   -2.00768550E-02
   4.12644015E+00    1.84664624E-02   -1.87947794E-02
   4.18850613E+00    1.73379957E-02   -1.75831537E-02
   4.25150564E+00    1.62667484E-02   -1.64387546E-02
   4.31545274E+00    1.52504977E-02   -1.53584758E-02
   4.38036166E+00    1.42870764E-02   -1.43393268E-02
   4.44624689E+00    1.33743720E-02   -1.33784287E-02
   4.51312310E+00    1.25103259E-02   -1.24730108E-02
   4.58100519E+00    1.16929334E-02   -1.16204079E-02
   4.64990831E+00    1.09202435E-02   -1.08180569E-02
   4.71984780E+00    1.01903582E-02   -1.00634941E-02
   4.79083925E+00    9.50143218E-03   -9.35435181E-03
   4.86289849E+00    8.85167241E-03   -8.68835591E-03
   4.93604157E+00    8.23933778E-03   -8.06332281E-03
   5.01028480E+00    7.66273836E-03   -7.47715648E-03
   5.08564473E+00    7.12023517E-03   -6.92784602E-03
   5.16213815E+00    6.61023959E-03   -6.41346296E-03
   5.23978211E+00    6.13121285E-03   -5.93215861E-03
   5.31859392E+00    5.68166529E-03   -5.48216137E-03
   5.39859114E+00    5.26015624E-03   -5.06177483E-03
   5.47979160E+00    4.86529295E-03   -4.66937473E-03
   5.56221341E+00    4.49573042E-03   -4.30340720E-03
   5.64587492E+00    4.15017041E-03   -3.96238604E-03
   5.73079479E+00    3.82736108E-03   -3.64489088E-03
   5.81699194E+00    3.52609619E-03   -3.34956486E-03
   5.90448559E+00    3.24521445E-03   -3.07511259E-03
   5.99329523E+00    2.98359883E-03   -2.82029811E-03
   6.08344067E+00    2.74017583E-03   -2.58394298E-03
   6.17494198E+00    2.51391469E-03   -2.36492425E-03
   6.26781957E+00    2.30382700E-03   -2.16217302E-03
   6.36209414E+00    2.10896552E-03   -1.97467223E-03
   6.45778670E+00    1.92842271E-03   -1.80145406E-03
   6.55491857E+00    1.76133146E-03   -1.64160005E-03
   6.65351141E+00    1.60686311E-03   -1.49423803E-03
   6.75358719E+00    1.46422692E-03   -1.35854096E-03
   6.85516821E+00    1.33266906E-03   -1.23372507E-03
   6.95827711E+00    1.21147187E-03   -1.11904855E-03
   7.06293688E+00    1.09995270E-03   -1.01380974E-03
   7.16917085E+00    9.97463151E-04   -9.17345747E-04
   7.27700268E+00    9.03388028E-04   -8.29030948E-04
   7.38645642E+00    8.17144338E-04   -7.48275457E-04
   7.49755646E+00    7.38180375E-04   -6.74523784E-04
   7.61032756E+00    6.65974650E-04   -6.07253352E-04
   7.72479485E+00    6.00034905E-04   -5.45973152E-04
   7.84098385E+00    5.39897095E-04   -4.90222379E-04
   7.95892046E+00    4.85124369E-04   -4.39569124E-04
   8.07863095E+00    4.35306011E-04   -3.93609024E-04
   8.20014202E+00    3.90056474E-04   -3.51964059E-04
   8.32348074E+00    3.49014318E-04   -3.14281266E-04
   8.44867460E+00    3.11841208E-04   -2.80231537E-04
   8.57575151E+00    2.78220887E-04   -2.49508412E-04
   8.70473979E+00    2.47858186E-04   -2.21826937E-04
   8.83566819E+00    2.20478070E-04   -1.96922568E-04
   8.96856589E+00    1.95824591E-04   -1.74550001E-04
   9.10346251E+00    1.73659988E-04   -1.54482165E-04
   9.24038812E+00    1.53763730E-04   -1.36509173E-04
   9.37937323E+00    1.35931599E-04   -1.20437323E-04
   9.52044882E+00    1.19974765E-04   -1.06088110E-04
   9.66364634E+00    1.05718959E-04   -9.32973387E-05
   9.80899770E+00    9.30035877E-05   -8.19141869E-05
   9.95653529E+00    8.16809098E-05   -7.18003509E-05
   1.01062920E+01    7.16152564E-05   -6.28292297E-05
   1.02583012E+01    6.26822435E-05   -5.48851164E-05
   1.04125968E+01    5.47680500E-05   -4.78624579E-05
   1.05692132E+01    4.77686959E-05   -4.16651227E-05
   1.07281852E+01    4.15893642E-05   -3.62057161E-05
   1.08895483E+01    3.61437507E-05   -3.14049288E-05
   1.10533385E+01    3.13534461E-05   -2.71909203E-05
   1.12195923E+01    2.71473436E-05   -2.34987326E-05
   1.13883467E+01    2.34610875E-05   -2.02697466E-05
   1.15596394E+01    2.02365376E-05   -1.74511577E-05
   1.17335085E+01    1.74212716E-05   -1.49954910E-05
   1.19099927E+01    1.49681182E-05   -1.28601481E-05
   1.20891315E+01    1.28347148E-05   -1.10069814E-05
   1.22709647E+01    1.09830896E-05   -9.40189226E-06
   1.24555328E+01    9.37928679E-06   -8.01447344E-06
   1.26428771E+01    7.99298875E-06   -6.81764986E-06
   1.28330392E+01    6.79719632E-06   -5.78737591E-06
   1.30260615E+01    5.76790982E-06   -4.90233509E-06
   1.32219871E+01    4.88384367E-06   -4.14367221E-06
   1.34208597E+01    4.12616005E-06   -3.49474472E-06
   1.36227234E+01    3.47822357E-06   -2.94089455E-06
   1.38276235E+01    2.92537764E-06   -2.46924094E-06
   1.40356054E+01    2.45473751E-06   -2.06848957E-06
   1.42467156E+01    2.05500151E-06   -1.72875918E-06
   1.44610011E+01    1.71628083E-06   -1.44142575E-06
   1.46785097E+01    1.42994253E-06   -1.19897940E-06
   1.48992898E+01    1.18846712E-06   -9.94895106E-07
   1.51233908E+01    9.85323555E-07   -8.23519514E-07
   1.53508624E+01    8.14849042E-07   -6.79962742E-07
   1.55817554E+01    6.72150852E-07   -5.60010039E-07
   1.58161213E+01    5.53006098E-07   -4.60032286E-07
   1.60540124E+01    4.53785572E-07   -3.76917913E-07
   1.62954815E+01    3.71374130E-07   -3.08002254E-07
   1.65405826E+01    3.03106888E-07   -2.51011013E-07
   1.67893703E+01    2.46708933E-07   -2.04007069E-07
   1.70419000E+01    2.00244807E-07   -1.65346030E-07
   1.72982280E+01    1.62071521E-07   -1.33635037E-07
   1.75584115E+01    1.30798222E-07   -1.07697529E-07
   1.78225084E+01    1.05251530E-07   -8.65430260E-08
   1.80905776E+01    8.44435884E-08   -6.93393990E-08
   1.83626788E+01    6.75455709E-08   -5.53899091E-08
   1.86388727E+01    5.38639717E-08   -4.41128056E-08
   1.89192208E+01    4.28203542E-08   -3.50236837E-08
   1.92037857E+01    3.39336194E-08   -2.77209250E-08
   1.94926308E+01    2.68050283E-08   -2.18702621E-08
   1.97858203E+01    2.11054106E-08   -1.71979234E-08
   2.00834198E+01    1.65631462E-08   -1.34797815E-08
   2.03854955E+01    1.29551092E-08   -1.05304541E-08
   2.06921146E+01    1.00987197E-08   -8.19875193E-09
   2.10033457E+01    7.84505343E-09   -6.36153033E-09
   2.13192580E+01    6.07305094E-09   -4.91887401E-09
   2.16399220E+01    4.68463789E-09   -3.78997640E-09
   2.19654091E+01    3.60064049E-09   -2.90971485E-09
   2.22957918E+01    2.75736242E-09   -2.22578414E-09
   2.26311439E+01    2.10375073E-09   -1.69632937E-09
   2.29715400E+01    1.59902782E-09   -1.28797274E-09
   2.33170560E+01    1.21074964E-09   -9.74198949E-10
   2.36677689E+01    9.13192672E-10   -7.34017006E-10
   2.40237569E+01    6.86051073E-10   -5.50881506E-10
   2.43850994E+01    5.13347062E-10   -4.11792451E-10
   2.47518768E+01    3.82557502E-10   -3.06575128E-10
   2.51241709E+01    2.83914733E-10   -2.27304614E-10
   2.55020648E+01    2.09824882E-10   -1.67828047E-10
   2.58856425E+01    1.54409665E-10   -1.23388934E-10
   2.62749897E+01    1.13140140E-10   -9.03274026E-11
   2.66701930E+01    8.25372849E-11   -6.58355953E-11
   2.70713406E+01    5.99447153E-11   -4.77722752E-11
   2.74785219E+01    4.33394921E-11   -3.45087907E-11
   2.78918277E+01    3.11905789E-11   -2.48139934E-11
   2.83113500E+01    2.23427784E-11   -1.77600416E-11
   2.87371823E+01    1.59291670E-11   -1.26514289E-11
   2.91694196E+01    1.13022144E-11   -8.96924423E-12
   2.96081582E+01    7.98018413E-12   -6.32786113E-12
   3.00534959E+01    5.60675405E-12   -4.44235336E-12
   3.05055320E+01    3.91946779E-12   -3.10307316E-12
   3.09643671E+01    2.72599248E-12   -2.15654498E-12
   3.14301036E+01    1.88611774E-12   -1.49099825E-12
   3.19028453E+01    1.29816560E-12   -1.02545915E-12
   3.23826974E+01    8.88734891E-13   -7.01529247E-13
   3.28697671E+01    6.05138270E-13   -4.77329930E-13
   3.33641628E+01    4.09778283E-13   -3.23004572E-13
   3.38659948E+01    2.75940300E-13   -2.17357989E-13
   3.43753748E+01    1.84766902E-13   -1.45442197E-13
   3.48924164E+01    1.23004686E-13   -9.67605875E-14
   3.54172349E+01    8.14116562E-14   -6.39998387E-14
   3.59499471E+01    5.35639927E-14   -4.20809370E-14
   3.64906720E+01    3.50283645E-14   -2.75015377E-14
   3.70395299E+01    2.27685828E-14   -1.78649790E-14
   3.75966432E+01    1.47083015E-14   -1.15335481E-14
   3.81621361E+01    9.44109880E-15   -7.39879650E-15
   3.87361345E+01    6.02186373E-15   -4.71641594E-15
   3.93187666E+01    3.81608428E-15   -2.98707407E-15
   3.99101620E+01    2.40209260E-15   -1.87918068E-15
   4.05104526E+01    1.50215340E-15   -1.17448717E-15
   4.11197722E+01    9.32655140E-16   -7.28808543E-16
   4.17382566E+01    5.75455611E-16   -4.49436175E-16
   4.23660437E+01    3.52421253E-16   -2.75096417E-16
   4.30032733E+01    2.14315183E-16   -1.67203847E-16
   4.36500876E+01    1.29401235E-16   -1.00903578E-16
   4.43066306E+01    7.75472825E-17   -6.04383303E-17
   4.49730487E+01    4.61404885E-17   -3.59426259E-17
   4.56494904E+01    2.71916284E-17   -2.11712148E-17
   4.63361066E+01    1.59563767E-17   -1.24175290E-17
   4.70330501E+01    9.23500343E-18   -7.18333603E-18
   4.77404764E+01    5.28628154E-18   -4.10979832E-18
   4.84585432E+01    3.07564860E-18    0.00000000E+00
   4.91874104E+01    1.74648563E-18    0.00000000E+00
   4.99272405E+01    9.80423778E-19    0.00000000E+00
   5.06781985E+01    5.36774434E-19    0.00000000E+00
   5.14404517E+01    2.93001783E-19    0.00000000E+00
   5.22141699E+01    1.67328869E-19    0.00000000E+00
   5.29995257E+01    9.21778744E-20    0.00000000E+00
   5.37966940E+01    4.89969988E-20    0.00000000E+00
   5.46058526E+01    2.59701899E-20    0.00000000E+00
   5.54271818E+01    1.28285067E-20    0.00000000E+00
   5.62608647E+01    0.00000000E+00    0.00000000E+00
   5.71070870E+01    0.00000000E+00    0.00000000E+00
   5.79660373E+01    0.00000000E+00    0.00000000E+00
   5.88379072E+01    0.00000000E+00    0.00000000E+00
   5.97228909E+01    0.00000000E+00    0.00000000E+00
   6.06211857E+01    0.00000000E+00    0.00000000E+00
   6.15329918E+01    0.00000000E+00    0.00000000E+00
   6.24585124E+01    0.00000000E+00    0.00000000E+00
   6.33979538E+01    0.00000000E+00    0.00000000E+00
   6.43515254E+01    0.00000000E+00    0.00000000E+00
   6.53194397E+01    0.00000000E+00    0.00000000E+00
   6.63019125E+01    0.00000000E+00    0.00000000E+00
   6.72991627E+01    0.00000000E+00    0.00000000E+00
   6.83114125E+01    0.00000000E+00    0.00000000E+00
   6.93388877E+01    0.00000000E+00    0.00000000E+00
   7.03818171E+01    0.00000000E+00    0.00000000E+00
   7.14404334E+01    0.00000000E+00    0.00000000E+00
   7.25149723E+01    0.00000000E+00    0.00000000E+00
   7.36056734E+01    0.00000000E+00    0.00000000E+00
   7.47127797E+01    0.00000000E+00    0.00000000E+00
   7.58365382E+01    0.00000000E+00    0.00000000E+00
   7.69771991E+01    0.00000000E+00    0.00000000E+00
   7.81350167E+01    0.00000000E+00    0.00000000E+00
   7.93102492E+01    0.00000000E+00    0.00000000E+00
   8.05031584E+01    0.00000000E+00    0.00000000E+00
   8.17140101E+01    0.00000000E+00    0.00000000E+00
   8.29430744E+01    0.00000000E+00    0.00000000E+00
   8.41906251E+01    0.00000000E+00    0.00000000E+00
   8.54569402E+01    0.00000000E+00    0.00000000E+00
   8.67423020E+01    0.00000000E+00    0.00000000E+00
   8.80469971E+01    0.00000000E+00    0.00000000E+00
   8.93713161E+01    0.00000000E+00    0.00000000E+00
   9.07155542E+01    0.00000000E+00    0.00000000E+00
   9.20800111E+01    0.00000000E+00    0.00000000E+00
   9.34649909E+01    0.00000000E+00    0.00000000E+00
   9.48708022E+01    0.00000000E+00    0.00000000E+00
   9.62977584E+01    0.00000000E+00    0.00000000E+00
   9.77461775E+01    0.00000000E+00    0.00000000E+00
   9.92163823E+01    0.00000000E+00    0.00000000E+00
   1.00708701E+02    0.00000000E+00    0.00000000E+00
   1.02223465E+02    0.00000000E+00    0.00000000E+00
   1.03761013E+02    0.00000000E+00    0.00000000E+00
   1.05321687E+02    0.00000000E+00    0.00000000E+00
   1.06905835E+02    0.00000000E+00    0.00000000E+00
   1.08513811E+02    0.00000000E+00    0.00000000E+00
   1.10145972E+02    0.00000000E+00    0.00000000E+00
   1.11802683E+02    0.00000000E+00    0.00000000E+00
   1.13484313E+02    0.00000000E+00    0.00000000E+00
   1.15191235E+02    0.00000000E+00    0.00000000E+00
   1.16923832E+02    0.00000000E+00    0.00000000E+00
   1.18682489E+02    0.00000000E+00    0.00000000E+00
   1.20467598E+02    0.00000000E+00    0.00000000E+00
   1.22279557E+02    0.00000000E+00    0.00000000E+00
   1.24118769E+02    0.00000000E+00    0.00000000E+00
   1.25985645E+02    0.00000000E+00    0.00000000E+00
   1.27880601E+02    0.00000000E+00    0.00000000E+00
   1.29804060E+02    0.00000000E+00    0.00000000E+00
   1.31756449E+02    0.00000000E+00    0.00000000E+00
   1.33738203E+02    0.00000000E+00    0.00000000E+00
   1.35749766E+02    0.00000000E+00    0.00000000E+00
   1.37791585E+02    0.00000000E+00    0.00000000E+00
   1.39864114E+02    0.00000000E+00    0.00000000E+00
   1.41967817E+02    0.00000000E+00    0.00000000E+00
   1.44103162E+02    0.00000000E+00    0.00000000E+00
   1.46270624E+02    0.00000000E+00    0.00000000E+00
   1.48470687E+02    0.00000000E+00    0.00000000E+00
   1.50703842E+02    0.00000000E+00    0.00000000E+00
   1.52970585E+02    0.00000000E+00    0.00000000E+00
